51.46498857918432, -0.45196533203125
51.46498857918432, -0.45196533203125
51.46417236328125, -0.4141400311444272
51.44879150390625, -0.3792510161528639
51.42791748046875, -0.3419123469172405
51.39674377441406, -0.3295156118032309
51.3681599245233, -0.358123779296875
51.3424072265625, -0.3942458694045854
51.31667314949682, -0.4296875
51.2904052734375, -0.4653600744298956
51.26462774761652, -0.50079345703125
51.23808288574219, -0.5380331503378102
51.211944580078125, -0.5764852987753102
51.19330971927966, -0.63018798828125
51.17491149902344, -0.6853835647170854
51.15655517578125, -0.7412059887035412
51.13755798339844, -0.7982903557854684
51.09786987304688, -0.9168387748099462
51.06916809082031, -0.9634564373944272
51.03863525390625, -1.008440997149478
51.00640869140625, -1.0560236750422405
50.97130209712659, -1.107177734375
50.93568963519597, -1.15966796875
50.89979553222656, -1.2147315772804177
50.86289978027344, -1.2722613360430728
50.82513427734375, -1.3309045740076044
50.78681945800781, -1.3902901314400538
50.747339280985166, -1.4473724365234375
50.70368957519531, -1.4978522223395316
50.659355551509535, -1.5495918892525538
50.61443264201536, -1.6017769478463038
50.5689697265625, -1.6542374460320843
50.52319025589247, -1.7070378483952595
50.47719664492849, -1.7599652264569272
50.42994689941406, -1.8144788240131788
50.382788706634, -1.8684181007179177
50.33573913574219, -1.92231830797698
50.28753662109375, -1.977177670127503
50.23960876464844, -2.0316756399054725
50.19145202636719, -2.0861013312089085
50.1434326171875, -2.140454744037868
50.0943603515625, -2.195892333984375
50.04689025878906, -2.2491615696957297
49.99924481925318, -2.3026749894425507
49.952728271484375, -2.352447509765625
49.90068054199219, -2.395236366673544
49.849346613479874, -2.4296858504011998
49.79736328125, -2.464551423725368
49.74526977539063, -2.49910053453948
49.69349670410156, -2.533360531455628
49.64195251464844, -2.567331414473699
49.591827392578125, -2.6003626773232327
49.54042053222656, -2.6338998894942733
49.48861332262977, -2.6678219357052058
49.43661447298729, -2.7018201673353133
49.38459777832031, -2.735806978665892
49.33222961425781, -2.769892765925533
49.280105849443856, -2.8036097476357327
49.22749328613281, -2.837641789363033
49.17668151855469, -2.870600773738033
49.12322480799788, -2.9049441688939623
49.07135009765625, -2.938208946814939
49.0194133176642, -2.971440365440003
48.96812438964844, -3.004197340745236
48.91694641113281, -3.0369450495793444
48.86521911621094, -3.069833608774047
48.81411794888771, -3.1023366827714085
48.76286393505031, -3.134861996299378
48.71173095703125, -3.167161207932736
48.66069030761719, -3.199345515324524
48.60923767089844, -3.23174109825726
48.55873237221928, -3.263445402446564
48.5075249106197, -3.29560932360198
48.456573486328125, -3.3274489182692832
48.40557550979873, -3.3592866596422937
48.35430908203125, -3.3912541316105944
48.30413818359375, -3.422452486478392
48.25348934884799, -3.4538991827714085
48.20321293200477, -3.485051205283753
48.15247099278336, -3.5163996769832124
48.10176086425781, -3.5476226806640625
48.05131530761719, -3.5785903930664062
48.00108311539989, -3.609360914963986
47.95042419433594, -3.640457153320313
47.90052795410156, -3.670944213867188
47.84980773925781, -3.70184326171875
47.79995727539063, -3.7321929931640634
47.74900274761652, -3.763099083533689
47.698516845703125, -3.7937164306640634
47.648712158203125, -3.8238601684570312
47.597442626953125, -3.854827880859375
47.54696603548729, -3.885216346153868
47.49568176269531, -3.91607666015625
47.445389052568856, -3.946204552283689
47.3937160685911, -3.9771916316105935
47.34210205078125, -4.0079498291015625
47.29115295410156, -4.038368225097656
47.23942565917969, -4.069129943847656
47.18748965505826, -4.099942720853392
47.135833740234375, -4.130516052246094
47.083099365234375, -4.161552429199219
47.03186552403336, -4.191777155949524
46.9796339132018, -4.222482534555297
46.927276611328125, -4.253288269042969
46.87541198730469, -4.283706665039063
46.82290649414063, -4.314344452648584
46.770521260924255, -4.344886779785156
46.71867370605469, -4.375238185975604
46.66671752929688, -4.405383598513708
46.614532470703125, -4.435596000857458
46.56285172801907, -4.465599060058594
46.51007080078125, -4.496087795350604
46.45810919292902, -4.5259552001953125
46.40542602539063, -4.556177651009875
46.35333251953125, -4.586122094131042
46.30110168457031, -4.616066537252266
46.24896240234375, -4.645877000762141
46.19563293457031, -4.676290372522828
46.14290399066472, -4.706199645996094
46.09057927535752, -4.735862731933594
46.03788757324219, -4.765721763052568
45.984207411943856, -4.796150207519531
45.93062578621557, -4.826362609863281
45.87811486195709, -4.8558197021484375
45.824615478515625, -4.885834484565521
45.77067229707362, -4.9162445068359375
45.71685791015625, -4.946460258669958
45.66243834414724, -4.977012634277344
45.608158434851696, -5.007293701171875
45.554443359375, -5.037030475895563
45.5013427734375, -5.066397530691972
45.44736700542902, -5.096316453887141
45.393878484176376, -5.12585895817449
45.34062194824219, -5.15533447265625
45.2882080078125, -5.184173583984375
45.2354736328125, -5.213143484933028
45.130439370365465, -5.270757907774339
45.07814025878906, -5.299399239676347
45.02549743652344, -5.328107561383945
44.973465224443856, -5.356437869188255
44.9205322265625, -5.385262625558028
44.86834716796875, -5.413447788783515
44.81509451138771, -5.442251810213406
44.762969970703125, -5.47027587890625
44.709979558395126, -5.4988581959793805
44.657980708752646, -5.526792944931401
44.60362243652344, -5.556597028459805
44.551282979674255, -5.589227443788104
44.49988930912341, -5.620779642244656
44.44779735500529, -5.652800769340672
44.395751953125, -5.684888886242334
44.34333413334216, -5.717244962366578
44.29170227050781, -5.748923165457597
44.23924332958157, -5.780818287919203
44.18631343518273, -5.813337053571445
44.1344542422537, -5.844791957310292
44.081634521484375, -5.876727436864087
44.02910652807204, -5.90861729213168
43.97676086425781, -5.940473689589339
43.92427088850636, -5.972246442522305
43.87239074707031, -6.003517328306657
43.820459398172666, -6.034829275948653
43.76869330971928, -6.065826416015625
43.71771860930879, -6.09649658203125
43.66694641113281, -6.126921897710702
43.6165140442929, -6.157052176339278
43.56642150878906, -6.187282828397485
43.51634216308594, -6.216984238735449
43.464935302734375, -6.247516011082837
43.414011809785485, -6.277182442801347
43.36207580566406, -6.308004689771053
43.31103515625, -6.3383448401162354
43.2615532309322, -6.36788504464289
43.21192932128906, -6.39723666878632
43.16221618652344, -6.426554835119873
43.11416884600106, -6.45466395786832
43.06315612792969, -6.48468017578125
43.01307678222656, -6.514189964116952
42.96162414550781, -6.544146870457837
42.91026306152344, -6.57391215479646
42.86000061035156, -6.603166447129354
42.80987548828125, -6.632292991460702
42.76039123535156, -6.66077353737569
42.71186828613281, -6.6886138916015625
42.6633104227357, -6.71673442042146
42.614756438691735, -6.745349972747079
42.5635986328125, -6.775068803267061
42.51393127441406, -6.8034709583629365
42.464447021484375, -6.831748268821002
42.41473388671875, -6.860150423916934
42.36529541015625, -6.8884901566938765
42.31608581542969, -6.9165802001953125
42.266126729674255, -6.944956225018132
42.2170606710143, -6.972933037336475
42.16799461235434, -7.000845975654045
42.11883544921875, -7.02862826260656
42.07063293457031, -7.057092840021312
42.02493958554025, -7.091036064680225
41.98406982421875, -7.1214502507990005
41.93247985839844, -7.160152088512064
41.88642883300781, -7.194421941583812
41.83973693847656, -7.22912875088781
41.793109441207626, -7.263751362645337
41.746836516816735, -7.298179449037036
41.699725652145126, -7.333118527434578
41.65373204118114, -7.36767436182771
41.606621176509535, -7.402230196220898
41.56105041503906, -7.436246004971622
41.51463395458157, -7.470319880995589
41.46864034361758, -7.504173101380786
41.4224853515625, -7.537994384765625
41.37735140525688, -7.571140636097311
41.33125305175781, -7.6048583984375
41.28587625794491, -7.6380573619495635
41.24061584472656, -7.6712646484375
41.19529724121094, -7.704345703125
41.14956665039063, -7.73760986328125
41.104522705078125, -7.7703857421875
41.05856168068061, -7.803538929332376
41.013452562235166, -7.8364354913884995
40.96829689155191, -7.86908236416906
40.922882080078125, -7.90191650390625
40.87751770019531, -7.9346923828125
40.83164978027344, -7.9677734375
40.78627764168432, -8.000356500799
40.74074955309852, -8.032940951260684
40.6951904296875, -8.06561279296875
40.64960027145127, -8.098172274502872
40.60467736195709, -8.130132501775563
40.55486646749205, -8.15154335715556
40.50251770019531, -8.16497802734375
40.45111083984375, -8.17913818359375
40.40386962890625, -8.198974609375
40.35484313964844, -8.218017578125
40.30705261230469, -8.23248291015625
40.25963217525159, -8.246799815784811
40.210784912109375, -8.25555419921875
40.16587596828654, -8.263216885653435
40.11456298828125, -8.27490234375
40.06828308105469, -8.2916259765625
40.02328646385063, -8.30872275612569
39.97869873046875, -8.3265380859375
39.94244384765625, -8.3492431640625
39.89872741699219, -8.379045569378377
39.85644324351165, -8.39739990234375
39.81275939941406, -8.410989512567937
39.76934400655456, -8.424560546875
39.73014702231197, -8.4476318359375
39.69667053222656, -8.48317685334581
39.66418250132415, -8.516845703125
39.63267517089844, -8.549691905146062
39.60328674316406, -8.580561098845124
39.57321166992188, -8.61226620881456
39.543548583984375, -8.643374235733688
39.51983642578125, -8.668212890625
39.45478820800781, -8.736519191576065
39.42671953621557, -8.76580810546875
39.401534775556144, -8.8056640625
39.39897440247616, -8.85693359375
39.398788193524894, -8.90771484375
39.39892785023834, -9.0091552734375
39.39903259277344, -9.057869289232316
39.39925371590307, -9.10491943359375
39.396514892578125, -9.196213431980311
39.37101745605469, -9.223918085512878
39.3370599261785, -9.21453857421875
39.30428715075477, -9.19891357421875
39.27291094246557, -9.18389892578125
39.24147033691406, -9.168926736582875
39.20993041992188, -9.15370111880094
39.178619384765625, -9.138654625934125
39.1471733481197, -9.12347412109375
39.115238512976696, -9.108154296875
39.0833502300715, -9.0928955078125
39.05276540982521, -9.0780029296875
39.02325129104873, -9.063720703125
38.9981689453125, -9.0516596255095
38.97162485930879, -9.039794921875
38.94776916503906, -9.046942669412374
38.9267578125, -9.057809580927312
38.90606689453125, -9.069034742272436
38.887225652145126, -9.07916259765625
38.86637024960275, -9.09033203125
