37.01498775158898, -7.96884951384169
37.01498775158898, -7.96884951384169
37.01838606494968, -7.993449335512878
37.02214050292969, -8.018324831698806
37.02676546775688, -8.049873683763565
37.033447265625, -8.086346565408917
37.06324768066406, -8.108377659574444
37.10027145127118, -8.089400581691564
37.1371873758607, -8.064263385275126
37.179317151085804, -8.053157640540064
37.22579956054688, -8.048712547789194
37.27528381347656, -8.045030959108999
37.325225830078125, -8.040998742935471
37.37735037076271, -8.035901940387248
37.42813886222193, -8.031125275985062
37.48027038574219, -8.026739891539194
37.53502280025159, -8.021810780400813
37.58916305283368, -8.01625790803331
37.64410400390625, -8.011955098902888
37.70065566240731, -8.007600203804316
37.75794982910156, -8.002195967004639
37.816058659957626, -7.99631533415419
37.87490068855932, -7.990702753481628
37.93363952636719, -7.985424285239333
37.99426062632415, -7.980134383491816
38.05626820709745, -7.969745138417124
38.117996474443856, -7.951892355213999
38.18019026416843, -7.934397821841003
38.24473571777344, -7.917227237782583
38.31258482852225, -7.90018496306044
38.38064420021186, -7.8835263459578755
38.45063781738281, -7.8656735627547505
38.51692199707031, -7.827400539232315
38.58095847954184, -7.77984619140625
38.6449212543035, -7.73388671875
38.70552062988281, -7.690847645635188
38.76521223682468, -7.64813232421875
38.825225830078125, -7.605166227921188
38.88522390591896, -7.5621337890625
38.94465637207031, -7.5190071437669985
39.00517272949219, -7.475240956182063
39.06431579589844, -7.4323106848675025
39.12464904785156, -7.38878333050269
39.18497376522775, -7.345458984375
39.24470028634799, -7.3017578125
39.303497314453125, -7.258440100628377
39.36359470173464, -7.21417236328125
39.42252983481197, -7.1707763671875
39.48318740068856, -7.126220703125
39.54304504394531, -7.082240892493189
39.60328674316406, -7.038116455078125
39.66171523271981, -6.994873046875
39.72530558957892, -6.94781494140625
39.78596315545551, -6.90289306640625
39.84755176608845, -6.8568115234375
39.90866088867188, -6.8115234375
39.96958923339844, -6.76611328125
40.03073482190148, -6.720386851917624
40.09176635742188, -6.67462158203125
40.15335341631356, -6.628189086914063
40.21435546875, -6.58209228515625
40.27555304058527, -6.535991321910501
40.33621060646186, -6.4901109175248735
40.39649963378906, -6.44677734375
40.46017921577066, -6.408774636008502
40.52367646815413, -6.3711339777166245
40.58675475039725, -6.332369717684685
40.64908819683527, -6.293293346058249
40.71090956865731, -6.254529086026309
40.77365112304688, -6.2152099609375
40.83585577496027, -6.1761266534978745
40.89825439453125, -6.13690185546875
40.96084853350106, -6.097412109375
41.02322853217691, -6.058086048473001
41.08616638183594, -6.018310546875
41.1487799175715, -5.978497591885684
41.211020259533896, -5.9387969970703125
41.2734375, -5.8990478515625
41.335968017578125, -5.85888671875
41.39732231528072, -5.819687954215112
41.45887756347656, -5.780369151722312
41.5191650390625, -5.741604891690372
41.581787109375, -5.701280073686064
41.64271545410156, -5.661829168146312
41.70438087592691, -5.621742425962907
41.76513154627913, -5.582459915515983
41.83146848516949, -5.539344965025407
41.895105394266416, -5.498018486555225
41.959991455078125, -5.455835515802562
42.02554321289063, -5.412951382723747
42.09323171841896, -5.368482013081348
42.1600341796875, -5.324536700581348
42.22562628277277, -5.281230128088623
42.29238219180349, -5.237284815588623
42.35992948887712, -5.192828511082837
42.42672729492188, -5.1485304398970015
42.49278259277344, -5.1044602827592485
42.626220703125, -5.015009099786937
42.6907762430482, -4.971824468568286
42.75407409667969, -4.934546730735065
42.817817300052965, -4.898921421596015
42.88160705566406, -4.862280557321924
42.94564974510063, -4.824502127511153
43.00905389300847, -4.786900111607167
43.07341003417969, -4.748648710029045
43.13722229003906, -4.710707553597331
43.20150084414724, -4.672524588448653
43.26616190247616, -4.634007045200917
43.330352783203125, -4.59547885628632
43.394622802734375, -4.557154455850252
43.459259033203125, -4.518382937409115
43.52320861816406, -4.479739166969466
43.58569646285752, -4.442204066685292
43.64987182617188, -4.403537484102458
43.71258544921875, -4.365276957667106
43.774932861328125, -4.327271927234733
43.83698544259799, -4.289572579520097
43.902484441207626, -4.249747140066972
43.9658203125, -4.21095737191132
44.03009033203125, -4.171483239462191
44.09358215332031, -4.132583973019621
44.15794372558594, -4.093045966569719
44.22271728515625, -4.053553139291125
44.287518000198624, -4.021331042778172
44.354095458984375, -3.99058750697543
44.419830322265625, -3.958609444754472
44.4857374288268, -3.925669600323886
44.551666259765625, -3.8924952915736526
44.61831665039063, -3.858882359096015
44.68400573730469, -3.82579258510043
44.750992079912606, -3.792292897294203
44.81671142578125, -3.7591552734375
44.88276672363281, -3.7256077357700974
44.94990979210805, -3.691607219416881
45.01601396980932, -3.658112316596771
45.08197849079714, -3.62448343416537
45.14784990730932, -3.5907205721226774
45.21432495117188, -3.556562151227695
45.28033757613877, -3.522591939786537
45.3468017578125, -3.48855154854914
45.41235972259004, -3.454865246284271
45.47860355700477, -3.4207674352134063
45.54450988769531, -3.386601039341542
45.61001586914063, -3.35257181307162
45.67446899414063, -3.3190099204458647
45.73992919921875, -3.284711139958062
45.80493474410752, -3.250648498535156
45.869384765625, -3.2168504668445053
45.93402099609375, -3.182819645579229
45.99952697753906, -3.148386885480136
46.06329345703125, -3.114691013243089
46.12815856933594, -3.080325242949641
46.19234246722722, -3.0461654663085938
46.25705007779396, -3.0116958618164062
46.32197570800781, -2.976959972846771
46.38572046312235, -2.9426193237304688
46.45000910354873, -2.9080810546875
46.51478576660156, -2.873393733326964
46.5802001953125, -2.8381570955601774
46.64441124867584, -2.803573608398437
46.70986369504767, -2.76800537109375
46.77461785785222, -2.732574462890625
46.83927891618114, -2.6974868774414062
46.90333557128906, -2.66253662109375
46.96893310546875, -2.6268310546875
47.03297424316406, -2.591537475585937
47.09755073159428, -2.555800217848571
47.16188592425847, -2.520094651442321
47.22598835573358, -2.484529935396665
47.2901373394465, -2.4488947941707124
47.3536376953125, -2.413421630859375
47.41806288896981, -2.3774132361779152
47.48249816894531, -2.341461181640625
47.54649353027344, -2.305824279785156
47.61090087890625, -2.269638061523437
47.674713134765625, -2.2340011596679688
47.73907470703125, -2.197540283203125
47.80318955243644, -2.161137507512024
47.86802673339844, -2.12420654296875
47.932837534759, -2.0869797926682736
47.997824458752646, -2.049865722656307
48.06174068127648, -2.0131037785457124
48.12612242617849, -1.9758488581730944
48.19084167480469, -1.9386643629807736
48.25577040850106, -1.9012129934210973
48.31988525390625, -1.864224947415892
48.38388216697563, -1.8271998355263577
48.44865417480469, -1.789574256310118
48.51292497020656, -1.7520302220394797
48.576690673828125, -1.7146418644832124
48.640960693359375, -1.6770348182091652
48.70509338378906, -1.6393573467548208
48.76789855957031, -1.6021024263822596
48.83157503806938, -1.564323023745942
48.8959567829714, -1.5260154322574522
48.95906066894531, -1.4885066105769624
49.02250671386719, -1.4511812650240472
49.08613586425781, -1.4129403921274388
49.14939880371094, -1.3746995192307736
49.212186134467686, -1.3367903859992225
49.27717305846133, -1.306722540604483
49.34243774414063, -1.2839918870192832
49.40821838378906, -1.2613854041466652
49.47377014160156, -1.2381302682977091
49.539459228515625, -1.2152179918791148
49.60573875297934, -1.191942369615731
49.67051696777344, -1.168887489720419
49.73634338378906, -1.145469263980317
49.80097961425781, -1.122484709087189
49.86607360839844, -1.0992833187705742
49.930938720703125, -1.075792814555939
49.99645168498411, -1.052089381862345
50.060943603515625, -1.028739527652192
50.12548828125, -1.0061886436060945
50.1903076171875, -0.982914974815003
50.2535596944518, -0.9595963761613008
50.37822658732786, -0.914389120565886
50.439768645722985, -0.8918968406883323
50.50010034593485, -0.8698499524915633
50.55995178222656, -0.847826505962189
50.619140625, -0.8261429636102093
50.676579879502114, -0.804901123046875
50.733885684255824, -0.783538818359375
50.79066467285156, -0.7625105574324493
50.84371948242188, -0.7363066802153639
50.893559859970864, -0.703582763671875
50.944244384765625, -0.6698690878378102
50.99464416503906, -0.6369843354096361
51.04648396120233, -0.60333251953125
51.09801728846663, -0.569610595703125
51.14903854111493, -0.5364227294921875
51.200758077330505, -0.5025482177734375
51.25181579589844, -0.4690716717694272
51.30308532714844, -0.4353703679265095
51.354034423828125, -0.4020402238175506
51.40568102820445, -0.3679656982421875
51.45529174804688, -0.3332272091427057
51.50348727985964, -0.296173095703125
51.5520412639036, -0.258636474609375
51.60076904296875, -0.2215823611697374
51.648468017578125, -0.1849860114020316
51.69483947753906, -0.1491319811021867
51.74057782706568, -0.11444091796875
51.787921452926376, -0.1029205322265625
51.834228515625, -0.0991738809121329
51.88042074947034, -0.0943756103515625
51.925716076867054, -0.08953857421875
51.97100830078125, -0.09368896484375
52.0116515078787, -0.1196725027901379
52.05094159659693, -0.14447021484375
52.0911627300715, -0.1381138392856655
52.10996983414989, -0.0920497349330276
52.096143819518005, -0.0423758370535551
52.06700211864406, -0.0308401925223051
52.0401414774232, -0.0295846121651379
52.01353454589844, -0.033721923828125
51.98735046386719, -0.037384033203125
51.96244812011719, -0.0409698486328125
51.94111633300781, -0.0580596923828125
51.92527770996094, -0.085906982421875
51.91680908203125, -0.1224517822265625
51.91049349510063, -0.15985107421875
51.9041748046875, -0.1972198486328125
51.8981105998411, -0.2320469447544155
51.89300537109375, -0.2621130041173956
51.88847428661281, -0.2881622314453125
51.88414492849576, -0.3141021728515625
51.87959289550781, -0.3399080843539082
