52.45353698730469, 9.743499755859377
52.45353698730469, 9.743499755859377
52.45234680175781, 9.783554077148438
52.450546006024894, 9.834333147321429
52.44705458818856, 9.890677315848215
52.421630859375, 9.926300048828123
52.38642883300781, 9.921798706054688
52.349029541015625, 9.910964965820312
52.31080627441406, 9.89990234375
52.271575927734375, 9.889068603515623
52.23445051807468, 9.866507393973215
52.20000186208951, 9.830095563616071
52.16359801211599, 9.79203578404018
52.124267578125, 9.750747680664062
52.08366781978284, 9.707754952566964
52.04209667141154, 9.664045061383929
52.00025939941406, 9.620437622070312
51.957550048828125, 9.576034545898438
51.914776300979874, 9.53165980747768
51.86943054199219, 9.484764305320946
51.823150634765625, 9.436587771853883
51.7760009765625, 9.38774315086571
51.72848510742188, 9.338824297930744
51.68001336566472, 9.289016723632812
51.6305283368644, 9.238357543945312
51.57992605435646, 9.18975830078125
51.52317810058594, 9.161558408994932
51.46234130859375, 9.146786251583617
51.40104675292969, 9.131568702491554
51.340507895259535, 9.116439819335938
51.27845764160156, 9.101133604307432
51.21495650986493, 9.085693359375
51.15318169028072, 9.070663452148438
51.08949822894597, 9.05517578125
51.02691650390625, 9.039818016258446
50.96282958984375, 9.023513793945312
50.90025329589844, 9.008120974978883
50.836944580078125, 8.993051889780405
50.77537536621094, 8.97842819626267
50.711494057865465, 8.963241577148438
50.649261474609375, 8.948291979337993
50.58799097093485, 8.931884765625
50.52663512149099, 8.915108345650339
50.466339111328125, 8.899142616673519
50.40623474121094, 8.883385909231086
50.34540725966631, 8.86730297191723
50.28568073854608, 8.851714263091216
50.22595421742584, 8.836125554265204
50.16622924804688, 8.820648193359375
50.10645462294756, 8.805170832453548
50.04702758789063, 8.789713006270558
49.98774641651218, 8.774364574535474
49.92887878417969, 8.759139211554276
49.8698295981197, 8.744003708298141
49.81019618147511, 8.72871192725929
49.7508544921875, 8.713459215666118
49.69111555713718, 8.698128365181589
49.631378173828125, 8.681801243832236
49.5743408203125, 8.652889854029604
49.517120361328125, 8.62087048982319
49.45976257324219, 8.588923404091283
49.40309686175847, 8.557409989206414
49.348480224609375, 8.527010404146633
49.28839214777542, 8.493804931640625
49.23020185050318, 8.46156873201069
49.17315673828125, 8.43017578125
49.115543688757946, 8.398541902240954
49.058005122815146, 8.367028487356086
49.00080871582031, 8.335172213040865
48.94367282673464, 8.303495708264801
48.88892739506091, 8.273861533717104
48.830108642578125, 8.242351825420672
48.77215576171875, 8.211294320913462
48.715520309189614, 8.180839137027137
48.65965762380826, 8.1507712916324
48.60225871457892, 8.119836104543586
48.54620361328125, 8.089881310096153
48.49016092591366, 8.060061806126644
48.43318176269531, 8.029526930588942
48.3775634765625, 7.999737079326922
48.320892333984375, 7.969524676983172
48.26499938964844, 7.939946101262018
48.20893885725636, 7.910373085423519
48.1533554853019, 7.881070650540865
48.097632456634, 7.851773775540865
48.041583562301376, 7.822265624999999
47.98599243164063, 7.793083190917969
47.93046569824219, 7.763969421386719
47.874693789724574, 7.734867976262018
47.81808471679688, 7.705398559570312
47.761664956302965, 7.67620380108173
47.70561218261719, 7.645179748535156
47.65122985839844, 7.605216979980469
47.597195900092686, 7.565495417668268
47.54264831542969, 7.525360107421875
47.48826366359904, 7.4852107121394225
47.4334716796875, 7.445022583007812
47.37936401367188, 7.405540466308594
47.32458599543167, 7.36584003155048
47.270818160752114, 7.323514498197115
47.2174072265625, 7.280296325683594
47.16421508789063, 7.237930297851562
47.11091122384799, 7.196326622596153
47.05824279785156, 7.1553955078125
47.00514221191406, 7.114265441894531
46.95319224212129, 7.074068509615384
46.90007613877118, 7.0327289287860575
46.84776306152344, 6.992060963700458
46.795426708156775, 6.951530456542969
46.74258991823358, 6.91094970703125
46.69035830740201, 6.870780944824219
46.63824462890625, 6.83061553210747
46.58663992154396, 6.790855407714844
46.5344083107124, 6.751029968261719
46.48175772974047, 6.710929870605469
46.42987060546875, 6.67138076410061
46.324310302734375, 6.591126976943598
46.27194679389565, 6.551284790039063
46.21850482488082, 6.5106353759765625
46.16683184090307, 6.471839904785156
46.11408815545551, 6.432426452636719
46.061111708818856, 6.3928070068359375
46.00799560546875, 6.357925415039063
45.952458785752114, 6.330940246582031
45.89752714512712, 6.304229736328125
45.84278171345339, 6.277931213378906
45.78780352059057, 6.251564025878906
45.73343050681938, 6.2249908447265625
45.67873162738347, 6.198486328125
45.62319480766684, 6.1717071533203125
45.568450927734375, 6.145577779630336
45.51277289956303, 6.11911680640244
45.45732918432204, 6.092655833174543
45.40123373775159, 6.065993890529726
45.34541760460805, 6.0393989376905495
45.28964802370233, 6.012736995045732
45.23327326370498, 5.985807093178354
45.17619323730469, 5.959036690848214
45.119825460143005, 5.931947289443598
45.06335759567002, 5.903208662823934
45.00744835805085, 5.87487197503811
44.94990979210805, 5.846066358612806
44.893341064453125, 5.817980085100446
44.83589172363281, 5.789337158203125
44.77972412109375, 5.76141357421875
44.721384856660485, 5.732719607469512
44.66328766386388, 5.703913991044208
44.6055908203125, 5.674961635044642
44.54855346679688, 5.646645682198661
44.49113748841366, 5.618769948075458
44.4320068359375, 5.589882986886161
44.373870849609375, 5.561501639229911
44.31637573242188, 5.533447265625
44.25893492617849, 5.505624166349086
44.20225524902344, 5.477927071707589
44.14841991359904, 5.442417689732142
44.094818115234375, 5.40508181549782
44.04195494570974, 5.368390764508929
43.98809400655456, 5.330854143415179
43.9351175599179, 5.294167654854911
43.88251353118379, 5.25787353515625
43.82899475097656, 5.221380189407704
43.776700294623936, 5.185481480189732
43.72288513183594, 5.148563828579215
43.67004911778336, 5.112239292689732
43.6175537109375, 5.076322333757268
43.56459045410156, 5.040425145348838
43.51158530025159, 5.004207066127232
43.458526611328125, 4.96818365052689
43.4044189453125, 4.931583848110465
43.35122680664063, 4.895622785701309
43.29721224510063, 4.858965192522321
43.24484252929688, 4.823636786882267
43.189544677734375, 4.786589866460756
43.13558287539724, 4.750409807477679
43.08283918994968, 4.7149658203125
43.02864074707031, 4.678642805232559
42.97423281912076, 4.642312186104911
42.92013911877648, 4.606345040457589
42.865631103515625, 4.57012087799782
42.81193542480469, 4.534543059593023
42.75782775878906, 4.498776522549716
42.70431518554688, 4.463383067737926
42.650415452860166, 4.427873478379361
42.59655451370498, 4.392423407976017
42.5432522014036, 4.357484329578488
42.49003601074219, 4.322620738636363
42.43669412903866, 4.287670046784157
42.3819580078125, 4.256078546697443
42.32514953613281, 4.230173284357244
42.26868710275424, 4.204378349836483
42.21180725097656, 4.1785500266335225
42.15575137380826, 4.153087527252907
42.09979558395127, 4.127601800962936
42.04314151052701, 4.101924452670786
41.98727416992188, 4.076427112926137
41.930810960672666, 4.050761378088663
41.87425231933594, 4.025303233753551
41.81722350039725, 3.999598303506541
41.7601318359375, 3.9738048206676138
41.702704995365465, 3.9478603629178783
41.64614868164063, 3.922493674538352
41.58824157714844, 3.8967132568359375
41.53092723781779, 3.871083814044332
41.47436626886917, 3.845917457757994
41.417083740234375, 3.8203083385120737
41.36004638671875, 3.7950439453125
41.30119194418697, 3.768997192382813
41.24356027376854, 3.743528886274858
41.186952752582094, 3.718310269442472
41.13116455078125, 3.69366455078125
41.0762980832892, 3.66974570534446
41.02108712923729, 3.645463423295455
40.968017578125, 3.6221798983487217
40.9156494140625, 3.599365234375
40.864837646484375, 3.57708740234375
40.81370544433594, 3.55462646484375
40.76453774662341, 3.5332280939275567
40.716914807335804, 3.5124414617365054
40.667429778535485, 3.4910930286754263
40.620365466101696, 3.470743352716619
40.57385978052172, 3.4506433660333804
40.52814548298464, 3.430730646306818
40.483978271484375, 3.41143798828125
40.438858290850106, 3.3955244584517046
40.39237976074219, 3.395263671875
40.34617278535488, 3.3977092396129263
40.30171539823888, 3.400081287730824
40.25707180217161, 3.4028278697620737
40.21294028072034, 3.40544960715554
40.16981506347656, 3.4078369140625
40.127197265625, 3.41033935546875
40.085540771484375, 3.4127197265625
40.0435832395392, 3.4149377996271304
40.00345521054025, 3.4173722700639204
39.94313049316406, 3.37103271484375
39.91777038574219, 3.3410379161005435
39.89391779495498, 3.312255859375
39.871293407375525, 3.28472900390625
39.84787763175318, 3.256103515625
39.82632394564354, 3.22979736328125
39.803466796875, 3.201798148777174
39.79156494140625, 3.187527863875679
39.759796142578125, 3.149314548658288
39.75233459472656, 3.140298594599185
39.68489824715307, 3.03729248046875
39.673353292174255, 3.011474609375
