37.64986717094809, -122.34386941661006
37.64986717094809, -122.34386941661006
37.66299490201271, -122.31712009595788
37.67720031738281, -122.29115587599732
37.693450927734375, -122.26123566323136
37.71201440843485, -122.22588580587636
37.73936462402344, -122.19490862907249
37.77072143554688, -122.16633248836436
37.80321024231991, -122.1369801396909
37.83595275878906, -122.10748550739692
37.86936950683594, -122.07692247755983
37.89961992684057, -122.03893910283628
37.93011474609375, -121.9939990753823
37.96266174316406, -121.94584623296208
37.99717712402344, -121.8950052464262
38.032562255859375, -121.84252799825464
38.06813049316406, -121.7896416846742
38.104729086665785, -121.7353223717731
38.14215087890625, -121.67971996550864
38.18014371193061, -121.62313046662705
38.2181396484375, -121.56635040932512
38.25723421775688, -121.50801285453466
38.29637145996094, -121.44947457820813
38.33665233547404, -121.38895449431048
38.376068115234375, -121.32739777260636
38.41470336914063, -121.2645223866338
38.4539794921875, -121.20015683381452
38.49362648139566, -121.1356201171875
38.53384761487023, -121.07012939453124
38.57418823242188, -121.00461213485052
38.61433410644531, -120.9394703740659
38.654388427734375, -120.87408978006113
38.695151118908896, -120.80755615234376
38.73637390136719, -120.74010434358016
38.77738952636719, -120.6727533755095
38.8194580078125, -120.603491741678
38.86134338378906, -120.53423010784648
38.9041706667108, -120.463623046875
38.94723148669227, -120.392333984375
38.99038541114936, -120.32073974609376
39.07613463320975, -120.17791748046876
39.118743896484375, -120.10647981063178
39.161697646318856, -120.0345458984375
39.20513088420286, -119.9615478515625
39.24787902832031, -119.88949983016305
39.29054260253906, -119.8173124893852
39.33316040039063, -119.74524456521738
39.37574483580508, -119.67327880859376
39.41867065429688, -119.60039221722148
39.461447505627646, -119.52764892578124
39.50353072861493, -119.45599365234376
39.54547119140625, -119.38418844471806
39.58763122558594, -119.31212052055028
39.62814331054688, -119.24238122027852
39.66893005371094, -119.17174629543138
39.70967102050781, -119.10087253736413
39.75054931640625, -119.02904344641644
39.790924072265625, -118.95876677139944
39.83139813956568, -118.888671875
39.87310894465042, -118.81585693359376
39.90797657077595, -118.73809814453124
39.94023727158368, -118.65964716131036
39.9569091796875, -118.618896484375
41.076763605667374, -115.74452486905184
41.10581220206568, -115.66587274724787
41.12084857488082, -115.62523581764916
41.15836967856197, -115.52367470481178
41.19273376464844, -115.4302978515625
41.19779942399365, -115.41655800559305
41.24300164691472, -115.29277454723012
41.27893997451006, -115.19408486106178
41.30780236195709, -115.11443398215552
41.33578025688559, -115.0370303067294
41.36572265625, -114.95458984375
41.39401710639566, -114.87655994503996
41.42207336425781, -114.79826493696734
41.45076428429555, -114.717833053234
41.47897338867188, -114.63890075683594
41.50699938757945, -114.56044751544329
41.53600143173993, -114.47843329851015
41.56265258789063, -114.4031940806996
41.59088652012712, -114.32341109874632
41.620121325476696, -114.2404387718023
41.64802551269531, -114.16087063876066
41.67598401085805, -114.08088151798692
41.70368259235964, -114.00174163108647
41.73133850097656, -113.92266706986862
41.7556348897643, -113.85291520939316
41.78575418763241, -113.76579107240188
41.813452769134, -113.68537370548692
41.84096514168432, -113.60521183457485
41.86670852919756, -113.53028763172236
41.8950588420286, -113.44769854878268
41.92112809520657, -113.36958064589388
41.94338006488347, -113.28450047692584
41.96460788532839, -113.20229463799052
41.985789153535485, -113.12079141306322
42.007232666015625, -113.03745616566052
42.02829134666313, -112.95554937318312
42.0496588238215, -112.87225767623544
42.07072448730469, -112.78951471502133
42.09205627441406, -112.70618091930044
42.11366271972656, -112.62178594415838
42.13444519042969, -112.53920121626422
42.155181884765625, -112.45630437677556
42.17582702636719, -112.37440629438922
42.196670790850106, -112.29119589162426
42.21696756653866, -112.20943717069404
42.23754365565413, -112.12684808775435
42.25813293457031, -112.04388011585584
42.276947021484375, -111.96816184303978
42.29905700683594, -111.87858581542967
42.31901007183527, -111.79674725199854
42.33902753409693, -111.71460528706392
42.35861206054688, -111.63395274769178
42.37857055664063, -111.55174255371094
42.39889526367188, -111.46784695712005
42.41891117419227, -111.3846960733103
42.43846311407574, -111.3027457303779
42.44938659667969, -111.2571092085405
43.10332217458951, -108.33363124302456
43.12060546875, -108.2509737236555
43.14000533798993, -108.15745762416296
43.15663146972656, -108.0770448196766
43.17366027832031, -107.99407249273251
43.19051451602224, -107.91190011160714
43.20694745597193, -107.83133370535714
43.22459075410488, -107.74442400251118
43.24046506720074, -107.66680036272322
43.25807189941406, -107.57895536200942
43.27496337890625, -107.49464168105013
43.2916259765625, -107.41110665457587
43.3084716796875, -107.32652531113736
43.32505048331568, -107.24278041294644
43.34073858746027, -107.163325718471
43.35786981097722, -107.0762198311942
43.37420654296875, -106.99220879133355
43.3905029296875, -106.90789358956474
43.40675354003906, -106.82396467341933
43.42286682128906, -106.7406091024709
43.43924312268273, -106.65573120117188
43.45525709249205, -106.5720912388393
43.47085209216102, -106.49080548967636
43.48700571868379, -106.40553065708708
43.50250761387712, -106.3230678013393
43.51853942871094, -106.23798459075216
43.53387451171875, -106.15609812182046
43.54985046386719, -106.0706347088481
43.56559753417969, -105.9853629178779
43.58102416992188, -105.90213509493094
43.59649658203125, -105.81782141397164
43.6120450294624, -105.73301042829245
43.6278076171875, -105.64631972202034
43.64332813327595, -105.5606951032366
43.658294677734375, -105.47801173010537
43.67447158037606, -105.38844517299108
43.68855285644531, -105.30951211618822
43.705196057335804, -105.21612984793526
43.719022071967686, -105.1379830496652
43.73579406738281, -105.04277428915331
43.75103759765625, -104.95526690815768
43.76645880230402, -104.86751011439732
43.78158827959481, -104.78079659598214
43.79397117485434, -104.70866612025672
43.81133515956038, -104.60782732282368
43.8262939453125, -104.52028496320855
43.84122169623941, -104.4327654157366
43.85609436035156, -104.34527020121728
43.870880126953125, -104.25750732421872
43.88558597887977, -104.17013985770087
43.900017172603285, -104.08394949776786
43.91449491856461, -103.99625505719864
43.92869335109904, -103.91039167131696
43.942657470703125, -103.82514421329938
43.95643848483845, -103.74043055943082
43.970489501953125, -103.65408963935316
43.98399740962659, -103.5706002371652
43.99786376953125, -103.48507903343022
44.01177978515625, -103.39916850245277
44.02519226074219, -103.31536581349924
44.03841697563559, -103.23159354073664
44.05163781117584, -103.14710344587051
44.064697265625, -103.06357450263442
44.07774353027344, -102.9801550576853
44.09078824318061, -102.89651053292414
44.103607177734375, -102.8136994117914
44.1163919739804, -102.73047310965404
44.129150390625, -102.64743538789968
44.141876220703125, -102.56395206894985
44.154693603515625, -102.47970226199124
44.1671339132018, -102.39669799804688
44.179703017412606, -102.31292724609376
44.19222556938559, -102.2289603097098
44.20454406738281, -102.1459742954799
44.21703791214248, -102.06178246474845
44.22921752929688, -101.97797502790178
44.24157094147245, -101.8932361137576
44.25381418001854, -101.80889594845657
44.265871209613344, -101.72562762004571
44.27806091308594, -101.64034162248883
44.29003182104079, -101.55647836080408
44.302001953125, -101.47194998604914
44.31413269042969, -101.38660975864956
44.32585144042969, -101.30283900669644
44.33761596679688, -101.21841430664062
44.34928894042969, -101.13431658063617
44.36074467028602, -101.05130823647102
44.37217712402344, -100.968017578125
44.38375854492188, -100.88352748325894
44.39501953125, -100.8008030482701
44.41749184818591, -100.63322485947026
44.42833851959745, -100.5516982660061
44.43937139996027, -100.46822896817832
44.45054393703654, -100.38375482326596
44.4613037109375, -100.30125209263394
44.47181830971928, -100.22036668730942
44.482818603515625, -100.13580322265624
44.49357604980469, -100.05281720842636
44.504172115002646, -99.9699587938262
44.51469292074947, -99.88715939405483
44.52516717425847, -99.80375708603276
44.53568798000529, -99.71981885956552
44.5462646484375, -99.63540213448664
44.556589934785485, -99.5519424066311
44.56701763605667, -99.4672672923018
44.57739878509004, -99.38192227991613
44.58777993412341, -99.29738114519812
44.597881769729874, -99.21364388814784
44.60807670981197, -99.12843285537345
44.61789923199152, -99.04616937404722
44.62806701660156, -98.96013532366072
44.63833566439354, -98.8727997570503
44.64820861816406, -98.78795078822544
44.65782165527344, -98.70581490652904
44.6678032309322, -98.61991324075836
44.67755126953125, -98.53467668805804
44.68711853027344, -98.45084054129468
44.696525961665785, -98.36736167349466
44.70597606594279, -98.28261956935972
44.71542617021981, -98.19834639386433
44.72465515136719, -98.11510358537949
44.73376775192002, -98.03127381859753
44.74289199053231, -97.94753656154722
44.751800537109375, -97.86542619977678
44.76104736328125, -97.77979408822404
44.76984573622881, -97.698066525343
44.77880859375, -97.61326381138394
44.78741455078125, -97.53152029854914
44.79606628417969, -97.44840349469864
44.80499267578125, -97.36247471400668
44.8135117353019, -97.27938024009144
44.82207734706038, -97.19584395245806
44.83073606329449, -97.11136980754571
44.83909606933594, -97.02909197126117
44.84747314453125, -96.9451904296875
44.85540874933792, -96.86330655725988
44.863861083984375, -96.77895682198664
44.872074450476696, -96.69610000238184
44.880157470703125, -96.61305018833708
44.88816833496094, -96.52908325195312
44.89604187011719, -96.44616263253351
44.904052734375, -96.36160714285715
44.91196971828654, -96.27741371713029
44.9196973897643, -96.1946813071646
44.927490234375, -96.10977172851562
44.93505962824417, -96.02687184403578
44.94292695643538, -95.9399860661204
44.95060729980469, -95.85564749581476
44.95806884765625, -95.77194213867188
44.96553039550781, -95.68777901785715
44.97294616699219, -95.60309273856028
44.98027038574219, -95.51892961774551
44.98745727539063, -95.43548583984376
44.99464649265095, -95.35047577648623
45.001815537274894, -95.2671404582698
45.008880615234375, -95.1837158203125
45.01583862304688, -95.09968348911832
45.02281059653072, -95.01519179925684
45.029571533203125, -94.93305751255582
45.03643798828125, -94.84817504882812
45.04306081998146, -94.76451594655106
45.04975891113281, -94.68089512416292
45.05630493164063, -94.59758213588168
45.06294250488281, -94.51335362025668
45.06940938658633, -94.4296339081555
45.07585144042969, -94.3450927734375
45.08221125198623, -94.26095357755332
45.08849580409163, -94.1776182593369
45.09478035619704, -94.09287615520196
45.10092525158898, -94.00813405106705
45.10707092285156, -93.92421177455356
45.11320495605469, -93.84004865373883
45.119034072100106, -93.75819508622328
45.124759997351696, -93.67646752334218
45.130392818127646, -93.5960127667683
45.13611874337924, -93.5142852038872
45.14154052734375, -93.434077671596
45.14117431640625, -93.35181100027904
45.13151007183527, -93.269638433689
45.1204833984375, -93.1878662109375
45.10921154992055, -93.10531244045347
45.09789935613082, -93.0239198266006
45.08615112304688, -92.94015066964288
45.07471634169756, -92.85838801686356
45.06321716308594, -92.7770560128348
45.05149841308594, -92.69498552594864
45.03968811035156, -92.61199951171876
45.02828979492188, -92.53221784319196
45.0164794921875, -92.44949340820312
45.004562119306144, -92.36701779249232
44.992584228515625, -92.28541782924106
44.98077392578125, -92.20423256478654
44.968780517578125, -92.12291172572544
44.95665986659163, -92.04104539824692
44.94460283699682, -91.9597197741997
44.93240615068856, -91.87785823170732
44.92016291214248, -91.79619765863184
44.90803527832031, -91.71582903180804
44.89558410644531, -91.63362775530136
44.883386644266416, -91.55356058260288
44.87086409229343, -91.47230194836123
44.85824843584481, -91.39064137528578
44.84564208984375, -91.30841936383928
44.83315677966102, -91.22805711699692
44.8205411232124, -91.1472674113948
44.80778581005032, -91.06627673637576
44.79489084017479, -90.98481713271718
44.78180966134799, -90.90275462080793
44.768829345703125, -90.8215550013951
44.74284543829449, -90.6591796875
44.729827880859375, -90.57841709681918
44.716496871689614, -90.49659542921108
44.703369140625, -90.41660960127666
44.69013977050781, -90.335933140346
44.67672729492188, -90.25477818080356
44.66331481933594, -90.17362322126117
44.64994812011719, -90.09305681501117
44.63656667935646, -90.01286204268291
44.62297342591366, -89.93254126572026
44.60929870605469, -89.8516845703125
44.59578691902807, -89.77203369140625
44.58224487304688, -89.69192504882812
44.56851196289063, -89.61181640625
44.55464172363281, -89.53125
44.54099493511652, -89.4520233898628
44.52721547272245, -89.37297541920731
44.51316833496094, -89.29295131138394
44.4990234375, -89.21166556222101
44.48524475097656, -89.13299560546875
44.47105407714844, -89.0527561732701
44.456817626953125, -88.97303989955356
44.44235074318061, -88.89158667587651
44.42787299721928, -88.81072998046875
44.413330078125, -88.73009817940851
44.39872741699219, -88.6492701939174
44.38397423695709, -88.56802591463412
44.3690185546875, -88.48591395786832
44.354095458984375, -88.40403965541293
44.33912658691406, -88.3221653529576
44.32411193847656, -88.24055262974332
44.30873107910156, -88.15822056361606
44.294219970703125, -88.0810546875
44.27862652277542, -87.99888052591461
44.26213073730469, -87.91109357561385
44.24665832519531, -87.82948085239957
44.23210144042969, -87.75107247488842
44.21589660644531, -87.66507829938615
44.20074462890625, -87.58675924161582
44.18467712402344, -87.50316531159154
44.16932186837924, -87.42285592215404
44.15327453613281, -87.3396478697311
44.13743591308594, -87.25852788880815
44.12319946289063, -87.1857115279796
44.10559185480667, -87.09627423967635
44.089599609375, -87.0148485760356
44.073486328125, -86.93296210710389
44.057317184189614, -86.85163225446428
44.04065148305085, -86.7687770298549
44.02400207519531, -86.6858335982921
44.00752258300781, -86.60388325535973
43.99085998535156, -86.52135804642074
43.97417488744704, -86.43886021205356
43.95736952959481, -86.35613577706476
43.941169350834215, -86.27674647739957
43.92375881389036, -86.19192940848217
43.90751208289195, -86.11299787248885
43.88944981461864, -86.02563040597101
43.87202453613281, -85.94240410383355
43.85509426310911, -85.86083548409601
43.837921142578125, -85.77805629996362
43.820709228515625, -85.69604208303048
43.80337472689354, -85.61370849609375
43.785552978515625, -85.53105553915333
43.7682277873411, -85.45146397181918
43.75062561035156, -85.36856008130451
43.73312740002648, -85.28640747070312
43.71548410189354, -85.20414079938615
43.69793390823623, -85.1227242606027
43.680244057865465, -85.04111153738842
43.66246110301907, -84.95943341936385
43.644724700410485, -84.87827845982144
43.62694174556409, -84.79705810546875
43.61210632324219, -84.71506517986916
43.60697937011719, -84.63330645893893
43.60295104980469, -84.55103674600286
43.59891729839777, -84.46851457868303
43.59482070146981, -84.38552856445312
43.59063720703125, -84.30275850517802
43.58625508971133, -84.22034127371654
43.58189392089844, -84.13719709529431
43.57745671676377, -84.05306134905135
43.57296752929688, -83.96940009538514
43.56847213486493, -83.88663155691967
43.56372380660752, -83.80207606724332
43.559161687301376, -83.71810913085938
43.554459911281775, -83.63518851143976
43.54962158203125, -83.55064214662059
43.54496325476695, -83.46777779715404
43.54007526979608, -83.3837454659598
43.53497314453125, -83.29923407976014
43.52983377747616, -83.21607317243303
43.52461992684057, -83.13256399972101
43.51950073242188, -83.04884799691132
43.51437843452066, -82.96515328543529
43.50901794433594, -82.88181748501086
43.50357055664063, -82.79929227607192
43.49812316894531, -82.71523409111552
43.49301095736229, -82.63137817382812
43.48727416992188, -82.54769258720927
43.481781005859375, -82.46593386627904
43.47634525622352, -82.38614763532365
43.471084853350106, -82.30695452008928
43.47020036083157, -82.22848074776789
43.47015380859375, -82.14817592075894
43.46996759964248, -82.06917898995539
43.46992104740466, -81.99044363839289
43.47001415188029, -81.91151210239957
43.46974182128906, -81.83358125908427
43.4695020772643, -81.7559378487723
43.46942138671875, -81.67970879133355
43.46923828125, -81.60357098246726
43.468896898172666, -81.5288870675223
43.46846008300781, -81.45436131676962
43.468048095703125, -81.38167270394257
43.46768653998941, -81.30902971540178
43.46722101761123, -81.23879568917414
43.466583251953125, -81.17056913154067
43.4659423828125, -81.10375692678048
43.46512616690943, -80.97760881696428
43.46447443557998, -80.9155491420201
43.46383666992188, -80.855159315952
43.46315002441406, -80.79620361328125
43.46242613711599, -80.73767525809154
43.46186828613281, -80.68142203397525
43.46122741699219, -80.6284704873728
43.46461486816406, -80.57737128679139
43.46910095214844, -80.51886270212572
43.47271728515625, -80.46814674554867
43.47637939453125, -80.41832502498181
43.4802090919624, -80.36420549665178
43.48388671875, -80.31497689180594
43.48751779329979, -80.26637486049106
43.490729897709215, -80.2215140206473
43.493523031978285, -80.17841884068082
43.48900746490995, -80.12714930943082
43.48365783691406, -80.08113417514534
43.47778837559586, -80.03311157226562
43.47248840332031, -79.98794200808499
43.46726989746094, -79.94176110555958
43.47057277873411, -79.89754813058039
43.490570068359375, -79.86242959665697
43.513092041015625, -79.83266431231829
43.534675210209215, -79.80089460100447
43.55539095603813, -79.77068219866072
43.57550152277542, -79.74171229771207
43.59440173132945, -79.7143772670201
43.61105346679688, -79.69035303869913
43.62633656647245, -79.66827392578125
43.64057922363281, -79.64755745821219
43.65505929720604, -79.62661743164062
43.66688919067383, -79.60947258527887
43.67028187897245, -79.60567474365234
43.67280578613281, -79.60611920024076
43.67387803934388, -79.60750579833984
43.67427373336533, -79.60912431989397
43.673505621441336, -79.61054665701732
43.67309828936043, -79.61306435721264
43.673927307128906, -79.61314534032067
