45.61862182617188, 8.726159072503812
45.61862182617188, 8.726159072503812
45.64018637447034, 8.720054626464844
45.66444009037341, 8.705841064453125
45.679802328853285, 8.670890808105469
45.69702665684586, 8.635871887207031
45.714111328125, 8.600990295410156
45.71457685050318, 8.555740356445312
45.6937214479608, 8.517768859863281
45.671722412109375, 8.480440465415397
45.65061950683594, 8.444600919397866
45.6295166015625, 8.408024485518293
45.611277434785485, 8.367599487304688
45.59121342028602, 8.321662902832031
45.570264913268005, 8.273941040039062
45.54847846596928, 8.224090576171875
45.52647399902344, 8.174089704241071
45.50588316836599, 8.119365413014483
45.51283264160156, 8.054417201450892
45.53732299804688, 7.993534633091517
45.56253724179025, 7.932266235351562
45.58808898925781, 7.86882353991997
45.614163673530186, 7.804069519042969
45.64018637447034, 7.739387512207031
45.666595458984375, 7.673347287061738
45.693302477820446, 7.606178283691406
45.72174589512712, 7.534561157226562
45.75107380495233, 7.4606781005859375
45.78072758044227, 7.3859710693359375
45.821136474609375, 7.321248868616617
45.872342384467686, 7.269035339355469
45.92477416992188, 7.215806914538873
45.97755432128906, 7.162081090415397
46.03085275423729, 7.107467651367188
46.08066364870233, 7.04827880859375
46.12186237917108, 6.977485656738281
46.16278179621292, 6.90545654296875
46.20451354980469, 6.831553389386434
46.24732066009004, 6.755561828613281
46.29061424126059, 6.678657531738281
46.33414058362023, 6.600929260253906
46.37773132324219, 6.52306533441311
46.42144775390625, 6.444553282202745
46.46534729003906, 6.365572301352897
46.50787353515625, 6.288986206054688
46.55130677304025, 6.215583801269531
46.59562683105469, 6.143367116044208
46.638452562235166, 6.073310852050781
46.68109441207627, 6.003135681152344
46.72476196289063, 5.931210401581556
46.76786778336864, 5.860038757324219
46.81105041503906, 5.788589105373476
46.85375666214248, 5.717559814453125
46.89779507911811, 5.644366924579327
46.941009521484375, 5.572265625
46.98454284667969, 5.499481201171875
47.02766418457031, 5.427177429199219
47.0712890625, 5.353775024414063
47.11398367154396, 5.281818096454327
47.15783587956832, 5.207660381610577
47.20179748535156, 5.132881164550781
47.28950500488281, 4.9835357666015625
47.33308410644531, 4.909103393554688
47.37630553164724, 4.835040752704327
47.42033386230469, 4.7591400146484375
47.464615126787606, 4.682640662560096
47.50874664823888, 4.606511042668269
47.553064378641416, 4.52953632061298
47.5969631389036, 4.453265850360577
47.641606734970864, 4.37530517578125
47.68560791015625, 4.298469543457031
47.728705971927965, 4.222834660456731
47.772216796875, 4.146308898925781
47.8157958984375, 4.069404602050781
47.85882568359375, 3.993324279785156
47.90208435058594, 3.916557312011719
47.945732504634535, 3.8388765775240383
47.98979187011719, 3.7602767944335938
48.03343692068326, 3.6821805513822112
48.077987412274894, 3.6021775465745187
48.12137409792108, 3.524005596454326
48.16520690917969, 3.444847693810096
48.206657797603285, 3.362105520148026
48.2354736328125, 3.270600971422697
48.25674800549523, 3.173097309313322
48.278022378177965, 3.074726305509868
48.299102783203125, 2.9763793945312496
48.31988525390625, 2.878910945012019
48.34058858580508, 2.781492534436677
48.36122131347656, 2.683762770432692
48.3812255859375, 2.588336651141826
48.4015720173464, 2.491294459292763
48.42132568359375, 2.3966393103966346
48.44114141949152, 2.300551565069901
48.46041870117188, 2.205857496995192
48.479736328125, 2.1088820237379804
48.4983541197696, 2.013533742804276
48.51631164550781, 1.9182410606971152
48.53366088867188, 1.8235191932091344
48.55081849179025, 1.7275278191817434
48.56735229492188, 1.6333007812499998
48.583451610500525, 1.540471127158717
48.599791445974574, 1.4471596165707237
48.61557265459481, 1.3558719032689144
48.63121032714844, 1.2652587890624998
48.6477402509269, 1.174308375308388
48.66622148934057, 1.0816473709909538
48.68400444418697, 0.9913715563322368
48.701934814453125, 0.8998929537259615
48.719989324020126, 0.807639674136513
48.73773193359375, 0.7162945087139423
48.75503540039063, 0.6268545297475961
48.77238464355469, 0.5368511493389423
48.789771128509, 0.4463195800781249
48.80708856097722, 0.3554655376233552
48.824405993445446, 0.264177824321546
48.84132385253906, 0.174724872295673
48.85862188824152, 0.0825420178865131
48.87575311175847, -0.0088902523643241
48.89277648925781, -0.1002854567307736
48.909782797603285, -0.1920439067640131
48.926774364406775, -0.2839821263363546
48.94340515136719, -0.3749436598557736
48.96011352539063, -0.466355543870236
48.97635249768273, -0.5563996967516687
48.99288940429688, -0.647629957932736
49.00909423828125, -0.7379854642427972
49.025418556342686, -0.8290341025904695
49.041525630627646, -0.9194544741982328
49.05781891386388, -1.0113204152960975
49.07387943591102, -1.102463571648855
49.09002685546875, -1.1945519080529152
49.10618591308594, -1.2870905949519624
49.1222472110037, -1.3795069644326077
49.138168076337394, -1.4717342979029695
49.15406799316406, -1.5644953801082124
49.16981506347656, -1.656541090745236
49.18569946289063, -1.7502770057091652
49.20149230957031, -1.8436607947716648
49.217306880627646, -1.937496787623388
49.23316955566406, -2.03240027794476
49.24864196777344, -2.125854492187557
49.26432464082362, -2.220756129214692
49.27991964049258, -2.315657766241827
49.29560774463718, -2.411932694284588
49.3113424010196, -2.5087135716488547
49.32691955566406, -2.605097844050533
49.34243929588188, -2.7016970985814623
49.35804748535156, -2.799400916466368
49.373382568359375, -2.8956017127404152
49.38880920410156, -2.9936335637019624
49.4042141154661, -3.091928582442449
49.41948324947034, -3.1897213584498445
49.43476867675781, -3.2882369192023475
49.449737548828125, -3.385306910464692
49.46498107910156, -3.4851234837582297
49.47990805415784, -3.5831018396326044
49.494964599609375, -3.6825159976357327
49.50933837890625, -3.778068140933442
49.52450509798729, -3.879732699007605
49.53923034667969, -3.979074578536199
49.55369567871094, -4.077011911492605
49.568206787109375, -4.175599750719584
49.58674543994968, -4.272197001689165
49.61178588867188, -4.366487201891459
49.64395814022775, -4.459261507601354
49.680267333984375, -4.54833984375
49.71606755660752, -4.636304700696769
49.75250244140625, -4.7260726125617225
49.7879442117982, -4.8136448215793735
49.82496643066406, -4.9053955078125
49.86163330078125, -4.995382208573233
49.90287780761719, -5.08103220086349
49.9449462890625, -5.16603168688323
49.98709468518273, -5.251242147909636
50.02972412109375, -5.337693063836355
50.07151794433594, -5.422692549856095
50.11326599121094, -5.507908871299378
50.15574645996094, -5.594859876130784
50.19772338867188, -5.681015817742605
50.281585693359375, -5.854267321134898
50.3243408203125, -5.9428084524054725
50.36631774902344, -6.0301931280839085
50.40862519862288, -6.118568214210313
50.44982392909163, -6.204899968327709
50.49229431152344, -6.294154116981929
50.5345458984375, -6.383273476048544
50.57666015625, -6.472465113589692
50.61862234341896, -6.561510240709481
50.66065901416843, -6.651108200485624
50.70209050582627, -6.739654541015625
50.74456787109375, -6.830823743665519
50.78695523536811, -6.922149658203125
50.82875914492849, -7.012252807617188
50.87054443359375, -7.102809596706095
50.91185488943326, -7.1927642822265625
50.95344543457031, -7.283564387141041
50.99518339512712, -7.3749542236328125
51.0364752300715, -7.465744018554687
51.07799982620497, -7.557373046875
51.11952209472656, -7.649305188978019
51.159942626953125, -7.739125844594582
51.20066497285488, -7.829742431640625
51.241351628707626, -7.92083740234375
51.28203828456038, -8.012237548828125
51.32202665684586, -8.102569580078125
51.362573655985166, -8.19427490234375
51.40204995365466, -8.28399658203125
51.4427490234375, -8.376555571684946
51.48307800292969, -8.4687516495988
51.52350474212129, -8.561325073242188
51.56423795021186, -8.655014038085938
51.60493469238281, -8.7489030167863
51.644805908203125, -8.841396022487345
51.68583239539195, -8.936843872070312
51.72568111096398, -9.029922485351562
51.76629638671875, -9.124962059227189
51.806961318193856, -9.220657348632812
51.84672546386719, -9.3146989152238
51.8876953125, -9.411794301625832
51.92795058428231, -9.507411411830333
51.96882344908633, -9.605032784598166
52.00978941836599, -9.70328194754461
52.05084228515625, -9.80194091796875
52.09190756587659, -9.90103585379461
52.13291931152344, -10.000457763671877
52.172955011917374, -10.097848074776778
52.213641667770126, -10.197274344308028
52.25381624900688, -10.295758928571388
52.29405212402344, -10.3948974609375
52.33421196371822, -10.493983677455333
52.37406921386719, -10.59295654296875
52.413665771484375, -10.691604614257812
52.45372009277344, -10.79193115234375
52.49374648271981, -10.89239501953125
52.5333251953125, -10.99212646484375
52.573150634765625, -11.092758178710938
52.612082271252646, -11.191537039620528
52.65106201171875, -11.29119873046875
52.69019692631091, -11.391409737723166
52.72892838817531, -11.490914481026778
52.76798571570445, -11.5916748046875
52.806976318359375, -11.692657470703123
52.845062255859375, -11.791839599609377
52.8834818177304, -11.892072405133888
52.92201232910156, -11.993026733398438
52.9595947265625, -12.092056274414062
52.99749755859375, -12.19207763671875
53.034759521484375, -12.291030883789062
53.07206493313029, -12.390302385602638
53.10926017114672, -12.48975865981157
53.14654541015625, -12.590096609933028
53.18257994570974, -12.687270220588236
53.21612548828125, -12.778041294642833
53.29179149563029, -12.983981861787695
53.31939697265625, -13.059270522173732
53.36375427246094, -13.181239536830333
53.386618404065146, -13.24426090016084
53.41877746582031, -13.333243233816916
53.50740051269531, -13.580278669084803
53.522225072828384, -13.62175436580884
53.57832051939883, -13.77960205078125
53.61415100097656, -13.880911690848166
53.64931268207097, -13.980910357306982
53.68404065148305, -14.079787310431982
53.71960656117584, -14.181733972886036
53.75431823730469, -14.28128487723211
53.78938836566472, -14.38239602481616
53.823743917174255, -14.4820807961857
53.85470115532309, -14.572152530445804
53.89226881124205, -14.681854248046877
53.9250881389036, -14.77806540096509
53.92862610897775, -14.788486256318947
54.01381670418432, -15.061044132008272
49.51109805349576, -64.29830190297719
49.47702026367188, -64.3490921823602
49.41366421974311, -64.44356014854031
49.37828451900159, -64.49603432103208
49.31758040088718, -64.58594874331828
49.30487163996292, -64.60466886821547
49.22035217285156, -64.72905085637024
49.12359722590042, -64.87072593287422
49.09152273404396, -64.91756238435448
49.02900307865466, -65.00848870528375
48.98417327363613, -65.07339477539062
48.934688244835804, -65.1450950221012
48.89469909667969, -65.20266019381012
48.83674621582031, -65.28604360727162
48.78726196289063, -65.35710261418274
48.74089127880031, -65.4235117059005
48.70020462294756, -65.48155132092933
48.64285226595604, -65.5630814401727
48.6022121623411, -65.62083194130349
48.544208074020126, -65.70294028834292
48.5218505859375, -65.73451115534856
48.0460991293697, -66.39671912560095
47.99903481693591, -66.46122859074524
47.94414972854873, -66.5362314077524
47.910736083984375, -66.5818862915039
47.84252619339248, -66.67468731219952
47.83931408898305, -66.67905367337744
47.70668676344015, -66.85835618239184
47.641606734970864, -66.94596510667071
47.594076900158896, -67.00991117037262
47.53858663268008, -67.08406888521637
47.49449157714844, -67.14280700683594
47.43663024902344, -67.21991729736328
47.3895263671875, -67.28231576772839
47.33702087402344, -67.3535385131836
47.28715799622616, -67.42422250600964
47.24060575840837, -67.48936579777644
47.1883741475768, -67.56211500901446
47.14279950675318, -67.62549767127405
47.0897765078787, -67.69895113431494
47.04139709472656, -67.76573181152344
46.99169094279661, -67.83423790564905
46.943788690082094, -67.90001502403851
46.89323295981197, -67.96945425180287
46.84384103548729, -68.03695678710938
46.79429626464844, -68.10451600609753
46.74517822265625, -68.17137183212651
46.69596862792969, -68.2380936785442
46.64645954713983, -68.3049545288086
46.59664865267479, -68.37217712402344
46.54829406738281, -68.43725437071265
46.49876403808594, -68.50370825790776
46.4483642578125, -68.57130097179873
46.39954647775424, -68.63639831542969
46.3494873046875, -68.70313690929873
46.3004150390625, -68.7682510003811
46.25083923339844, -68.83396799971416
46.201885675979874, -68.89862823486328
46.15264892578125, -68.96352628382238
46.10240354376324, -69.0296401977539
46.053314208984375, -69.09402242520957
46.00392150878906, -69.15860059784677
45.95385535288665, -69.22402954101562
45.90446342856197, -69.28836822509766
45.85432434082031, -69.35340695264858
45.80386404263771, -69.41876220703125
45.7546583272643, -69.48234558105469
45.70531295517743, -69.54572296142578
45.65596758309057, -69.60916900634766
45.60639953613281, -69.67274735613563
45.55755615234375, -69.73524884479798
45.50862975039724, -69.79761635384904
45.45900506488347, -69.86085473037343
45.4097900390625, -69.92333548409601
45.36067199707031, -69.98565673828125
45.31109619140625, -70.0482395717076
45.262042546676376, -70.11005680735514
45.2127685546875, -70.17196655273438
45.164154052734375, -70.23304530552457
45.1161478333554, -70.29313994616996
45.06770324707031, -70.35356794084822
45.0194091796875, -70.41373116629467
44.97047424316406, -70.47454833984375
44.921280165850106, -70.53550906297636
44.872650146484375, -70.5957249232701
44.82347391419491, -70.65662663157389
44.77880859375, -70.72069440569197
44.736419677734375, -70.78870500837053
44.6944776632018, -70.8556533441311
44.65206857454979, -70.92311207841078
44.6099853515625, -70.98992483956476
44.56700134277344, -71.05813162667414
44.52400336831303, -71.12609118950076
44.48108220504502, -71.19381788300302
44.43527480303231, -71.25906595369662
44.38133239746094, -71.3116673060826
44.32652877548993, -71.3623642339939
44.271317821438025, -71.41374541491996
44.21722412109375, -71.4639207793445
44.16201316704184, -71.5148489815848
44.10777282714844, -71.56756024027976
44.05961608886719, -71.6283044149709
44.01594543457031, -71.69505274573038
43.9735697083554, -71.7608642578125
43.93038940429688, -71.82810228924416
43.88721530720339, -71.8951198032924
43.84355163574219, -71.96281255677684
43.80002296577066, -72.03022548130582
43.75675964355469, -72.0968840843023
43.67024230957031, -72.22993362781614
43.62708140227754, -72.29592459542414
43.58363342285156, -72.36234443132264
43.54074096679688, -72.42781528206757
43.49674987792969, -72.49449973882628
43.45320879402807, -72.56077357700894
43.410003662109375, -72.62614405432413
43.36587679588188, -72.69287109375
43.322769423662606, -72.75787353515625
43.27942929025424, -72.82300676618303
43.23711330607786, -72.88650512695312
43.19343566894531, -72.95190145803048
43.150909423828125, -73.01539221475286
43.10746765136719, -73.08003270348837
43.06411743164063, -73.14454544422239
43.02041263903602, -73.20949009486606
42.976959228515625, -73.27376254769257
42.93266167074947, -73.33910260881697
42.88902282714844, -73.4033628951671
42.84461975097656, -73.46883374591204
42.79998779296875, -73.53417684865548
42.75563049316406, -73.59903508966619
42.71113586425781, -73.66407914595169
42.6668701171875, -73.72856140136719
42.62294963254767, -73.79235555959298
42.57849224543167, -73.856868300327
42.53384864936441, -73.9215087890625
42.48939514160156, -73.98561651056463
42.44389343261719, -74.05128479003906
42.39898681640625, -74.11582946777344
42.35366821289063, -74.18093594637787
42.30839538574219, -74.24566789106888
42.26344299316406, -74.30990045720881
42.21822447695974, -74.37431158021434
42.17199810480667, -74.43997405296147
42.126237255031775, -74.50487003769985
42.08097839355469, -74.56901550292969
42.03466900324417, -74.63447038517438
41.98904781018273, -74.69866375590476
41.94347316935911, -74.76285712663514
41.89668273925781, -74.82831781560725
41.85143939519333, -74.89156323809954
41.80498026185116, -74.95639534883719
41.75875388969809, -75.02090808957121
41.71238708496094, -75.08537292480469
41.66693115234375, -75.14848188920456
41.62033081054688, -75.21296414462006
41.573988057799255, -75.27697895848473
41.52818065578654, -75.34008647120277
41.48148876125529, -75.40427984193309
41.43479686672404, -75.4682177166606
41.38847351074219, -75.53169250488281
41.34169239108845, -75.59561295942825
41.29546601893538, -75.65859707919037
41.248443603515625, -75.72332763671875
41.20404052734375, -75.788818359375
41.15906796212924, -75.85435347123581
41.11442436606197, -75.91908541592687
41.06858825683594, -75.985107421875
41.02359008789063, -76.04974365234375
40.978026309255824, -76.11521634188568
40.93305684752383, -76.17969859730113
40.88777160644531, -76.2445068359375
40.84263610839844, -76.3089599609375
40.79695129394531, -76.3739013671875
40.75164277674788, -76.43831426447088
40.70704573291843, -76.50161049582744
40.66200256347656, -76.56536865234375
40.61664128707627, -76.62932656028056
40.5712063029661, -76.69330943714488
40.52581787109375, -76.75710504705256
40.48109436035156, -76.81982421875
40.43513411182468, -76.88419688831675
40.39027404785156, -76.9468994140625
40.34477621822034, -77.010102705522
40.29634094238281, -77.06854248046875
40.24347854872881, -77.11990356445312
40.1883544921875, -77.1673583984375
40.13356018066406, -77.214599609375
40.07817155223782, -77.26216402920812
40.02287292480469, -77.3094482421875
39.96766662597656, -77.3565673828125
39.911980063228285, -77.40399169921875
39.85597772113347, -77.45166015625
39.801361083984375, -77.49803626019019
39.74648685778602, -77.54449462890625
39.691680908203125, -77.5909423828125
39.63676323324947, -77.63726806640625
39.58248332395392, -77.68292236328125
39.52857971191406, -77.72833119268
39.4742431640625, -77.77394833772081
39.42022705078125, -77.81914752462637
39.36447919425318, -77.8624267578125
39.307525634765625, -77.90088819420856
39.24989318847656, -77.93999713400137
39.19340515136719, -77.97809103260869
39.1358642578125, -78.01684172257131
39.078369140625, -78.05547299592394
39.02082824707031, -78.0941639775815
38.962646484375, -78.13309379245925
38.90514826370498, -78.1715087890625
38.84970454846398, -78.2122802734375
38.79751948987023, -78.26025390625
38.74575340141684, -78.30963134765625
38.69384765625, -78.35926885190219
38.64273329912606, -78.4080810546875
38.591217041015625, -78.45707105553669
38.53985285354873, -78.5059814453125
38.48858642578125, -78.55469413425612
38.4380431094412, -78.60260009765625
38.387786865234375, -78.65007116439494
38.33655923099841, -78.69853144106656
38.285888671875, -78.74625997340422
38.23516845703125, -78.79406218833111
38.184814453125, -78.8412215861868
38.13514709472656, -78.88791348071805
38.08396911621094, -78.93571569564494
38.03234035685911, -78.9839968474015
37.9821104922537, -79.03080815854281
37.88514218087924, -79.13022248641306
37.84222101761123, -79.1883186672045
37.80097961425781, -79.24555352393617
37.75845336914063, -79.3045173807347
37.71615755760063, -79.36314458432406
37.67467951370498, -79.42052426545519
37.63213076833951, -79.47927723760188
37.58967590332031, -79.53785997755983
37.547312591035485, -79.59618609884512
37.50434875488281, -79.65520331200133
37.46142371226165, -79.71405029296875
37.41887496689618, -79.77226589037025
37.376220703125, -79.83057549659242
37.333451610500525, -79.88887621008831
37.29080976065943, -79.94697239087975
37.24742307501324, -80.00608361285663
37.20450191174523, -80.06423950195312
37.16158074847722, -80.1222162661345
37.11790466308594, -80.18120298994347
37.07531945180085, -80.23858775263244
37.03211897510593, -80.29680335003394
36.986663818359375, -80.35686736411236
36.94175720214844, -80.41384433178189
36.89739679886123, -80.470435101053
36.85258483886719, -80.52756451545878
36.80731201171875, -80.58523178100586
36.76190185546875, -80.6429672241211
36.71649169921875, -80.70058822631836
36.67195129394531, -80.75712203979492
36.62636967028602, -80.81461155668217
36.580810546875, -80.8721923828125
36.53498840332031, -80.92998504638672
36.4892578125, -80.98749160766602
36.44379179356461, -81.04456475440492
36.39807749602754, -81.10189234956778
36.35252380371094, -81.1589241027832
36.30697476661811, -81.21590472282247
36.26144667803231, -81.27282325257647
36.216339111328125, -81.32904052734375
36.1716939635196, -81.38461498503989
36.12584000926907, -81.44170882854053
36.079833984375, -81.49869918823242
36.03437805175781, -81.55500411987305
35.98874366889566, -81.61141253532247
35.94291687011719, -81.66801452636719
35.8978271484375, -81.72343801944811
35.85239216432733, -81.77942154255317
35.806549072265625, -81.83572769165039
35.75935363769531, -81.89306259155273
35.712782003111755, -81.94848243226397
35.665531481726696, -82.00505033452458
35.61918640136719, -82.06026077270508
35.5721476926642, -82.11625768783244
35.526123046875, -82.17103958129883
35.47943115234375, -82.2264289855957
35.432537531448624, -82.2821044921875
35.38609313964844, -82.33875274658203
35.34027099609375, -82.39623374127325
35.29371875827595, -82.4540872776762
35.24510192871094, -82.51436233520508
35.19726252151748, -82.57341384887695
35.14796370166843, -82.63418197631836
35.097747802734375, -82.69353126992985
35.047736733646715, -82.75262832641602
34.99790954589844, -82.8115782445791
34.94920349121094, -82.86920041454079
34.89967346191406, -82.92715890066961
34.850401797537074, -82.98397064208984
34.80147539559057, -83.0405044555664
34.753326416015625, -83.0961017219388
34.70608986030191, -83.15059661865234
34.66094970703125, -83.20237763073982
34.61778026516154, -83.25193405151367
34.5750732421875, -83.30091826769768
34.533782958984375, -83.34839489995215
34.49413752151748, -83.39395523071289
34.45536804199219, -83.43835947464925
34.417694091796875, -83.48168820750954
34.3765869140625, -83.52871641820792
34.34083557128906, -83.56957883250954
34.30641174316406, -83.60892782405932
34.273247153072035, -83.64635467529297
34.23948669433594, -83.6817963269292
34.20635158732786, -83.7169075012207
34.17329406738281, -83.7520303531569
34.138618081302965, -83.7887191772461
34.1055908203125, -83.82377780213648
34.0770263671875, -83.86379942602042
34.06695556640625, -83.91273342833227
34.05802917480469, -83.96172348333863
34.03468322753906, -84.00393116230867
33.9920654296875, -84.02001828563454
33.94972229003906, -84.0311167191486
33.90742492675781, -84.04232725805167
33.866546630859375, -84.05280911192602
33.82750947596663, -84.0633773803711
33.78680419921875, -84.07450150470345
33.74748617915784, -84.08563613891602
33.71150207519531, -84.0959136340083
33.68119812011719, -84.11144023038901
33.66499328613281, -84.14221315967791
33.65089028568591, -84.17587280273438
33.6492919921875, -84.20773875956633
33.6495402707892, -84.2391586303711
33.64944716631356, -84.27022933959961
33.6495402707892, -84.30118560791016
33.64942932128906, -84.3299896863042
33.64963337526483, -84.35491561889648
33.64942932128906, -84.37785868742026
33.6495402707892, -84.40120697021484
