28.574615478515625, 77.05044673039363
28.574615478515625, 77.05044673039363
28.58260849774894, 77.01674517463235
28.59089479608051, 76.98141659007352
28.59956359863281, 76.94058344914363
28.60926818847656, 76.90044109637921
28.61854682534428, 76.86105167164521
28.627716064453125, 76.82068457970253
28.636981511520126, 76.77924661075367
28.646759033203125, 76.73559335561899
28.66268920898437, 76.69180649977464
28.68548894332627, 76.64800307329963
28.70890471894862, 76.60373463350183
28.733065330376057, 76.55811982996323
28.759552001953125, 76.50799677922176
28.786880493164062, 76.4557589017428
28.815509343551376, 76.40107996323529
28.84469759666313, 76.34528664981617
28.8746337890625, 76.28827021672176
28.904656878972457, 76.23079187729779
28.9248046875, 76.1920870267428
28.96595764160156, 76.11306997445914
28.99667358398437, 76.05391282301683
29.019780563095868, 76.00955738740808
29.04640844312765, 75.95823400160846
29.082595825195312, 75.88843125563402
29.120681762695312, 75.81480172964243
29.13043523238877, 75.79591638901654
29.18540954589844, 75.68946251502405
29.20614624023437, 75.64910888671875
29.240478515625, 75.58229299692007
29.262771606445312, 75.53882305438702
29.328872680664062, 75.42520963228667
29.531753540039062, 75.36584120530348
30.28797912597656, 75.24347641888787
41.06517209845074, 48.25607299804688
41.07774353027344, 48.1778564453125
41.090170650158896, 48.09989235617898
41.10269320213188, 48.02086570046165
41.115076097391416, 47.942712957208805
41.12718200683594, 47.865966796875
41.139404296875, 47.7879638671875
41.1516661563162, 47.709191062233664
41.16376973814883, 47.63141285289417
41.17579650878906, 47.55352783203125
41.18788379733845, 47.4750449440696
41.1995218567929, 47.39913940429688
41.21176509533898, 47.31842734596946
41.22349625926907, 47.24114851518111
41.23527397543697, 47.16305819424716
41.24695858712924, 47.0850302956321
41.25819396972656, 47.00982666015625
41.27009504932468, 46.93003567782316
41.28163146972656, 46.8519287109375
41.29299875033104, 46.77485379305753
41.304290771484375, 46.69659423828125
41.31513977050781, 46.61865234375
41.32591118246822, 46.54133189808238
41.336700439453125, 46.46343994140625
41.34745788574219, 46.38568115234375
41.35812533103813, 46.30830938165838
41.36878967285156, 46.23028564453125
41.37936401367188, 46.1527099609375
41.38993835449219, 46.07484990900213
41.400394762976696, 45.997200899345934
41.41091556872352, 45.91844425644986
41.43163131455243, 45.7625916946766
41.442012463585804, 45.68396279978198
41.45230050814354, 45.60552552688954
41.46249544822563, 45.527471498001454
41.47251892089844, 45.45000249689276
41.48204040527344, 45.37178733132102
41.48931884765625, 45.2942588112571
41.49582685050318, 45.21499988644622
41.50218200683594, 45.13639276677912
41.50859069824219, 45.05630493164063
41.51477361129502, 44.97860220975655
41.521087646484375, 44.89987460049716
41.52735900878906, 44.82041098854759
41.53349304199219, 44.7418212890625
41.53944396972656, 44.66485456986861
41.54549808825477, 44.5851383652798
41.551410222457626, 44.50695658839027
41.55738830566406, 44.42814913662997
41.56333923339844, 44.347686767578125
41.56874084472656, 44.27072004838424
41.56700134277344, 44.18969587846236
41.5586723715572, 44.11042679187864
41.550201416015625, 44.03357765891335
41.54116873013771, 43.9534244980923
41.532416909427965, 43.8755620912064
41.52351379394531, 43.79643526944247
41.51458740234375, 43.71740861372514
41.50575256347656, 43.63944313742898
41.49678039550781, 43.56147766113281
41.4877733133607, 43.48318410474201
41.47865295410156, 43.405359441583805
41.469571388373936, 43.32771478697311
41.4603074930482, 43.24940526208213
41.45104359772245, 43.17115961119186
41.44171142578125, 43.09268604625355
41.432373046875, 43.01515752618963
41.423019150556144, 42.9371891465298
41.41337585449219, 42.858477505770594
41.40376281738281, 42.78026234019886
41.39483642578125, 42.70785245028409
41.38481140136719, 42.627197265625
41.3763427734375, 42.55914306640625
41.36988830566406, 42.50775146484375
41.35514598781779, 42.39118402654474
41.34499759997352, 42.31090892444957
41.3349609375, 42.2325439453125
41.32502746582031, 42.15484619140625
41.31939697265625, 42.11138916015625
41.304869570974574, 41.99923428622159
41.29454040527344, 41.920166015625
41.28433227539063, 41.84246826171875
41.26385704945709, 41.68805902654474
41.25352245266154, 41.61040566184304
41.24317932128906, 41.53338623046875
41.232696533203125, 41.4560546875
41.22221374511719, 41.37884521484375
41.21157888638771, 41.30091580477628
41.20105808064089, 41.22413635253906
41.19026184082031, 41.1453857421875
41.17978370795816, 41.06989080255682
41.16958876787606, 40.99654457785866
41.158447265625, 40.9168701171875
41.154052734375, 40.8856201171875
41.14580057435116, 40.82700555974787
41.12555035090042, 40.68437056107955
41.11592102050781, 40.616943359375
41.104339599609375, 40.5361328125
41.09706038135593, 40.48561789772727
41.03691489009534, 40.074005126953125
41.025421142578125, 39.9970703125
41.014251708984375, 39.9219970703125
41.00276184082031, 39.84466552734375
40.99896240234375, 39.77264404296875
41.00541687011719, 39.6923828125
41.01283264160156, 39.61334228515625
41.01777648925781, 39.56182861328125
41.02369405455508, 39.49959494850852
41.034576416015625, 39.38372802734375
41.041900634765625, 39.30419921875
41.049018471927965, 39.2266845703125
41.05604785983845, 39.14996754039417
41.06314086914063, 39.0736083984375
41.070098876953125, 38.998046875
41.07727568028336, 38.9198164506392
41.084381103515625, 38.84234619140625
41.09128790386652, 38.76588301225142
41.09825134277344, 38.6878662109375
41.1046142578125, 38.61444091796875
41.11125183105469, 38.53631591796875
41.117822679422666, 38.45701737837358
41.12410723152807, 38.38079972700639
41.13053144034693, 38.302771828391336
41.134115962658896, 38.25951316139915
41.14319364903336, 38.148588700727984
41.14915233547404, 38.07605396617542
41.16051108150159, 37.933855923739344
41.16764831542969, 37.84490966796875
41.1725681110964, 37.78766285289417
41.18737172272245, 37.61456576260653
42.79193115234375, 29.23830205743963
42.81651306152344, 29.17936812999637
42.84425897113347, 29.11311558314732
42.871490478515625, 29.047851562500004
42.89886474609375, 28.98180584574855
42.92577193955243, 28.916538783482142
42.951980849443856, 28.852582659040177
42.97562938625529, 28.794708251953125
43.00282287597656, 28.727970566860467
43.03056102688029, 28.65979875837053
43.05839926509534, 28.59139578683036
43.08493404065148, 28.52587018694196
43.11058432368909, 28.46250261579241
43.13614150225106, 28.399265834263392
43.16444526284428, 28.328901018415177
43.19051451602224, 28.264094761439733
43.21714782714844, 28.19762473882631
43.24172197762182, 28.13624790736607
43.295654296875, 28.000956690588666
43.32207114009534, 27.934504917689733
43.34828004998676, 27.86832536969866
43.37448895987818, 27.80201503208705
43.400390625, 27.73639057957849
43.42607116699219, 27.67123909883721
43.451934814453125, 27.60532113008721
43.47746250993114, 27.540174211774552
43.50352478027344, 27.473421318586485
43.52975463867188, 27.406161995821225
43.55585647841631, 27.33908517020089
43.58175659179688, 27.27234596429869
43.60688781738281, 27.207449979560323
43.63316345214844, 27.139424168786334
43.65873692399365, 27.07305908203125
43.68443375926907, 27.006160191127236
43.70979309082031, 26.940137286518897
43.735222250728285, 26.873604910714285
43.7607421875, 26.806832247002184
43.78669738769531, 26.73855094022529
43.81182861328125, 26.672377475472384
43.83746337890625, 26.604734908702763
43.86305236816406, 26.53715621593387
43.89024120266154, 26.472603934151785
43.92077947067002, 26.41041346958705
43.951263427734375, 26.348664039789245
43.98139048430879, 26.28753662109375
44.01173400878906, 26.225898210392444
44.04181528899629, 26.164332798549108
44.072113037109375, 26.10236589298692
44.102142333984375, 26.040791356286334
44.13226628707627, 25.978938511439733
44.16215282375529, 25.917467389787944
44.19162039029396, 25.856715611049108
44.22173968816208, 25.79449165158156
44.25139346365201, 25.733128989615093
44.28117370605469, 25.671255929129465
44.31101989746094, 25.609196254185267
44.34054565429688, 25.54752894810268
44.3706602969412, 25.48466380049543
44.4007330425715, 25.42176037299924
44.430852340439614, 25.35852199647485
44.460645772643005, 25.29595351800686
44.49041748046875, 25.23324148995536
44.51846365201271, 25.17409906154726
44.54932778568591, 25.10878400104802
44.578376382084215, 25.047086390053355
44.60910085904396, 24.9819053091654
44.63873291015625, 24.918692452566965
44.66817564883474, 24.855763505144814
44.69829494670286, 24.791319312118905
44.72817993164063, 24.72721644810268
44.7585800946769, 24.661961997427596
44.78590625827595, 24.60301096846418
44.81737557104079, 24.53515029535061
44.84852600097656, 24.467664446149552
44.877986584679554, 24.403783286490093
44.907623291015625, 24.339359828404017
44.93865966796875, 24.27180698939732
44.96868896484375, 24.206150599888392
44.99795170153602, 24.1421211056593
45.02844341730667, 24.075198289824694
45.05827331542969, 24.009769984654017
45.0889892578125, 23.941890171595983
45.11210632324219, 23.89101300920759
45.14668610136388, 23.814339986661587
45.17661919028072, 23.747819109660824
45.21015930175781, 23.673248291015625
45.24002333818856, 23.60667158917683
45.26948547363281, 23.54082380022321
45.29928588867188, 23.474055698939733
45.328379485566735, 23.40864972370427
45.35870361328125, 23.340388706752236
45.38787324549788, 23.274536132812504
45.41720115532309, 23.20801525581174
45.44718079647775, 23.140154582698173
45.47590352721133, 23.07490651200457
45.50644179521981, 23.00530410394436
45.53507142147775, 22.939922053639485
45.564352779065146, 22.872848510742188
45.59042203224311, 22.8131103515625
45.62393964347193, 22.73600006103516
45.65140546378443, 22.672622680664062
45.68077992584745, 22.604782104492188
45.71117853714248, 22.534263610839844
45.74020385742188, 22.46684004620808
45.76927572993909, 22.39906311035156
45.79792785644531, 22.33225752667683
45.82732637049788, 22.26351928710937
45.85624694824219, 22.19573230278201
45.885516667770126, 22.12694549560547
45.912506103515625, 22.06329345703125
45.94449835308527, 21.987693786621094
45.97398376464844, 21.91779159918064
46.003433486162606, 21.84789276123047
46.032989501953125, 21.777514946169973
46.06118774414063, 21.710257181307167
46.09176635742188, 21.63703732374238
46.12129211425781, 21.56629608898628
46.15053855766684, 21.49591827392578
46.18028543763241, 21.42416381835937
46.20845031738281, 21.3560820788872
46.23898315429688, 21.28205834365473
46.26914978027344, 21.2087714962843
46.297550524695446, 21.139617919921875
46.33009053893008, 21.060035705566406
46.35919189453125, 20.98877697456174
46.38953774662341, 20.914329528808597
46.41943359375, 20.84066251429116
46.449171163268005, 20.767112731933597
46.47835941637977, 20.6949462890625
46.50792008739407, 20.621543884277344
46.53794860839844, 20.54677823694741
46.56742858886719, 20.473290420160065
46.5966796875, 20.39785989900915
46.6241455078125, 20.32162550019055
46.650970458984375, 20.2471328363186
46.67811506885593, 20.172340393066406
46.70534812797934, 20.09777069091797
46.75927734375, 19.94956411966464
46.78614807128906, 19.87540640482089
46.81333923339844, 19.79990889386433
46.840118408203125, 19.72521526057546
46.86726379394531, 19.649449790396343
46.894117452330505, 19.574185884915863
46.92153672040519, 19.497140737680287
46.94858357057733, 19.42094069260817
46.97553731627383, 19.344811072716343
47.00281692763506, 19.267413799579327
47.02999877929688, 19.190231323242188
47.05705261230469, 19.113121032714844
47.0841064453125, 19.03573608398437
47.11143493652344, 18.95745849609375
47.138423596398304, 18.87986403245192
47.16574975999735, 18.800987830528843
47.19264221191406, 18.723243713378903
47.21998311705508, 18.643869253305287
47.24726272841631, 18.564359224759613
47.27439880371094, 18.485183715820312
47.30144953323623, 18.405832143930287
47.32855224609375, 18.3262939453125
47.35560607910156, 18.24664306640625
47.3829345703125, 18.16582489013672
47.4100341796875, 18.08555603027344
47.43731689453125, 18.00439453125
47.4649658203125, 17.92192840576172
47.4920654296875, 17.84076690673828
47.51948547363281, 17.758438110351562
47.54668672206038, 17.67643855168269
47.573638916015625, 17.595016479492188
47.60087585449219, 17.512550354003906
47.62797546386719, 17.429946899414062
47.65538619736493, 17.34635573167067
47.68231201171875, 17.263916015625
47.709805763373936, 17.179659329927883
47.73674011230469, 17.096511840820312
47.764068603515625, 17.012054443359375
47.79136528403072, 16.927325908954327
47.81855179091631, 16.842815692608173
47.84601761122881, 16.756967397836537
47.87297058105469, 16.672576904296875
47.90043640136719, 16.58612823486328
47.927764892578125, 16.49988555908203
47.95518493652344, 16.413230895996094
47.98264842922404, 16.32603571965144
48.0098876953125, 16.239234924316406
48.03660247285488, 16.153634878305287
48.06321716308594, 16.068260192871094
48.08985900878906, 15.98236083984375
48.11636352539063, 15.896804809570312
48.14286804199219, 15.810768127441406
48.16932678222656, 15.724815955528843
48.19532775878906, 15.639812762920672
48.221923828125, 15.552696814903843
48.2480427370233, 15.466943038137334
48.2747171692929, 15.3786910207648
48.30084228515625, 15.292123647836537
48.32725524902344, 15.204444298377403
48.35380554199219, 15.115990271935097
48.38001833123676, 15.0282126978824
48.40594792770127, 14.941117136101973
48.432296494306144, 14.852286890933389
48.45817565917969, 14.764709472656248
48.48435974121094, 14.67583289513221
48.51073701502913, 14.585868433902135
48.53648040254237, 14.497760973478618
48.56236344676906, 14.40878617136102
48.58866546113613, 14.318148964329769
48.61473471431409, 14.228162263569075
48.640710863016416, 14.138031005859371
48.66654735500529, 14.04789974814967
48.69066141419491, 13.96340621145148
48.718048095703125, 13.867210975060097
48.74419648768538, 13.775409899259868
48.77687072753906, 13.690021221454325
48.819518008474574, 13.613144723992598
48.86407470703125, 13.536987304687498
48.90815346927966, 13.461938155324834
48.95200567730402, 13.38705765573602
48.99609064651748, 13.31138209292763
49.03971862792969, 13.235919658954325
49.08421403270656, 13.159091347142269
49.1282524496822, 13.082765278063322
49.17201155323093, 13.0067283228824
49.21637583587129, 12.929462633634868
49.26026916503906, 12.852806678185097
49.30476379394531, 12.774846003605768
49.348480224609375, 12.698012131911057
49.39073181152344, 12.623572716346152
49.43678283691406, 12.542122288754111
49.48055978548729, 12.464434649493244
49.52431888903602, 12.386565337309966
49.56541442871094, 12.30512117084704
49.60276794433594, 12.219615735505757
49.63911437988281, 12.13461624948602
49.67637634277344, 12.04694245990954
49.71331787109375, 11.959919176603618
49.749771376787606, 11.873845280827704
49.78678040585275, 11.786251583614863
49.82337046477754, 11.699400205869932
49.86023983712924, 11.611509580869932
49.89669799804688, 11.524369089226973
49.93281555175781, 11.43763491981908
49.969497939287606, 11.349248112858954
50.00599489373676, 11.260986328125
50.04211943028336, 11.173466862858954
50.07861328125, 11.084699128803454
50.1144150556144, 10.99724022117821
50.15063269663665, 10.908384580869932
50.186920166015625, 10.819292570415294
50.22358703613281, 10.728799920333058
50.26011657714844, 10.638451827199834
50.296713618908896, 10.547617319467903
50.33330367783368, 10.45646048880912
50.3697075278072, 10.36545212204392
50.40568542480469, 10.275252492804276
50.44171142578125, 10.18454300729852
50.47645568847656, 10.096580103824012
50.54553533004502, 9.921173920502534
50.57900638903602, 9.835807181693411
50.61247744802701, 9.750143515097127
50.64483125331038, 9.66685527079814
50.67759704589844, 9.582305083403716
50.70986472954184, 9.4989013671875
50.74118041992188, 9.41780708931588
50.77284990730932, 9.335479736328123
50.80380714545815, 9.2547607421875
50.83434541346663, 9.174575805664062
50.86269572629767, 9.095077514648438
50.88080454680879, 9.01123046875
50.89179087493379, 8.926544189453125
50.90180969238281, 8.843326053103885
50.90971348649365, 8.759765625
50.91758081468485, 8.676910400390625
50.92579650878906, 8.593312856313345
50.93394470214844, 8.512103106524494
50.94186401367188, 8.431784140097129
50.94965530654131, 8.352508544921875
50.95738220214844, 8.273447397592905
50.96497099278336, 8.193511962890625
50.972442626953125, 8.114368335620776
50.98028667902542, 8.033905029296875
50.98828125, 7.955660433382602
50.99574202198093, 7.883377075195312
51.003423141220864, 7.808914184570312
51.01043701171875, 7.74120433910473
51.01724915585275, 7.675933837890625
51.02409233481197, 7.609710693359375
51.03126137943591, 7.544784545898437
51.038177490234375, 7.48176368507179
51.04499816894531, 7.41859229835304
51.05140686035156, 7.357796333931588
51.0574951171875, 7.3016769821579395
51.06352208024365, 7.247390747070312
51.06817730402542, 7.192306518554688
51.06706237792969, 7.137772843644425
51.065570378707626, 7.083740234375
51.060496184785485, 7.030792236328125
51.048904677568856, 6.985321044921875
51.03424072265625, 6.946328652871622
51.00970458984375, 6.94744213207348
50.9891316042108, 6.9715118408203125
50.97041760460805, 6.99859619140625
50.95161050052966, 7.025604248046875
50.93350168001854, 7.052001953125
50.91801452636719, 7.074527224978885
50.90391540527344, 7.095015242293075
50.88932360632945, 7.116241455078125
