484133.8 4213449.8
484156.3 4213770.5
484150.6 4213995.7
484112.2 4214152.4
484060.0 4214367.9
483980.8 4214713.1
483949.1 4215057.2
484048.4 4215217.9
484129.2 4215337.5
484107.4 4215362.1
484105.0 4215489.5
484297.1 4215559.0
484449.9 4215679.7
484544.9 4215902.6
484526.0 4216075.8
484512.9 4216132.5
484512.9 4216136.7
484525.3 4216225.6
484553.6 4216341.9
484630.1 4216442.9
484759.7 4216372.9
484777.1 4216290.7
484798.9 4216228.5
484767.6 4216388.1
484546.9 4216490.5
484522.3 4216502.8
484496.9 4216509.7
484488.2 4216499.5
484423.7 4216260.9
484368.6 4216287.7
484210.9 4216414.5
484088.2 4216436.8
484063.4 4216324.7
483997.7 4216342.6
483924.2 4216363.9
483944.7 4216493.8
483988.8 4216656.6
484001.1 4216706.6
484152.7 4216635.2
484231.7 4216690.5
484235.3 4216745.9
484206.4 4216765.0
484052.2 4216809.7
484088.4 4216939.6