-2796164.8283922616 -4849939.1061297655 3041248.7434103913
-2798288.4645018224 -4851469.776474969 3036850.947508938
-2801495.902956108 -4850964.461586895 3034700.2320066327
-2801840.1795123657 -4851560.597864517 3033429.1443379056
-2802163.122806262 -4851924.255054229 3032549.069083816
-2801723.416903741 -4853705.440647218 3030104.0230666692
-2802729.170124125 -4853491.133319898 3029517.126163916
-2800273.0320854415 -4853931.724263344 3031082.110726283
-2799182.514007283 -4854194.250214703 3031668.9190045777
-2797832.3282643054 -4854789.368196524 3031962.3106768886
-2798028.908963035 -4853759.661426236 3033429.1443379056
-2796970.588568878 -4852902.508357656 3035775.645705169
-2796695.309721026 -4851837.672707346 3037730.656638634
-2795901.1890567797 -4851438.46185432 3039098.9440739634
-2796514.5589723266 -4850350.071234451 3040271.617459824
-2796386.011796311 -4848953.569267921 3042616.5640964047
-2796188.7354048705 -4848024.918629453 3044277.2449865346
-2796283.266267153 -4847602.330712514 3044863.303674716
-2798615.6130769397 -4846563.006282427 3044374.923753088
-2801638.3959021913 -4844570.730183032 3044765.629545308
-2804958.2539621256 -4841727.899890352 3046230.644083455
-2805718.954669926 -4840119.182892473 3048086.0294293193
-2807826.226644399 -4839081.537251413 3047793.096127161
-2810617.125200815 -4837276.499511446 3048086.0294293193
-2812702.8042608234 -4834647.993928687 3050331.57373172
-2811990.4295831514 -4834199.934278986 3051698.1861497723
-2812692.170505163 -4833853.294455613 3051600.577018491
-2813815.6608963064 -4833261.018106037 3051502.9669576385
-2815242.1663247803 -4831443.779372789 3053064.616366142
-2815341.7417401685 -4830645.524487163 3054235.69718638
-2815349.286969508 -4830270.893606226 3054821.1873595463
-2814747.730448608 -4831176.744435266 3053942.939539355
-2814671.0344115547 -4830851.2643022835 3054528.446460045
-2814157.2068939717 -4830163.181609248 3056089.6344697
-2815030.7575549684 -4829530.646120009 3056284.7662165174
-2815349.286969508 -4830270.893606226 3054821.1873595463
-2817024.056239605 -4829849.7894453285 3053942.939539355
-2816459.9278165367 -4828882.578839036 3055992.06719987
-2817831.5602326347 -4828329.31834266 3055601.7888117605
-2819134.853150952 -4828432.870588757 3054235.69718638
-2821309.32833169 -4826545.078153078 3055211.495531019
-2821444.721053619 -4825230.1728429 3057162.8129893816
-2821788.3587407707 -4824658.308908072 3057748.1355990344
-2824239.7608118244 -4822667.044188104 3058626.056639082
-2825962.6193072093 -4820976.923289389 3059698.9687532205
-2825842.956823483 -4819808.643163076 3061649.4290923676
-2825794.9443444214 -4819341.182799855 3062429.508786579
-2827290.571555494 -4817844.09706328 3063404.524444318
-2829373.8014176292 -4816000.778443733 3064379.446785419
-2831594.0869812737 -4814199.236136776 3065159.3174503623
-2833780.9751661066 -4812726.039520407 3065451.7535444684
-2836278.2402647575 -4810819.950681462 3066134.0717466786
-2839391.2064905846 -4808423.904103201 3067011.2707573925
-2842344.7733719684 -4805185.445394426 3069350.098091555
-2843466.231845282 -4804210.635031962 3069837.286013932
-2847989.198295076 -4801904.481513934 3069252.6577020283
-2849973.01915879 -4800665.03366068 3069350.098091555
-2849362.651200218 -4800591.218947817 3070032.1546372096
-2846323.9711723328 -4801770.536640555 3071006.441637731
-2845095.9513588394 -4802373.650320985 3071201.287813001
-2844838.84599071 -4803086.581423134 3070324.450558162
-2847078.196406223 -4801323.377879046 3071006.441637731
-2846226.912877554 -4800269.697735054 3073441.749800722
-2844192.1272764257 -4801039.122706522 3074123.5312492223
-2843590.8982905205 -4802891.189503538 3071785.8038848653
-2846462.4390947223 -4801813.06914146 3070811.5917205336
-2847174.1326998468 -4799957.396074566 3073052.139804
-2845703.6412283503 -4799769.082588855 3074707.878827492
-2844913.6586171966 -4801110.4745976655 3073344.3487058035
-2847835.8343488867 -4800500.076048769 3071590.9689368056
-2848464.4909219993 -4798505.55470933 3074123.5312492223
-2847100.2541167014 -4798878.380850078 3074805.266812576
-2847534.907827311 -4799992.814438994 3072662.5148295956
-2849654.7914784304 -4798984.054118565 3072272.8748794054
-2849390.276760648 -4797394.168178093 3075000.039972797
-2848274.312546685 -4797994.400406864 3075097.4251478743
-2848683.5641357065 -4798874.604081794 3073344.3487058035
-2850574.481746615 -4798624.917791216 3071980.6350900475
-2851893.0823773127 -4797030.336723245 3073246.9466746906
-2851839.7390464004 -4796750.01672783 3073733.9474680163
-2851475.9540882013 -4797091.095333038 3073539.1499594166
-2853809.756933231 -4797013.471231554 3071493.55005927
-2855739.379457548 -4795303.371076278 3072370.2862708294
-2855541.7560278145 -4795733.078741816 3071883.2199553316
-2855867.9145138282 -4796661.7319261255 3070129.5875460855
-2857283.694052235 -4796753.8631530125 3068667.995732002
-2859063.213610431 -4796503.826165311 3067401.1126947724
-2861460.3489414924 -4795385.841214354 3066913.8079373115
-2862909.1202998734 -4794770.4063331215 3066523.947314928
-2863606.0125195645 -4794416.570230021 3066426.4798239665
-2864136.839761236 -4793974.787908839 3066621.413871773
-2866480.4953625733 -4792386.698127501 3066913.8079373115
-2868189.4439307177 -4789928.660377611 3069155.2163775535
-2866299.349409814 -4790185.821817277 3070519.3098291415
-2865879.1490404713 -4790811.884551902 3069934.7207931485
-2867487.6072996785 -4791222.659445888 3067790.9396820106
-2870441.3876674175 -4789516.042996725 3067693.48433688
-2869333.214010683 -4788993.792738228 3069544.9760656464
-2868691.028359548 -4789628.278018232 3069155.2163775535
-2870546.1299417843 -4790638.878138067 3065841.65526341
-2874835.823173283 -4788315.52181879 3065451.7535444684
-2874617.301496065 -4787572.859079174 3066816.3441829938
-2875256.4199437485 -4787501.218112178 3066329.011398917
-2875634.1054312405 -4789645.137686157 3062624.5193820326
-2877965.2299493044 -4789927.846876324 3059991.5615768596
-2875816.4485805933 -4791654.226348906 3059308.8319399804
-2870766.824775352 -4794992.395356921 3058821.139955481
-2868569.942867648 -4798731.355786282 3055016.343306505
-2867270.1205274872 -4801122.249370146 3052479.0257319123
-2863892.2889588834 -4802889.780338981 3052869.4232078153
-2861123.473041907 -4804725.737373635 3052576.6264957204
-2858680.1643444807 -4807109.43541249 3051112.517419117
-2859126.308364098 -4809196.993567918 3047402.505393336
-2859501.825672292 -4810210.878292072 3045449.328972235
-2859513.8943910315 -4811378.190437896 3043593.46765681
-2859568.974572924 -4813383.486818486 3040369.3342229105
-2861237.836785143 -4815044.231140495 3036166.67749149
-2863123.8219458526 -4815155.692042887 3034211.370618922
-2862893.018178437 -4815724.136260599 3033526.925857469
-2863040.64250127 -4816929.394322175 3031473.319938825
-2865319.734190665 -4816743.413156097 3029614.9446216575
-2868301.2238431233 -4816014.571008454 3027951.9053535657
-2870862.2592500253 -4815534.051465152 3026288.5995214432
-2871826.278799534 -4816004.388369884 3024625.027271718
-2873979.140242288 -4816747.582800656 3021394.979977997
-2876044.6967770862 -4816005.848521869 3020611.7872284665
-2876368.9968580143 -4816548.896788183 3019436.887693226
-2878338.457179507 -4816599.699528526 3017478.427499228
-2879289.7170189233 -4817809.607173608 3014638.007206631
-2880536.921214205 -4819514.460641027 3010718.9189948984
-2880069.3968085353 -4822362.895558079 3006602.297130703
-2881865.1037209337 -4824221.9352832 3001895.6082928586
-2881456.4129288616 -4825259.21077936 3000620.5173563827
-2877952.9376926706 -4827044.7400883 3001110.9552317467
-2877684.6581495074 -4826594.768394621 3002091.7624144373
-2876642.47478452 -4825995.651697982 3004053.1024031118
-2876805.947304116 -4824738.057545861 3005916.036356347
-2877934.551777866 -4823759.458422495 3006406.2272026134
-2882879.940264636 -4821905.651183596 3004641.4330338086
-2888987.7709673764 -4818554.396112653 3004151.1597961197
-2890572.7823016946 -4818337.33552898 3002974.410690863
-2892165.248515318 -4819275.669149333 2999933.865941977
-2892818.320770908 -4819982.561690605 2998167.985288791
-2894544.6138339844 -4819617.397769816 2997088.6903191865
-2894854.1442083945 -4819370.466573561 2997186.8126091207
-2897054.750585652 -4818841.265657633 2995911.1516372194
-2900456.216071081 -4817831.992850761 2994242.746892491
-2904277.609560843 -4816566.510595117 2992574.0785512975
-2908410.6287851464 -4814865.078629996 2991297.8602872295
-2912008.5784434136 -4813604.974886432 2989825.109403653
-2915486.121132493 -4812902.255904391 2987566.49341805
-2920304.212042443 -4811565.59925194 2985012.695655159
-2924883.6394034834 -4809453.832928298 2983932.057685152
-2928684.5451947916 -4807384.158317663 2983539.0711525055
-2932205.253010327 -4805420.550919866 2983244.3217101176
-2935529.8195053055 -4803512.402094588 2983047.8175380686
-2941230.838007368 -4799840.5445455285 2983342.572433035
-2943718.446661861 -4798070.943364353 2983735.5662366245
-2945926.5907702693 -4796409.907350813 2984226.7880406855
-2947993.705177916 -4794895.104940956 2984619.7491212594
-2950338.3221742758 -4793269.286081388 2984914.4603855396
-2952263.879604569 -4791899.960927583 2985209.163466507
-2953886.361871117 -4790226.545750871 2986289.671404214
-2954422.760503003 -4789038.18818967 2987664.7041264214
-2954372.2714226036 -4788395.246310745 2988744.9618456755
-2954094.1591920694 -4788505.534485607 2988843.1616309364
-2955479.0569373774 -4788692.7422446385 2987173.641484215
-2957127.079497254 -4787062.323096147 2988155.7440162604
-2957385.361807732 -4785798.939240146 2989923.2991722776
-2955791.532354257 -4787703.194731818 2988450.357027471
-2956986.0444569658 -4787394.625792085 2987762.9139246983
-2958157.032340276 -4786487.242483972 2988057.5378586613
-2958548.561025618 -4785999.987007483 2988450.357027471
-2958745.5252994047 -4785571.591772379 2988941.3605057425
-2958719.306030765 -4785342.456533228 2989334.146899835
-2957970.0353767322 -4785437.590741325 2989923.2991722776
-2956939.0309280157 -4786197.396559187 2989726.918724275
-2956132.3412416233 -4786573.016901767 2989923.2991722776
-2954191.1058308124 -4786605.90556011 2991788.731693335
-2952443.0376039026 -4786763.880038204 2993261.209194054
-2950778.4563694755 -4786869.423325623 2994733.4815398846
-2949752.2523464574 -4786887.81914411 2995714.882412336
-2948613.7868413427 -4787097.853727339 2996499.9374083523
-2948622.3204093464 -4785802.207203926 2998560.4287900953
-2946396.66449345 -4786865.469083266 2999050.9626146923
-2945423.995308212 -4787156.717302546 2999541.47360021
-2944175.703321303 -4787186.8849063 3000718.6067596576
-2943735.4146883143 -4786658.199481287 3001993.6858108775
-2942545.504874019 -4786220.864751459 3003856.9848718657
-2940827.9353802316 -4785860.633562151 3006112.1154420255
-2937328.5699180756 -4786531.264670728 3008464.778699041
-2936778.0370041104 -4785821.512626568 3010130.929154251
-2935168.969859088 -4785822.216050575 3011698.828690066
-2934726.007792669 -4785662.191668794 3012384.710892212
-2933115.7960719718 -4785847.462960993 3013658.3728257786
-2932006.713599073 -4785724.959991963 3014931.879615175
-2930703.047413093 -4785659.390831972 3016303.1748856707
-2930012.497166221 -4785094.307374732 3017870.148959312
-2928875.7580645704 -4784925.414898879 3019241.0582258045
-2927988.5362302857 -4784788.695329756 3020318.0747644114
-2927462.830201761 -4784492.272683068 3021297.0841052867
-2927104.0722240647 -4784093.49006238 3022276.0014121896
-2926828.730670749 -4783643.468573475 3023254.8266553017
-2926636.781987258 -4783142.222647119 3024233.5598048046
-2926444.7275456307 -4782640.839177068 3025212.200830886
-2926308.4620302124 -4782043.192763624 3026288.5995214432
-2926255.502010552 -4781394.313370232 3027364.8866669135
-2926174.780027943 -4780700.193844858 3028538.89083501
-2926094.4620214156 -4779819.512428694 3030006.209223593
-2925848.052781829 -4778667.77306285 3032060.1060538553
-2925129.2935617194 -4777493.853071187 3034602.461577817
-2923074.826898094 -4777695.349066211 3036264.433125971
-2921186.2138921395 -4778166.986139023 3037339.68405538
-2918769.426555972 -4778898.144259386 3038512.5573866437
-2916962.420182383 -4779877.068321328 3038708.023318403
-2917374.241108133 -4781302.546866147 3036068.9209321393
-2917346.64057093 -4781257.312176349 3036166.67749149
-2915341.3832969666 -4783038.72523592 3035286.8351656133
-2914945.715510736 -4784644.159115209 3033135.7942351215
-2916835.2837222526 -4784174.374007453 3032060.1060538553
-2915729.6777108186 -4783112.2228671415 3034798.001511026
-2913674.038665616 -4783496.263497683 3036166.67749149
-2912250.2262569247 -4785293.525116865 3034700.2320066327
-2912775.170448877 -4785779.918957611 3033429.1443379056
-2912835.721294233 -4784751.120652958 3034993.537746426
-2912445.702035651 -4785050.542823766 3034895.770090967
-2910914.7644531294 -4785920.022307749 3034993.537746426
-2911744.265356245 -4786531.143872682 3033233.578526702
-2913278.155556139 -4785101.816556729 3034015.819593714
-2913051.3605748126 -4786045.619476888 3032744.647829638
-2912821.0491628703 -4787548.446594437 3030593.078436119
-2913481.776117943 -4788446.212178694 3028538.89083501
-2916795.502386473 -4786552.231223632 3028343.2326977276
-2917799.8852663045 -4785568.586601216 3028930.19603879
-2918051.3997252304 -4785229.463090383 3029223.6652537477
-2918774.578277864 -4784912.247372249 3029028.020033147
-2921224.4420791073 -4783293.085821343 3029223.6652537477
-2923533.344103004 -4782006.173121484 3029028.020033147
-2924895.512123655 -4781421.009531814 3028636.718519849
-2926090.675438445 -4780937.57989917 3028245.402245342
-2926785.787945257 -4780574.049265712 3028147.5708705
-2927786.347585036 -4780147.259901353 3027854.0712115346
-2928926.0753811677 -4779572.957586263 3027658.400160488
-2930121.478671818 -4778902.1915153405 3027560.563251535
-2932291.513295378 -4776826.827012956 3028734.545282111
-2932930.7942158324 -4776372.3079325985 3028832.371121768
-2933265.59173549 -4775422.111228192 3030006.209223593
-2935127.1589331827 -4773967.740171483 3030495.2692084527
-2935517.2527985107 -4771988.423772671 3033233.578526702
-2934989.930776846 -4771877.6615133 3033918.042694774
-2935794.9770256644 -4770573.98648221 3035189.070283779
-2936987.805384797 -4768968.546668756 3036557.6944799023
-2937512.4449033127 -4766652.381766763 3039685.297433833
-2936928.476598596 -4766077.266029338 3041151.034983721
-2937894.654676844 -4763734.968220145 3043886.520647219
-2937697.1457816507 -4762670.484550674 3045742.3290974875
-2937939.762365784 -4760646.046064234 3048671.870963331
-2936909.4042895916 -4759905.8277499415 3050819.6705061905
-2937789.911648925 -4758173.126622908 3052674.226329659
-2936364.4845248614 -4756421.555383653 3056772.5792905823
-2935112.8342434573 -4756065.28359917 3058528.5135833016
-2934217.655143984 -4754986.111328041 3061064.330150344
-2933850.3742154823 -4754019.589736593 3062917.028278172
-2932206.2826233767 -4753211.538672672 3065744.1812344636
-2931066.32794932 -4753034.315393216 3067108.732643209
-2929899.5763974274 -4752998.879125415 3068278.202389527
-2929951.69429887 -4752526.334097558 3068960.33092388
-2929054.6912162984 -4751442.621752692 3071493.55005927
-2928029.9292794988 -4751822.304779543 3071883.2199553316
-2927141.43643644 -4751865.852594945 3072662.5148295956
-2926777.197075194 -4751460.259984725 3073636.5491818576
-2925303.7319973446 -4751296.349961321 3075292.1926878155
-2922868.9821443213 -4752542.466075 3075681.716526009
-2921288.6926047215 -4752946.842871434 3076558.0903500374
-2919706.951740106 -4753162.324973423 3077726.4706945173
-2918814.1245431653 -4752638.743069943 3079381.4450694253
-2916960.917649244 -4753713.3273663875 3079478.7880623685
-2915437.9416340194 -4754395.312032094 3079868.1506532123
-2913773.0411814745 -4754659.179902153 3081036.148352732
-2911036.4441975425 -4756713.389633191 3080452.166393441
-2909299.199693295 -4758910.102819776 3078700.0178555585
-2908559.1375848264 -4760873.165644701 3076363.347170816
-2908004.5880044103 -4761086.077025602 3076558.0903500374
-2905626.762297395 -4763732.3159574475 3074707.878827492
-2905884.127009665 -4766025.204381466 3070909.0171468593
-2908081.6211787006 -4767382.678023114 3066718.8794944715
-2909411.8541630604 -4766194.704310177 3067303.653611929
-2908721.4074109183 -4767869.958170586 3065354.275780184
-2908252.567907848 -4769909.753290663 3062624.5193820326
-2909059.2815636755 -4771420.225541512 3059503.9022105564
-2910892.0355055956 -4771427.9725120785 3057748.1355990344
-2911197.5548165995 -4771554.131773633 3057260.3690859927
-2911142.145523381 -4771837.943723828 3056870.1391120753
-2911308.785792232 -4771923.763433334 3056577.4568541874
-2915056.327841254 -4770198.00721099 3055699.3598050466
-2915195.64838177 -4770800.264380439 3054626.027690381
-2915723.583924891 -4771477.070094463 3053064.616366142
-2915279.5481584314 -4772622.375250253 3051698.1861497723
-2915917.69830425 -4774041.695950669 3048867.144045557
-2916805.9169775965 -4774371.901223662 3047500.1544693047
-2918470.425958998 -4775597.506484463 3043984.203122954
-2920441.151598276 -4775824.415776349 3041737.2716468843
-2922078.6221666797 -4776067.076444451 3039783.019753191
-2922438.8269831412 -4776468.558103713 3038805.754895833
-2922156.0999329435 -4778816.282619842 3035384.5991228456
-2921840.9073496847 -4781862.998114864 3030886.5005799695
-2922022.267921678 -4784787.208707231 3026092.898964194
-2924094.4207381657 -4786489.861429948 3021394.979977997
-2925668.4772226107 -4787751.53129381 3017870.148959312
-2927075.830678279 -4788927.41299806 3014638.007206631
-2928511.2605267987 -4789960.664383954 3011600.841848429
-2929807.7190053756 -4790953.774109577 3008758.8244991866
-2931860.7279037316 -4790928.644225346 3006798.363395339
-2934276.9393975413 -4790556.616358989 3005033.6351493495
-2936945.243055279 -4789843.852931399 3003562.8017123677
-2939780.49537031 -4789026.695382234 3002091.7624144373
-2942727.7634140174 -4788015.608991688 3000816.6952488613
-2945758.1947162254 -4786951.07625036 2999541.47360021
-2948844.2803982766 -4785788.386562117 2998364.208866151
-2951902.4070643014 -4784578.99962663 2997284.93398606
-2955043.4948889897 -4783315.92660087 2996205.5486299195
-2958156.5128133693 -4782006.177022831 2995224.1933810785
-2961268.926584166 -4780694.271455639 2994242.746892491
-2964269.7822574126 -4779387.550469717 2993359.3670674884
-2967186.648082927 -4778130.628525468 2992475.913384304
-2970075.3909873003 -4776827.479576546 2991690.559234696
-2972769.2597077233 -4775581.957138777 2991003.3265089104
-2975295.936382359 -4774438.7122687455 2990316.0491386503
-2977461.2995823785 -4773457.673526044 2989726.918724275
-2979293.555632142 -4772498.8409244465 2989432.341221925
-2979683.4913531337 -4771640.179051244 2990414.234353062
-2980098.830795606 -4771934.528174639 2989530.5346333813
-2981096.3606696473 -4772234.030184209 2988057.5378586613
-2982538.709844028 -4771947.636166994 2987075.4262258187
-2982814.5471926713 -4772574.297513047 2985798.5450752727
-2983283.9391858797 -4773325.335878592 2984128.545497848
-2983724.917629227 -4774216.310965769 2982261.7645047316
-2984082.1959885755 -4775158.860675111 2980394.65556157
-2984466.6315035867 -4776145.001166024 2978428.923657308
-2984878.1650043544 -4777174.647890107 2976364.5145775196
-2985178.328038814 -4778211.763372977 2974398.038960402
-2985672.338830206 -4779188.123192439 2972332.8495107177
-2986055.019492885 -4780172.009208481 2970365.6311877007
-2986604.1632694015 -4781051.096061335 2968398.0509346416
-3029287.3246314065 -4783167.157000077 2921364.621717613
-3030616.451333759 -4783049.330561986 2920178.766157257
-3031972.8045778656 -4782973.975633803 2918893.9447520208
-3033301.8300276725 -4782855.012554717 2917707.8223891756
-3034574.6007628688 -4782831.437226891 2916422.712070223
-3035903.52608403 -4782711.360787925 2915236.323130711
-3037176.1928751683 -4782686.670180283 2913950.9241427085
-3038505.017134994 -4782565.48046571 2912764.2688524
-3039750.3206619723 -4782496.788525131 2911577.4857939538
-3040912.1068470497 -4782480.659581293 2910390.575019428
-3042157.3158431253 -4782410.966072177 2909203.5365808876
-3043291.759465157 -4782351.057201735 2908115.3059074036
-3044453.4090508427 -4782333.52137341 2906928.022925045
-3045587.7688728077 -4782272.738575899 2905839.56817408
-3046665.861386069 -4782307.460913947 2904652.040839226
-3047716.671429764 -4782299.017466306 2903563.362186176
-3048767.441624359 -4782290.185632345 2902474.5765115325
-3049734.7048219293 -4782334.194065014 2901385.683855428
-3050618.4586023414 -4782431.093420662 2900296.684257996
-3051474.9511153046 -4782485.01399931 2899306.591857418
-3052331.409362749 -4782538.651003302 2898316.411138911
-3053020.887447494 -4782698.577887188 2897326.142132637
-3053626.846584798 -4782911.571742178 2896335.784868763
-3054122.079712618 -4783135.072189961 2895444.38789596
-3054423.1075193 -4783422.4592404505 2894651.9750543726
-3054529.9199978285 -4783773.800806934 2893958.567524981
-3053388.103881425 -4784562.597341768 2893859.505780055
-3053108.4052359047 -4784860.905588059 2893661.3796456717
-3052743.116160908 -4785393.4718383495 2893166.0488846977
-3052346.3845055467 -4786245.340561028 2892175.3212683643
-3049182.3343365504 -4787363.774763416 2893661.3796456717
-3049952.7754259612 -4787651.277557132 2892373.4738406525
-3049358.86617324 -4788747.608733472 2891184.5055513326
-3048314.6858845837 -4790428.87506502 2889499.9167267075
-3049207.2429521848 -4789801.009348046 2889599.017229965
-3049155.4072941993 -4789535.055245183 2890094.5065423134
-3048700.8796897368 -4790481.971277482 2889004.401008146
-3047387.6110695177 -4791556.503744455 2888607.9725923757
-3045830.5666106343 -4792247.707665682 2889103.505912061
-3044139.311058814 -4794576.1172509715 2887022.1181613705
-3044987.07249644 -4795171.5142230075 2885138.6236217143
-3045140.758799323 -4795968.430736456 2883651.430127848
-3045575.1009849063 -4796467.499810018 2882362.369225463
-3046744.2294544377 -4795903.738676862 2882064.872557761
-3046846.4868914573 -4796434.606288471 2881073.1599380714
-3045955.393386258 -4796881.406720109 2881271.5094839768
-3045321.9422074463 -4798474.41486687 2879287.856081416
-3046051.7056536083 -4799439.1410359135 2876907.008920727
-3048130.5500512524 -4799011.181147474 2875418.7230846523
-3049937.1335750087 -4798338.902448408 2874624.8900492154
-3050610.052230351 -4797732.740076776 2874922.5840057917
-3051970.7795392293 -4797283.506091966 2874227.9525146703
-3054371.5630894597 -4795695.837904811 2874327.188211692
-3054009.806149095 -4795866.745700307 2874426.4230331434
-3053316.082008215 -4796070.5362995695 2874823.3535626438
-3053271.6905207816 -4797109.627015086 2873136.3020684477
-3054467.7746792915 -4796585.916948588 2872739.3120114845
-3057275.275166592 -4795450.909873779 2871647.517166024
-3059208.366769565 -4793682.765225402 2872540.8117323634
-3060017.9969289303 -4793106.501099867 2872640.062309452
-3061216.071468241 -4792400.9065098595 2872540.8117323634
-3061563.7891566134 -4791286.123962155 2874029.4784940374
-3061264.0674112057 -4791001.356228971 2874823.3535626438
-3060457.440482842 -4791397.585931641 2875021.8135731877
-3060538.4697315516 -4791524.443878274 2874724.122243775
-3061844.250396236 -4790987.837941026 2874227.9525146703
-3062621.240864624 -4790729.329951761 2873831.0009714863
-3063093.337091768 -4790546.5605258 2873632.5199472597
-3063454.793362652 -4790374.9569890965 2873533.2781220935
-3063816.2396688913 -4790203.324872747 2873434.035421599
-3064428.477279172 -4789871.217643421 2873334.7918458064
-3064706.2981655737 -4789752.9993906235 2873235.547394746
-3064649.7270844905 -4789848.7283021165 2873136.3020684477
-3064509.551893382 -4789997.941750041 2873037.0558669427
-3064339.8035649913 -4790285.107747873 2872739.3120114845
-3063695.3493698346 -4790935.344188239 2872342.307953138
-3063595.904931446 -4792069.65558819 2870555.6164753474
-3064542.8535653153 -4791523.604824656 2870456.347529063
-3065230.904404062 -4791678.10831326 2869463.6099797
-3065694.9875184577 -4792035.0786044495 2868371.4977193326
-3065414.3828348164 -4792333.4357758835 2868172.9204938044
-3066377.4710871056 -4792549.080104354 2866782.782074771
-3067397.1643310245 -4792668.61577586 2865491.7859960967
-3068060.803360441 -4792600.070472423 2864895.8918939824
-3068584.09076674 -4792680.6025400255 2864200.64240092
-3070013.4711389225 -4793070.7007376775 2862015.2942909948
-3070868.4551943364 -4793116.116528838 2861021.8147305087
-3072446.5008757273 -4792816.352798656 2859829.5242203334
-3073504.1291002273 -4792256.782937356 2859630.796937737
-3074780.032551762 -4791853.3091416005 2858935.224010799
-3074356.210401052 -4792480.896177524 2858338.9846800813
-3074795.6881476217 -4792613.802540647 2857643.3325111936
-3075515.868294096 -4792447.967826688 2857146.4119896013
-3076209.0968462895 -4792240.034045186 2856748.859906088
-3076648.544212277 -4792372.623949765 2856053.1102578095
-3076893.751821998 -4792570.579881071 2855456.719485897
-3077279.3090469893 -4792619.132259316 2854959.7032555914
-3077608.1266269567 -4792763.255885519 2854363.2550804326
-3078241.70648041 -4792829.956923201 2853567.9421566464
-3078848.3505090005 -4792854.598173898 2852871.997712362
-3079428.0674075685 -4792837.217345995 2852275.440010236
-3080118.3286250955 -4792807.831856649 2851579.4164920803
-3080614.3660539617 -4792843.962922829 2850982.791027706
-3081083.487503067 -4792838.1472233245 2850485.579257827
-3081026.737746773 -4792933.770321324 2850386.1342988075
-3081107.4366730214 -4793059.307891026 2850087.794212206
-3080763.8311082 -4793812.263838288 2849192.727073608
-3081468.6998625216 -4794541.087346306 2847203.437325068
-3081752.7239713166 -4794063.135363754 2847700.792295713
-3081985.27442659 -4794976.832908075 2845910.2129358365
-3082042.1042719777 -4794881.257386193 2846009.69693734
-3081497.3080921215 -4796057.793877572 2844616.842038169
-3081571.3751994832 -4796541.229675312 2843721.345627243
-3081729.0596839567 -4796970.772546614 2842825.779050305
-3081745.998278761 -4797549.511298029 2841830.622809335
-3080888.304205582 -4799160.971909625 2840039.1234468427
-3079899.404339433 -4800384.504108765 2839043.7248943625
-3078970.624433703 -4801333.426976499 2838446.4442494693
-3078098.625242073 -4802186.700400498 2837948.6866008407
-3077142.5509246155 -4803093.489588204 2837450.9073399967
-3076270.0452981973 -4803946.365238387 2836953.1064707288
-3075340.120865822 -4804894.420083124 2836355.716909825
-3074379.3520508055 -4805979.28746781 2835559.14911223
-3073467.5173475007 -4807325.924935893 2834264.608544702
-3072636.825229964 -4809910.244491821 2830778.5819758754
-3074057.138614402 -4810467.8745050505 2828287.916193946
-3074212.362295832 -4810895.827862255 2827391.144671183
-3073788.247239132 -4811342.481440919 2827092.205326263
-3073226.9668507217 -4811759.562988223 2826992.557155553
-3072444.547122552 -4812200.657437341 2827092.205326263
-3071578.066804393 -4812695.233225971 2827191.852635792
-3070574.419186396 -4813160.040151724 2827490.7893969854
-3069570.6978970673 -4813624.625901616 2827789.7184064523
-3068566.902987085 -4814088.990463223 2828088.639663373
-3067394.973029913 -4814660.209040843 2828387.5531669282
-3066306.9746009624 -4815177.614030148 2828686.4589162986
-3065161.3467108537 -4815789.911625318 2828885.7251075935
-3064042.0978889824 -4816443.591774861 2828985.356910664
-3061656.844961929 -4818077.169047833 2828786.0924427947
-3060465.3232800206 -4819360.411337833 2827889.35968686
-3059306.680435216 -4821439.931321455 2825597.392358547
-3059791.991896492 -4821832.7100435505 2824401.4025418144
-3059506.276190749 -4821196.45821502 2825796.7119459193
-3056524.229315914 -4823379.473948565 2825298.4065221185
-3055229.932198708 -4824316.144183308 2825099.0783279394
-3054362.6526041403 -4826673.253996524 2822009.051284492
-3055336.731827479 -4826348.152418341 2821510.5824352056
-3054678.4755733563 -4826240.209510087 2822407.8108907067
-3053556.98927112 -4827823.939728696 2820912.3914535143
-3052650.3349261917 -4829561.7942941785 2818918.1981336395
-3053265.6844046577 -4830162.005195762 2817222.8637436917
-3054877.1961036683 -4829724.660156569 2816225.492356977
-3054161.217957413 -4829712.148694775 2817023.3963307776
-3053978.5101205367 -4832036.539070025 2813232.8635955676
-3053711.843537181 -4833482.34526565 2811037.778943218
-3057042.355661391 -4831840.973488648 2810239.4635704136
-3060319.4729853934 -4830114.378589858 2809640.6910859477
-3061355.68028577 -4830444.377263512 2807944.0017467155
-3063225.35632239 -4829665.131325283 2807245.293102172
-3064062.7029399923 -4829308.008302603 2806945.83371258
-3066263.644454395 -4828491.114210837 2805947.5801739856
-3067848.239945664 -4828006.611592333 2805049.0789080705
-3068243.29078966 -4827697.553566136 2805148.9158003335
-3069353.9452504683 -4827397.573651565 2804450.0396117517
-3070601.327167588 -4827126.257739955 2803551.423005134
-3071901.178091937 -4826937.043654181 2802453.019880332
-3073395.7148568206 -4826681.28207107 2801254.644120114
-3074890.175156149 -4826424.866593326 2800056.145483118
-3076410.815709004 -4826208.988710595 2798757.6333576487
-3077931.3758946094 -4825992.407416305 2797458.9771511746
-3079562.3331126473 -4825762.513914541 2796060.263258106
-3081251.16701743 -4825436.920833959 2794761.3080200967
-3082881.935409369 -4825205.403742514 2793362.2722483794
-3084512.6096007493 -4824973.075432785 2791963.069698929
-3086201.1509669935 -4824645.042627297 2790663.6609276016
-3087915.8352577686 -4824357.19744818 2789264.136971302
-3089604.172136236 -4824027.507918915 2787964.4298950424
-3091318.6485782876 -4823737.951781031 2786564.584842679
-3092980.5380391874 -4823365.68369419 2785364.5852333386
-3094668.5662427624 -4823033.549096123 2784064.4477817356
-3096246.0784666496 -4822713.769347553 2782864.1936906306
-3097881.424811046 -4822298.367061486 2781763.853537323
-3099490.423558365 -4821841.424161675 2780763.455331736
-3101073.068516014 -4821343.006738183 2779863.02452144
-3102660.9858394335 -4820667.4491966395 2779262.6992074433
-3103702.155128021 -4819881.7842705 2779462.8110322147
-3104096.4895716747 -4819570.132199715 2779562.8656746065
-3104632.7396304156 -4819109.292097643 2779762.9724192494
-3106672.1622721786 -4818025.710730765 2779362.75554315
-3109967.0344930002 -4816303.730627039 2778662.3434154205
-3111752.277060858 -4814457.42852765 2779863.02452144
-3111189.0854601082 -4813954.654775901 2781363.704421866
-3112371.7854361227 -4813941.408414251 2780063.1261854065
-3114536.2257211874 -4813234.7228312185 2778862.4653988024
-3117286.410380731 -4811222.847099246 2779262.6992074433
-3118092.419662066 -4809891.023505214 2780663.4108517943
-3119003.4617584604 -4808721.744059045 2781663.817529443
-3119907.954447782 -4808829.284297586 2780463.3193508275
-3122566.788826786 -4807045.352357026 2780563.365524815
-3124214.104313956 -4804990.546151266 2782264.0208655065
-3126500.1653062217 -4803735.111462658 2781863.888697829
-3128216.215903752 -4802154.161774598 2782664.139472767
-3128754.1080453144 -4801513.863881517 2783164.268659534
-3130395.0421797684 -4800734.1279005045 2782664.139472767
-3133647.7037163693 -4798031.440826091 2783664.3766512936
-3136813.3818850187 -4796658.883052043 2782464.081864311
-3138525.835541703 -4795074.187202241 2783264.2919536084
-3139533.8806880345 -4794240.031939368 2783564.356748725
-3141363.1593210814 -4793564.309379041 2782664.139472767
-3144526.8277311856 -4792186.502653334 2781463.7429716843
-3147761.375928211 -4790004.41067186 2781563.78067422
-3150075.1559601864 -4788424.993466007 2781663.817529443
-3152194.346703946 -4786913.943802068 2781863.888697829
-3154119.044998957 -4785471.511539795 2782163.9890948003
-3155876.0833158027 -4784138.457433093 2782464.081864311
-3157632.5543023944 -4782804.746468302 2782764.167005538
-3159278.2272876636 -4781484.992786546 2783164.268659534
-3160923.341635501 -4780164.651990756 2783564.356748725
-3162484.4900894864 -4778898.920814343 2783964.431271161
-3163961.7387344665 -4777687.881210073 2784364.4922248917
-3165411.6667539626 -4776435.849233787 2784864.5493330937
-3166861.0882221595 -4775183.344671937 2785364.5852333386
-3168310.002974043 -4773930.367732342 2785864.59992182
-3169675.1114355503 -4772732.240616716 2786364.593394729
-3171012.833278068 -4771493.17993153 2786964.557552303
-3172350.0546556595 -4770253.697490356 2787564.4911473915
-3173659.8150272844 -4768973.280840586 2788264.3750386303
-3174969.036613225 -4767692.440909248 2788964.217311528
-3176333.907277833 -4766315.223677821 2789763.986077349
-3177673.2136319927 -4764719.979300003 2790963.537243923
-3179069.690668879 -4762851.057758769 2792562.748350813
-3180354.7684994047 -4760996.3513383195 2794261.671537995
-3180943.5161244837 -4759898.997653439 2795460.7633382017
-3181274.0688058133 -4759854.12304851 2795161.001881967
-3183136.8648872995 -4757786.655074473 2796559.8231024337
-3183867.7794150207 -4756004.9067389695 2798757.6333576487
-3182329.5617552223 -4755681.969122461 2801054.902878972
-3182581.393407896 -4755160.448039932 2801654.116362425
-3183611.108457142 -4753647.009306877 2803052.161665222
-3184002.474796988 -4752795.92659365 2804050.6629947796
-3183733.578358859 -4751856.445574303 2805947.5801739856
-3184373.0929909763 -4750838.251428759 2806945.83371258
-3184435.958829062 -4749498.035259025 2809141.6904789796
-3183498.765691029 -4749713.062884534 2809840.285337889
-3183528.0206342204 -4749398.236417616 2810339.255988501
-3185077.25174008 -4747945.924902878 2811037.778943218
-3185634.7852488435 -4746448.863274402 2812933.558286382
-3183510.4041836406 -4747401.0248565655 2813731.688637945
-3183843.3837243053 -4746822.8900578525 2814330.250403777
-3183045.295386144 -4746707.432657524 2815427.53347941
-3182578.515700164 -4746369.510867425 2816524.7127820225
-3183792.26916042 -4745851.378869475 2816026.0077842055
-3183491.016878814 -4745402.323643762 2817123.130466307
-3182555.1210215953 -4745260.2543835705 2818419.596125955
-3181921.808172178 -4745211.07492416 2819217.349034195
-3181206.2380720084 -4745039.078443953 2820314.1695370567
-3180432.8294682936 -4745676.00915303 2820114.755358312
-3179742.7805917673 -4746079.14310883 2820214.4628772275
-3179218.3617221853 -4746371.202676525 2820314.1695370567
-3178693.915585576 -4746663.203011293 2820413.875337769
-3177754.4687090777 -4747410.65423854 2820214.4628772275
-3177338.6710997904 -4748044.273837427 2819616.204878501
-3176399.691804136 -4748613.286745738 2819715.916692394
-3175875.0424009394 -4748904.983375705 2819815.627647351
-3175378.539975039 -4749059.369441102 2820114.755358312
-3175268.2948171305 -4749073.871746703 2820214.4628772275
-3287139.719891439 -4670712.345684726 2822906.24105377
-3288514.882951017 -4670587.6394535 2821510.5824352056
-3286811.801752154 -4673711.830277727 2818319.8731486774
-3288662.7565185195 -4672529.887142014 2818120.4246186246
-3288439.6495045214 -4672386.155029064 2818619.039504861
-3286362.308068239 -4673246.006502863 2819616.204878501
-3285525.8680507266 -4675697.735382139 2816524.7127820225
-3288269.225604799 -4675090.559722093 2814330.250403777
-3290656.7974019847 -4673109.9262859 2814829.028299997
-3289406.8256452726 -4672547.385677119 2817222.8637436917
-3288614.2310030265 -4674367.356129883 2815128.2847486204
-3288969.1742668254 -4675738.854423601 2812434.698967439
-3291915.9970227606 -4674204.901701719 2811536.698222749
-3290819.917706211 -4672995.057847567 2814829.028299997
-3287974.246830349 -4675538.202455898 2813931.2126553264
-3288328.536270048 -4676909.3431324335 2811237.3492241167
-3290826.666728016 -4676471.375106572 2809041.8877903237
-3291595.9844997376 -4674790.313697748 2810937.9925183174
-3290124.0980896503 -4675646.3708772 2811237.3492241167
-3289483.419235497 -4676816.837222836 2810039.8761661258
-3291168.1420890726 -4677130.077993223 2807544.7447955427
-3292307.866514802 -4676148.0861444585 2807844.188791869
-3292741.098427554 -4675723.152438147 2808043.8138462133
-3292458.8626636593 -4675322.375014037 2809041.8877903237
-3291953.191707105 -4676337.84778902 2807944.0017467155
-3292580.9184987694 -4676015.763435405 2807744.3749817046
-3294649.132210019 -4674618.713708566 2807644.5603162525
-3295662.590757935 -4674323.926995463 2806945.83371258
-3296926.9394766125 -4674211.437791143 2805648.0874435836
-3298053.178873475 -4674075.971865423 2804549.8816303597
-3298153.6647423557 -4673525.725728269 2805348.587021338
-3297557.534697591 -4674066.202520389 2805148.9158003335
-3298335.3332232325 -4674475.8474268615 2803551.423005134
-3299658.883111976 -4674619.436684143 2801753.982289497
-3301054.8504088973 -4674172.4676393 2800855.158224828
-3301782.902108283 -4673299.050265207 2801454.3819480133
-3302619.9009487056 -4673964.417372147 2799356.964553931
-3303459.4669374493 -4674806.3439872805 2796959.4556442234
-3304481.2774284882 -4675040.346415141 2795360.8437042953
-3304683.2151546353 -4673941.340128007 2796959.4556442234
-3302516.1185727417 -4674336.834973828 2798857.5240219156
-3301790.877577284 -4677120.007176367 2795061.079693605
-3304134.8387441356 -4677494.034169141 2791663.218891088
-3305809.703964287 -4675534.576839011 2792962.517105877
-3303980.5111748623 -4676409.516540001 2793662.079670842
-3303343.846172024 -4677933.384687874 2791863.1202800884
-3303829.303459762 -4679140.787346148 2789264.136971302
-3305529.002007599 -4678774.502466277 2787864.446481947
-3305363.110583133 -4678712.966004625 2788164.394173414
-3305590.24583753 -4679207.767188764 2787064.548607391
-3304946.7905159984 -4680376.709492564 2785864.59992182
-3304692.7852028506 -4681924.397858885 2783564.356748725
-3305684.957904423 -4682115.7718662 2782063.956476598
-3306401.5721596293 -4682263.493554749 2780963.5417503803
-3361174.61207468 -4662269.909248367 2748706.153895292
-3361528.1492030723 -4662074.15630357 2748605.8399198903
-3362288.4871902056 -4661584.978026605 2748505.525107216
-3365051.1978454483 -4659413.529906347 2748806.4670333895
-3364861.5255047227 -4657951.8344253795 2751514.605149547
-3364542.4124870743 -4658537.737234687 2750912.849462152
-3364986.097350112 -4658809.4344977625 2749909.856281675
-3367937.66667378 -4656557.668738528 2750110.4616201115
-3367761.658754073 -4654432.268225713 2753921.3260958027
-3365332.859424071 -4655180.149716507 2755625.794436903
-3365464.906548487 -4656389.744759218 2753419.96573203
-3368527.51875916 -4654293.308794741 2753219.4157151296
-3368924.689015668 -4652106.313280293 2756427.8132536565
-3366330.29670731 -4652796.018088069 2758432.62515768
-3366025.861923563 -4654085.437525148 2756628.3095618966
-3367423.474945039 -4653964.879558446 2755124.5053945617
-3369168.268114464 -4651929.910419143 2756427.8132536565
-3367657.7021944355 -4651894.776658067 2758332.3925429815
-3367851.809032152 -4651991.970026349 2757931.453682131
-3367092.8128422974 -4652481.938551748 2758031.6896575913
-3367597.2377697667 -4653007.939873121 2756528.0618276196
-3368645.953730078 -4651892.320565529 2757129.5356369144
-3369118.9718287135 -4650836.566243963 2758332.3925429815
-3368049.465326314 -4650897.727744365 2759535.1284550517
-3368624.8154046787 -4650837.803530321 2758933.775626564
-3369319.849310651 -4649918.008162909 2759635.350984535
-3371707.0076561216 -4647235.001574619 2761238.7971094334
-3372815.231893026 -4645179.642661596 2763342.9933529207
-3373143.9245146615 -4643927.327966365 2765046.1184358224
-3373204.621237859 -4642988.263952593 2766548.673719304
-3372912.444634691 -4642245.321843121 2768151.190353245
-3372486.3506779466 -4641658.875349229 2769653.353649636
-3371898.019541979 -4641189.8149935715 2771155.3271169793
-3371337.935705196 -4640759.551840179 2772556.997661034
-3370615.7046477306 -4640446.637668563 2773958.502669535
-3369893.332491444 -4640133.36820366 2775359.842058805
-3369227.769146647 -4639898.171316893 2776560.8582239407
-3368538.092887383 -4639799.953483518 2777561.6119936886
-3368190.133680892 -4640172.356648172 2777361.4680075124
-3368544.1003634236 -4638956.663720964 2778962.525120774
-3368440.3181795343 -4638132.657935426 2780463.3193508275
-3366344.2630986674 -4640013.886531074 2779863.02452144
-3364905.981064596 -4640757.353328753 2780363.272329862
-3365039.4846635046 -4640600.607292137 2780463.3193508275
-3365682.9002945195 -4639954.118324511 2780763.455331736
-3365783.334502525 -4639581.44349228 2781263.6650247965
-3364360.033835699 -4639833.998150139 2782564.1110923477
-3364283.5883752108 -4640069.380428111 2782264.0208655065
-3364507.0842002407 -4640207.209114651 2781763.853537323
-3364811.549024498 -4640286.26974287 2781263.6650247965
-3365063.498779817 -4640463.30065542 2780663.4108517943
-3365343.9034497454 -4640679.552482699 2779963.0757768354
-3365462.2665883335 -4641013.206290656 2779262.6992074433
-3365475.485219011 -4641542.792983598 2778362.1540922066
-3365221.3884197986 -4642385.717729514 2777261.3947453606
-3364804.93056791 -4643345.935213096 2776160.533032248
-3364307.071142135 -4644364.684173815 2775059.5689934464
-3363646.6781059923 -4645500.6458221385 2773958.502669535
-3363038.555895391 -4646538.4623640645 2772957.444558506
-3362348.940727351 -4647634.75982269 2771956.3019783627
-3361521.0962827858 -4648711.119464938 2771155.3271169793
-3360770.1980787353 -4649552.372251448 2770654.6903930027
-3359841.529487086 -4649805.820534242 2771355.575897788
-3358839.281561142 -4650470.190099151 2771455.6990219033
-3357755.7235825956 -4651192.946992902 2771555.8213017844
-3356672.0095205274 -4651915.450176396 2771655.9427374015
-3355506.93507677 -4652696.264968535 2771756.063328724
-3354260.4594424795 -4653535.330323132 2771856.183075721
-3353013.773437965 -4654374.060500267 2771956.3019783627
-3351819.854608986 -4655114.691952129 2772156.5372504564
-3350544.5094418265 -4655913.490908787 2772356.769144762
-3349350.2461229134 -4656653.479003695 2772556.997661034
-3348208.8543113344 -4657295.4246679405 2772857.3341010986
-3347449.00273641 -4657782.0027075745 2772957.444558506
-3346653.9719119547 -4657876.457961988 2773758.297806322
-3344735.1328626694 -4658121.8166275965 2775660.1075153565
-3342207.584967641 -4659577.926514379 2776260.615598748
-3340888.023739771 -4661001.006445072 2775459.931389786
-3340809.9750611875 -4661235.733929762 2775159.660860605
-3339329.0657607685 -4661402.839193453 2776660.937407468
-3338409.1369857416 -4662180.9254078735 2776460.778194625
-3337482.55273967 -4662605.889309617 2776861.0932370345
-3336985.217668627 -4663974.64763619 2775159.660860605
-3337464.1959139192 -4664644.096928619 2773457.984174566
-3336762.6416888996 -4665384.000731691 2773057.554171222
-3335039.0429941146 -4667448.866007355 2771655.9427374015
-3334257.8701812737 -4670145.490076875 2768051.03938653
-3333303.12929764 -4672428.617228894 2765346.6446568766
-3331819.32777176 -4674316.404126763 2763944.124109238
-3330310.9473814806 -4676516.075530279 2762040.4394320394
-3327657.5905910726 -4679528.045809976 2760136.45102185
-3325553.0327733965 -4682795.612658132 2757129.5356369144
-3324473.272346463 -4684565.079110065 2755425.2813379876
-3323613.204354254 -4686471.926382499 2753219.4157151296
-3321058.1052696262 -4689283.680805806 2751514.605149547
-3319843.392282659 -4691907.738774525 2748505.525107216
-3318895.2541861394 -4693694.3990973225 2746599.3846251303
-3317972.6144138193 -4695344.254191051 2744893.6344847702
-3317103.353360551 -4696896.558586821 2743288.0018436746
-3316369.6350522763 -4698293.521972639 2741782.5269508837
-3315771.6801123074 -4699535.26497309 2740377.24750435
-3315144.9811307024 -4700562.5471143685 2739373.3762942217
-3315010.2400871287 -4701242.49733572 2738369.4216380087
-3314873.6741337497 -4701397.269957971 2738269.0215840293
-3314983.2685498246 -4701378.471668803 2738168.6206959267
-3316271.905733594 -4701463.509593841 2736461.6780067724
-3315153.589920767 -4703537.162559452 2734252.3357688924
-3312335.8605819093 -4706513.66093593 2732544.840643348
-3311459.6540814983 -4707188.502980672 2732444.392260715
-3312006.8705289094 -4706395.240441159 2733147.513458082
-3311788.9707981963 -4707831.222540228 2730937.5666563315
-3310474.277774242 -4709454.790153908 2729731.9714015
-3308035.116626611 -4711575.881021084 2729028.652203116
-3306802.0820215163 -4711742.943211987 2730234.3173123826
-3306856.5583869955 -4712170.365534196 2729430.553876438
