60.404 300.973
60.421 301.042
60.42 301.0
60.456 301.071
60.456 301.061
60.48 301.097
60.458 301.044
60.439 301.082
60.418 301.063
60.434 301.114
60.438 301.145
60.452 301.161
60.45 301.201
60.434 301.214
60.427 301.223
60.398 301.252
60.383 301.267
60.357 301.31
60.322 301.35
60.303 301.381
60.269 301.395
60.248 301.416
60.232 301.459
60.208 301.476
60.198 301.499
60.158 301.513
60.145 301.521
60.093 301.535
60.073 301.537
60.018 301.545
59.992 301.537
59.963 301.555
59.935 301.558
59.936 301.531
59.905 301.51
59.91 301.48
59.869 301.475
59.858 301.452
59.821 301.468
59.804 301.417
59.777 301.411
59.725 301.357
59.699 301.373
59.67 301.392
59.63 301.431
59.606 301.456
59.574 301.469
59.559 301.496
59.565 301.516
59.544 301.546
59.528 301.561
59.49 301.602
59.485 301.594
59.463 301.629
59.449 301.571
59.436 301.628
59.406 301.561
59.372 301.631
59.334 301.624
59.308 301.659
59.255 301.629
59.221 301.606
59.16 301.577
59.122 301.54
59.085 301.566
59.067 301.592
59.041 301.634
59.015 301.676
58.99 301.713
58.974 301.76
58.976 301.811
58.987 301.829
58.973 301.866
58.922 301.874
58.883 301.921
58.849 301.987
58.794 302.045
58.718 302.103
58.67 302.151
58.625 302.198
58.602 302.227
58.573 302.261
58.551 302.27
58.531 302.302
58.478 302.315
58.443 302.287
58.416 302.284
58.389 302.283
58.365 302.32
58.344 302.331
58.334 302.342
58.313 302.325
58.308 302.307
58.281 302.314
58.266 302.312
58.243 302.309
58.216 302.288
58.212 302.316
58.2 302.325
58.195 302.326
58.182 302.322
58.177 302.327
58.174 302.381
58.171 302.396
58.142 302.369
58.126 302.309
58.114 302.273
58.113 302.229
58.134 302.214
58.166 302.278
58.139 302.28
58.129 302.29
58.145 302.468
58.152 302.701
58.149 302.797
58.144 302.849
58.129 302.884
58.131 302.881
58.137 302.881
58.154 302.85
58.182 302.836
58.169 302.832
58.174 302.86
58.175 302.91
58.176 302.95
58.162 303.012
58.144 303.082
58.099 303.152
58.067 303.179
58.034 303.196
58.029 303.193
58.026 303.241
57.997 303.316
57.953 303.386
57.933 303.443
57.909 303.488
57.889 303.536
57.83 303.648
57.833 303.739
57.785 303.817
57.738 303.834
57.706 303.839
57.68 303.834
57.66 303.841
57.658 303.866
57.659 303.886
57.658 303.961
57.627 304.027
57.588 304.031
57.572 304.043
57.551 304.066
57.526 304.082
57.495 304.095
57.464 304.08
57.435 304.055
57.417 304.012
57.405 303.962
57.415 303.922
57.451 303.932
57.456 303.941
57.454 303.994
57.447 304.044
57.428 304.105
57.392 304.137
57.354 304.176
57.321 304.184
57.299 304.187
57.287 304.191
57.262 304.174
57.242 304.156
57.217 304.109
57.203 304.05
57.205 303.966
57.22 303.905
57.257 303.857
57.288 303.86
57.328 303.874
57.36 303.953
57.371 304.027
57.378 304.106
57.354 304.209
57.265 304.348
57.149 304.454
57.074 304.493
57.017 304.521
56.966 304.557
56.912 304.597
56.867 304.598
56.827 304.599
56.772 304.611
56.773 304.624
56.736 304.631
56.727 304.65
56.712 304.654
56.688 304.644
56.64 304.649
56.616 304.643
56.582 304.654
56.562 304.651
56.545 304.72
56.547 304.783
56.546 304.839
56.555 304.851
56.545 304.892
56.557 304.939
56.589 304.977
56.609 304.997
56.621 304.991
56.618 304.971
56.614 304.985
56.61 305.057
56.58 305.11
56.574 305.135
56.565 305.144
56.557 305.117
56.566 305.096
56.58 305.08
56.592 305.03
56.577 304.986
56.548 304.939
56.504 304.869
56.471 304.81
56.439 304.804
56.405 304.809
56.369 304.808
56.347 304.803
56.318 304.784
56.29 304.798
56.274 304.815
56.255 304.838
56.25 304.877
56.247 304.941
56.258 305.006
56.276 305.061
56.291 305.101
56.32 305.172
56.393 305.239
56.453 305.23
56.466 305.216
56.484 305.247
56.525 305.286
56.594 305.316
56.639 305.298
56.679 305.315
56.715 305.301
56.758 305.32
56.799 305.33
56.822 305.297
56.836 305.285
56.838 305.37
56.845 305.388
56.851 305.412
56.855 305.448
56.835 305.498
56.82 305.541
56.793 305.605
56.77 305.614
56.766 305.581
56.771 305.56
56.768 305.545
56.772 305.538
56.775 305.559
56.771 305.621
56.73 305.739
56.654 305.807
56.641 305.879
56.606 305.921
56.561 305.925
56.503 305.886
56.428 305.838
56.365 305.729
56.347 305.681
56.333 305.641
56.357 305.597
56.382 305.579
56.397 305.553
56.415 305.535
56.435 305.486
56.467 305.439
56.502 305.388
56.54 305.337
56.564 305.302
56.61 305.29
56.657 305.306
56.698 305.336
56.729 305.396
56.753 305.386
56.761 305.353
56.732 305.407
56.67 305.49
56.625 305.547
56.581 305.554
56.553 305.521
56.536 305.417
56.542 305.292
56.572 305.195
56.603 305.123
56.61 305.087
56.6 305.007
56.586 304.93
56.55 304.899
56.526 304.916
56.56 304.966
56.615 305.04
56.67 304.97
56.677 304.952
56.682 304.971
56.665 305.01
56.69 305.044
56.73 305.098
56.725 305.155
56.769 305.208
56.801 305.27
56.809 305.319
56.837 305.341
56.843 305.394
56.849 305.44
56.859 305.459
56.879 305.472
56.894 305.551
56.918 305.468
56.921 305.484
56.936 305.469
56.941 305.479
56.947 305.497
56.96 305.503
56.982 305.494
57.005 305.484
57.022 305.458
57.036 305.427
57.062 305.445
57.081 305.422
57.102 305.409
57.141 305.416
57.16 305.384
57.21 305.316
57.218 305.213
57.244 305.15
57.221 305.018
57.174 304.867
57.117 304.755
57.089 304.669
57.052 304.621
57.015 304.596
56.964 304.591
56.92 304.583
56.89 304.595
56.877 304.611
56.861 304.617
56.852 304.583
56.806 304.506
56.726 304.477
56.642 304.476
56.573 304.494
56.515 304.505
56.448 304.514
56.384 304.521
56.336 304.573
56.284 304.646
56.254 304.703
56.245 304.753
56.265 304.761
56.282 304.716
56.268 304.692
56.225 304.651
56.144 304.678
56.067 304.722
55.969 304.833
55.897 305.003
55.859 305.153
55.883 305.264
55.871 305.346
55.849 305.371
55.765 305.481
55.769 305.599
55.753 305.685
55.762 305.783
55.766 305.802
55.737 305.898
55.762 305.969
55.745 305.98
55.742 306.085
55.764 306.089
55.775 306.129
55.776 306.121
55.78 306.119
55.76 306.113
55.749 306.117
55.758 306.086
55.728 306.089
55.716 306.105
55.703 306.092
55.682 306.149
55.683 306.127
55.648 306.117
55.644 306.177
55.631 306.188
55.621 306.232
55.628 306.252
55.613 306.227
55.582 306.283
55.567 306.347
55.55 306.411
55.555 306.491
55.573 306.522
55.598 306.473
55.591 306.461
55.592 306.479
55.591 306.495
55.595 306.506
55.595 306.526
55.612 306.51
55.621 306.47
55.614 306.463
55.62 306.461
55.625 306.45
55.618 306.419
55.605 306.45
55.607 306.482
55.617 306.503
55.624 306.483
55.623 306.481
55.63 306.462
55.62 306.442
55.6 306.445
55.611 306.445
55.594 306.394
55.543 306.424
55.523 306.446
55.493 306.461
55.449 306.459
55.363 306.522
55.267 306.641
55.194 306.774
55.14 306.912
55.097 307.049
55.056 307.172
55.047 307.302
55.035 307.412
55.047 307.534
55.055 307.649
55.045 307.765
55.019 307.861
54.983 307.966
54.967 308.049
54.959 308.145
54.955 308.229
54.947 308.328
54.942 308.418
54.946 308.525
54.945 308.616
54.942 308.726
54.942 308.828
54.944 308.905
54.947 308.954
54.974 308.972
54.991 308.951
54.998 308.904
54.996 308.877
54.987 308.813
54.966 308.762
54.946 308.71
54.912 308.672
54.882 308.642
54.842 308.638
54.817 308.629
54.797 308.621
54.778 308.596
54.76 308.577
54.748 308.555
54.747 308.531
54.734 308.51
54.735 308.487
54.73 308.464
54.738 308.436
54.735 308.419
54.756 308.382
54.77 308.338
54.806 308.273
54.828 308.225
54.851 308.152
54.856 308.071
54.862 307.976
54.852 307.908
54.843 307.873
54.794 307.842
54.745 307.801
54.668 307.777
54.605 307.722
54.538 307.672
54.471 307.582
54.374 307.522
54.3 307.502
54.237 307.577
54.201 307.682
54.195 307.83
54.195 307.92
54.213 308.014
54.201 308.149
54.164 308.238
54.143 308.323
54.093 308.386
54.05 308.452
53.991 308.523
53.939 308.583
53.889 308.637
53.827 308.683
53.758 308.706
53.709 308.732
53.649 308.738
53.612 308.739
53.559 308.778
53.507 308.798
53.45 308.811
53.38 308.804
53.315 308.77
53.253 308.738
53.221 308.72
53.193 308.737
53.187 308.769
53.156 308.816
53.117 308.861
53.07 308.912
53.015 308.979
52.946 309.058
52.879 309.131
52.827 309.183
52.777 309.221
52.71 309.256
52.655 309.237
52.633 309.246
52.58 309.249
52.562 309.223
52.538 309.233
52.519 309.22
52.5 309.223
52.478 309.216
52.46 309.215
52.437 309.22
52.413 309.212
52.391 309.215
52.363 309.214
52.332 309.22
52.293 309.224
52.261 309.253
52.229 309.283
52.199 309.32
52.167 309.356
52.137 309.391
52.097 309.436
52.068 309.476
52.037 309.525
52.016 309.569
52.001 309.608
51.982 309.656
51.955 309.669
51.95 309.692
51.915 309.725
51.904 309.741
51.862 309.775
51.827 309.769
51.806 309.808
51.768 309.834
51.749 309.86
51.724 309.905
51.696 309.92
51.675 309.96
51.645 309.988
51.626 310.006
51.616 310.021
51.612 310.044
51.611 310.155
51.546 310.182
51.539 310.14
51.512 310.175
51.471 310.172
51.467 310.182
51.423 310.204
51.402 310.182
51.386 310.229
51.359 310.231
51.344 310.251
51.307 310.27
51.271 310.233
51.237 310.234
51.205 310.213
51.175 310.211
51.127 310.179
51.105 310.168
51.076 310.156
51.057 310.153
51.036 310.143
51.025 310.133
51.011 310.147
51.017 310.152
51.023 310.152
51.025 310.164
50.996 310.153
51.0 310.146
50.972 310.158
50.968 310.117
50.961 310.149
50.932 310.125
50.931 310.135
50.892 310.154
50.871 310.162
50.85 310.238
50.805 310.288
50.772 310.317
50.748 310.335
50.742 310.411
50.696 310.441
50.673 310.457
50.626 310.499
50.568 310.484
50.519 310.477
50.444 310.466
50.384 310.433
50.328 310.421
50.268 310.396
50.238 310.389
50.182 310.374
50.144 310.383
50.089 310.375
50.059 310.369
50.012 310.411
49.967 310.413
49.929 310.46
49.87 310.492
49.832 310.524
49.788 310.585
49.744 310.616
49.705 310.663
49.644 310.695
49.595 310.712
49.552 310.736
49.508 310.779
49.469 310.793
49.438 310.833
49.393 310.823
49.372 310.819
49.34 310.828
49.308 310.816
49.289 310.806
49.278 310.8
49.27 310.801
49.283 310.822
49.272 310.871
49.238 310.867
49.241 310.857
49.217 310.896
49.173 310.862
49.182 310.854
49.143 310.863
49.129 310.811
49.126 310.832
49.09 310.807
49.1 310.794
49.078 310.806
49.063 310.781
49.064 310.777
49.048 310.775
49.045 310.752
49.047 310.769
49.032 310.751
49.045 310.758
49.027 310.79
49.022 310.78
49.028 310.793
49.015 310.801
49.007 310.788
49.002 310.792
48.988 310.783
48.984 310.771
48.982 310.791
48.971 310.786
48.976 310.8
48.978 310.814
48.964 310.846
48.963 310.834
48.965 310.871
48.939 310.875
48.942 310.88
48.93 310.904
48.912 310.909
48.905 310.928
48.887 310.966
48.866 310.963
48.852 311.006
48.819 311.008
48.811 311.029
48.782 311.064
48.753 311.063
48.743 311.091
48.709 311.129
48.688 311.12
48.676 311.175
48.628 311.198
48.615 311.214
48.6 311.24
48.571 311.278
48.562 311.276
48.546 311.341
48.517 311.337
48.514 311.398
48.475 311.451
48.449 311.522
48.412 311.525
48.415 311.585
48.376 311.633
48.367 311.646
48.351 311.711
48.32 311.737
48.324 311.779
48.293 311.841
48.277 311.855
48.283 311.917
48.258 311.963
48.257 311.988
48.239 312.063
48.233 312.097
48.243 312.165
48.229 312.231
48.217 312.281
48.218 312.352
48.211 312.407
48.237 312.489
48.212 312.591
48.201 312.633
48.211 312.736
48.202 312.803
48.233 312.866
48.227 312.977
48.214 313.024
48.234 313.093
48.234 313.178
48.236 313.217
48.234 313.283
48.229 313.338
48.218 313.371
48.233 313.42
48.204 313.478
48.19 313.478
48.194 313.52
48.176 313.548
48.172 313.573
48.152 313.612
48.136 313.618
48.125 313.654
48.106 313.666
48.083 313.678
48.091 313.7
48.084 313.817
48.015 313.849
48.027 313.887
47.984 313.936
47.993 313.907
48.012 313.962
47.976 313.992
48.003 313.961
48.013 314.042
48.001 314.028
48.041 314.05
48.034 314.101
48.047 314.076
48.086 314.135
48.065 314.17
48.097 314.135
48.118 314.196
48.107 314.172
48.168 314.184
48.156 314.223
48.188 314.192
48.21 314.225
48.209 314.233
48.246 314.205
48.258 314.246
48.259 314.224
48.289 314.243
48.286 314.26
48.298 314.236
48.316 314.257
48.312 314.281
48.332 314.246
48.36 314.294
48.335 314.29
48.367 314.286
48.358 314.308
48.36 314.294
48.351 314.305
48.358 314.288
48.375 314.304
48.378 314.295
48.387 314.299
48.386 314.308
48.397 314.299
48.411 314.311
48.408 314.333
48.418 314.325
48.431 314.365
48.429 314.353
48.45 314.372
48.443 314.395
48.46 314.378
48.458 314.426
48.442 314.386
48.465 314.431
48.427 314.462
48.428 314.44
48.435 314.481
48.395 314.485
48.422 314.448
48.431 314.508
48.421 314.471
48.461 314.504
48.437 314.518
48.46 314.486
48.476 314.515
48.465 314.514
48.487 314.488
48.496 314.519
48.478 314.486
48.519 314.477
48.493 314.493
48.51 314.439
48.525 314.47
48.502 314.46
48.521 314.437
48.516 314.47
48.511 314.448
48.518 314.465
48.509 314.468
48.505 314.441
48.514 314.464
48.484 314.45
48.503 314.435
48.49 314.452
48.474 314.434
48.487 314.436
48.477 314.428
48.474 314.409
48.479 314.418
48.462 314.427
48.468 314.404
48.473 314.435
48.454 314.413
48.474 314.44
48.445 314.46
48.448 314.433
48.455 314.478
48.419 314.499
48.444 314.476
48.441 314.544
48.421 314.527
48.441 314.553
48.415 314.596
48.415 314.572
48.436 314.638
48.399 314.662
48.426 314.638
48.42 314.706
48.394 314.678
48.417 314.708
48.384 314.741
48.39 314.71
48.405 314.756
48.369 314.771
48.386 314.74
48.384 314.792
48.355 314.77
48.378 314.782
48.351 314.823
48.356 314.781
48.379 314.826
48.335 314.823
48.368 314.797
48.353 314.857
48.337 314.835
48.337 314.88
48.308 314.906
48.306 314.865
48.324 314.898
48.29 314.882
48.324 314.858
48.316 314.888
48.31 314.843
48.349 314.843
48.369 314.838
48.395 314.805
48.425 314.806
48.42 314.812
48.441 314.792
48.452 314.825
48.448 314.834
48.463 314.822
48.469 314.865
48.457 314.833
48.492 314.87
48.451 314.882
48.485 314.852
48.49 314.891
48.469 314.905
48.493 314.911
48.475 314.953
48.471 314.904
48.5 314.957
48.448 314.947
48.489 314.923
48.478 314.966
48.462 314.944
48.481 314.955
48.46 314.99
48.475 314.958
48.492 315.025
48.456 315.008
48.488 315.031
48.462 315.052
48.478 315.055
48.456 315.08
48.461 315.099
48.438 315.123
48.437 315.143
48.411 315.166
48.418 315.194
48.377 315.231
48.38 315.248
48.337 315.278
48.335 315.29
48.301 315.323
48.3 315.324
48.27 315.357
48.255 315.349
48.235 315.371
48.212 315.394
48.194 315.405
48.178 315.413
48.16 315.426
48.139 315.436
48.131 315.45
48.11 315.459
48.106 315.453
48.101 315.49
48.082 315.482
48.095 315.502
48.078 315.566
48.029 315.603
48.02 315.577
48.012 315.628
47.969 315.606
47.984 315.627
47.954 315.672
47.942 315.659
47.96 315.682
47.924 315.719
47.927 315.707
47.917 315.74
47.893 315.745
47.892 315.752
47.877 315.797
47.824 315.789
47.829 315.764
47.829 315.819
47.783 315.816
47.791 315.815
47.767 315.863
47.749 315.828
47.758 315.867
47.705 315.884
47.722 315.845
47.71 315.924
47.675 315.899
47.68 315.927
47.649 315.943
47.641 315.935
47.644 315.981
47.605 315.987
47.612 315.978
47.598 316.024
47.576 316.03
47.568 316.051
47.541 316.074
47.528 316.081
47.517 316.114
47.48 316.132
47.469 316.132
47.434 316.164
47.413 316.18
47.378 316.199
47.359 316.221
47.315 316.223
47.301 316.251
47.24 316.256
47.222 316.265
47.166 316.274
47.133 316.278
47.091 316.271
47.037 316.249
46.996 316.213
46.953 316.191
46.904 316.143
46.87 316.088
46.826 316.042
46.804 315.975
46.781 315.958
46.739 315.875
46.726 315.815
46.689 315.738
46.699 315.677
46.681 315.646
46.667 315.571
46.69 315.535
46.662 315.539
46.694 315.429
46.776 315.459
46.797 315.454
46.823 315.469
46.804 315.466
46.794 315.434
46.829 315.421
46.796 315.473
46.781 315.4
46.795 315.421
46.753 315.359
46.785 315.31
46.777 315.359
46.744 315.282
46.797 315.276
46.789 315.31
46.802 315.234
46.833 315.25
46.811 315.251
46.834 315.215
46.868 315.276
46.836 315.276
46.866 315.256
46.855 315.273
46.859 315.251
46.851 315.278
46.825 315.287
46.805 315.29
46.749 315.327
46.719 315.297
46.723 315.319
46.671 315.266
46.688 315.263
46.643 315.358
46.545 315.296
46.589 315.243
46.523 315.298
46.502 315.192
46.521 315.224
46.453 315.228
46.461 315.141
46.441 315.207
46.385 315.152
46.397 315.159
46.347 315.191
46.306 315.174
46.297 315.196
46.223 315.236
46.186 315.218
46.145 315.271
46.072 315.299
46.013 315.339
45.957 315.402
45.911 315.476
45.867 315.578
45.857 315.7
45.847 315.832
45.896 315.988
45.971 316.123
46.091 316.251
46.187 316.359
46.261 316.452
46.34 316.58
46.379 316.727
46.419 316.838
46.459 317.016
46.473 317.153
46.526 317.35
46.582 317.527
46.66 317.687
46.72 317.849
46.775 318.018
46.831 318.178
46.905 318.288
46.997 318.373
47.092 318.38
47.194 318.336
47.288 318.217
47.388 318.106
47.49 317.96
47.616 317.816
47.755 317.674
47.892 317.568
48.031 317.478
48.193 317.429
48.352 317.397
48.525 317.39
48.723 317.403
48.897 317.439
49.088 317.524
49.237 317.617
49.397 317.675
49.525 317.66
49.601 317.55
49.628 317.366
49.635 317.158
49.6 317.009
49.545 316.802
49.536 316.641
49.487 316.483
49.474 316.293
49.485 316.143
49.493 315.969
49.55 315.78
49.576 315.669
49.618 315.503
49.724 315.409
49.774 315.25
49.866 315.115
49.934 315.056
50.03 314.98
50.163 314.928
50.247 314.918
50.371 314.911
50.493 314.959
50.566 315.034
50.651 315.069
50.764 315.162
50.837 315.265
50.917 315.318
50.989 315.384
51.052 315.422
51.107 315.455
51.116 315.48
51.141 315.538
51.167 315.637
51.204 315.756
51.187 315.882
51.22 315.909
51.24 316.052
51.231 316.129
51.245 316.232
51.199 316.345
51.195 316.392
51.175 316.505
51.13 316.6
51.115 316.699
51.048 316.821
51.006 316.878
50.961 317.031
50.846 317.155
50.77 317.205
50.714 317.306
50.676 317.398
50.649 317.426
50.64 317.457
50.599 317.463
50.568 317.417
50.515 317.439
50.434 317.424
50.372 317.397
50.298 317.409
50.201 317.401
50.123 317.411
50.024 317.449
49.947 317.463
49.88 317.501
49.784 317.527
49.728 317.57
49.684 317.65
49.644 317.689
49.63 317.738
49.611 317.775
49.61 317.79
49.59 317.836
49.548 317.842
49.516 317.821
49.485 317.833
49.441 317.828
49.427 317.861
49.386 317.893
49.372 317.92
49.329 317.99
49.279 317.989
49.233 318.017
49.174 318.059
49.159 318.087
49.13 318.168
49.111 318.194
49.117 318.269
49.111 318.316
49.137 318.355
49.175 318.431
49.206 318.479
49.268 318.511
49.328 318.542
49.404 318.53
49.498 318.553
49.596 318.52
49.721 318.521
49.866 318.504
50.044 318.499
50.235 318.464
50.382 318.442
50.534 318.384
50.666 318.426
50.74 318.447
50.808 318.5
50.846 318.566
50.876 318.629
50.881 318.669
50.889 318.769
50.836 318.853
50.783 318.927
50.708 319.024
50.617 319.081
50.497 319.19
50.342 319.245
50.247 319.351
50.089 319.54
49.912 319.65
49.774 319.744
49.578 319.843
49.374 319.837
49.22 319.807
49.034 319.79
48.82 319.744
48.673 319.727
48.501 319.768
48.362 319.83
48.206 319.965
48.093 320.096
48.041 320.278
48.009 320.432
48.034 320.59
48.056 320.765
48.081 320.843
48.144 320.922
48.193 320.96
48.302 320.976
48.396 321.051
48.495 321.062
48.634 321.102
48.724 321.198
48.804 321.255
48.897 321.389
48.887 321.525
48.894 321.621
48.892 321.728
48.831 321.79
48.853 321.808
48.868 321.872
48.884 321.886
48.935 321.928
48.987 321.984
49.035 322.034
49.078 322.063
49.121 322.11
49.113 322.127
49.133 322.138
49.131 322.168
49.12 322.204
49.112 322.25
49.104 322.326
49.107 322.365
49.132 322.46
49.123 322.53
49.112 322.623
49.04 322.674
48.988 322.633
48.982 322.659
48.969 322.673
48.969 322.647
48.947 322.715
48.902 322.716
48.871 322.69
48.852 322.717
48.777 322.74
48.739 322.743
48.72 322.79
48.673 322.798
48.698 322.784
48.685 322.826
48.707 322.833
48.732 322.937
48.683 322.991
48.669 323.019
48.613 323.065
48.551 323.022
48.512 323.032
48.431 323.002
48.411 322.898
48.38 322.886
48.313 322.827
48.266 322.738
48.217 322.673
48.195 322.573
48.195 322.546
48.122 322.54
48.076 322.47
48.025 322.486
47.917 322.43
47.878 322.35
47.821 322.349
47.736 322.25
47.703 322.232
47.607 322.222
47.551 322.145
47.518 322.141
47.454 322.137
47.39 322.12
47.333 322.146
47.255 322.127
47.205 322.101
47.144 322.104
47.079 322.08
47.031 322.086
46.97 322.101
46.936 322.08
46.915 322.097
46.89 322.066
46.893 322.055
46.893 322.062
46.853 322.078
46.844 322.057
46.812 322.119
46.737 322.123
46.715 322.112
46.698 322.134
46.672 322.164
46.643 322.18
46.61 322.179
46.591 322.152
46.574 322.142
46.526 322.126
46.49 322.089
46.459 322.135
46.445 322.166
46.468 322.222
46.461 322.269
46.459 322.294
46.465 322.353
46.461 322.434
46.46 322.44
46.458 322.518
46.435 322.568
46.454 322.618
46.458 322.683
46.474 322.713
46.491 322.753
46.5 322.797
46.501 322.827
46.503 322.885
46.485 322.94
46.471 322.98
46.459 323.046
46.455 323.096
46.459 323.099
46.451 323.112
46.425 323.089
46.394 323.071
46.363 323.049
46.297 322.949
46.236 322.871
46.149 322.816
46.128 322.78
46.13 322.797
46.156 322.843
46.192 322.839
46.215 322.829
46.171 322.774
46.178 322.697
46.232 322.616
46.324 322.549
46.431 322.487
46.581 322.412
46.738 322.309
46.901 322.174
47.038 322.054
47.125 321.953
47.189 321.855
47.248 321.791
47.298 321.745
47.349 321.718
47.402 321.725
47.441 321.752
47.487 321.802
47.513 321.877
47.545 321.933
47.576 322.004
47.612 322.044
47.654 322.065
47.711 322.084
47.744 322.096
47.79 322.109
47.821 322.124
47.864 322.135
47.891 322.145
47.906 322.16
47.909 322.165
47.93 322.176
47.927 322.194
47.926 322.221
47.928 322.257
47.923 322.298
47.919 322.348
47.905 322.387
47.904 322.431
47.897 322.473
47.901 322.489
47.887 322.513
47.857 322.509
47.823 322.494
47.786 322.478
47.751 322.45
47.721 322.414
47.688 322.33
47.683 322.237
47.654 322.181
47.647 322.118
47.637 322.099
47.621 322.078
47.608 322.065
47.602 322.053
47.588 322.033
47.567 322.002
47.535 321.95
47.485 321.914
47.454 321.904
47.448 321.861
47.422 321.847
47.367 321.858
47.335 321.835
47.319 321.843
47.282 321.873
47.244 321.836
47.245 321.765
47.218 321.713
47.196 321.6
47.191 321.509
47.186 321.484
47.164 321.435
47.167 321.401
47.161 321.396
47.166 321.337
47.202 321.287
47.202 321.266
47.206 321.189
47.231 321.142
47.24 321.107
47.262 321.068
47.279 321.045
47.273 320.998
47.299 320.953
47.299 320.922
47.304 320.869
47.332 320.823
47.334 320.782