56.978 185.965
56.985 185.886
57.014 185.817
57.073 185.754
57.087 185.62
57.075 185.537
57.025 185.512
57.01 185.534
57.03 185.539
57.045 185.491
57.048 185.454
57.044 185.432
57.043 185.414
57.042 185.413
57.034 185.391
57.032 185.399
57.025 185.364
57.019 185.365
56.996 185.322
57.008 185.27
57.016 185.23
57.017 185.158
57.043 185.108
57.076 185.07
57.111 185.045
57.14 185.031
57.184 185.01
57.227 185.042
57.266 185.007
57.315 185.029
57.349 184.97
57.385 184.937
57.389 184.828
57.41 184.749
57.423 184.676
57.433 184.599
57.428 184.517
57.421 184.446
57.42 184.402
57.412 184.356
57.402 184.324
57.391 184.279
57.38 184.259
57.372 184.241
57.361 184.231
57.354 184.236
57.352 184.239
57.356 184.232
57.343 184.242
57.347 184.215
57.335 184.224
57.334 184.208
57.33 184.224
57.325 184.23
57.329 184.255
57.334 184.262
57.344 184.283
57.357 184.28
57.371 184.31
57.378 184.315
57.4 184.337
57.408 184.343
57.431 184.35
57.448 184.338
57.483 184.323
57.515 184.303
57.54 184.277
57.557 184.269
57.589 184.194
57.588 184.162
57.578 184.122
57.573 184.082
57.574 184.039
57.573 184.001
57.569 183.98
57.562 183.976
57.562 183.975
57.563 183.977
57.56 183.983
57.551 183.988
57.54 183.989
57.517 183.984
57.502 183.972
57.471 183.967
57.45 183.951
57.413 183.954
57.387 183.941
57.354 183.944
57.339 183.924
57.319 183.911
57.307 183.874
57.294 183.844
57.291 183.8
57.277 183.771
57.272 183.74
57.257 183.717
57.256 183.684
57.237 183.671
57.241 183.629
57.231 183.607
57.233 183.541
57.227 183.522
57.221 183.446
57.233 183.398
57.238 183.322
57.246 183.267
57.236 183.196
57.221 183.131
57.203 183.05
57.196 182.983
57.185 182.905
57.184 182.817
57.174 182.71
57.185 182.601
57.19 182.504
57.232 182.402
57.257 182.317
57.283 182.244
57.314 182.196
57.355 182.13
57.392 182.086
57.415 182.039
57.443 181.952
57.479 181.872
57.533 181.822
57.573 181.856
57.569 181.851
57.601 181.804
57.622 181.76
57.66 181.698
57.696 181.671
57.739 181.62
57.79 181.606
57.824 181.603
57.873 181.651
57.891 181.7
57.929 181.733
57.938 181.801
57.964 181.833
57.981 181.89
57.998 181.9
58.011 181.932
58.01 181.931
57.991 181.962
57.97 182.012
57.964 182.116
57.97 182.223
57.979 182.299
57.961 182.319
57.948 182.391
57.931 182.452
57.919 182.51
57.879 182.563
57.881 182.646
57.851 182.698
57.848 182.749
57.81 182.797
57.793 182.863
57.78 182.914
57.757 182.956
57.757 183.011
57.741 183.034
57.734 183.076
57.727 183.09
57.719 183.097
57.713 183.089
57.709 183.079
57.716 183.073
57.707 183.083
57.696 183.085
57.677 183.107
57.656 183.108
57.64 183.136
57.618 183.138
57.601 183.147
57.573 183.125
57.557 183.095
57.534 183.059
57.508 183.021
57.483 182.981
57.462 182.938
57.459 182.892
57.449 182.864
57.425 182.829
57.4 182.844
57.355 182.84
57.317 182.859
57.287 182.85
57.262 182.826
57.229 182.819
57.19 182.819
57.168 182.81
57.138 182.828
57.114 182.808
57.088 182.829
57.07 182.81
57.067 182.814
57.052 182.789
57.064 182.737
57.068 182.652
57.063 182.6
57.032 182.548
57.022 182.483
56.995 182.427
57.006 182.355
56.995 182.326
57.014 182.272
57.017 182.265
57.005 182.196
57.016 182.157
57.009 182.12
57.029 182.036
57.063 181.988
57.09 181.912
57.142 181.852
57.166 181.796
57.204 181.729
57.246 181.703
57.287 181.69
57.334 181.637
57.372 181.619
57.411 181.585
57.45 181.574
57.489 181.55
57.524 181.567
57.541 181.567
57.566 181.6
57.569 181.628
57.592 181.674
57.594 181.732
57.608 181.779
57.61 181.839
57.619 181.883
57.619 181.957
57.614 182.01
57.611 182.064
57.6 182.12
57.59 182.163
57.588 182.209
57.583 182.233
57.58 182.26
57.564 182.273
57.545 182.281
57.526 182.289
57.515 182.304
57.488 182.319
57.471 182.328
57.448 182.359
57.421 182.374
57.396 182.388
57.366 182.406
57.339 182.405
57.314 182.413
57.279 182.435
57.253 182.411
57.237 182.405
57.227 182.381
57.225 182.368
57.204 182.325
57.207 182.3
57.198 182.273
57.184 182.25
57.172 182.21
57.148 182.192
57.134 182.129
57.122 182.106
57.109 182.025
57.121 181.993
57.102 181.928
57.117 181.878
57.111 181.856
57.124 181.792
57.126 181.758
57.134 181.695
57.148 181.658
57.155 181.595
57.181 181.558
57.19 181.518
57.224 181.495
57.238 181.479
57.268 181.451
57.287 181.442
57.305 181.429
57.329 181.429
57.346 181.424
57.367 181.413
57.39 181.409
57.41 181.395
57.434 181.395
57.444 181.391
57.47 181.385
57.479 181.392
57.508 181.37
57.522 181.395
57.535 181.37
57.557 181.387
57.564 181.37
57.586 181.382
57.593 181.402
57.61 181.42
57.612 181.436
57.612 181.457
57.615 181.488
57.611 181.512
57.612 181.529
57.605 181.545
57.603 181.539
57.599 181.553
57.6 181.548
57.604 181.566
57.6 181.579
57.601 181.599
57.59 181.626
57.586 181.644
57.578 181.668
57.575 181.684
57.571 181.713
57.569 181.739
57.577 181.756
57.581 181.786
57.582 181.795
57.595 181.828
57.597 181.828
57.608 181.848
57.602 181.824
57.613 181.852
57.602 181.855
57.6 181.865
57.569 181.891
57.557 181.889
57.529 181.914
57.515 181.918
57.49 181.96
57.466 181.986
57.45 182.033
57.437 182.062
57.426 182.101
57.413 182.13
57.403 182.152
57.398 182.17
57.38 182.193
57.373 182.214
57.351 182.245
57.336 182.25
57.314 182.308
57.293 182.31
57.279 182.371
57.261 182.376
57.255 182.424
57.245 182.42
57.246 182.442
57.234 182.421
57.228 182.409
57.209 182.358
57.188 182.332
57.157 182.31
57.138 182.294
57.11 182.296
57.081 182.31
57.053 182.331
57.028 182.348
57.004 182.354
56.979 182.369
56.958 182.374
56.928 182.401
56.901 182.405
56.87 182.431
56.848 182.426
56.816 182.447
56.79 182.446
56.75 182.458
56.72 182.446
56.686 182.458
56.659 182.432
56.625 182.452
56.6 182.427
56.562 182.458
56.525 182.436
56.493 182.452
56.46 182.427
56.436 182.438
56.406 182.409
56.389 182.394
56.358 182.367
56.342 182.339
56.314 182.311
56.289 182.27
56.266 182.223
56.244 182.186
56.231 182.164
56.202 182.134
56.191 182.098
56.173 182.086
56.159 182.057
56.16 182.026
56.152 181.985
56.157 181.942
56.156 181.906
56.16 181.849
56.161 181.806
56.167 181.754
56.19 181.719
56.208 181.676
56.239 181.631
56.255 181.605
56.277 181.572
56.285 181.54
56.305 181.49
56.313 181.467
56.33 181.431
56.349 181.407
56.365 181.385
56.389 181.371
56.405 181.368
56.418 181.342
56.447 181.34
56.447 181.323
56.468 181.308
56.464 181.325
56.455 181.334
56.446 181.34
56.445 181.344
56.446 181.364
56.449 181.385
56.453 181.405
56.461 181.416
56.48 181.416
56.505 181.407
56.529 181.376
56.55 181.352
56.56 181.353
56.566 181.35
56.574 181.383
56.577 181.389
56.594 181.423
56.596 181.44
56.619 181.469
56.629 181.497
56.663 181.517
56.688 181.549
56.72 181.565
56.754 181.594
56.782 181.619
56.808 181.645
56.826 181.691
56.842 181.728
56.87 181.78
56.876 181.832
56.897 181.892
56.898 181.968
56.918 182.023
56.929 182.097
56.94 182.151
56.958 182.215
56.973 182.259
56.998 182.292
57.019 182.354
57.034 182.402
57.049 182.468
57.057 182.505
57.067 182.563
57.064 182.609
57.081 182.637
57.089 182.677
57.116 182.693
57.134 182.739
57.159 182.758
57.184 182.805
57.205 182.806
57.245 182.847
57.26 182.852
57.302 182.864
57.325 182.867
57.376 182.842
57.4 182.813
57.435 182.742
57.449 182.688
57.464 182.613
57.454 182.562
57.438 182.509
57.415 182.498
57.394 182.481
57.369 182.496
57.34 182.473
57.318 182.499
57.285 182.475
57.277 182.482
57.239 182.488
57.232 182.501
57.205 182.531
57.199 182.534
57.19 182.578
57.147 182.629
57.174 182.623
57.159 182.626
57.153 182.614
57.147 182.64
57.133 182.623
57.14 182.629
57.124 182.629
57.127 182.635
57.116 182.666
57.12 182.66
57.114 182.692
57.109 182.691
57.112 182.738
57.107 182.749
57.112 182.782
57.111 182.811
57.115 182.849
57.124 182.878
57.132 182.898
57.143 182.905
57.147 182.925
57.16 182.912
57.177 182.929
57.186 182.921
57.202 182.937
57.214 182.943
57.227 182.956
57.237 182.956
57.252 182.974
57.268 182.967
57.293 182.982
57.308 182.972
57.341 182.983
57.366 182.973
57.412 182.968
57.449 182.979
57.505 183.002
57.533 183.042
57.568 183.091
57.575 183.16
57.609 183.135
57.629 183.12
57.649 183.082
57.676 183.083
57.695 183.068
57.713 183.059
57.718 183.031
57.743 183.014
57.749 183.024
57.762 183.029
57.765 183.071
57.778 183.097
57.789 183.137
57.798 183.144
57.795 183.173
57.795 183.185
57.804 183.201
57.814 183.161
57.819 183.134
57.802 183.107
57.789 183.102
57.76 183.098
57.735 183.109
57.709 183.129
57.698 183.133
57.692 183.117
57.683 183.092
57.678 183.079
57.681 183.055
57.691 183.015
57.702 182.96
57.708 182.9
57.723 182.845
57.737 182.772
57.758 182.729
57.746 182.677
57.797 182.575
57.816 182.573
57.851 182.493
57.883 182.491
57.898 182.45
57.936 182.434
57.95 182.41
57.968 182.406
57.99 182.426
58.02 182.432
58.06 182.425
58.078 182.427
58.109 182.403
58.115 182.412
58.135 182.408
58.151 182.407
58.18 182.377
58.197 182.342
58.209 182.302
58.217 182.304
58.242 182.278
58.263 182.249
58.278 182.192
58.291 182.172
58.305 182.105
58.324 182.064
58.329 181.998
58.346 181.95
58.352 181.876
58.365 181.8
58.36 181.739
58.362 181.665
58.358 181.585
58.354 181.502
58.344 181.421
58.332 181.345
58.318 181.272
58.309 181.198
58.288 181.14
58.273 181.079
58.263 181.033
58.255 180.969
58.263 180.922
58.26 180.903
58.267 180.864
58.27 180.846
58.266 180.814
58.27 180.802
58.253 180.779
58.267 180.748
58.249 180.732
58.249 180.694
58.239 180.664
58.253 180.629
58.238 180.629
58.236 180.592
58.221 180.6
58.219 180.56
58.21 180.57
58.195 180.553
58.191 180.555
58.171 180.531
58.173 180.532
58.157 180.523
58.164 180.522
58.155 180.513
58.152 180.498
58.149 180.491
58.14 180.478
58.144 180.474
58.131 180.464
58.132 180.469
58.121 180.468
58.12 180.474
58.107 180.472
58.094 180.495
58.077 180.485
58.076 180.496
58.048 180.505
58.044 180.511
58.033 180.516
58.026 180.517
58.018 180.517
58.006 180.527
58.008 180.505
58.007 180.51
57.998 180.496
57.999 180.5
57.991 180.493
57.999 180.478
57.999 180.495
57.974 180.485
57.988 180.473
57.977 180.472
57.995 180.429
57.998 180.459
58.003 180.388
58.036 180.379
58.028 180.336
58.045 180.28
58.056 180.257
58.062 180.19
58.079 180.17
58.061 180.141
58.084 180.092
58.082 180.095
58.095 180.049
58.109 180.067
58.11 180.041
58.138 180.044
58.134 180.053
58.154 180.034
58.152 180.067
58.167 180.035
58.189 180.06
58.206 180.071
58.218 180.102
58.219 180.108
58.23 180.093
58.236 180.101
58.247 180.08
58.264 180.09
58.267 180.076
58.295 180.075
58.307 180.084
58.339 180.075
58.36 180.094
58.386 180.08
58.421 180.073
58.452 180.063
58.485 180.046
58.512 180.046
58.544 180.018
58.583 180.015
58.611 179.997
58.651 179.993
58.692 179.983
58.733 179.963
58.782 179.958
58.83 179.944
58.894 179.92
58.955 179.899
59.02 179.855
59.098 179.825
59.163 179.771
59.25 179.722
59.288 179.678
59.349 179.647
59.392 179.623
59.456 179.612
59.494 179.623
59.547 179.634
59.593 179.676
59.647 179.699
59.7 179.778
59.75 179.832
59.812 179.939
59.871 180.021
59.93 180.124
59.986 180.202
60.048 180.283
60.106 180.35
60.155 180.421
60.193 180.473
60.227 180.529
60.255 180.61
60.287 180.634
60.311 180.678
60.339 180.73
60.364 180.782
60.38 180.792
60.415 180.784
60.441 180.774
60.469 180.767
60.486 180.736
60.524 180.68
60.545 180.66
60.567 180.632
60.57 180.593
60.587 180.53
60.59 180.502
60.597 180.466
60.595 180.44
60.599 180.386
60.605 180.377
60.603 180.345
60.606 180.319
60.608 180.265
60.618 180.255
60.62 180.231
60.614 180.197
60.632 180.149
60.629 180.184
60.63 180.143
60.628 180.096
60.629 179.996
60.651 179.925
60.643 179.897
60.657 179.785
60.654 179.714
60.667 179.655
60.663 179.635
60.648 179.559
60.667 179.465
60.665 179.454
60.654 179.438
60.637 179.356
60.64 179.286
60.648 179.221
60.635 179.21
60.619 179.154
60.603 179.092
60.599 179.011
60.59 178.955
60.572 178.884
60.532 178.802
60.533 178.757
60.488 178.712
60.479 178.653
60.426 178.649
60.395 178.601
60.35 178.609
60.291 178.603
60.239 178.565
60.209 178.56
60.165 178.562
60.127 178.553
60.078 178.555
60.054 178.565
60.008 178.572
59.986 178.585
59.94 178.624
59.897 178.641
59.86 178.589
59.848 178.577
59.817 178.59
59.794 178.56
59.782 178.574
59.743 178.556
59.739 178.55
59.701 178.546
59.69 178.519
59.664 178.526
59.637 178.498
59.625 178.488
59.596 178.47
59.588 178.428
59.557 178.416
59.547 178.333
59.54 178.317
59.517 178.222
59.527 178.187
59.501 178.111
59.527 178.037
59.509 177.979
59.525 177.886
59.535 177.845
59.546 177.739
59.58 177.695
59.587 177.617
59.634 177.546
59.657 177.496
59.702 177.409
59.73 177.393
59.778 177.327
59.816 177.314
59.853 177.274
59.889 177.255
59.912 177.243
59.954 177.232
59.974 177.23
60.008 177.231
60.024 177.221
60.055 177.213
60.073 177.211
60.096 177.205
60.108 177.195
60.139 177.179
60.162 177.16
60.187 177.153
60.204 177.143
60.225 177.144
60.253 177.139
60.275 177.147
60.301 177.152
60.326 177.171
60.348 177.169
60.371 177.178
60.386 177.178
60.416 177.176
60.428 177.151
60.463 177.136
60.471 177.112
60.503 177.099
60.513 177.094
60.538 177.081
60.56 177.085
60.575 177.072
60.598 177.068
60.61 177.064
60.639 177.045
60.653 177.059
60.679 177.036
60.687 177.074
60.677 177.063
60.699 177.047
60.704 177.047
60.711 177.019
60.725 177.003
60.738 177.011
60.741 176.97
60.761 176.985
60.758 176.956
60.792 176.945
60.783 176.943
60.806 176.906
60.804 176.956
60.798 176.951
60.791 176.983
60.773 176.972
60.777 176.999
60.765 177.004
60.774 177.003
60.769 177.036
60.767 177.007
60.778 177.048
60.764 177.03
60.781 177.039
60.759 177.023
60.781 177.017
60.763 177.026
60.781 176.985
60.777 177.002
60.777 176.964
60.788 176.977
60.782 176.973
60.784 176.975
60.771 176.998
60.773 176.974
60.772 176.997
60.772 176.949
60.828 176.906
60.843 176.914
60.878 176.833
60.89 176.852
60.898 176.783
60.912 176.777
60.908 176.728
60.925 176.704
60.938 176.656
60.965 176.572
60.98 176.521
60.994 176.446
61.013 176.406
61.013 176.338
61.021 176.29
61.028 176.254
61.035 176.207
61.057 176.194
61.052 176.148
61.083 176.133
61.07 176.105
61.111 176.062
61.103 176.054
61.134 175.999
61.129 176.027
61.159 175.953
61.17 175.993
61.178 175.941
61.21 175.957
61.22 175.898
61.25 175.909
61.253 175.895
61.276 175.868
61.297 175.856
61.356 175.849
61.352 175.927
61.347 175.881
61.388 175.915
61.389 175.924
61.429 175.95
61.419 176.021
61.455 175.972
61.483 176.078
61.465 176.075
61.491 176.132
61.478 176.122
61.509 176.159
61.487 176.228
61.484 176.186
61.49 176.202
61.495 176.186
61.506 176.23
61.491 176.212
61.533 176.227
61.528 176.29
61.555 176.337
61.56 176.42
61.555 176.481
61.561 176.587
61.542 176.603
61.541 176.665
61.497 176.681
61.48 176.66
61.459 176.701
61.437 176.679
61.427 176.693
61.404 176.702
61.406 176.686
61.408 176.766
61.388 176.726
61.401 176.796
61.374 176.77
61.406 176.791
61.371 176.816
61.388 176.77
61.382 176.829
61.391 176.79
61.417 176.85
61.384 176.846
61.418 176.837
61.399 176.869
61.409 176.813
61.391 176.864
61.373 176.8
61.395 176.854
61.358 176.802
61.378 176.759
61.371 176.838
61.381 176.804
61.394 176.887
61.361 176.895
61.374 176.933
61.357 176.987
61.354 176.971
61.328 177.053
61.3 177.001
61.293 177.061
61.25 177.021
61.24 177.02
61.187 177.012
61.172 176.951
61.16 176.932
61.143 176.801
61.168 176.696
61.174 176.665
61.197 176.608
61.211 176.611
61.229 176.629
61.231 176.663
61.232 176.666
61.231 176.684
61.223 176.655
61.232 176.674
61.215 176.666
61.224 176.658
61.212 176.69
61.215 176.656
61.209 176.656
61.234 176.537
61.247 176.613
61.25 176.53
61.298 176.61
61.284 176.595
61.34 176.601
61.375 176.54
61.405 176.422
61.402 176.396
61.393 176.4
61.391 176.413
61.413 176.436
61.449 176.505
61.473 176.565
61.51 176.642
61.521 176.701
61.517 176.739
61.524 176.723
61.528 176.753
61.54 176.774
61.524 176.828
61.54 176.817
61.547 176.877
61.565 176.883
61.58 176.949
61.615 176.991
61.608 177.111
61.612 177.095
61.603 177.197
61.583 177.182
61.617 177.25
61.574 177.337
61.571 177.31
61.562 177.361
61.55 177.341
61.55 177.359
61.514 177.312
61.521 177.28
61.513 177.278
61.503 177.264
61.486 177.252
61.477 177.198
61.488 177.195
61.47 177.166
61.489 177.146
61.471 177.155
61.487 177.108
61.476 177.131
61.476 177.065
61.482 177.079
61.466 177.028
61.488 177.05
61.46 177.035
61.487 177.032
61.46 177.074
61.465 177.019
61.452 177.054
61.454 177.005
61.464 177.026
61.444 176.965
61.479 176.992
61.47 176.967
61.5 176.945
61.528 176.919
61.553 176.839
61.573 176.758
61.581 176.689
61.568 176.648
61.545 176.589
61.537 176.506
61.579 176.49
61.599 176.487
61.59 176.482
61.605 176.448
61.632 176.438
61.648 176.473
61.648 176.523
61.644 176.476
61.688 176.522
61.7 176.614
61.704 176.62
61.709 176.583
61.739 176.59
61.747 176.666
61.751 176.77
61.751 176.885
61.748 177.005
61.744 177.13
61.738 177.258
61.728 177.397
61.714 177.506
61.697 177.568
61.689 177.528
61.706 177.448
61.711 177.381
61.708 177.293
61.695 177.247
61.662 177.206
61.666 177.16
61.646 177.133
61.635 177.147
61.613 177.164
61.609 177.173
61.588 177.147
61.581 177.157
61.574 177.17
61.555 177.17
61.538 177.167
61.535 177.157
61.527 177.157
61.518 177.143
61.501 177.106
61.507 177.05
61.516 177.001
61.507 176.977
61.49 176.939
61.477 176.91
61.468 176.901
61.453 176.879
61.436 176.857
61.424 176.832
61.425 176.791
61.427 176.767
61.418 176.735
61.419 176.726
61.421 176.699
61.435 176.711
61.416 176.72
61.412 176.735
61.402 176.746
61.395 176.768
61.372 176.777
61.35 176.798
61.329 176.805
61.32 176.821
61.318 176.837
61.312 176.872
61.256 176.924
61.241 176.874
61.211 176.92
61.173 176.918
61.128 176.901
61.066 176.853
61.057 176.829
60.981 176.825
60.956 176.763
60.892 176.773
60.842 176.675
60.792 176.65
60.738 176.529
60.734 176.48
60.673 176.378
60.686 176.277
60.639 176.22
60.634 176.092
60.604 176.059
60.587 175.94
60.566 175.91
60.537 175.813
60.52 175.782
60.476 175.678
60.451 175.603
60.401 175.519
60.353 175.472
60.302 175.425
60.28 175.387
60.259 175.386
60.234 175.382
60.21 175.379
60.186 175.378
60.164 175.375
60.148 175.365
60.154 175.318
60.153 175.303
60.146 175.22
60.142 175.164
60.134 175.09
60.136 175.037
60.135 174.984
60.151 174.95
60.16 174.9
60.173 174.85
60.164 174.817
60.162 174.742
60.177 174.654
60.194 174.544
60.2 174.42
60.17 174.263
60.123 174.093
60.075 173.929
60.052 173.793
60.019 173.731
59.993 173.684
59.98 173.632
59.968 173.566
59.959 173.487
59.954 173.411
59.973 173.36
59.97 173.312
59.99 173.292
59.976 173.268
59.985 173.24
59.972 173.262
59.975 173.229
59.982 173.269
59.985 173.269
59.997 173.323
59.984 173.343
59.976 173.334
59.975 173.349
59.958 173.341
59.959 173.33
59.942 173.333
59.936 173.302
59.927 173.273
59.909 173.215
59.897 173.219
59.884 173.196
59.885 173.246
59.86 173.255
59.851 173.282
59.842 173.323
59.819 173.332
59.791 173.34
59.769 173.353
59.749 173.38
59.756 173.423
59.764 173.375
59.739 173.388
59.726 173.375
59.736 173.401
59.718 173.383
59.711 173.379
59.708 173.39
59.722 173.393
59.72 173.384
59.718 173.369
59.706 173.402
59.714 173.396
59.712 173.434
59.717 173.437
59.723 173.446
59.715 173.477
59.716 173.515
59.711 173.539
59.719 173.563
59.73 173.624
59.722 173.652
59.721 173.685
59.704 173.755
59.696 173.788
59.689 173.874
59.685 173.918
59.687 173.951
59.676 173.98
59.695 173.987
59.703 174.053
59.711 174.048
59.751 174.123
59.767 174.122
59.814 174.151
59.845 174.23
59.888 174.158
59.924 174.164
59.961 174.118
59.992 174.077
60.006 174.03
60.025 173.985
60.034 173.931
60.05 173.883
60.044 173.834
60.048 173.791
60.019 173.765
60.005 173.723
59.982 173.725
59.965 173.694
59.961 173.711
59.964 173.741
59.967 173.778
59.972 173.821
59.976 173.868
59.975 173.924
59.969 173.981
59.988 174.017
59.998 174.143
60.029 174.198
60.06 174.337
60.062 174.365
60.096 174.429
60.118 174.431
60.189 174.452
60.223 174.471
60.266 174.428
60.283 174.402
60.297 174.294
60.32 174.18
60.33 173.968
60.338 173.75
60.339 173.513
60.359 173.384
60.39 173.241
60.427 173.179
60.447 173.097
60.472 173.033
60.487 172.966
60.486 172.929
60.471 172.899
60.477 172.851
60.503 172.792
60.526 172.755
60.522 172.716
60.519 172.701
60.501 172.694
60.474 172.689
60.459 172.721
60.46 172.73
60.443 172.691
60.439 172.618
60.413 172.503
60.341 172.34
60.252 172.218
60.2 172.285
60.14 172.343
60.114 172.409
60.083 172.383
60.09 172.248
60.081 172.26
60.082 172.264
60.059 172.314
60.024 172.468
59.995 172.604
59.969 172.746
59.931 172.872
59.913 172.999
59.893 173.072
59.904 173.111
59.892 173.143
59.907 173.168
59.897 173.212
59.917 173.222
59.945 173.266
59.962 173.348
59.973 173.381
59.984 173.326
59.979 173.233
59.954 173.145
59.888 173.108
59.869 173.169
59.841 173.336
59.812 173.434
59.819 173.519
59.81 173.562
59.816 173.587
59.791 173.624
59.787 173.592
59.784 173.571
59.813 173.464
59.859 173.487
59.831 173.549
59.778 173.673
59.794 173.759
59.771 173.82
59.743 173.889
59.726 173.891
59.736 173.844
59.751 173.815
59.805 173.746
59.862 173.718
59.933 173.611
59.989 173.566
60.011 173.443
60.043 173.35
60.05 173.221
60.051 173.062
60.047 172.907
60.051 172.751
60.068 172.631
60.073 172.499
60.087 172.354
60.074 172.199
60.044 172.056
60.019 171.922
59.994 171.782
59.959 171.653
59.928 171.535
59.895 171.481
59.856 171.393
59.818 171.251
59.759 171.008
59.655 170.631
59.564 170.07
59.588 169.637
59.596 169.277
59.584 169.0
59.558 168.749
59.489 168.553
59.443 168.363
59.394 168.225
59.355 168.037
59.347 167.823
59.315 167.542
59.266 167.228
59.211 166.939
59.138 166.657
59.061 166.3
59.007 165.923
58.966 165.573
58.925 165.291
58.843 165.111
58.721 164.929
58.583 164.737
58.449 164.539
58.305 164.406
58.177 164.291
58.041 164.183
57.9 164.078
57.772 164.016
57.631 163.956
57.508 163.902
57.407 163.859
57.303 163.84
57.202 163.835
57.107 163.794
56.995 163.743
56.887 163.697
56.763 163.648
56.636 163.59
56.475 163.658
56.279 163.717
56.199 163.619
56.181 163.575
56.175 163.553