4365249.432793444 -3945689.662632966 2442492.8813996306
4364601.4463636745 -3948565.6673312956 2439000.6939672404
4363662.443386965 -3952011.5651955553 2435096.644639527
4363438.870985781 -3953334.1898184763 2433349.749374846
4364412.043000946 -3952829.105515119 2432424.8357350836
4362261.461279641 -3957538.651750031 2428621.782686421
4362939.066817179 -3958431.041214317 2425948.7610399732
4366096.649284752 -3956019.690582644 2424200.7459834814
4368850.353642189 -3955183.601678846 2420601.2196335187
4368737.202458516 -3955497.4099243316 2420292.646755108
4368009.028769388 -3956364.4316875604 2420189.7876544027
4368405.399417534 -3954919.5117933457 2421835.444776548
4368912.989764855 -3955240.3070693235 2420395.50511855
4366052.075747661 -3956950.744691982 2422761.0439209878
4361793.785665289 -3961140.9701227 2423583.74853172
4360340.057854921 -3963432.7773101637 2422452.5175138502
4360454.396742104 -3965065.8004932087 2419572.617569395
4358981.421037411 -3968315.3196949176 2416897.9073443087
4360355.617604746 -3970123.092823785 2411444.072718676
4360915.570090616 -3970632.9320410406 2409591.3573741913
4364218.053879218 -3968627.3390858057 2406914.793185544
4366443.823264648 -3966615.599632709 2406194.0950439647
4369172.93597316 -3964921.1885552676 2404031.785169481
4370736.118063091 -3963697.5505580665 2403207.9631107175
4371725.482707823 -3962231.525719614 2403825.8340480225
4372776.267088722 -3959571.0885545 2406297.0541204903
4374693.146903953 -3957140.084006604 2406811.8385074893
4375236.910660457 -3955411.0183995487 2408664.9105090946
4375741.827909792 -3953786.1438517715 2410414.8157871943
4374304.542437014 -3952487.4567695535 2415148.7892248486
4374462.792585374 -3949857.6654203706 2419161.1561047593
4372838.946133492 -3949638.5089738215 2422452.5175138502
4371608.2054751 -3948665.4249832677 2426257.212120034
4368968.4108332675 -3950575.5362269105 2427902.1721862033
4366222.140198472 -3954052.3783338806 2427182.5254465016
4363121.599663625 -3957347.307503971 2427388.1424979824
4362166.81360375 -3958840.9702319102 2426668.469879512
4360444.590259027 -3961304.617810176 2425743.123291616
4358419.401784661 -3963910.2247027047 2425126.19231338
4355438.548829735 -3966619.440322243 2426051.578805688
4352695.046035842 -3969126.9778773016 2426874.0943241436
4351139.4020048035 -3970769.4474489368 2426976.905437573
4350065.796086607 -3972573.621536298 2425948.7610399732
4347850.068420442 -3975563.1610735874 2425023.3678979166
4345965.810386938 -3977183.9880437064 2425743.123291616
4344893.211228379 -3978293.0317042624 2425845.9425352723
4344719.303165338 -3979109.726653495 2424817.7168509075
4342725.988182534 -3980909.2800724134 2425434.6611272315
4341570.0185004305 -3981104.8419534634 2427182.5254465016
4340673.68640383 -3981956.7744792984 2427388.1424979824
4340206.948950323 -3983342.471981532 2425948.7610399732
4338472.977413028 -3986357.049128131 2424097.9149208064
4336723.971944562 -3987822.1162944725 2424817.7168509075
4335989.431384342 -3988683.285505569 2424714.890219425
4335697.924753413 -3989812.426936294 2423378.0768080056
4334439.222823649 -3992427.993539959 2421321.197207511
4332573.246875871 -3994764.5565557512 2420806.9311990594
4332365.037987152 -3996111.716291136 2418955.4209508044
4332853.641841173 -3997262.2633208707 2416177.7079955423
4332999.427923651 -3999216.997726042 2412679.0840707365
4332299.433811708 -4001092.109750954 2410826.527372595
4331576.906345848 -4002246.2811289714 2410208.9555888427
4332064.486483006 -4002276.3381772153 2409282.548357395
4332062.968461558 -4002835.547599031 2408356.0816792836
4332573.075659216 -4003026.539764331 2407120.7003420577
4332168.356372177 -4003774.0001662667 2406605.9269519406
4332770.681447622 -4004050.2517374274 2405061.4968331573
4333076.5929012345 -4004893.8419458414 2403104.982058777
4333521.755178824 -4005585.787935897 2401148.2030224204
4334069.942052147 -4005671.6949813613 2400015.2102487283
4335817.391496094 -4005322.769051271 2397439.897749151
4336501.759353988 -4005814.699757757 2395379.3190900763
4336738.872170381 -4006174.010511117 2394348.920293707
4337642.476639591 -4004764.3436112073 2395070.2071113177
4340322.36917783 -4003030.8559385776 2393112.345465254
4342796.915823787 -4001947.933650332 2390432.739958027
4343222.774287538 -4002901.1041951017 2388061.9093615883
4343912.797494724 -4002275.3042457276 2387855.731987662
4345258.395109151 -4001552.461996746 2386618.6066527753
4346738.356299554 -4000252.3202038035 2386103.106862387
4347856.861500154 -4000020.470517688 2384453.3854419305
4348813.416847396 -3999779.49520386 2383112.8498656615
4349093.608324974 -4000457.568660693 2381462.791515383
4350285.127254611 -3999591.6541147013 2380740.832582028
4351808.12452832 -3998609.898916746 2379606.2538946047
4353448.3323562285 -3997315.265337217 2378781.0506658265
4355162.617409068 -3996368.308340729 2377233.669627884
4356182.953481739 -3995624.3290128713 2376614.6715855203
4359350.3553422615 -3992229.772553076 2376511.50271109
4361630.448622803 -3991519.385763882 2373519.290572031
4361945.428437357 -3992647.049381291 2371042.517206581
4360429.392375639 -3994057.5955503024 2371455.34166966
4360686.346578141 -3993593.193751978 2371764.95243202
4361422.447546936 -3992727.976127199 2371868.154574553
4362882.304760458 -3992665.014239401 2369287.884339251
4362773.417192368 -3993824.7834687782 2367533.0428930046
4362542.07072352 -3994872.7138487846 2366190.964675885
4361505.58889031 -3994903.3794459766 2368049.194372808
4362128.76639909 -3993794.423588046 2368771.776146993
4362372.666722443 -3994017.729181136 2367945.9655194194
4360641.286914762 -3997191.8961422932 2365777.9930223264
4359376.382514752 -3998693.53919189 2365571.5028714784
4361915.13264107 -3997939.2961184387 2362163.999426976
4365434.666685024 -3995560.830217855 2359685.3228626503
4367821.078601521 -3993684.1757477913 2358445.829292234
4367776.240115258 -3994343.052745526 2357412.838954641
4368892.558213297 -3994523.8777143154 2355036.688707558
4368356.031709817 -3995293.3079172163 2354726.728080429
4369220.07093809 -3995383.384053189 2352970.1626122333
4370875.123319652 -3993816.226492116 2352556.822980837
4374120.233903834 -3991601.4109156737 2350283.2501060558
4375982.8994206935 -3991202.038017568 2347492.4825656153
4377079.10576611 -3990243.0641583405 2347078.9911722206
4378057.01163583 -3989595.763606574 2346355.3537089867
4379688.464518659 -3987865.547876215 2346251.97406931
4381271.178277339 -3987768.4190719696 2343460.453741122
4382042.533216101 -3987771.3463258217 2342012.7938394696
4383336.346110006 -3988109.6698498614 2339013.6250396254
4383677.663166912 -3988280.3698878367 2338082.7266413863
4384656.991328536 -3988052.539572081 2336634.5478072655
4385679.957641444 -3986745.6553187002 2336944.883590458
4387735.197024643 -3985817.580559639 2334668.9391202386
4388727.664620102 -3986299.741472311 2331978.742813916
4388207.023738172 -3988203.6664937106 2329702.0477694357
4387889.057900882 -3988613.9441210185 2329598.5534673324
4387892.388895321 -3989456.230567181 2328149.5587404203
4388400.337445619 -3989078.6998827457 2327839.041782949
4388972.6362484535 -3990018.63507281 2325147.627578517
4389304.982064994 -3991160.379597154 2322559.2777695307
4388351.918936859 -3993653.071676629 2320074.045941423
4386629.005553574 -3995725.829656281 2319763.363331201
4384396.568229569 -3997754.6044089906 2320488.2795272833
4383179.995601852 -3998186.7320402307 2322041.5547300624
4382831.300207152 -3999410.4970467193 2320591.8361566747
4381175.523113238 -4001404.4228212778 2320281.1641479493
4377093.38356504 -4005389.456214402 2321109.608699608
4373949.750630406 -4005880.422228223 2326182.8435806246
4373200.462768598 -4006878.6880363342 2325872.2862188136
4371282.61379293 -4008069.6272257 2327425.009245731
4366964.4779414665 -4011692.8287911443 2329288.066303331
4362324.633667612 -4014033.7461099704 2333944.702769776
4357218.631766092 -4018614.0902557243 2335600.04893573
4351887.521525593 -4023125.170644629 2337772.4143541995
4348959.142023549 -4025629.700056848 2338910.1947338628
4346298.715522504 -4028381.794241084 2339117.054632884
4343905.831116486 -4031382.040424935 2338393.032518587
4340620.5863358695 -4034259.500946492 2339530.7658802452
4338812.6930402275 -4035544.1758269826 2340668.413009823
4336931.825783411 -4037325.6031991155 2341082.081487078
4334962.611778047 -4038600.518002013 2342529.831289308
4334250.840603101 -4040623.0164374206 2340358.154165183
4331985.25044391 -4042752.5103670503 2340875.248674593
4331341.752598391 -4044698.5483667874 2338703.33198495
4330863.357025946 -4045808.6143255467 2337668.9755008426
4330340.333849487 -4047443.571539943 2335806.9544027615
4329358.119040637 -4047658.254664851 2337255.2129667834
4329108.6645490425 -4047566.635504 2337875.8524954296
4329937.475642794 -4046500.701326351 2338186.162646049
4331324.671911153 -4045673.331073654 2337048.3274278156
4332342.901718428 -4044642.7027600757 2336944.883590458
4333767.244724767 -4044132.5080010407 2335186.229464346
4334667.364721154 -4044123.3495441964 2333530.8377848365
4337417.3554870505 -4042726.126730533 2330840.438247559
4340355.895991942 -4042493.20898748 2325768.7656811657
4341311.37629645 -4044798.3236692795 2319970.485778042
4341531.17125562 -4047410.1343693747 2314998.767433771
4341758.732266902 -4050597.66139598 2308989.107007116
4340772.935350982 -4054072.9266737066 2304739.4709458393
4341709.237455151 -4056366.3684020913 2298933.1836077888
4342120.071329411 -4059447.795572176 2292709.724579733
4342907.0943524195 -4063167.6219051867 2284615.4700791063
4342661.073275122 -4067915.1141817253 2276620.8350256416
4342134.238649336 -4073116.661518986 2268310.365714002
4341728.570141922 -4076726.728897136 2262594.3518688986
4340530.816062794 -4080594.1099964427 2257916.0622732616
4338143.296089783 -4085487.0660204333 2253652.4079748886
4335519.864238394 -4090447.3809214686 2249699.697894587
4332961.0752778165 -4095042.9945044536 2246266.2783577796
4330670.363592731 -4098605.694555164 2244185.0553061785
4326099.363356166 -4104454.0983342985 2242311.7207552036
4322052.319518814 -4109510.3995245346 2240854.5297590685
4316823.875783839 -4115455.6260214793 2240021.7891151756
4310486.69903969 -4120054.2579970164 2243768.777874086
4306295.342144313 -4123245.26938176 2245954.1123422645
4302877.894795643 -4125734.937329962 2247931.0597467045
4300490.592825127 -4127769.9670160064 2248763.384712421
4298135.683672173 -4129258.6112083513 2250531.929679208
4297587.409527979 -4129885.919779383 2250427.9031052273
4296374.6850941 -4131317.5096029765 2250115.8192702937
4294795.0958020855 -4133695.6013537194 2248763.384712421
4291047.934614553 -4137019.6763634747 2249803.7292665388
4289192.155619391 -4138264.891251605 2251052.0522652115
4287643.543648521 -4138794.15336281 2253028.3617165065
4288977.633793048 -4136901.7684635916 2253964.421836734
4289887.835381816 -4135901.219188095 2254068.425084197
4292026.4196194215 -4134928.7982155373 2251780.1950849234
4290799.948471192 -4137503.139414353 2249387.59966707
4289374.337399749 -4138585.216414667 2250115.8192702937
4287084.517925081 -4140278.607316396 2251364.1175885512
4286465.392881486 -4139391.513504645 2254172.427645032
4286235.99285834 -4139459.138941814 2254484.431207449
4286584.526774674 -4138928.2622966454 2254796.4285890693
4285651.847586606 -4140630.0968045415 2253444.395301097
4284941.36821822 -4140232.8628933188 2255524.3984382786
4284837.804601144 -4140566.628283796 2255108.419789037
4286037.834584295 -4139267.7663529464 2255212.415481845
4286638.401659645 -4140570.807089279 2251676.176739648
4286028.7053980315 -4141428.1249843617 2251260.0964998677
4285279.758132953 -4143163.741293888 2249491.6330948207
4284217.82753707 -4143583.9734672713 2250739.980770485
4284806.875745651 -4144443.1730091088 2248035.1027644076
4284277.031276943 -4145667.80589263 2246786.5413648454
4283300.210995121 -4148198.1503014388 2243976.917957241
4281525.539292506 -4150536.1606957596 2243040.266054739
4280235.9819407845 -4152765.2450643647 2241374.9704779238
4278411.02939558 -4156216.5037750704 2238460.282715324
4275765.590320305 -4159162.0934165353 2238043.8550930666
4273313.907573265 -4162296.6975260945 2236898.6228938242
4269898.212772609 -4165073.5794824944 2238252.070267816
4268919.518047286 -4165573.159748087 2239189.004800905
4267201.859828471 -4168115.509384476 2237731.527217917
4264721.706889501 -4170932.3719467614 2237210.9671267187
4261483.257307797 -4174464.2509062444 2236794.5067866873
4258089.445483702 -4176531.507437821 2239397.2049726825
4255762.575091619 -4178623.5330497813 2239917.6934637823
4253416.919143797 -4178945.702372636 2243768.777874086
4253513.066979343 -4178456.611709162 2244497.2562023713
4253677.061294386 -4177450.7971415957 2246058.1683649686
4254631.812635563 -4178826.093113494 2241687.226716349
4252471.099263583 -4181080.669813792 2241583.141986355
4250197.653029734 -4183224.3487493456 2241895.394127733
4247786.315109079 -4184501.516916449 2244080.9869735027
4246192.506913738 -4185560.776995999 2245121.6395336515
4244707.208410183 -4187457.5727890623 2244393.1899206443
4242945.916075962 -4189520.9265627773 2243872.848257425
4240190.906913126 -4191919.2476839535 2244601.3218003856
4236438.0019418895 -4194207.7436842085 2247410.8343874356
4233199.105220726 -4196417.729685936 2249387.59966707
4230966.951626475 -4196548.194689016 2253340.387934528
4230153.8299482735 -4196474.070619109 2255004.423409284
4228594.589448847 -4198882.846111571 2253444.395301097
4224300.678223114 -4202533.381829824 2254692.430148671
4221723.581004012 -4203783.108279443 2257188.2030834476
4220340.458977746 -4204166.546744302 2259059.772903675
4219372.058088144 -4205696.84321913 2258020.0394065715
4217257.510325301 -4207259.088058785 2259059.772903675
4216631.816933434 -4207662.881086763 2259475.6470361194
4215421.345841126 -4209098.813223015 2259059.772903675
4214250.933617893 -4211162.858037958 2257396.1662903354
4210830.793841443 -4214359.929685465 2257812.084452151
4207016.302234561 -4216719.753873313 2260515.2841835017
4204273.965495666 -4217502.872498214 2264153.4717250676
4203911.173342065 -4217138.938805385 2265504.583412081
4201847.432739148 -4218748.675047145 2266335.9787929473
4200501.715388714 -4219753.663544469 2266959.4963341355
4198406.609162175 -4220889.16067974 2268725.99434124
4195660.478776565 -4221663.635034624 2272362.2729350757
4196221.26756173 -4218250.353079447 2277659.3319475497
4198411.165072113 -4215004.310142037 2279632.28492708
4200267.25652169 -4213042.3422935195 2279839.9496091176
4198699.4876363315 -4213087.212308153 2282643.150824924
4198502.54287498 -4209508.610023364 2289597.0518000517
4201682.942537214 -4201976.285582825 2297584.9811903364
4208084.486295717 -4193860.2376028746 2300696.038952314
4215292.477692594 -4186843.252032492 2300281.26767537
4221377.031137217 -4182361.756420205 2297273.8407557863
4225671.499591261 -4178877.844518187 2295718.044128498
4238864.68502737 -4165666.1534409896 2295406.8659181036
4248741.801046922 -4157480.7020023256 2291983.4904542416
4256119.569592086 -4152503.0710789403 2287314.0261046896
4261202.849002844 -4149630.7831491125 2283058.3967983266
4264779.747176897 -4147896.4242937947 2279528.451544422
4268008.191960408 -4146400.363414037 2276205.4168371526
4271576.489115939 -4145232.1211471283 2271635.0850086007
4273070.958867403 -4147841.0387233617 2264049.5352280447
4273570.27862854 -4150499.2966549657 2258227.991609664
4272747.238048513 -4153324.336775665 2254588.431021454
4273291.088066237 -4154288.173643829 2251780.1950849234
4274078.2441918 -4156069.205673997 2246994.641777022
4275744.614210791 -4157108.8554229927 2241895.394127733
4275543.718846526 -4161125.2791287955 2234816.1713275933
4274888.069791765 -4164702.4259333997 2229400.5234987494
4273976.219678011 -4168032.5878938516 2224920.8120474187
4274782.1647189865 -4171148.230618231 2217521.337532261
4272444.218283031 -4177026.3725306387 2210952.755000305
4269070.691431357 -4183503.127438358 2205216.092421621
4266643.730705643 -4188722.463732936 2199999.181147418
4265092.250889894 -4194075.583483295 2192797.093081855
4262007.141326844 -4199390.000764483 2188620.512733597
4258677.409120613 -4204613.9719032375 2185069.58065912
4257315.733916655 -4208702.196657134 2179846.224300949
4253571.787313225 -4214700.316769499 2175561.8331815014
4249446.593516869 -4219882.936295715 2173576.0057582827
4246138.836306599 -4223964.1079913825 2172112.611539606
4243343.439633976 -4228114.375602859 2169499.085073728
4241242.143866786 -4231186.857988439 2167617.0902339295
4239810.953401208 -4233156.299114246 2166571.4450921123
4239182.17491762 -4235336.560038034 2163538.7010788405
4238258.801169099 -4238554.697780487 2159040.8537671627
4235800.716639949 -4242607.620579856 2155902.1004466377
4234089.806315694 -4246226.588904084 2152134.8163480638
4231108.456602209 -4250203.94947065 2150146.184884499
4229315.865805343 -4253151.492981358 2147843.263601337
4227726.8949816 -4256156.768428916 2145016.5183527027
4224836.806245287 -4260974.730356014 2141142.0569085614
4221112.50055416 -4265400.060860459 2139675.811537115
4219250.210617826 -4268134.578281903 2137895.198992643
4218634.790164526 -4269896.287617554 2135590.597517074
4219596.383161699 -4271615.092708714 2130246.901875891
4218397.908618166 -4275772.008020765 2124272.539009989
4215450.43579533 -4281743.67523187 2118086.335106486
4213121.8198622875 -4286106.658005766 2113891.020653365
4209621.656078729 -4292125.460360911 2108645.428988625
4205844.925722558 -4297267.348628537 2105707.195975944
4201227.5994447665 -4302603.155958032 2104027.979852822
4196601.585477547 -4307781.604914478 2102663.495932667
4191182.027044993 -4312747.57335888 2103293.2711968883
4177220.789918164 -4324279.208662699 2107386.247891682
4171590.0870699966 -4327358.900223124 2112212.606277849
4166076.419794481 -4329798.903120972 2118086.335106486
4161396.7557322783 -4329621.476357444 2127626.826500656
4159774.107865623 -4330201.73101474 2129618.1207549195
4156046.251538314 -4331614.369420093 2134019.0977842025
4153038.540434137 -4333775.735820425 2135485.835420791
4149201.7649868657 -4334918.514276717 2140618.4125179406
4146295.9982173983 -4335213.859615305 2145644.725150404
4143320.437592091 -4336191.702364038 2149413.47157334
4141138.775020385 -4335574.6425164025 2154855.7179522333
4138844.31937238 -4337868.998284707 2154646.4335754537
4135148.156029658 -4338844.39596495 2159773.1444038446
4131787.7507397034 -4340169.498046296 2163538.7010788405
4129434.0796536594 -4340426.778528174 2167512.528690545
4128747.3098021518 -4340766.761491133 2168139.8880458064
4128541.1364188697 -4340701.707268162 2168662.6693463544
4126414.502156246 -4342410.081614986 2169289.9851064514
4125014.2605363494 -4343061.234742316 2170649.087634916
4123828.4937467254 -4342723.442881723 2173576.0057582827
4124774.3366070734 -4340987.504796765 2175248.2973826313
4124107.78407693 -4341044.594154766 2176397.8994834013
4122445.9344621627 -4342936.991193685 2175770.853733897
4111368.205072926 -4353582.194338163 2175457.3219112167
4107261.0136519605 -4355472.456637077 2179428.284025527
4104894.99265543 -4357075.142325389 2180682.072976838
4102281.70538912 -4357652.48456287 2184442.865678289
4100415.914163899 -4358413.201946085 2186427.3809055523
4096870.7673340803 -4360436.055302222 2189038.218803832
4092078.91798927 -4361891.164114172 2195093.7568519665
4089651.0400980473 -4363116.945014403 2197181.3521767263
4085444.525461296 -4364426.873172903 2202399.168657788
4082906.605379435 -4365379.323434986 2205216.092421621
4078151.8433065373 -4368082.749435843 2208658.3341514147
4073757.267286615 -4370863.433001422 2211265.6053221007
4067814.5570944897 -4375498.505400677 2213038.3092767736
4061156.1387193864 -4379359.383246793 2217625.579152196
4055192.9872106337 -4383351.685532703 2220648.2921469836
4049626.94303636 -4386541.284257463 2224504.03095586
4043659.4998677704 -4390828.3470116155 2226900.374109351
4035870.897781645 -4394977.06394684 2232837.590112721
4029573.7616597116 -4397045.863167622 2240125.884084219
4025186.939449315 -4397186.889952694 2247722.971657052
4022947.4079127903 -4398438.19950854 2249283.565554117
4017663.791520791 -4402680.196338156 2250427.9031052273
4011267.3291863203 -4407552.481614117 2252300.2765216925
4003486.0985670667 -4412443.499044159 2256564.296961906
3999218.324113844 -4414237.695143386 2260619.244111505
3996477.3682105658 -4417251.36414722 2259579.613848621
3992107.372064291 -4421254.293790469 2259475.6470361194
3986648.08273233 -4425912.168239819 2259995.4742152356
3981064.8861067286 -4429342.84661619 2263114.0757235396
3977198.2485894817 -4430637.0841248 2267375.1608842425
3972561.932425496 -4433093.033423952 2270700.0792821203
3967424.161680167 -4435296.742198907 2275374.5471803513
3963273.726778657 -4437354.179577811 2278593.9198570116
3958062.9087339547 -4440403.577590954 2281708.8067108784
3953775.3881233702 -4442301.033157043 2285445.845143079
3949030.2782804347 -4445398.861574015 2287625.367655466
3945429.8074346296 -4448221.064936299 2288351.8068827004
3941309.9289185707 -4451551.757373231 2288974.441892083
3937330.833709547 -4453631.071778614 2291775.988705738
3934968.5298092403 -4455344.788330485 2292502.2326068296
3933512.342686409 -4456203.445195814 2293332.1837358484
3932797.138080707 -4457901.750016054 2291257.222118024
3929557.5559566133 -4461130.632571018 2290530.919581919
3927772.978267595 -4463500.468864737 2288974.441892083
3927823.200592189 -4463243.387938219 2289389.5179535295
3925162.5517278663 -4464146.1009447975 2292190.989410032
3923792.53521633 -4466202.105482891 2290530.919581919
3919304.867651161 -4467852.089690965 2294991.951848633
3915463.848878856 -4468819.969421647 2299659.0897394135
3912449.2302811504 -4468682.62438324 2305050.4599699657
3909773.838423744 -4468615.925781768 2309714.5365232513
3906851.260217902 -4470153.705959477 2311683.3856803467
3901304.543228177 -4474513.550663457 2312615.9097256707
3893779.128593392 -4478333.250402646 2317899.1341446554
3888326.3949500723 -4479635.650876259 2324526.463977772
3885342.1117293597 -4480934.907125279 2327010.965364925
3881896.8451482086 -4483597.5545121 2327632.0269324146
3876616.354956163 -4487143.547533254 2329598.5534673324
3871690.635553822 -4489513.897986275 2333220.431582263
3867521.084665947 -4491331.723404304 2336634.5478072655
3865314.3314862116 -4491939.171842478 2339117.054632884
3863710.6163056954 -4492295.177432889 2341082.081487078
3862451.47249835 -4492892.798196677 2342012.7938394696
3859389.5010200203 -4495200.017575663 2342633.236638676
3856049.630407221 -4496070.914018409 2346458.7326339227
3854916.690219301 -4496178.940835096 2348112.6982024657
3852791.461837119 -4497352.464241785 2349353.052219554
3849882.0294873044 -4499357.510056479 2350283.2501060558
3846890.053060582 -4501106.234943542 2351833.4510368584
3843087.2090248526 -4503813.871582502 2352866.828779439
3838948.5893385666 -4504533.541847081 2358239.2369710975
3836936.512234297 -4504083.108303193 2362370.5371048707
3834432.905609982 -4504806.198541448 2365055.2648845087
3830742.190184028 -4505884.758621988 2368978.2215888235
3827863.2273401567 -4506322.091011921 2372796.941340525
3824698.841613054 -4507377.809958195 2375892.4742631405
3822314.442712782 -4507277.958429797 2379915.693145914
3819359.0613619676 -4508257.417811999 2382803.4780768896
3816665.3840812193 -4506991.443172745 2389505.069491131
3815784.537804268 -4506589.1938531585 2391669.5421608333
3812619.714408391 -4507954.304818942 2394142.8317811033
3808183.1469322345 -4509568.248455217 2398161.0312791434
3803705.5900648367 -4510331.045907034 2403825.8340480225
3800175.022280519 -4510615.512763381 2408870.7927270816
3795897.561469568 -4512566.681998368 2411958.6736400817
3790694.788282886 -4515012.972562201 2415560.3655632376
3785016.276417645 -4517848.1700968435 2419161.1561047593
3780185.1611023997 -4520569.710950948 2421629.747961914
3774751.772978527 -4524171.609172424 2423378.0768080056
3770163.5052759238 -4527500.4487451175 2424303.576307703
3758509.992778951 -4537289.161278723 2424097.9149208064
3752784.5393920653 -4542629.354553819 2422966.724502389
3747210.1449170816 -4547831.374210622 2421835.444776548
3742843.912605102 -4551589.604299512 2421526.898448075
3739939.7393307807 -4555670.324684365 2418338.1978053995
3736923.408282429 -4559617.589332556 2415560.3655632376
3733824.9478994515 -4564930.324811652 2410311.88605513
3729680.4164738734 -4570107.894712756 2406914.793185544
3727897.2104154704 -4572808.633191921 2404546.650157154
3727118.5010606465 -4576255.069062551 2399191.1599392705
3725720.326349916 -4580412.926568106 2393421.4990157657
3723012.980489374 -4584925.702388277 2388989.6715320866
3721558.0618463433 -4587877.335760955 2385587.588900784
3719478.3965037973 -4592026.071368805 2380843.9717484037
3719486.9490628894 -4593675.631814966 2377646.3205069434
3719371.3345533577 -4596648.798113357 2372074.5566920517
3719059.5561698736 -4600038.5277392855 2365984.480290546
3717679.3837581454 -4603752.32820755 2360924.7129256865
3715425.5299973246 -4608690.656937033 2354830.049006805
3711642.3437252496 -4614372.689006507 2349663.1246237396
3709428.05437498 -4617887.632196318 2346251.97406931
3709756.7578485426 -4619617.806143374 2342323.0184498783
3709579.147703519 -4622535.628386542 2336841.439041226
3708305.106477958 -4625907.922461736 2332185.698047058
3707536.4157822467 -4628920.776162198 2327425.009245731
3706307.3574025985 -4631360.86811753 2324526.463977772
3706122.3682703823 -4633118.464968441 2321316.7127676494
3704838.6020580777 -4635492.85762561 2318624.1393555566
3703623.099503652 -4638120.161900969 2315309.5474667503
3703144.6968625733 -4639845.687970918 2312615.9097256707
3700916.0291894064 -4642036.449768226 2311787.0022802977
3700714.7718333323 -4641784.013891457 2312615.9097256707
3700924.4213725915 -4642545.653662922 2310750.8045965214
3702136.8215517323 -4642403.974643993 2309092.741905463
3702619.7457961757 -4642843.315274418 2307434.499146598
3704848.4852102334 -4642146.621765888 2305257.782475311
3705783.6783949807 -4643817.110700588 2300384.961545744
3706129.7705249735 -4645747.437782975 2295925.492772235
3704701.1197656225 -4648781.205450226 2292087.240281242
3702782.9763199496 -4651535.721744345 2289597.0518000517
3701207.2140900576 -4653555.298951499 2288040.479967113
3701137.5146978847 -4653967.838659901 2287314.0261046896
3700494.2990606665 -4656160.93353495 2283888.8553610593
3701236.7364406236 -4655927.185791236 2283162.206553108
3703358.5762724327 -4656427.039743439 2278697.759487988
3706295.058083555 -4655614.16792224 2275582.2687538965
3708573.491630311 -4655473.93366766 2272154.5084166136
3711274.6918304483 -4655195.940728298 2268310.365714002
3713713.586123157 -4654920.667459294 2264881.0078908354
3716144.139734982 -4654800.103575977 2261139.0334215253
3718581.0116062667 -4654519.348813513 2257708.105943271
3719741.6127978014 -4655305.575412351 2254172.427645032
3720742.954979242 -4655059.1902008485 2253028.3617165065
3721946.388656223 -4654399.100955549 2252404.290750903
3725457.5789001896 -4652294.036066407 2250948.029119304
3728580.592964751 -4651200.483585463 2248035.1027644076
3731113.060175816 -4651530.908919111 2243144.341221849
3732839.434739607 -4652352.118617623 2238564.3879162828
3731824.7416738854 -4653416.465362928 2238043.8550930666
3734407.4542790283 -4651644.582219296 2237419.1932079
3737811.5248290896 -4650561.842320329 2233983.1144413305
3739153.1203534203 -4651732.224549477 2229296.358414297
3740077.7113731992 -4653880.428450919 2223253.6226375336
3738036.2892871117 -4656664.156491032 2220856.7341511063
3736760.012817726 -4657738.064817125 2220752.5134872845
3738953.329780126 -4656474.5587778855 2219710.269647913
3739445.2519310974 -4657420.197201401 2216895.8736283546
3740991.181902643 -4658013.248006071 2213038.3092767736
3739165.1899341065 -4661902.792329678 2207928.2228491437
3735495.5211688583 -4665830.605868728 2205842.0089992974
3732565.245086875 -4666843.264365438 2208658.3341514147
3733189.1638984974 -4666788.379006012 2207719.6135662855
3733691.3589889356 -4668752.388885598 2202712.184350554
3730841.742472651 -4673879.333961053 2196659.47843434
3724088.2899455507 -4680143.753218765 2194780.594478136
3717771.4555304926 -4685114.333458587 2194884.9826046904
3712282.434011178 -4689953.249681312 2193841.0712573826
3706969.800490089 -4695859.605689321 2190186.8554782723
3696131.2521248194 -4704881.42813397 2189142.6436544224
3685974.7240941143 -4712066.23429563 2190813.350550503
3677651.0789332814 -4717692.476398689 2192692.6915899743
3670284.498805056 -4722164.883109294 2195406.913207824
3664514.8696278874 -4724945.191921894 2199059.9590757582
3660380.5891653183 -4725913.316351926 2203859.8568850295
3658778.009434865 -4725547.656126838 2207302.386930707
3656585.7553071147 -4726123.338353072 2209701.293107173
3654545.0883036717 -4725700.823958936 2213976.7207424156
3653151.242808396 -4724920.813595054 2217938.299958709
3653825.4265991165 -4721704.199003837 2223670.436248886
3656363.3793469826 -4718855.052147667 2225545.9633516325
3657640.237862185 -4716931.128224856 2227525.44810488
3659351.081021402 -4714717.804031435 2229400.5234987494
3662506.173269967 -4711478.456801491 2231067.072468872
3666115.8474525954 -4709163.605519894 2230025.499742953
3668513.0428239508 -4706308.994751111 2232108.577232602
3673319.5388167915 -4702311.23556673 2232629.304118731
3680883.7330940994 -4696936.929323029 2231483.6825316036
3689080.177216344 -4691690.463148752 2228983.8590865727
3696657.067704483 -4685821.933527714 2228775.5228064335
3702117.205938376 -4680467.247067367 2230962.9182540555
3707653.3173509603 -4674541.340452269 2234191.3827465917
3711020.1972992015 -4670074.494732258 2237939.7464830554
3708893.0104697184 -4668066.614074971 2245641.9401693386
3706564.5375632 -4666306.338742672 2253132.3711422007
3702132.085985013 -4667914.934927811 2257084.2204486197
3694787.4857225805 -4671870.814463103 2260931.1197636425
3687984.168458371 -4675835.188594835 2263841.660165025
3682131.114963184 -4679490.107539797 2265816.3618566175
3678249.9413342196 -4682792.874418487 2265296.7276651105
3672666.7909481833 -4686620.298451665 2266439.9001092436
3669068.3497929964 -4688935.60284698 2267479.0752951438
3666597.09777742 -4690667.35488775 2267894.726031295
3664964.0732745025 -4692796.88687846 2266128.1340892897
3662078.75813647 -4695349.736893357 2265504.583412081
3659668.376918412 -4697328.933193108 2265296.7276651105
3655780.8550184974 -4699102.132505706 2267894.726031295
3654280.112458257 -4700219.148328219 2267998.636988311
3652444.8854470155 -4701244.329396187 2268829.8997703944
3648909.8803798216 -4703637.711089017 2269557.2184212035
3646444.501584261 -4704696.951615794 2271323.4226597846
3644120.647477952 -4706447.033418178 2271427.310801317
3641082.7498843316 -4707443.689188497 2274232.02897465
3638499.8411001605 -4708687.698166 2275789.9875547136
3635953.558887228 -4709298.51103176 2278593.9198570116
3632397.794816586 -4711489.201330278 2279736.117615322
3629468.8938908707 -4712791.260989246 2281708.8067108784
3627173.0945009147 -4713553.03202943 2283785.050475379
3625562.8540161042 -4713332.485445414 2286795.1095853695
3625014.7570411386 -4713300.792673117 2287729.146778733
3623226.666112008 -4713869.446755962 2289389.5179535295
3621523.0377416587 -4715228.800601922 2289285.749984171
3617591.929691602 -4716582.634603969 2292709.724579733
3616049.6760262316 -4716958.1367340125 2294369.559772223
3614037.5241951267 -4717743.09446245 2295925.492772235
3612036.687936879 -4719224.703705634 2296029.2160450504
3610102.6358595905 -4720452.103369586 2296547.8219173406
3607049.4766318537 -4723289.763712296 2295510.5926874983
3602274.240382654 -4725067.207132155 2299347.9913140396
3599706.6778414687 -4726317.111223654 2300799.7300195494
3599050.877754171 -4726311.673640374 2301836.6021391824
3597164.0821114145 -4729311.592979814 2298622.070474891
3593234.87093389 -4732196.866626282 2298829.479930409
3588364.276778675 -4736243.549636686 2298103.5345831425
3584159.18329604 -4738420.314934368 2300177.5731042908
3580888.4873640854 -4741144.029877415 2299659.0897394135
3577845.3773190207 -4741931.572678265 2302769.727096904
3576124.8321715626 -4743782.779284456 2301629.2333236816
3573612.7928343993 -4745273.077457806 2302458.691756367
3571102.9378853096 -4748318.119454435 2300073.877832537
3567414.8485683226 -4750487.0230698995 2301318.1748421355
3563428.257474421 -4752775.151193128 2302769.727096904
3562298.909563605 -4754726.009818838 2300488.65471538
3559511.679207775 -4756712.661274862 2300696.038952314
3556852.266975727 -4758350.592945189 2301421.861703715
3556030.394759416 -4758463.281806716 2302458.691756367
3556297.098936688 -4759166.607313908 2300592.3471842473
3555885.802029117 -4760175.3870605165 2299140.5888616308
3554157.167563878 -4762367.135032061 2297273.8407557863
3552932.6684399913 -4762980.56858328 2297896.1153259263
3552958.203683651 -4763361.723567357 2297066.410300419
3553316.210710239 -4763494.736610344 2296236.6604924193
3552858.912374629 -4765484.334540849 2292813.4695186014
3550875.709343643 -4767510.991696331 2291672.236784299
3549723.6414751736 -4768917.191102341 2290530.919581919
3549189.6956756352 -4770111.587262381 2288870.6711334884
3548583.8732254505 -4771557.567656572 2286795.1095853695
3547655.74445434 -4773440.545770307 2284304.067946342
3546488.2290919055 -4775350.451520102 2282124.0777134174
3545009.52347787 -4777538.935751074 2279839.9496091176
3543232.559777757 -4779500.704551189 2278490.079531936
3542491.838298159 -4780594.065413726 2277347.790154592
3542262.53660616 -4781505.730865771 2275789.9875547136
3542379.267836659 -4782012.273471738 2274543.6331639523
3543149.2873152043 -4782528.194608808 2272258.391021929
3542259.821825287 -4784469.290004326 2269557.2184212035
3540310.924471912 -4786551.893300742 2268206.4568296964
3539274.2193998336 -4787072.316405095 2268725.99434124
3538712.8776069586 -4787536.526303952 2268622.088220991
3537976.7145142336 -4789163.079159414 2266335.9787929473
3536504.173136534 -4792068.071358577 2262490.4050301667
3534379.294996497 -4794616.214817466 2260411.3235669066
3530922.1973419785 -4798337.680076934 2257916.0622732616
3527590.5167606426 -4801178.706095226 2257084.2204486197
3525774.9259545538 -4803098.418706905 2255836.3752110642
3524419.1757986452 -4805118.239678581 2253652.4079748886
3522762.133801042 -4808135.930736141 2249803.7292665388
3519549.444659677 -4811849.4754686495 2246890.591913155
3515765.0319757815 -4815488.897018128 2245017.577354678
3511052.4475708916 -4820330.907354219 2241999.4768090607
3507235.606354472 -4823930.870724391 2240229.9783708807
3504923.685590426 -4826238.916894543 2238876.6994275977
3500687.0669508586 -4829795.308312711 2237835.637191328
3496179.319497452 -4833155.771394563 2237627.416562855
3492605.5424980647 -4835498.032274987 2238147.963021331
3489498.0581528964 -4837596.496696805 2238460.282715324
3486683.683615786 -4840635.997767878 2236273.916031138
3480324.670018614 -4844633.180110707 2237523.305226172
3475292.0526723326 -4847619.753383377 2238876.6994275977
3472997.240236102 -4849600.48508492 2238147.963021331
3468311.474500903 -4852712.632829465 2238668.4924353356
3465369.173439899 -4854862.199169557 2238564.3879162828
3460029.4776498275 -4859388.414455572 2237002.7383195627
3452845.270634599 -4864016.88316729 2238043.8550930666
3446086.911260419 -4867083.081171407 2241791.3107634853
3440599.7379544354 -4869237.524124252 2245537.881410198
3435954.214168813 -4871317.07266286 2248139.145097321
3431043.8473291746 -4874824.847565667 2248035.1027644076
3424158.517946547 -4878416.647123879 2250739.980770485
3417151.106842635 -4881648.1014766805 2254380.4307066896
3411771.896006379 -4883391.407025561 2258747.8600786673
3407687.29553968 -4885713.730678621 2259891.5101561537
3402501.5253495034 -4889182.442843688 2260203.4002680657
3397262.5734164687 -4892391.877068034 2261139.0334215253
3391650.8780722455 -4897435.360426141 2258643.887760848
3385212.469125105 -4902749.888315227 2256772.2684189794
3380135.2648315784 -4904911.48848205 2259683.579972815
3378805.0854040436 -4904629.959847149 2262282.509285153
3377308.861072489 -4905756.242636746 2262074.6107836165
3373819.8749723826 -4908204.272672646 2261970.660499231
3367392.865061036 -4911514.430626099 2264361.3426499786
3363132.71518947 -4912467.115498905 2268622.088220991
3361973.3028876227 -4913164.702773433 2268829.8997703944
3359031.2361283004 -4914936.7625967115 2269349.4165486596
3355717.629195486 -4917822.930497375 2267998.636988311
3348354.4341546316 -4921593.7188298255 2270700.0792821203
3342116.645752621 -4924058.14212389 2274543.6331639523
3336595.4925132073 -4925352.913599882 2279839.9496091176
3332782.8032899285 -4926202.783882766 2283577.438617008
3330243.30758695 -4926523.920866767 2286587.538101237
3325375.598702146 -4930628.933046363 2284823.068021334
3315393.323580319 -4934942.009878847 2290012.1111234296
3308691.9714437425 -4936498.6872913875 2296340.381666909
3303369.4378129863 -4937310.013012516 2302251.3313557785
3301227.264345284 -4936904.294095139 2306190.698985741
3298226.758413788 -4938570.502997601 2306916.261376926
3290520.2043338013 -4943079.6816512495 2308263.6430264246
3282120.328095243 -4945416.92262993 2315205.9548276654
3277252.2389374054 -4946509.547198517 2319763.363331201
3273280.984154572 -4947826.896731408 2322559.2777695307
3269078.0824574297 -4949730.044518644 2324422.9342324776
3262071.718935169 -4953961.665065806 2325251.15236651
3254309.858362505 -4957606.685186247 2328356.5664994786
3247178.3456522482 -4959752.191841044 2333737.7716991007
3244012.4097394124 -4959826.340240232 2337979.2899245024
3240241.9135045297 -4961997.969752838 2338599.8995418637
3233612.67687295 -4966223.210646557 2338806.763715627
3227197.7863758556 -4968689.353341785 2342426.4252263648
3221672.423277708 -4970811.282580293 2345528.2965814783
3216817.168057022 -4972442.269921384 2348732.888089379
3213015.6013122 -4974557.90209936 2349456.410403312
3208408.6157449055 -4977140.122468402 2350283.2501060558
3202380.9615483945 -4979995.961042054 2352453.486281335
3196850.093206458 -4982474.5375796445 2354726.728080429
3192203.8597053452 -4983840.929225368 2358135.939732973
3187872.2770569692 -4986270.704466875 2358859.00531317
3182160.022383408 -4988647.791195433 2361544.369124947
3176256.4990627947 -4992066.606500855 2362267.2686257176
3169451.622934507 -4995412.819025805 2364332.501445276
3162310.4862229056 -4998030.574169402 2368358.876604753
3153347.655779529 -5000460.5673666755 2375170.2414775863
3142339.0800176994 -5002332.861610706 2385793.79826572
3136187.4828971666 -5000674.45213932 2397336.8757519787
3133778.8840691755 -4998771.999409974 2404443.6786244274
3134032.7368682716 -4997820.05010025 2406091.135234471
3128441.202448539 -5003054.314261479 2402487.080375652
3118010.964730715 -5007930.207549012 2405885.213416703
3109662.990200079 -5010099.746466947 2412164.508865791
3105089.9355728966 -5009363.815926359 2419572.617569395
3103617.9556653015 -5009331.698476792 2421526.898448075
3099486.9419968626 -5012037.851004112 2421218.3454808486
3091431.6796814594 -5016414.553269365 2422452.5175138502
3081712.0723535954 -5018863.852087116 2429752.5259423805
3076971.8212423204 -5016836.705187711 2439925.1801565634
3077832.738740034 -5014508.510222791 2443622.5226583644
3074510.986676912 -5017145.940704717 2442390.182274965
3066715.6021940247 -5018963.841249997 2448448.1565850694
3063704.3832927337 -5016790.496557662 2456658.21095276
3065666.810065806 -5012723.547386468 2462504.9537286563
3067728.18833384 -5011966.081018191 2461479.385496683
3063627.6145232916 -5013516.711460207 2463427.9010029
3060676.6247317116 -5011635.9175039865 2470911.7809433974
3063637.5739207882 -5007245.4588772105 2476137.8657526933
3068549.674393154 -5004084.627675401 2476445.2214503787
3070779.748800709 -5004388.824326393 2473063.9355488904
3067688.1014871355 -5005423.699029977 2474805.9126289696
3066623.1199208624 -5003490.000054056 2480030.5360470666
3069250.834808069 -4999743.629209527 2484331.691865788
3073112.1692260425 -4997422.074014646 2484229.2988985474
3073987.987769297 -4997086.996667086 2483819.719462503
3072607.919994666 -4997579.421254594 2484536.475529925
3070212.456705809 -4996810.144580929 2489040.949783992
3072523.143648621 -4993143.405759284 2493543.9561528023
3077251.7911383887 -4989309.8485425785 2495385.6714286893
3081787.1829917287 -4987891.268626061 2492623.0062149013
3083000.6809941647 -4987908.240080161 2491087.952989606
3082286.625670213 -4987531.508810366 2492725.3370233807
3084558.5126271085 -4984591.012222538 2495794.908050327
3088838.3472513114 -4981786.259077328 2496101.8275339077
3092793.029634254 -4980203.596379742 2494362.5266693006
3094154.1753373044 -4980843.503498405 2491394.97729695
3093243.7394257197 -4981511.3250582265 2491190.295184258
3093544.2040525093 -4980249.4277988905 2493339.305927285
3097199.1491209306 -4978182.244948604 2492929.996362325
3099703.027325914 -4977750.734050238 2490678.5766230235
3099590.187415282 -4978537.706550895 2489245.663756363
3097714.448497977 -4979397.9991848925 2489859.7874740567
3097155.2548350533 -4979080.360932869 2491190.295184258
3097773.4674864854 -4979105.35688061 2490371.5363815846
3099741.0053698556 -4978392.6258298 2489348.019605163
3099096.6975656305 -4979100.758955224 2488733.873138974
3098302.854099741 -4978212.685551735 2491497.3172149286
3098900.293980136 -4975687.464554007 2495794.908050327
3101449.4135163976 -4972814.898463334 2498352.361261295
3103816.085293702 -4970618.173379051 2499784.3273262596
3104990.127982005 -4969215.9021415915 2501113.8764633285
3105052.933351002 -4967579.8765275 2504283.820058613
3105570.945393306 -4965708.612239514 2507350.809412048
3105861.2770856237 -4963667.35532095 2511030.289188323
3106995.190891413 -4961819.596415556 2513278.372246934
3108627.205133516 -4960383.088350848 2514095.7651423463
3108304.195570166 -4960637.281497545 2513993.593710523
3107797.4726421856 -4958674.418489817 2518488.4118164056
3110596.710583332 -4955257.165173373 2521756.4377048984
3114707.3440587185 -4952778.373553734 2521552.20912142
3115726.835108134 -4952864.80311548 2520122.5230228235
3115406.142676199 -4952546.798833044 2521143.7427374055
3115779.2573104855 -4950647.338332578 2524411.129585331
3119651.636172455 -4947218.053193774 2526350.768020969
3123238.0568794236 -4945632.464176677 2525023.6769863702
3125466.337254893 -4944380.971441907 2524717.406746679
3126580.3725447166 -4944041.494130998 2524002.749271298
3126932.8685902 -4942879.959298042 2525840.3637799546
3128602.0002402086 -4940936.329139066 2527575.6596958167
3130778.611792841 -4938460.114368601 2529718.953309033
3132510.697695097 -4937570.753342286 2529310.733097987
3131381.9351487607 -4938077.580748712 2529718.953309033
3130799.0121385464 -4937348.866448762 2531861.9070892143
3130176.898045327 -4936748.801576642 2533800.476966353
3130306.111067485 -4935619.131448971 2535840.7758154804
3131016.458788902 -4934644.279843525 2536860.8093863907
3130437.2711601825 -4935064.157001768 2536758.809506261
3130141.0515830824 -4933835.6359021235 2539512.5349359154
3130019.32254878 -4933072.741428347 2541144.106155314
3131858.716140878 -4930643.603217026 2543591.0913878116
3130950.51484588 -4931115.182117088 2543794.9866843983
3129185.064215115 -4930236.050752376 2547668.408124309
3130921.326102919 -4927077.501910251 2551642.5964315194
3133948.2268326925 -4923673.84561289 2554495.130854588
3137029.106971407 -4920547.785644466 2556735.979956381
3138650.496246552 -4919301.96930266 2557143.3665765096
3139742.5550403255 -4918552.085465057 2557245.211284243
3139189.9548535026 -4917686.411686497 2559587.4245004514
3141626.2357431496 -4915069.594691548 2561623.796389508
3144528.887859954 -4913372.297067406 2561318.3604981247
3148073.55663402 -4912110.401761456 2559383.7701541637
3149774.642585065 -4911178.987116351 2559078.2827875623
3151091.756132087 -4909272.152828797 2561114.732669373
3152889.8990742303 -4906043.790859822 2565084.9121386767
3156746.4099231004 -4902444.6180831725 2567222.2089380864
3159962.233572448 -4899732.477911606 2568443.3665732266
3161113.003369653 -4897762.473071274 2570783.6037484845
3162921.809376223 -4893064.178076463 2577496.7656618212
3168015.999940256 -4887836.321992261 2581157.049374504
3171748.7909149146 -4883318.436640187 2585121.206771514
3174214.8798610657 -4878536.546145281 2591115.9882169445
3178875.7730279784 -4872852.649594569 2596092.616798361
3181305.794763279 -4868774.708615495 2600762.825970813
3183350.264931163 -4864669.109704677 2605938.7068478423
3183750.7163888155 -4860650.877738029 2612938.0820521233
3185756.4841722483 -4856497.766731123 2618210.470013839
3186234.329349593 -4854269.965683598 2621757.9786731484
3186148.943413588 -4852847.346170644 2624493.959823303
3183323.1106999456 -4852234.250935483 2629052.6329710865
3183019.7509882357 -4849741.533930174 2634014.677045554
3182590.7850888832 -4849087.949000931 2635735.752597605
3180918.7268168977 -4848753.8392328145 2638367.5369270677
3178933.074736576 -4848678.731810226 2640897.586434778
3176008.4717525057 -4848830.747476754 2644135.3160684374
3173929.6097254613 -4848425.7400109125 2647372.220921649
3171291.1674450785 -4848826.321416342 2649799.3576919925
3168085.938853432 -4849097.06224389 2653135.911516191
3164042.864172518 -4849190.709723568 2657785.396605531
3161225.6048395215 -4849310.285783542 2660917.7791696126
3156554.4242798667 -4849912.207719601 2665362.403871485
3153304.333302365 -4849916.067085793 2669199.678517813
3149147.782729691 -4850559.613246981 2672934.844111613
3144711.0613857447 -4851879.835298164 2675760.715053797
3140502.158866239 -4852434.258028111 2679695.68452682
3136216.178464076 -4852864.96212923 2683931.955411436
3131904.102429423 -4853808.235064928 2687259.4423318403
3127209.907358646 -4855829.475758292 2689074.059537014
3121243.3969810423 -4856986.739724439 2693911.7407486103
3116369.035384539 -4858159.439252372 2697438.0248857467
3111459.714756526 -4859459.2994590625 2700761.8851627917
3106302.487649332 -4861862.329824861 2702373.1313520637
3100092.2602431052 -4863921.792186523 2705796.3296364048
3094696.1678637546 -4865004.453509447 2710023.670734746
3090299.6306338236 -4866340.94030083 2712639.866561078
3085067.7494058413 -4868986.712930932 2713847.1531901015
3077771.223377149 -4871752.363057543 2717166.577446951
3072419.1824246617 -4873446.762362994 2720183.4537182627
3065814.7273050686 -4875977.089263658 2723099.058575589
3060047.279771389 -4878700.789731609 2724707.369578593
3053343.325190882 -4881440.244000374 2727320.4217263977
3046390.5113229123 -4884154.62747562 2730234.3173123826
3041715.876181618 -4884820.333740747 2734252.3357688924
3038194.39706328 -4886955.160365041 2734352.769163991
3033023.6878164015 -4889098.576955713 2736260.845379003
3028040.6698554233 -4889825.463243159 2740477.6300346507
3025617.0842127716 -4888961.332764048 2744692.9421080593
3023413.631987204 -4890549.551247946 2744291.547321907
3018129.7590394933 -4893643.351012325 2744592.594665567
3010199.0625166525 -4894922.806808873 2751013.1441718363
3006674.740554646 -4894550.746723117 2755525.538307136
3004352.7299463144 -4895750.6556333145 2755926.5577896126
2996245.9572485024 -4900941.763723497 2755525.538307136
2986037.0417879904 -4904802.070827235 2759735.572673387
2977724.296898441 -4906751.570163642 2765246.4700921904
2970930.154485093 -4908101.634340035 2770154.0325692836
2964931.579401142 -4910371.617728202 2772556.997661034
2956430.0863991855 -4913912.890082712 2775359.842058805
2947058.686205723 -4915411.110675452 2782664.139472767
2941820.7281173402 -4915034.897243769 2788864.242392429
2938050.481892734 -4914962.94430502 2792962.517105877
2935980.7662970875 -4913642.356856049 2797458.9771511746
2933689.5000675493 -4913702.315848099 2799756.501630533
2931680.414370819 -4913648.984831899 2801953.711583222
2929110.369870106 -4914213.3635144755 2803651.2727112058
2925842.3499277076 -4913994.354622372 2807444.928419606
2923192.8162692557 -4914030.910804179 2810139.6702962783
2921701.7045648475 -4914061.503139189 2811636.4795094477
2919957.2115585967 -4914641.588835434 2812434.698967439
2917064.4738612315 -4915045.774656872 2814729.274435523
2915208.8559906865 -4915632.488622962 2815627.0283451793
2913324.176946028 -4915778.33401504 2817322.5961629013
2912744.772455806 -4915778.705597286 2817920.9726547776
2911600.4245845852 -4915999.23923005 2818718.7599064284
2910159.083421552 -4916109.25875163 2820015.0469803405
2909814.4492355674 -4914939.981326632 2822407.8108907067
2910293.5442372 -4914770.803218029 2822208.4328069873
2908054.970092573 -4915294.263992834 2823604.0071651386
2908123.8730712305 -4913649.338429862 2826394.650048179
2908855.749058399 -4912929.443536705 2826892.9081236916
2908789.1742282216 -4913599.442633509 2825796.7119459193
2903359.554218427 -4916752.383679181 2825896.3704484403
2901459.833142206 -4916670.626749645 2827989.000105844
2899210.119836819 -4917367.162674185 2829084.987851977
2898919.6673396165 -4916678.382193632 2830579.348540042
2896648.7090754844 -4917729.950507332 2831077.425662266
2895130.080335687 -4916328.959195409 2835061.2661655243
2897696.905439695 -4912056.812669536 2839840.0506563797
2904123.343720413 -4907280.72987682 2841532.059055078
2905785.5830927826 -4906181.354842969 2841731.102423547
2907137.897562504 -4904168.963758289 2843820.848693849
2907192.7058217493 -4902115.63609175 2847302.9100539335
2911370.512755981 -4898826.088327725 2848695.43717377
2913916.697801644 -4897659.083422412 2848098.6606581435
2914556.657051669 -4897567.477623688 2847601.323036381
2914131.503500066 -4897242.034294554 2848595.9765903945
2915119.101473229 -4895207.01682542 2851082.230776426
2917220.2997260625 -4894070.988984347 2850883.3504105275
2916391.547247639 -4894622.809548993 2850783.9089249196
2914200.576653848 -4894247.501037486 2853667.3593148002
2913111.8926448193 -4892807.634854162 2857245.7978347144
2913231.654206643 -4892620.246447009 2857444.566913809
2912400.6276713363 -4894333.27130482 2855357.317979358
2912393.048574693 -4893931.789675914 2856053.1102578095
2912436.3990239175 -4893615.929948501 2856550.0786429173
2913478.982056105 -4892647.095547793 2857146.4119896013
2913419.101275185 -4892740.789751385 2857047.0252741524
2913632.0480127702 -4892904.141407029 2856550.0786429173
2913436.791303921 -4892382.001359975 2857643.3325111936
2912933.2900440977 -4892507.657304168 2857941.4743785355
2912011.658655139 -4892707.953647521 2858537.734606776
2911464.9003378246 -4893149.433928919 2858338.9846800813
2909636.83523537 -4894352.756538296 2858140.231270587
2907517.4283958166 -4895844.154395712 2857742.714004169
2906586.5122809666 -4896222.863363553 2858040.853259866
2906599.0419295374 -4897607.023963749 2855655.5198894786
2904577.0963066947 -4899849.044138507 2853866.1910232473
2903066.668912766 -4901785.80670947 2852076.5804917156
2901577.2876566383 -4902783.263432455 2851877.717498026
2900996.7750134105 -4904340.81432469 2849789.446311927
2898058.534831727 -4905037.467759821 2851579.4164920803
2896638.065630672 -4905760.851454537 2851778.2846980686
2894135.054079596 -4907584.576485828 2851181.6696566567
2889946.0443185023 -4908897.259141517 2853170.2648318685
2887877.555646483 -4908322.453351152 2856251.900222075
2886277.8211016054 -4907759.051258823 2858835.85296604
2884124.8559523677 -4908214.1869428735 2860226.968331436
2881124.840232748 -4908991.520531967 2861915.9502576357
2879152.783882138 -4909163.725359982 2863604.6802366846
2880194.640154386 -4907799.034540324 2864895.8918939824
2880578.1477907514 -4907863.8168677 2864399.289476104
2880932.342602154 -4908467.285966547 2863008.68666951
2879789.0251794555 -4909659.455862077 2862114.6374525344
2879758.1743131373 -4909214.18389916 2862909.35135571
2881442.2589441976 -4908747.290665409 2862015.2942909948
2882750.697048936 -4910583.671177793 2857543.9501477303
2878963.498828047 -4913556.273707828 2856251.900222075
2879251.0301383594 -4911884.777887519 2858835.85296604
2882403.1277290657 -4911365.885114124 2856550.0786429173
2882947.698307133 -4913472.415570057 2852374.8684662324
2878430.9663155815 -4916581.231261641 2851579.4164920803
2876414.4535526824 -4916088.2603850495 2854462.665283524
2877837.513406157 -4915370.805465423 2854263.8440078516
2878435.328644882 -4916982.324674462 2850883.3504105275
2875231.806134156 -4919778.157602647 2849292.182449955
2873588.545867057 -4919528.316590114 2851380.544811529
2874861.7670255937 -4918553.79511285 2851778.2846980686
2877524.7648024065 -4918379.7664658455 2849391.636958359
2876027.207395991 -4921730.698337625 2845114.30971746
2870077.5526194507 -4924167.714810611 2846905.013934745
2868356.3130654925 -4923386.993748718 2849988.3457802585
2869140.4166322118 -4922757.363832759 2850286.6884715105
2868201.999407233 -4924109.994754895 2848894.355737204
2864352.628302557 -4925602.268510292 2850187.2417759662
2861531.265078204 -4926090.92720087 2852176.010685387
2863111.3642558134 -4924654.412120927 2853070.843327784
2865290.431038625 -4925632.197981223 2849192.727073608
2864916.528587797 -4926769.833193541 2847601.323036381
2867562.8722225423 -4925977.4791131355 2846308.143740063
2869230.3049171297 -4926270.756359816 2844119.3526958833
2869155.4457343128 -4927921.949651555 2841333.0122242887
2867453.6153973965 -4929944.746400345 2839541.434982775
2867095.8126367466 -4929923.502510069 2839939.587484159
2868010.7153251134 -4930308.554599052 2838346.8944489025
2868449.6116575985 -4931657.13906262 2835559.14911223
2868013.37666443 -4933284.204482662 2833169.114097457
2866943.6600387036 -4934020.315201432 2832969.922068259
2868432.3404272157 -4933212.202154903 2832870.3247591867
2871447.3117162767 -4931858.347275103 2832173.1194350147
2874513.482913057 -4930987.100791248 2830579.348540042
2877640.4829930263 -4930020.728369228 2829084.987851977
2878495.802948765 -4930893.038979557 2826693.6074766363
2879295.1888924483 -4930483.426998616 2826593.9558615037
2879752.3594526355 -4930673.41151111 2825796.7119459193
2879557.33306185 -4931129.9545822535 2825198.7428553314
2877965.0555199394 -4933543.028632668 2822607.1855354086
2874345.1603302374 -4934854.56557711 2824002.7117354004
2872499.679990986 -4936043.067670007 2823803.3611706286
2870540.5217537307 -4936441.361000903 2825099.0783279394
2869112.3450633488 -4937157.5086793285 2825298.4065221185
2869667.070208989 -4937120.255427165 2824800.0795824393
2868095.1450447133 -4939970.835019367 2821410.886086783
2864214.059682398 -4941823.657918261 2822108.742475571
2861157.6390253524 -4943309.280311192 2822607.1855354086
2858543.0221714377 -4947152.882525106 2818519.318244693
2850511.2374558668 -4950990.221470617 2819915.337743344
2848682.469996427 -4952610.359938086 2818918.1981336395
2846652.3576354575 -4955082.043279075 2816624.4512078203
2840645.3304503327 -4958641.494930444 2816424.9734982625
2837708.8665627884 -4959132.811421006 2818519.318244693
2834692.3354435135 -4960687.728863063 2818818.479449365
2832313.981390436 -4962555.783333081 2817920.9726547776
2826542.1489516124 -4964713.281566202 2819915.337743344
2822997.8483129186 -4965540.158219349 2822009.051284492
2819758.873802649 -4966700.392686955 2823205.2888329737
2816165.925218032 -4968851.782035811 2823005.924506785
2811689.6736218124 -4971669.095922694 2822507.4986429503
2806841.3447513427 -4973219.612008337 2824600.7427829728
2803627.4755384736 -4974013.194653267 2826394.650048179
2802306.749482424 -4975323.470051101 2825398.06932827
2797008.3046121746 -4979321.836821908 2823604.0071651386
2790118.1195506984 -4981094.724873399 2827291.4990841085
2789200.806219963 -4978438.066872047 2832870.3247591867
2790031.127653984 -4978086.137247297 2832671.127552248
2788669.6876338213 -4978508.892922436 2833268.708817522
2784623.5551861553 -4979639.645166103 2835260.4219352463
2783637.025023018 -4977467.598107725 2840039.1234468427
2783906.2389609884 -4976521.696488717 2841432.536072458
2783393.501158396 -4976012.782105391 2842825.779050305
2780525.680835754 -4976592.504938059 2844616.842038169
2778122.509200956 -4975145.912279269 2849491.0905987886
2778609.980146828 -4973163.778580333 2852474.2960533453
2780501.8107763836 -4971250.446565013 2853965.60557348
2780158.3085376425 -4972469.485430745 2852176.010685387
2779123.474117279 -4970822.300887147 2856053.1102578095
2779899.8058036 -4969359.780884577 2857842.094626627
2782877.9844935504 -4966949.174518757 2859133.963487643
2784468.3451407463 -4967144.3995182 2857245.7978347144
2783850.6433394365 -4967261.939915483 2857643.3325111936
2785042.461299259 -4966136.287939571 2858438.360078794
2786553.6470704456 -4965174.08106246 2858637.1082639988
2786515.820986386 -4965309.73062332 2858438.360078794
2787672.9411465256 -4965746.894617628 2856550.0786429173
2785863.574519293 -4966990.8403874915 2856152.5056749596
2786356.644989389 -4967057.1661451375 2855556.1201226143
2785438.1469094893 -4967857.970815076 2855059.1082411143
2785800.637470279 -4968911.065106605 2852871.997712362
2782133.168795698 -4970908.37798315 2852971.4209546056
2782039.108604451 -4970333.2145907525 2854065.0192543454
2781983.966630989 -4971048.9410261065 2852871.997712362
2782046.6281303046 -4972382.68050157 2850485.579257827
2778720.1252642022 -4974584.278426773 2849888.8964801556
2778293.6419871897 -4974024.6766524 2851281.1076683677
2778851.5672069835 -4975023.539324452 2848993.813717202
2777405.5189641365 -4976514.167412293 2847800.260687585
2774075.718528144 -4978712.433386455 2847203.437325068
2771530.633325135 -4979048.7527895635 2849093.2708293465
2769836.092776674 -4980503.634834025 2848198.1255798754
2765908.969822488 -4982856.179813513 2847899.7282119677
2760770.9202157035 -4986102.43703192 2847203.437325068
2756189.8185959407 -4987273.044359756 2849590.5433712127
2755034.124321336 -4987854.739730409 2849689.995275602
2751497.1628791266 -4990090.697237774 2849192.727073608
2747195.824753139 -4992176.181915564 2849689.995275602
2742777.642014791 -4993015.34113593 2852474.2960533453
2740557.493073516 -4993723.097696002 2853369.105232629
2735817.3982217885 -4996037.622688748 2853866.1910232473
2730922.4113097987 -4997238.563228917 2856450.6867060848
2727888.126973505 -4996451.437848816 2860723.7538664024
2727799.2826614175 -4995874.076759804 2861816.605352487
2727347.893115272 -4996291.221471483 2861518.5654066065
2724706.1782429414 -4997049.611087433 2862710.6781118633
2723805.2713610055 -4995604.811614009 2866087.6486745765
2726136.8395308605 -4992622.197336364 2869066.490483781
2728074.809551479 -4990992.752985798 2870059.263000316
2728720.450502551 -4989897.433148648 2871349.73656392
2729854.750760581 -4988248.372874623 2873136.3020684477
2730817.8736708728 -4987320.936003108 2873831.0009714863
2733612.319733504 -4986018.605007602 2873434.035421599
2735560.226176752 -4985236.1624885155 2872937.80879026
2735791.9542451943 -4985452.14088248 2872342.307953138
2735908.8218880137 -4984014.961785839 2874724.122243775
2738522.227209491 -4981147.504005594 2877204.642429594
2741318.049520128 -4979437.42291634 2877502.2680504415
2741500.243933897 -4978534.276576279 2878891.0832932694
2741950.524146778 -4976679.286383339 2881668.19804332
2742489.763125208 -4974370.917175321 2885138.6236217143
2744762.3123347037 -4971102.979164967 2888607.9725923757
2748359.376836738 -4968596.579215294 2889499.9167267075
2747199.25983432 -4968546.46332254 2890689.0646644863
2746915.551173087 -4966395.664668419 2894651.9750543726
2748385.403453222 -4963733.520125014 2897821.2876698594
2751776.4792972486 -4961680.879894995 2898118.364399712
2751194.801799441 -4962061.272217674 2898019.3397058714
2750705.451666425 -4960770.343277944 2900692.696482451
2751799.7418533773 -4957845.873197775 2904652.040839226
2754421.52928754 -4955229.380094128 2906631.1822536504
2754780.6193279093 -4954042.714923976 2908313.1740037943
2755200.752361886 -4951542.234743995 2912170.8932909407
2757284.8629130204 -4948577.40821037 2915236.323130711
2758624.402902325 -4945498.912058274 2919190.4553389805
2761968.991361002 -4941354.058815605 2923044.364389093
2764436.3654618897 -4938277.822682155 2925909.2137859394
2765963.839004031 -4935548.254411523 2929069.5569920237
2767224.831067516 -4930733.353055567 2935979.6210785867
2772785.980069308 -4925725.562647115 2939137.048559637
2774997.1333757476 -4923419.991067041 2940912.69869029
2775301.5505517377 -4921951.589093598 2943082.543545818
2775921.460268656 -4917232.0606414005 2950377.9263376174
2780666.8782431562 -4911411.355921706 2955599.9738064646
2785483.6091400594 -4906128.77921645 2959834.8712311946
2786891.107824611 -4904021.769154777 2962000.918430674
2785657.672811525 -4899661.248184937 2970365.6311877007
2789569.4846981885 -4893612.324357609 2976659.4546464323
2793458.4435174363 -4889717.378527285 2979411.8349884762
2793870.7652185266 -4885884.454077493 2985307.396008176
2797677.7387967743 -4880279.364229294 2990905.1467605405
2801283.760932989 -4874534.43682778 2996892.4430004517
2805400.298137863 -4868117.678304123 3003464.738829286
2812400.6007265407 -4860439.81019612 3009346.891352622
2819393.055044805 -4855111.176660312 3011404.865413025
2824983.666057747 -4849913.049335138 3014540.047900454
2831156.437397805 -4844361.269150467 3017674.290067742
2838722.6704202737 -4839259.671901866 3018751.468462787
2845219.3601148883 -4835626.214316667 3018457.703569967
2850301.7624184075 -4831714.512297084 3019926.4452652293
2857339.729254943 -4826881.931785554 3021003.3909652345
2864342.2703595096 -4823526.853941323 3019730.624995986
2870307.937216683 -4822063.629085002 3016401.1176576796
2872825.7832987523 -4820931.680726923 3015813.447243944
2879239.0728818835 -4815815.935561758 3017870.148959312
2886154.813592842 -4813638.795103543 3014735.9655944966
2890283.929475156 -4812142.4822857035 3013168.5212080055
2893628.560913699 -4809149.801078725 3014735.9655944966
2900768.8945729174 -4804108.583300476 3015911.394609747
2908484.3651498947 -4801532.818859167 3012580.668977507
2911153.502752251 -4801021.536426514 3010816.9140919363
2914909.0495296596 -4797389.133734779 3012972.574135642
2919478.8911063955 -4795286.615041874 3011894.799621064
2922821.1961237174 -4793804.184807977 3011012.9015345396
2925210.5707653128 -4793392.89065576 3009346.891352622
2928110.753764274 -4791560.26904055 3009444.8992865873
2929166.1368116806 -4791407.60867092 3008660.8101489516
2933518.523183689 -4788004.98934342 3009836.921854856
2936014.3203410027 -4788138.082603636 3007190.484933294
2937245.028740382 -4786582.529996453 3008464.778699041
2941314.7819791767 -4783096.290881639 3010032.9276380176
2949156.7473124373 -4778635.461922103 3009444.8992865873
2956824.9034509347 -4774450.481425356 3008562.7948822267
2966677.987642318 -4770806.281598013 3004641.4330338086
2970195.9881096473 -4773490.596754553 2996892.4430004517
