-3600523.8814184433 -2679449.0466219587 4521771.951999807
-3597457.859344174 -2682243.9006560976 4522555.2078041015
-3596673.6166701256 -2685274.7209754568 4521380.272443274
-3593541.8204281246 -2688410.569544759 4522006.943204991
-3590212.7971245474 -2690222.716522823 4523573.234387579
-3589503.8034917773 -2694194.101921004 4521771.951999807
-3589502.514925062 -2693801.3848375143 4522006.943204991
-3586567.552514087 -2696788.5685787667 4522555.2078041015
-3586602.2787735094 -2698186.7821203787 4521693.618843226
-3585327.44651 -2698305.7818825687 4522633.525807855
-3584418.4450947717 -2700562.648055074 4522006.943204991
-3585002.079314866 -2701492.836494655 4520988.558454461
-3584041.8339537405 -2701455.8198455456 4521771.951999807
-3584216.7547392915 -2703451.968881614 4520440.101029574
-3586089.6058354317 -2703195.6199954166 4519107.852104957
-3584783.7475701924 -2704272.29799259 4519499.731327183
-3585318.993541493 -2704872.452073867 4518715.938467756
-3585003.5095538474 -2703063.8472365965 4520048.304415461
-3584420.7147280253 -2702526.3003967935 4520831.8632185655
-3584405.7139592697 -2703594.494350983 4520205.0271919295
-3587034.0797061287 -2703514.8695238065 4518167.201564201
-3585649.4951014966 -2704827.2024977733 4518480.773767489
-3585790.838470542 -2706603.5409146603 4517304.764463978
-3584437.569986158 -2704600.1695960346 4519578.103041569
-3581714.3029991095 -2707159.057728307 4520205.0271919295
-3583870.2171202726 -2707707.5923274662 4518167.201564201
-3586151.5314523587 -2708349.8454513703 4515971.579638808
-3585331.1166513367 -2710089.398793108 4515579.390789281
-3585468.771112428 -2712259.0114346645 4514167.226218917
-3586134.0258564013 -2709811.2491853624 4515108.718777813
-3583898.2314613466 -2710677.6067727813 4516363.734097247
-3585345.393437592 -2710985.260587638 4515030.268628596
-3586040.4935213584 -2709150.668439133 4515579.390789281
-3586590.266714854 -2709860.9920389173 4514716.4542784
-3588508.3859985303 -2710719.9702317226 4512676.124718586
-3587787.0142940716 -2709191.686424908 4514167.226218917
-3587205.0223457008 -2709047.1507756477 4514716.4542784
-3581050.7277835747 -2709998.028607325 4519029.472130619
-3583172.1745182117 -2711898.5262995223 4516206.8764409935
-3583587.1927796924 -2707297.270141993 4518637.551610781
-3578989.990679508 -2708929.7670282894 4521301.9323999975
-3582153.544611509 -2709063.1683784486 4518715.938467756
-3579668.032990139 -2704630.873805879 4523338.325843487
-3576062.307728108 -2708481.3035135563 4523886.426488161
-3579920.006926713 -2706784.763348174 4521850.283778977
-3576519.3971398803 -2704998.503172696 4525608.588876822
-3574517.8251805403 -2710257.943904861 4524043.01427022
-3577007.686930267 -2706447.5285495273 4524356.173296918
-3571150.170685283 -2707508.2175398883 4528347.017441182
-3571824.5603043493 -2711064.148591808 4525686.853133656
-3572252.3947208715 -2707754.815085622 4527330.084033152
-3568499.9587366413 -2712567.596762619 4527408.317955214
-3568625.770517985 -2712663.2316134837 4527251.848731989
-3565260.367880714 -2717475.919428273 4527017.134554114
-3565841.4384540226 -2722053.6060030987 4523808.130530038
-3568875.7607868896 -2722891.416012761 4520910.211525088
-3567505.1375399977 -2723126.5311611416 4521850.283778977
-3566333.4259491605 -2727259.613706813 4520283.386514775
-3563155.4692929704 -2729464.440082254 4521458.611109258
-3561296.6256426214 -2733963.0312671177 4520205.0271919295
-3560569.1149090948 -2734392.3392440346 4520518.456221477
-3558240.5385224507 -2737939.331352006 4520205.0271919295
-3560920.3096161494 -2740792.9819478174 4516363.734097247
-3559968.5502621494 -2739961.4848080883 4517618.397221336
-3560152.116585132 -2740498.5671358923 4517147.939828905
-3556701.8424391625 -2742392.9826754127 4518715.938467756
-3555588.8443363924 -2746287.5026640105 4517226.352834455
-3556220.673488699 -2744695.0881506414 4517696.801970372
-3552317.8205855484 -2743167.132870834 4521693.618843226
-3551994.621989365 -2745392.4467091737 4520596.810036352
-3549792.0525451577 -2742304.75956917 4524199.596539869
-3543155.5721784937 -2745976.8166688588 4527173.612051745
-3544722.0824447623 -2750658.4569562455 4523103.404898406
-3545306.3682887144 -2746554.3900421644 4525138.974386489
-3539351.629938048 -2749461.378077035 4528034.139681106
-3540498.7286581937 -2750947.02162615 4526234.664329273
-3538848.6752152145 -2745210.2693912648 4531005.587146882
-3532692.0055124713 -2747848.872603288 4534209.387260485
-3533541.928880186 -2747916.110025578 4533506.312900378
-3528677.400738959 -2744627.328004161 4539283.823676031
-3524399.9093643622 -2749602.751253093 4539595.905934128
-3526353.554836811 -2748256.8438032903 4538893.689741826
-3521818.934314771 -2747885.823596689 4542637.548206802
-3519112.3437819495 -2752895.443603656 4541701.88238151
-3519458.229881342 -2751681.0896863597 4542169.740199388
-3515125.2117955214 -2752843.434017386 4544819.993485644
-3515459.3948731064 -2756274.11472451 4542481.617739144
-3515235.3569132104 -2754117.65551045 4543962.73368443
-3510545.1232359703 -2755984.5301517886 4546456.115183361
-3510136.823013429 -2759329.632686199 4544742.067698126
-3508718.277173601 -2757025.7254328704 4547235.00610308
-3503456.5208821874 -2762299.0364261605 4548091.626127071
-3506423.377898225 -2763149.916907764 4545287.519136872
-3502041.7364646713 -2763067.302277465 4548714.517217435
-3500605.2206045487 -2767191.6435173186 4547312.887577024
-3501240.62589844 -2766899.6678605126 4547001.353370338
-3499870.548585574 -2765816.946943284 4548714.517217435
-3498900.811461037 -2770113.6080991905 4546845.577956324
-3506321.984613527 -2771213.533841059 4540454.018055024
-3498436.785980892 -2768653.7549589877 4548091.626127071
-3501174.5370143484 -2770820.403991863 4544664.140526199
-3502500.4052078384 -2768888.430098271 4544819.993485644
-3500490.2927660802 -2770278.89487703 4545521.263271061
-3502694.561884183 -2772222.1974020507 4542637.548206802
-3503813.9714007876 -2770423.7567985663 4542871.433529982
-3502692.614585939 -2774906.2014953294 4541000.002271292
-3507139.2079826775 -2776436.874761727 4536630.231382538
-3506863.6093363003 -2776019.571421285 4537098.628484812
-3506233.163379964 -2780002.680925196 4535146.645706536
-3508260.643018294 -2781011.9271670734 4532959.399950913
-3506400.168187017 -2781829.8917991756 4533896.923578065
-3506169.601147367 -2785937.091386403 4531552.741702075
-3507279.072165511 -2784921.7906920696 4531318.25517457
-3504843.121189635 -2787478.622678524 4531630.901117162
-3505212.6302619083 -2790570.0758409756 4529441.915785353
-3506649.7718687295 -2790414.5359897222 4528425.233432727
-3505113.3253081073 -2792090.563339382 4528581.661277482
-3506447.343366888 -2794854.1554848035 4525843.377511491
-3507432.441068572 -2795138.8369697556 4524904.148532112
-3506979.1039926456 -2797480.7528040777 4523808.130530038
-3508781.4697173527 -2799018.6897900617 4521458.611109258
-3509570.5388658014 -2799547.913447135 4520518.456221477
-3510270.2859832854 -2802211.954323027 4518323.990418565
-3512633.3598251357 -2803295.4536429914 4515814.708225761
-3513618.8717104266 -2804081.952176868 4514559.538851639
-3514141.039814538 -2806205.820746433 4512833.106142973
-3515620.8202644764 -2808895.1069177706 4510006.599380574
-3514491.495513567 -2809299.491771793 4510634.86590231
-3514839.5701038474 -2813903.653123453 4507492.654167137
-3518425.3558585015 -2814457.4784848937 4504348.245534801
-3517650.07721893 -2817564.374408344 4503011.206993226
-3518156.331379681 -2822710.4883064837 4499391.35074708
-3520841.661272855 -2823754.088076866 4496635.169358816
-3520503.4064267427 -2825805.786911524 4495611.017425223
-3521151.670332921 -2829257.7824455295 4492931.3721648455
-3521019.3102340316 -2831174.573826359 4491827.528910499
-3520004.671029451 -2832686.072942959 4491669.815122861
-3517524.507804124 -2836764.3343388187 4491038.905244598
-3517749.918878059 -2839480.2056664783 4489145.6503283195
-3513935.317037302 -2843701.3371087722 4489461.247522216
-3515808.2788571753 -2846740.6183509286 4486067.431297742
-3514956.266867922 -2846050.7465078835 4487172.672218871
-3513908.441381729 -2851198.0294426824 4484724.992960927
-3515049.9777453984 -2854261.45234987 4481880.879227121
-3515442.3231700365 -2854274.6185597274 4481564.757348774
-3511530.3912414433 -2857103.156684102 4482829.11379114
-3513300.703760064 -2858645.4576307675 4480458.158774169
-3508712.2100636526 -2856846.3371822527 4485198.839815086
-3505481.121909996 -2865016.5433596144 4482513.057449846
-3506315.750013183 -2864984.2313052625 4481880.879227121
-3499413.562254809 -2869340.105308304 4484488.051090832
-3497812.477238575 -2877329.803610463 4480616.260664275
-3500065.8244369654 -2878159.3253346873 4478323.249007084
-3495370.6522294143 -2881156.29449395 4480062.880164877
-3496056.396672523 -2888183.3339810367 4475000.30174293
-3496936.8831909066 -2884908.1774073914 4476424.7165463455
-3490399.723247171 -2890486.7260634033 4477927.786198359
-3491084.716773748 -2893211.693747632 4475633.429523772
-3488479.724617439 -2893415.768484377 4477532.289288265
-3485289.4512346527 -2896524.2637436655 4478006.88148831
-3485590.419434059 -2898729.126911731 4476345.5939798765
-3484227.585567421 -2897801.4944634065 4478006.88148831
-3480630.1732433336 -2902731.6143124085 4477611.391398248
-3481488.955899636 -2903653.865943014 4476345.5939798765
-3479561.8608489237 -2904621.8919052994 4477215.867209225
-3477800.0011109593 -2908923.6548688924 4475791.6978359055
-3480680.41512435 -2910713.4626676985 4472387.7276030965
-3479629.728842129 -2910144.444111562 4473575.445274692
-3478124.0458789496 -2914253.8547029407 4472070.951117356
-3480209.1680776468 -2913830.5398528506 4470724.4079063
-3477597.4623274007 -2914639.1889579054 4472229.342084865
-3476841.5218890384 -2917726.676446319 4470803.627226523
-3477505.6909447275 -2917663.4729222846 4470328.290877763
-3473938.8953386014 -2918392.111429233 4472625.295662631
-3473352.5094511434 -2922969.9509682525 4470090.604319571
-3473017.952665904 -2921549.6177172563 4471278.914547433
-3471865.3846107614 -2926794.054937441 4468743.482358819
-3470357.876515681 -2926766.7953626476 4469932.13980573
-3468841.679060617 -2929530.979726351 4469298.227287533
-3471318.565668481 -2931311.39925058 4466206.65624296
-3471020.7707218393 -2931059.930045085 4466603.127176363
-3468536.234326574 -2935085.81932753 4465889.455007375
-3469992.197019523 -2935174.8221618705 4464699.756531301
-3467263.454472246 -2936709.8647721144 4465810.151297449
-3468375.2573037557 -2940459.603576507 4462478.167370434
-3468672.2855310566 -2940711.421629257 4462081.342858733
-3466955.168113931 -2943938.8384748166 4461287.591896273
-3467164.6719413185 -2947659.494332716 4458667.249651206
-3467322.387030194 -2948314.8969483026 4458111.229302377
-3464544.2467370294 -2955655.4849830247 4455409.612649674
-3462661.540324419 -2955824.903233762 4456760.617150224
-3460768.564788287 -2961630.3567776424 4454376.226901625
-3462022.8890166245 -2963750.677060479 4451990.615460521
-3459480.99129737 -2965762.29309219 4452626.897880028
-3459991.073544714 -2969344.086509606 4449842.521584481
-3459776.659845692 -2969474.664577924 4449922.098241363
-3460607.8226682898 -2972916.2971704914 4446976.859362451
-3463152.125500014 -2973526.628318811 4444587.466382421
-3465298.0309083993 -2974003.5126723433 4442595.374732537
-3466889.9705439336 -2974529.2449945617 4441001.092413057
-3470990.3795743817 -2975103.6475106147 4437411.97901109
-3472872.7058351696 -2974930.0565324165 4436055.379253639
-3477137.479381852 -2976374.4221076285 4431743.590157435
-3478025.557739869 -2977239.7852571616 4430465.266852926
-3478940.2951695086 -2978548.9100448075 4428866.876879094
-3478059.4120093854 -2977794.728209579 4430065.719961745
-3478766.5383902644 -2976611.827576759 4430305.452145074
-3482230.8663342153 -2974106.1252607685 4429266.524971785
-3487315.507078716 -2971718.3764142524 4426868.130560267
-3489815.981106239 -2971641.9410834657 4424948.541170755
-3492935.251823866 -2971669.8674469106 4422467.922492396
-3493201.4972681776 -2971476.0186942513 4422387.880976557
-3494501.542940714 -2972687.021398643 4420546.554351965
-3494947.729071605 -2971805.1290013264 4420786.767793561
-3494788.486075724 -2972825.9835294457 4420226.250911228
-3499639.1015926544 -2972953.8387989667 4416300.785835839
-3503151.8396306704 -2970363.2729985355 4415258.793651135
-3503435.3216322605 -2971339.472918728 4414376.930418892
-3504667.6301744357 -2974172.905497236 4411489.695127217
-3506568.385841855 -2974312.3780298266 4409884.922910462
-3506399.0814501173 -2974274.0016820547 4410045.4243152635
-3507927.1792627177 -2973780.938619422 4409162.600096951
-3507240.426535328 -2972567.5917626796 4410526.896287848
-3508252.1850827956 -2973635.545955321 4409002.069141359
-3509266.3416035366 -2971128.6930012843 4409884.922910462
-3506800.722819387 -2973562.414104265 4410205.92034656
-3510585.342541753 -2967304.8456585677 4411409.469281013
-3512227.892935324 -2965121.7634873493 4411569.919629606
-3514116.9483591868 -2964196.3401075792 4410687.37619745
-3517665.904399403 -2962254.673543824 4409162.600096951
-3518233.0372229223 -2962417.4254897186 4408600.718249276
-3519509.228027457 -2964962.00313442 4405870.641972901
-3522042.4971903577 -2965414.959460618 4403540.821451788
-3523293.6405718764 -2965837.9151706533 4402254.920292777
-3524483.4739936185 -2968836.9915393237 4399279.959176684
-3527913.339587979 -2969411.085765565 4396142.203351679
-3527355.405629017 -2972098.225103593 4394773.826116177
-3529430.7877497235 -2976059.5935494592 4390424.6503187595
-3527937.659188993 -2979017.2027086136 4389618.819310196
-3527056.766942415 -2984922.999971487 4386313.514445466
-3528692.5956722638 -2986307.3901648927 4384054.942253152
-3528285.9610415446 -2987971.830611702 4383248.055562005
-3528433.6859288854 -2992647.0092915464 4379938.424427981
-3532541.2135827397 -2992528.4136861553 4376707.354578372
-3530692.630132795 -2993291.7522948245 4377676.899586096
-3531512.955699914 -2998227.240750047 4373635.862363031
-3534914.631319631 -2996340.9695488475 4372180.273443155
-3531059.468319799 -2999115.0570777855 4373393.294182267
-3531563.1537263803 -3003470.8160999063 4369996.081014072
-3532739.002704823 -3002558.763712868 4369672.41440582
-3528583.095020441 -3004971.5794698177 4371371.426464998
-3529952.40940102 -3009008.6989512728 4367487.1078229295
-3530579.6563902455 -3007097.1316175465 4368296.593742332
-3527091.636894968 -3010717.823884937 4368620.350853015
-3529347.149687603 -3012536.6449673246 4365543.798854961
-3527934.2711698646 -3010904.94063387 4367810.918157024
-3525358.6120971357 -3015093.1733799917 4367001.352409903
-3525253.485662487 -3016388.4540193216 4366191.653636315
-3524295.236476339 -3017273.6519426354 4366353.604031965
-3522060.6055973684 -3020584.214109219 4365867.736884993
-3524109.5977571793 -3022875.2402049387 4362627.399303276
-3522456.2930887365 -3023164.8930298234 4363761.7594034085
-3521691.425221526 -3025925.7723496235 4362465.326595904
-3522468.572839369 -3024670.4409240484 4362708.433663577
-3521603.9683723263 -3025209.6438744417 4363032.557814961
-3519389.2462595887 -3026618.00811245 4363842.775156065
-3521471.5432034745 -3027232.8644552166 4361735.933635874
-3519943.1576032513 -3027842.531004532 4362546.363614044
-3519741.069371174 -3032160.751123085 4359709.277455385
-3518831.856213234 -3032982.754651262 4359871.440499935
-3516791.687023791 -3034649.276858013 4360357.897758565
-3513967.3676546733 -3036173.257527796 4361573.83169552
-3513958.1402515415 -3035951.059188788 4361735.933635874
-3514038.0655903053 -3040628.917374679 4358411.781877342
-3513830.2260825066 -3040985.3421488428 4358330.677117655
-3510342.1611996046 -3045475.4114199067 4358006.24480292
-3509999.966847111 -3046682.047611578 4357438.437143387
-3508338.4259534604 -3048247.3481011745 4357681.791247791
-3508032.7953703883 -3051959.593287006 4355328.867898409
-3507889.2654361045 -3052587.751113174 4355004.239170378
-3506879.428689866 -3055367.7733340063 4353867.871479777
-3507665.648005919 -3055622.028134372 4353056.021116567
-3504597.049641613 -3058332.1778875994 4353624.33029546
-3502731.9701268105 -3060583.573519785 4353543.147248276
-3500725.2301130528 -3060338.9217046998 4355328.867898409
-3497203.5038222508 -3061246.7995123896 4357519.556505573
-3496844.8615902187 -3060501.710972441 4358330.677117655
-3494093.3037903593 -3059601.580524327 4361168.55359437
-3492314.871458589 -3059552.2570202183 4362627.399303276
-3489773.20074955 -3059910.2412065305 4364409.848202806
-3490215.917870493 -3059867.456420851 4364085.8144381195
-3488878.7233670834 -3058156.709227559 4366353.604031965
-3485720.10993274 -3061525.4816209264 4366515.549107348
-3484521.5397703503 -3062196.8955190545 4367001.352409903
-3482558.242555885 -3064890.9924285454 4366677.488862263
-3482431.0279377177 -3066073.5357879293 4365948.718067764
-3482331.34200028 -3066417.362308968 4365786.754372302
-3479668.104559632 -3068171.8645431106 4366677.488862263
-3479357.426371741 -3070597.442187774 4365219.839547799
-3477350.246601494 -3068610.1556916563 4368215.651137953
-3473399.382782867 -3071815.5796051174 4369105.946595811
-3470516.305496596 -3075532.388880442 4368782.221423908
-3468109.6024291352 -3078590.6154621965 4368539.413571419
-3465912.1326713143 -3081293.8516423344 4368377.535016053
-3463817.083864497 -3083763.4602264147 4368296.593742332
-3461884.911506122 -3086161.538094752 4368134.7072029365
-3460002.011673248 -3088386.862431969 4368053.761937312
-3457794.014045284 -3090973.154343746 4367972.815341102
-3456072.7966481466 -3093126.1868046946 4367810.918157024
-3454512.3010071726 -3095097.387526578 4367649.015650901
-3453058.785759865 -3096947.2686965633 4367487.1078229295
-3451712.4449477554 -3098675.9819904594 4367325.194673308
-3450584.2667541904 -3100274.3866138863 4367082.314971213
-3449785.238273174 -3101733.469861018 4366677.488862263
-3449588.8076642053 -3102863.634598413 4366029.697920592
-3450440.97713471 -3103739.098024257 4364733.860695888
-3449214.028850331 -3106013.29478836 4364085.8144381195
-3447594.231607351 -3108152.384923547 4363842.775156065
-3445896.134257033 -3109239.0562359146 4364409.848202806
-3444893.8181989905 -3111826.8320789714 4363356.660701453
-3444305.012951478 -3112932.8417432914 4363032.557814961
-3443170.1837371397 -3114528.560652383 4362789.46669492
-3442526.1241998337 -3115694.330073179 4362465.326595904
-3442431.749573739 -3116592.726540765 4361898.030261584
-3441676.1451531635 -3117767.3086051657 4361654.8833300145
-3441139.8418739443 -3118812.656424522 4361330.668820467
-3440817.126231886 -3119395.350219162 4361168.55359437
-3440832.5890907226 -3120284.775226901 4360520.039552445
-3441014.9996120105 -3121216.395656444 4359709.277455385
-3441307.963766163 -3122139.069271983 4358817.285760561
-3441600.645574048 -3123061.7233762997 4357925.133405362
-3441834.9460472935 -3123822.068654372 4357195.071092818
-3442118.273429429 -3124188.783178129 4356708.303155854
-3441789.3223529556 -3124438.0429584445 4356789.434463317
-3440988.441924445 -3126450.810229487 4355978.061670854
-3442540.110605391 -3126325.3935169345 4354841.916846604
-3437414.342629779 -3147492.9472177266 4343628.8727627
-3437122.6352216126 -3145902.6691551064 4345011.551958178
-3437060.4061191715 -3145184.3277396616 4345580.779277809
-3437171.253225766 -3145175.5396414627 4345499.46506031
-3437343.2924929224 -3145773.895122851 4344930.228475196
-3437574.172092228 -3146757.00787482 4344035.582814113
-3437863.524319734 -3148124.8695358005 4342815.353427094
-3438209.94393785 -3149766.2784588244 4341350.685269566
-3438612.9929072396 -3151681.2203917135 4339641.364218904
-3439072.1601746883 -3153869.6782256225 4337687.140617728
-3439475.3553733057 -3156229.3081897683 4335650.68172052
-3439933.044296533 -3158751.250678421 4333450.378981431
-3440444.823345285 -3161435.4830696806 4331086.018991611
-3440899.425724932 -3164290.8970012935 4328638.9617523635
-3441462.514261662 -3167248.519437764 4326027.459350101
-3442022.7654438154 -3170206.0522142267 4323414.60753775
-3442801.773209437 -3173034.3423992516 4320718.691646207
-3443411.8124006786 -3176153.9406067138 4317939.582229923
-3444018.5380144333 -3179384.615509331 4315077.146063034
-3444621.876283976 -3182615.168728465 4312213.099697803
-3445277.0478432016 -3185896.660107458 4309265.544697957
-3445984.375867713 -3189117.85686074 4306316.28846832
-3446632.5953469113 -3192399.0305946954 4303365.3321732115
-3447333.084745137 -3195619.878914222 4300412.67697762
-3448086.012689187 -3198780.3616651325 4297458.324047211
-3448836.613637703 -3201829.4393038647 4294584.409932947
-3449639.0314604198 -3204929.284168013 4291626.712111286
-3450440.615198583 -3207806.503777922 4288831.775123396
-3451351.5270710336 -3210563.0043316437 4286035.327876033
-3452373.412205641 -3213087.5015423596 4283319.685725998
-3453396.008429124 -3215389.252420077 4280767.3335965425
-3454645.9335592696 -3217115.905304793 4278460.906164425
-3456300.2845906112 -3217530.316792888 4276812.832385527
-3457483.7635713 -3215929.745054159 4277060.076678458
-3455663.7370179323 -3215474.510662056 4278872.843161137
-3454011.836576477 -3214837.3746055057 4280684.978788928
-3453726.967666164 -3215472.3387164674 4280437.90654236
-3455727.785723892 -3218911.7944060056 4276235.883438817
