6076677.105890238 -721265.5427967252 -1772967.108415602
6076450.41401767 -725003.0957471487 -1772219.477700641
6076303.792349721 -726491.5029199646 -1772112.6711531328
6076299.72765361 -727566.7137445901 -1771685.4395652646
6077148.951022946 -728529.1085242013 -1768374.102138356
6077314.749884068 -733606.3773169814 -1765703.29160972
6076950.629676587 -736360.3924282609 -1765810.1304886178
6076850.970174256 -738716.0300202691 -1765169.0891479224
6078418.555932659 -737291.7988039403 -1760360.6625660486
6077516.580848845 -743425.8929212932 -1760894.9858641613
6077156.648142443 -745858.0162923516 -1761108.7114288395
6077135.60108897 -748547.1699209723 -1760040.0621520819
6078588.033091159 -744526.0853584431 -1756726.9088227095
6078152.75016214 -750826.414732778 -1755551.1501052715
6077933.8393433 -752845.7315492834 -1755444.2597398607
6078162.024079762 -754489.721385067 -1753947.7384913417
6078716.540554326 -754989.4714035796 -1751809.66935937
6077789.867690575 -760691.6052320192 -1752558.0178491396
6077181.942238302 -764063.0664117059 -1753199.438591695
6077269.242823222 -766552.3025690238 -1751809.66935937
6076789.840544238 -770586.5775009041 -1751702.7602974721
6075913.005588141 -775540.1618211439 -1752558.0178491396
6074898.042262374 -779613.3978433226 -1754268.430434739
6074831.911202092 -781329.3250324299 -1753733.9411909408
6074800.170247727 -782295.2748318329 -1753413.241233786
6074645.14973491 -784215.4444901614 -1753092.53646955
6073826.098729425 -789822.4660386188 -1753413.241233786
6073182.176494326 -794050.7002871507 -1753733.9411909408
6072560.655693085 -797850.4852256936 -1754161.5336546104
6071962.317800372 -801221.8893307431 -1754696.0122111198
6071855.095794521 -802501.6055966262 -1754482.2223918212
6070724.017039407 -808929.1439225634 -1755444.2597398607
6070301.6456432585 -812323.6131343436 -1755337.368839711
6069962.762853383 -815082.222087097 -1755230.4774048552
6069483.253716862 -817498.3462554669 -1755764.9292317461
6068559.14364912 -821364.224395178 -1757154.4413956231
6067784.298382149 -825249.8855252782 -1758009.4808468935
6066605.6207529185 -830482.2601447867 -1759612.587427668
6065648.337259904 -832939.7491802508 -1761749.8752466862
6064494.3913700795 -835908.9043753387 -1764314.3372502734
6063353.833729407 -838987.0093657521 -1766771.6561894491
6062659.165716392 -843097.0174684979 -1767198.986953859
6061033.519339274 -848047.4286603092 -1770403.693000108
6059201.541692565 -852643.686979433 -1774462.2904430947
6057482.206174454 -856175.6469553655 -1778626.8814567125
6055796.242818899 -857662.299183842 -1783644.6523955332
6055421.572393808 -856531.193223303 -1785459.295426018
6054841.721543932 -857958.3041862389 -1786740.1252920863
6053247.180300722 -860750.1399854106 -1790795.569208405
6051587.534615648 -863747.0577295986 -1794956.9162372597
6050125.199600716 -866663.1913979893 -1798477.406539275
6048906.902642203 -869182.3343584 -1801357.363991608
6047695.1768794255 -869870.0884714798 -1805090.046710126
6046538.307524781 -869272.8333191848 -1809248.5282261788
6045806.583392078 -869921.5519032611 -1811380.757805278
6044669.482370969 -871157.8691654047 -1814578.6882591483
6044301.458234072 -873043.2313529513 -1814898.4539577626
6042662.78580784 -875067.6183518847 -1819374.650896565
6041108.301292976 -875596.0579093556 -1824276.0304906415
6039412.188343828 -877072.2453048562 -1829176.2342103408
6039447.733446945 -874602.0308597393 -1830241.3399818568
6038883.868028497 -875596.4894954874 -1831625.8941302297
6038236.5816626325 -875825.447877402 -1833649.3036351094
6036445.998418593 -875888.4495502362 -1839505.4042107724
6036316.461048198 -875439.3711796842 -1840144.149100031
6035810.176736757 -875796.1918099634 -1841634.4753539339
6035172.336441356 -875488.539609923 -1843869.7585417114
6035214.268585617 -872053.2695027476 -1845359.809741761
6034679.333285594 -873051.2421892982 -1846636.9087959486
6034195.330568371 -874594.0944263287 -1847488.2631674435
6033303.950847005 -874894.9550424418 -1850254.9160413549
6033202.397643809 -871762.5658832004 -1852063.6754144663
6032833.570277962 -871601.7815788321 -1853340.3485803325
6032443.541100945 -872942.7652592269 -1853978.654680539
6031937.178365968 -873729.3615872752 -1855255.205880499
6031973.39789102 -872122.3685903413 -1855893.450966254
6031263.809979621 -873631.8238124412 -1857488.9746246797
6030932.3985008 -874336.1090547639 -1858233.5087701879
6030961.325990909 -873910.4172882414 -1858339.8685270331
6030806.244011628 -872490.9132612812 -1859509.788483742
6030565.553235343 -874605.3242651651 -1859297.0808610285
6029739.598767297 -875775.004301897 -1861424.0550980296
6028891.304728753 -878445.5176238267 -1862912.8021280689
6028495.797798498 -879354.9699980771 -1863763.4647845034
6027880.810148814 -878835.4889660943 -1865996.2813396538
6027578.462746335 -879328.6013657398 -1866740.497834849
6027411.0317903785 -880700.9033077435 -1866634.182898344
6026848.155057664 -883197.234445051 -1867272.0639870996
6026392.341384135 -884956.982735027 -1867909.9245989257
6025911.075890839 -885316.0744737972 -1869291.885643977
6025280.1276811585 -887586.9893320622 -1870248.5715377415
6024425.711273673 -890469.3192967377 -1871630.3696873225
6023592.43241285 -891635.3333097489 -1873756.0248261408
6022670.54598592 -894506.8113566411 -1875350.1163650036
6021762.5402101185 -897272.4403671087 -1876944.079369397
6021486.514379507 -897123.8833012083 -1877900.39543004
6020968.725429069 -897261.5772046151 -1879494.152552048
6019477.919592491 -897683.7803320811 -1884062.2086510744
6020023.45588641 -896476.3050346867 -1882893.7370677108
6019679.913963794 -899002.7417168015 -1882787.5089362932
6019518.513582571 -899193.4459559865 -1883212.4180204596
6018639.898559505 -902176.7180533962 -1884593.30914392
6017456.27055716 -902965.7765028687 -1887992.0122704145
6016651.7263499005 -904992.6597101697 -1889584.9516974553
6016197.427980464 -902240.0503456692 -1892345.739846049
6016724.2608076865 -903178.0640073199 -1890222.0912115546
6016169.465315874 -906423.4621208252 -1890434.466443576
6016115.404319259 -908992.7084523335 -1889372.5672542737
6015066.588879706 -911733.6896271714 -1891390.126478903
6014494.715038995 -911539.6236545183 -1893301.3065214362
6013523.217346054 -913754.5883324604 -1895318.4605077163
6013085.206394495 -914654.3970047393 -1896273.8817690758
6012840.956411811 -914939.3626244651 -1896910.8032843913
6012418.504973666 -915734.0284296054 -1897866.1465515173
6011931.041058059 -916733.4332973015 -1898927.5841478289
6011476.008655581 -917737.6723344316 -1899882.828528262
6011167.860509515 -918656.8909713471 -1900413.4995964242
6010760.421734114 -919346.1422556876 -1901368.6710457602
6010271.054864291 -920130.1358891196 -1902536.039103898
6009814.896163871 -921133.8242672299 -1903491.1062670269
6009409.328153965 -922681.9458476921 -1904021.6788426607
6008954.328742269 -924329.7339590492 -1904658.3467931265
6008465.945189143 -925972.2646390909 -1905401.099669439
6007894.56700775 -927494.4928930218 -1906462.125868719
6006578.308134122 -927505.9571142853 -1910599.572848834
6005144.643096847 -927821.1280439795 -1914948.2420787348
6004275.487627383 -929940.1831341154 -1916645.0178552715
6003471.8250099085 -932283.6228903104 -1918023.5381253052
6002700.509338884 -934846.3607377608 -1919189.9012338712
6001944.631355237 -937518.4941951263 -1920250.1699487376
6001187.381556059 -940190.105513503 -1921310.380169439
6000412.303336576 -942965.9210115722 -1922370.5318636796
5999685.42423146 -945641.6989654849 -1923324.6183216805
5998973.754656361 -948212.2863121086 -1924278.6573235483
5998277.4294943325 -950677.7196491279 -1925232.6488457446
5997629.938894752 -952399.4174061159 -1926398.573971082
5997065.030709289 -953382.8207034428 -1927670.4113077372
5996516.354824204 -954261.3551496341 -1928942.1640873067
5995934.017857492 -955134.399032613 -1930319.8007801506
5995384.538862807 -956012.5431260414 -1931591.3772199575
5994801.162621843 -957314.3318581526 -1932756.914525666
5994116.705036543 -959458.1457426478 -1933816.4320767224
5993447.857225139 -961711.5123280251 -1934769.947507751
5992744.362505791 -964173.6697818306 -1935723.4152002446
5992039.708900048 -966635.3827753481 -1936676.835130678
5991384.193003106 -968997.4812025364 -1937524.279397723
5990710.675181958 -971463.7479567382 -1938371.6858917344
5990103.424982062 -973725.939603871 -1939113.1355753152
5989562.711554997 -975784.1639997545 -1939748.6408391295
5989189.740598244 -977440.3669722028 -1940066.3854945754
5988883.890231359 -978892.8481515591 -1940278.2123100369
5988594.789680017 -980240.7164810966 -1940490.0367613274
5988305.378502026 -981588.502819221 -1940701.85884819
5988015.656720065 -982936.2070927216 -1940913.6785703662
5987776.2319871485 -984184.818221616 -1941019.587544616
5987536.545078536 -985433.371876979 -1941125.4959275979
5987296.596007871 -986681.8680033815 -1941231.403719279
5987056.384788812 -987930.3065453963 -1941337.3109196273
5986625.892428192 -990328.0553536348 -1941443.2175286105
5986402.222656953 -991471.8500415907 -1941549.1235461957
5985970.3083229605 -993869.3155250773 -1941655.0289723515
5985745.958335346 -995012.963841609 -1941760.9338070457
5985504.000907837 -996261.0292473662 -1941866.838050245
5985000.429070534 -999075.9403129722 -1941972.7417019184
5984706.728309472 -1000422.6909792557 -1942184.5472305561
5984428.667123415 -1001879.4036297122 -1942290.4491074565
5984134.324628564 -1003225.9911540662 -1942502.2510862586
5983823.76423015 -1004462.4442988064 -1942819.9496164804
5983497.03781214 -1005588.7554987312 -1943243.5393711906
5983176.745582243 -1005857.0566291331 -1944090.6904651462
5982797.455743481 -1005041.7134358658 -1945678.9965981594
5982349.0701763565 -1004429.6066264828 -1947373.0428174883
5981689.786576059 -1005070.3316566865 -1949066.9371766578
5980386.721944628 -1010755.172492758 -1950125.543975957
5979667.817222305 -1012351.2874183356 -1951501.6440009146
5978910.185947197 -1016409.8661386066 -1951713.3427819146
5978288.28050796 -1018236.6582192816 -1952665.9578636587
5977740.811638248 -1019217.0227213998 -1953830.1997536593
5977228.570310295 -1019988.5455186004 -1954994.3696280036
5976717.982156423 -1020545.5334026663 -1956264.2909433085
5976224.901424172 -1020998.0760961339 -1957534.1264472594
5975783.049851856 -1021351.9588483693 -1958698.066895418
5975307.240116204 -1021699.9819458283 -1959967.7377719188
5974848.986002326 -1021943.6181194648 -1961237.3226746137
5974390.460673824 -1022187.164264895 -1962506.821547814
5973949.508029803 -1022326.3554111553 -1963776.2343358323
5973508.290903333 -1022465.4721653031 -1965045.5609829864
5973066.809318422 -1022604.5145029423 -1966314.8014335968
5972658.910534928 -1022749.2783502855 -1967478.1960778371
5972216.9217344625 -1022888.1767024165 -1968747.2711627898
5971826.411600559 -1022928.5781703015 -1969910.5141281108
5971417.826677136 -1023073.149668658 -1971073.6844850758
5971060.803117446 -1023119.2554589278 -1972131.049038989
5970703.597879092 -1023165.3179292182 -1973188.3535183559
5970380.171997725 -1023217.1573882262 -1974139.876159428
5970178.118599507 -1022968.0107209196 -1974879.9156498956
5970149.301645936 -1022319.5366358157 -1975302.78212462
5970192.489784576 -1023292.2523610035 -1974668.478802907
5970788.760981089 -1021034.6376437347 -1974034.1538265315
5970929.52670951 -1018162.9269748615 -1975091.3500905521
5970818.974113701 -1016964.4677150357 -1976042.7752882498
5970739.14524053 -1016200.2617446505 -1976677.031667664
5970902.937152832 -1014619.7510046962 -1976994.1517290475
5971064.952277407 -1013253.4238363047 -1977205.562092222
5971028.22034926 -1013676.055949817 -1977099.8572117644
5971221.3946909355 -1012743.886485809 -1976994.1517290475
5972161.034795437 -1012152.6433513644 -1974457.0395498453
5972367.903027139 -1008863.831276416 -1975514.2117518415
5972532.878211721 -1009749.4380122848 -1974562.7594771194
5972513.978866594 -1010067.9042595051 -1974457.0395498453
5972446.018649655 -1010056.4108692612 -1974668.478802907
5972379.318059001 -1009830.6937250039 -1974985.6331710315
5972364.205070756 -1009506.488756312 -1975197.0664084258
5972506.312788363 -1008458.3593951166 -1975302.78212462
5973325.1848990815 -1004844.0845586805 -1974668.478802907
5973811.518868332 -1002781.7590304384 -1974245.5978909675
5974482.493844181 -1001071.8668584477 -1973082.6257746916
5974210.493523445 -1004564.1365740387 -1972131.049038989
5974150.914723195 -1006162.4403568624 -1971496.6375135253
5974173.145532015 -1005201.1706800702 -1971919.5809331397
5974764.429697656 -1002512.8517343347 -1971496.6375135253
5975805.047535826 -1004617.7694052011 -1967266.675171581
5975681.027148504 -1005562.131803936 -1967160.9138195415
5975270.907074434 -1006136.5773860543 -1968112.744411699
5974768.85552917 -1007875.1436997147 -1968747.2711627898
5974632.015536557 -1008066.5501993827 -1969064.5264426216
5975368.213474108 -1003900.9187372498 -1968958.7752824458
5975497.834693924 -1004995.086218538 -1968006.9878546712
5976118.461586102 -1006064.7722925888 -1965574.4216492102
5976144.375836755 -1007356.2936593356 -1964834.0125261615
5975917.051585364 -1008497.9057112893 -1964939.7870538512
5975849.414941501 -1008486.4913270037 -1965151.3343135344
5975592.26416437 -1008979.4226303545 -1965680.1919863392
5975966.848003958 -1005931.9925751191 -1966103.2673467293
5976256.340172777 -1005658.9430273789 -1965362.8791787399
5975838.625957644 -1007519.2798875896 -1965680.1919863392
5975528.722006165 -1008325.1084765368 -1966209.0346896336
5975234.896197229 -1009240.8662463727 -1966632.098071515
5974992.381064198 -1010057.991447583 -1966949.3893177998
5974936.628550657 -1010799.4189401343 -1966737.8624193901
5976397.794780849 -1009973.7101846962 -1962718.3963254585
5976202.259954576 -1011335.401428926 -1962612.6092355594
5975499.749677299 -1014864.3650953844 -1962929.9687115902
5974688.460633336 -1019018.5218480551 -1963247.3228061374
5974138.867230894 -1019997.8322920295 -1964410.9084304974
5973674.339650872 -1020884.2426754254 -1965362.8791787399
5973499.928175631 -1019459.5621801623 -1966632.098071515
5973390.900894296 -1022338.0694155613 -1965468.6507133332
5973255.637292519 -1022314.9192263642 -1965891.730864224
5972729.307833303 -1024370.9126839914 -1966420.5675785867
5972675.718658002 -1026508.0334884027 -1965468.6507133332
5972890.311858115 -1027081.5524994731 -1964516.685352085
5971739.999058715 -1028708.0843382591 -1967160.9138195415
5971177.517345068 -1030757.504469915 -1967795.4729421798
5970715.8173718685 -1032824.2122789428 -1968112.744411699
5970623.333700688 -1035169.5253481698 -1967160.9138195415
5970042.897962912 -1037108.2598741928 -1967901.2306981543
5969965.705944622 -1037953.5909444715 -1967689.7145867804
5969366.152332414 -1039996.1698045159 -1968430.010485526
5968778.950495433 -1042362.7877859422 -1968958.7752824458
5968544.452517246 -1042107.1419037022 -1969804.7677673283
5968107.165105761 -1043211.5551655435 -1970544.979690229
5967288.68768528 -1047684.3275986962 -1970650.721849852
5967384.88710665 -1048130.6666399745 -1970122.0050494366
5967739.733361112 -1046904.6003800525 -1969699.0208065086
5966705.429521119 -1050802.6833112538 -1970756.4634091798
5966353.76124466 -1052995.5024378553 -1970650.721849852
5965927.604698672 -1055604.7075075032 -1970544.979690229
5965804.939110788 -1057086.4267888998 -1970122.0050494366
5965595.69874054 -1058660.2502672384 -1969910.5141281108
5964933.249458719 -1061012.7529744853 -1970650.721849852
5964954.93174273 -1060694.4066077778 -1970756.4634091798
5964455.285129698 -1062323.9009200323 -1971390.9001571606
5964123.348429504 -1065164.7084423318 -1970862.2043681815
5964028.796346151 -1066866.50103044 -1970227.7496099153
5964201.418262643 -1066682.5297505232 -1969804.7677673283
5963456.357360914 -1068697.6348392514 -1970967.9447268243
5962887.900798347 -1071281.3317713165 -1971285.1622002763
5961203.287407489 -1073449.0742712042 -1975197.0664084258
5961368.317304756 -1072726.8730821202 -1975091.3500905521
5961302.673259956 -1071533.554185561 -1975937.0637847139
5961864.225528305 -1071527.076453938 -1974245.5978909675
5960929.232828 -1074581.2906672743 -1975408.4972391021
5960763.972847821 -1075303.4265573404 -1975514.2117518415
5959493.073197088 -1075933.363177445 -1979002.45288317
5960130.568995323 -1075511.3929718337 -1977311.2663703887
5959289.096994778 -1075896.53709196 -1979636.6080451973
5960116.171531779 -1076368.1040072716 -1976888.445644104
5959261.264828981 -1079543.4666396354 -1977734.0774594988
5958495.258933364 -1081445.579190662 -1979002.45288317
5957044.154547618 -1083437.6520991959 -1982278.6874664808
5956733.808212604 -1082629.3992474126 -1983652.4196497095
5956589.259013612 -1081099.6470219546 -1984920.3894898836
5956688.287539769 -1082298.9349170437 -1983969.4202693694
5955753.064899021 -1082988.064617348 -1986399.5775881272
5955495.735910597 -1084015.1055464305 -1986610.8804941797
5954384.781723484 -1084886.5917255313 -1989463.232702211
5954133.428934856 -1083552.4163964984 -1990942.0562542141
5953705.592891303 -1081434.9714424384 -1993371.293993196
5953736.29756322 -1081655.231447769 -1993160.068674835
5953676.108154675 -1082181.0098937573 -1993054.4551049112
5953470.728027441 -1082143.6785929834 -1993688.127416541
5952929.721482333 -1081616.0232311515 -1995589.013144215
5952382.695330537 -1082482.524190739 -1996750.5685866785
5952053.565421398 -1081564.1430400151 -1998228.8054285827
5952638.455965173 -1080489.906217657 -1997067.3436632797
5952369.213286407 -1081192.2305783986 -1997489.7019151493
5951667.264080936 -1083103.6157576498 -1998545.5549474105
5951208.994744494 -1082698.2972301994 -2000129.2203372912
5951141.919919447 -1081505.7824115807 -2000973.7858322377
5950991.146726295 -1079010.7858252372 -2002768.357963062
5951227.493853446 -1080448.3790066729 -2001290.4878364578
5950964.678981397 -1080722.5299229445 -2001923.8753840753
5950856.808935918 -1082097.734425419 -2001501.6194578519
5950095.414964131 -1083354.0141434006 -2003085.0288647767
5949868.157798299 -1082454.3599260666 -2004246.108514353
5949891.508107807 -1080956.7227432495 -2004984.9389216846
5950548.687218363 -1080861.549034663 -2003085.0288647767
5950763.84157115 -1081437.0739308572 -2002134.9996883904
5950483.937894033 -1082780.9755665788 -2002240.5609257363
5949820.197219637 -1083303.9043170083 -2003929.457752644
5949651.517292165 -1083058.6267306777 -2004562.7537813082
5949100.556341673 -1082958.3312749376 -2006251.4357022638
5948931.623816933 -1082713.0424780538 -2006884.6510945123
5949500.351361453 -1080563.8646218737 -2006356.9731290073
5950011.21422457 -1079905.7554188422 -2005196.0278274817
5949772.638535946 -1080827.8566376953 -2005407.1142900083
5949255.026058591 -1081913.7356061295 -2006356.9731290073
5949021.051107755 -1080262.3041682825 -2007939.9611716021
5949244.147778617 -1078050.5539562562 -2008467.5932751505
5949266.001718734 -1078912.4863137668 -2007939.9611716021
5949469.669959788 -1079163.929190981 -2007201.2505380881
5949181.0420432165 -1079969.5897923594 -2007623.374569374
5948842.169371602 -1080658.8288355148 -2008256.5422689486
5948579.023425129 -1079753.0605454503 -2009522.8115921621
5948422.194697454 -1078652.226357768 -2010577.9686956094
5948707.739498303 -1078060.5865844167 -2010050.3977975901
5949494.7573313955 -1076272.849386142 -2008678.6418340951
5949475.642466056 -1079915.8098591557 -2006779.1167239468
5948795.582813502 -1079148.900162048 -2009206.2525230204
5948375.102029891 -1079501.5686282096 -2010261.427993912
5948512.910691121 -1077167.4528793888 -2011105.5242822012
5948532.011982422 -1078243.2040722296 -2010472.455740791
5948211.625861556 -1077649.004474199 -2011738.5707693717
5948428.423597469 -1078224.4274275259 -2010788.992767842
5948355.940776273 -1077246.2514886432 -2011527.5577245478
5947753.415952334 -1079388.7460364252 -2012160.5895050347
5947196.829526689 -1078322.8148499369 -2014376.026922931
5947093.041015356 -1078303.9963169543 -2014692.4958994666
5947443.3260957785 -1075580.1470051466 -2015114.4459427514
5947715.021576077 -1077237.3932597176 -2013426.5868616365
5947591.656009578 -1076142.9809850748 -2014376.026922931
5947418.654614827 -1076111.678527302 -2014903.4721486585
5947073.517483169 -1077228.4066573598 -2015325.4172814884
5947198.092476241 -1075750.1844600532 -2015747.3525918673
5947500.704814351 -1076448.133033257 -2014481.517195433
5947679.625436223 -1076051.6932450936 -2014165.0445371165
5947686.467921597 -1076803.3792901346 -2013743.0724031483
5947689.466478833 -1076589.5049271008 -2013848.5663568524
5947545.1166016655 -1076992.2029791363 -2014059.5524238688
5947812.006540748 -1076504.4760551113 -2013532.082655508
5947727.042918392 -1076381.8907430947 -2013848.5663568524
5948050.190286676 -1075582.6888538036 -2013321.0904544408
5947802.17405609 -1075966.6584407191 -2013848.5663568524
5948279.3699323675 -1075302.4989170062 -2012793.5992197117
5948128.2125811735 -1074953.5552825492 -2013426.5868616365
5948850.068321668 -1074119.075106715 -2011738.5707693717
5948517.342116535 -1074380.6192503748 -2012582.598433671
5948780.959213802 -1074106.5968276914 -2011949.581362953
5948449.769894423 -1072974.784028008 -2013532.082655508
5949230.3580343565 -1071614.6831281492 -2011949.581362953
5949411.660273049 -1071004.1173991298 -2011738.5707693717
5949684.77282448 -1073840.8860553065 -2009417.2925145414
5949041.555931686 -1074046.4348794247 -2011211.033561795
5948834.260573261 -1074009.0095498837 -2011844.0763725839
5948858.848850232 -1073477.4000426354 -2012055.0857404473
5949079.043600531 -1073838.7735001422 -2011211.033561795
5948677.281961261 -1074087.876955224 -2012266.0926566827
5948759.266102723 -1074424.3139102613 -2011844.0763725839
5948981.252325253 -1073392.2779494384 -2011738.5707693717
5949035.641932416 -1074474.2310270777 -2011000.0143899897
5948890.48739894 -1073697.5278442902 -2011844.0763725839
5948981.252325253 -1073392.2779494384 -2011738.5707693717
5949516.852483239 -1072202.335653871 -2010788.992767842
5949978.572638802 -1072607.2067450962 -2009206.2525230204
5950151.104915205 -1072638.3092710646 -2008678.6418340951
5950155.023954228 -1073604.0650351897 -2008151.0158482068
5950364.934030699 -1073427.4720448165 -2007623.374569374
5950656.471239927 -1073587.3032170204 -2006673.5817420818
5950496.843154115 -1073880.2156263206 -2006990.1848537456
5950794.32320384 -1073612.173770193 -2006251.4357022638
5951075.987138783 -1073234.0089243813 -2005618.1983090069
5951370.673907873 -1074359.680013096 -2004140.5588709358
5951380.15326872 -1074897.680669479 -2003823.9062778344
5951639.784551705 -1074837.3095864928 -2003085.0288647767
5952068.120227438 -1075021.9365679866 -2001712.7486404767
5952667.904882415 -1075237.5487001769 -1999812.498222777
5952070.553007374 -1077167.95163128 -2000551.5079599868
5952407.499491684 -1077658.1020089302 -1999284.615848795
5952279.097139735 -1078171.3239195538 -1999390.193541754
5952809.439694596 -1078374.693303109 -1997700.8773903921
5952767.018479125 -1079976.6582858413 -1996961.752579378
5952791.048800738 -1080624.9232726344 -1996539.3821609993
5953328.9445784325 -1081366.5567969512 -1994532.9898213665
5953023.177343185 -1083243.0287704268 -1994427.3841469188
5952766.359557041 -1085235.7942629561 -1994110.5634784799
5952621.317175177 -1084672.6312523622 -1994849.8031991648
5952952.821132315 -1085377.1398218318 -1993476.9057415698
5952869.069753757 -1085254.5191339117 -1993793.737343074
5953116.584771064 -1085836.4254416546 -1992737.6107525537
5953196.567868792 -1086173.096158377 -1992315.1431179116
5953610.902086408 -1087000.2931166913 -1990625.17549691
5953542.605851699 -1087954.2058024127 -1990308.289282194
5953257.765744844 -1088546.408664467 -1990836.4299415452
5953633.733813201 -1087648.7201260848 -1990202.659331347
5954354.802581699 -1086599.184993297 -1988618.1373366183
5954851.030657269 -1088515.5186830338 -1986082.6186909396
5954536.291296233 -1088887.5868534548 -1986822.1809796067
5954767.179157418 -1089359.4371020002 -1985871.3097344504
5954650.2866880745 -1088264.0233018245 -1986822.1809796067
5955251.421595973 -1089985.1186853033 -1984075.085933929
5955294.160170802 -1088596.5204326632 -1984709.0672280993
5955886.174097058 -1090745.9019779752 -1981750.3017579594
5955632.973518802 -1090592.1001452478 -1982595.711645812
5956221.426273515 -1093708.4913290364 -1979108.1469174589
5955203.844405778 -1094273.7526269162 -1981855.9801071435
5955422.968302306 -1096140.7880148476 -1980165.0540971411
5955274.194019254 -1095038.8363955393 -1981221.9009575457
5955974.510114976 -1097532.028560482 -1977734.0774594988
5955769.614993003 -1099214.0008657416 -1977416.9700462322
5956006.253851374 -1101730.1951993792 -1975302.78212462
5955466.441560128 -1103887.9757294215 -1975725.638971958
5955186.588538628 -1105018.7399548905 -1975937.0637847139
5955021.676515871 -1104773.1143775983 -1976571.323776233
5955782.046328941 -1105021.7038515972 -1974139.876159428
5956430.637076583 -1106432.5485419359 -1971390.9001571606
5956705.002475897 -1110033.0881532363 -1968535.7646442752
5955915.229087226 -1113328.1971782423 -1969064.5264426216
5955453.522696418 -1115608.6944672007 -1969170.277002986
5954921.995457222 -1115831.8692762067 -1970650.721849852
5955578.274184702 -1116062.4370417409 -1968535.7646442752
5955951.930808914 -1117423.7283718328 -1966632.098071515
5956457.509513434 -1119563.4725732752 -1963882.014847299
5956136.835954963 -1122194.0880837017 -1963353.106308284
5955879.061049827 -1123006.6612780085 -1963670.4532261656
5955798.109171885 -1125467.3954241844 -1962506.821547814
5956406.591198856 -1124828.6989746962 -1961025.7311635977
5956248.952493926 -1126952.3404894057 -1960285.142059812
5956985.68100842 -1126553.2873619217 -1958274.8241742542
5957401.578516527 -1129863.1074153637 -1955100.1996804364
5957002.556357716 -1132695.8348905982 -1954676.875897681
5956373.693916107 -1135269.407512467 -1955100.1996804364
5956338.647321488 -1134724.0655219122 -1955523.5139342712
5956889.957242593 -1135475.5505279396 -1953406.8473965195
5957343.459425093 -1137824.9688572905 -1950654.8251010391
5957214.131575995 -1140494.6389426275 -1949490.3870228203
5956569.712996794 -1144035.9374327697 -1949384.5254519721
5955995.7737942645 -1145219.1929513896 -1950443.1144333913
5956089.977789181 -1146530.9190805363 -1949384.5254519721
5955936.312855075 -1146609.1419776448 -1949807.9681721437
5956223.341678825 -1149791.151777239 -1947055.420714855
5956014.918363348 -1152123.2612065703 -1946314.2817181353
5955380.996445778 -1157177.3318449229 -1945255.4613306583
5954926.4226742685 -1157736.1604942 -1946314.2817181353
5954829.1029169 -1159658.834083427 -1945467.2301496558
5955458.590013985 -1158378.9875380609 -1944302.4723172414
5956089.666267927 -1161522.8386073369 -1940490.0367613274
5956516.217979803 -1163224.8226557574 -1938159.8378103566
5956075.295524073 -1167240.115317335 -1937100.5619847972
5955848.627767963 -1168922.8519203693 -1936782.767729207
5955241.192389198 -1170962.6270516368 -1937418.3509297164
5955713.240038012 -1170839.5147092326 -1936041.2271517802
5955939.654860774 -1171963.745353097 -1934664.0037057758
5956728.09561854 -1173198.825266138 -1931485.415752051
5956131.002297925 -1177617.3163958143 -1930637.7028304029
5955629.055481828 -1180326.5520750768 -1930531.7360683817
5955026.561989432 -1182151.5760524606 -1931273.491051178
5954468.798029175 -1183229.1234804385 -1932333.0910183962
5954348.958356339 -1185041.869965066 -1931591.3772199575
5954244.744684067 -1187290.0809974684 -1930531.7360683817
5953674.98818131 -1191174.5719757609 -1929895.9231478376
5952565.513101673 -1195167.1434723737 -1930849.6345900958
5951839.790544122 -1198263.7803071362 -1931167.527818276
5951246.0704331985 -1199333.16243182 -1932333.0910183962
5951385.639153464 -1201198.9255230275 -1930743.669004318
5951191.148334557 -1203862.3884031696 -1929683.980804273
5951066.806289441 -1207189.1983804805 -1927988.3574320355
5950078.829873421 -1211206.11581199 -1928518.2558927923
5948767.542792542 -1214940.4444635531 -1930213.8322540051
5947474.9184865765 -1217055.5549695068 -1932862.8689306856
5946778.292572225 -1218102.556593593 -1934346.168763986
5946475.848712177 -1218905.7514441635 -1934769.947507751
5945121.777418638 -1223818.9275017458 -1935829.3531071215
5944045.834564999 -1226193.0094580902 -1937630.207275526
5943742.074554872 -1226995.5916469104 -1938053.9128840563
5942886.481952706 -1229630.9523854267 -1939007.2159637515
5941963.7617812725 -1230413.385374814 -1941337.3109196273
5941645.555235669 -1230780.0914491117 -1942078.6447620331
5941647.481356324 -1231104.9470182522 -1941866.838050245
5941341.989028088 -1233745.5890383546 -1941125.4959275979
5940930.888045098 -1235390.8809373006 -1941337.3109196273
5940016.471861331 -1235957.8419162831 -1943773.0132455553
5939878.302365432 -1234955.6952909292 -1944831.9165822181
5940417.934534369 -1234527.0919051678 -1943455.3306969998
5940802.928508775 -1234174.448425497 -1942502.2510862586
5940920.933095825 -1235605.1569647647 -1941231.403719279
5940540.9136896385 -1236932.3561280435 -1941549.1235461957
5940056.321688846 -1237264.1345066887 -1942819.9496164804
5939986.641382991 -1236600.6136894098 -1943455.3306969998
5940482.933623448 -1236379.4129990265 -1942078.6447620331
5940476.139919787 -1237243.4004272213 -1941549.1235461957
5939945.827297047 -1239621.0377541867 -1941655.0289723515
5938968.840441031 -1241147.9526001133 -1943667.1196547674
5938513.8636563495 -1240836.5248188728 -1945255.4613306583
5937997.5519549465 -1244298.4294543776 -1944620.1406532908
5937221.506318573 -1246840.4141089816 -1945361.3460364526
5936418.068284468 -1248186.278503698 -1946949.545494386
5935690.811793995 -1249331.5506434278 -1948431.7445964671
5935343.749838026 -1251638.6648523153 -1948008.2710053844
5934772.494859234 -1253357.5030968192 -1948643.4778309795
5933780.965425293 -1255744.7260844659 -1950125.543975957
5932733.594213366 -1258552.5152149536 -1951501.6440009146
5932369.217651758 -1259449.039711329 -1952030.8864943895
5932049.979135644 -1260787.9361302361 -1952136.7332093457
5931819.669041694 -1262362.1740683874 -1951819.191280642
5931302.353001501 -1265606.951720099 -1951289.9428420695
5930161.492295034 -1268826.7542503702 -1952665.9578636587
5929629.275863869 -1270661.1397391367 -1953089.3268806138
5928996.509813549 -1273123.3542603601 -1953406.8473965195
5927806.545699836 -1276548.127683466 -1954782.7077365932
5926849.062830914 -1278398.6458332618 -1956475.936154593
5926502.869689878 -1280164.3305467535 -1956370.1138469228
5926290.999430854 -1280659.872223113 -1956687.5789819707
5925129.784303428 -1283764.8381200084 -1958169.0120025708
5924212.0132142 -1286705.608117661 -1959015.4926715419
5923319.281215769 -1287269.539793248 -1961343.1175339974
5922186.969154784 -1290379.4012223291 -1962718.3963254585
5921360.636193097 -1290307.6064838888 -1965257.1070454628
5920363.570473029 -1291497.4802043324 -1967478.1960778371
5919814.0381149165 -1292243.5246281873 -1968641.5182033738
5918646.292241851 -1294044.9869270814 -1970967.9447268243
5918141.502436553 -1294259.3100610806 -1972342.5147418568
5917522.360047646 -1295639.066084604 -1973294.080660952
5916813.930590751 -1296457.9551724344 -1974879.9156498956
5915632.06653645 -1297822.1490878977 -1977522.6731197194
5915136.773477585 -1298146.3245799155 -1978791.0630061086
5914843.185610752 -1298839.3525781014 -1979213.840348877
5913849.417041955 -1300785.1609635968 -1980904.853234864
5913062.11011598 -1299854.6409018077 -1983863.7540004584
5912756.399399183 -1300761.1267056246 -1984180.7509941047
5912430.046610374 -1300148.4145456953 -1985554.3417628151
5912201.603502934 -1302153.6955846106 -1984920.3894898836
5911387.732797013 -1302948.077900435 -1986822.1809796067
5910750.927144305 -1305512.3248826256 -1987033.4790441513
5910390.549088497 -1304891.7977278929 -1988512.4976896266
5910534.721664394 -1306330.1241552883 -1987139.1271685127
5910500.855907962 -1306322.639238967 -1987244.7746875563
5910176.565955134 -1309713.5013619848 -1985976.9645151768
5909370.53835825 -1311266.2361796938 -1987350.4216012508
5908437.246788844 -1313547.9453046657 -1988618.1373366183
5907928.833010781 -1313434.9161151107 -1990202.659331347
5907415.222726956 -1314943.8224469852 -1990730.803022433
5907189.74145352 -1314677.2173319538 -1991575.801393111
5906921.947817245 -1316998.2580142356 -1990836.4299415452
5905931.152664619 -1318725.1243025935 -1992631.9947543468
5905065.476126077 -1320046.7298537437 -1994321.7778649342
5905125.903333309 -1318978.1379758462 -1994849.8031991648
5905120.077394134 -1320600.0168439478 -1993793.737343074
5904191.42832036 -1323314.0809791877 -1994744.1993475214
5903413.890922373 -1324871.2774309458 -1996011.405454202
5903053.41911266 -1324249.3050197437 -1997489.7019151493
5903087.435526893 -1324256.9360218216 -1997384.1132648066
5903243.911082552 -1324833.1297740676 -1996539.3821609993
5902869.232069911 -1327454.644619538 -1995905.8082886552
5902015.882533999 -1330293.2074533787 -1996539.3821609993
5901112.538832945 -1331604.84864251 -1998334.3892102635
5900259.834100536 -1331737.1046898018 -2000762.6481150468
5900637.663648911 -1331173.0068384625 -2000023.646908351
5899969.987755539 -1332862.1536637181 -2000868.2172783918
5899355.581282904 -1335104.35438695 -2001184.9211113025
5897945.489334336 -1337057.8480672156 -2004035.0086170218
5897607.725580971 -1336331.957024505 -2005512.6566049645
5897106.303279803 -1336326.5490584013 -2006990.1848537456
5897390.367008548 -1336499.134723316 -2006040.3590153921
5897476.801948287 -1337384.4849057777 -2005196.0278274817
5897156.845560459 -1339584.6900796026 -2004668.3009824199
5896398.33696955 -1340711.113203397 -2006145.8976643814
5896387.592481195 -1340600.4386007085 -2006251.4357022638
5896933.671553427 -1340724.5949307093 -2004562.7537813082
5896550.391595603 -1341936.3236315453 -2004879.39355264
5896844.646420995 -1342219.791466915 -2003823.9062778344
5896412.042539624 -1343961.5890883547 -2003929.457752644
5896469.598027479 -1343866.4487839194 -2003823.9062778344
5895996.232240782 -1344841.1042034663 -2004562.7537813082
5896218.060345484 -1344025.6300727283 -2004457.2059695716
5896460.730936668 -1345163.5890235454 -2002979.4725076708
5896362.177737232 -1346223.8170363226 -2002557.2409781408
5895252.387565866 -1348568.8055876216 -2004246.108514353
5894495.72567031 -1347637.9034570209 -2007095.718001615
5894799.140814895 -1346624.7014848746 -2006884.6510945123
5895138.676476762 -1345294.972037161 -2006779.1167239468
5895330.696660049 -1345555.2961581075 -2006040.3590153921
5895179.117939183 -1346061.961686076 -2006145.8976643814
5895070.000498413 -1347011.354511452 -2005829.2798842206
5894446.915008274 -1346435.9921645627 -2008045.4888157472
5894967.918795118 -1345256.0044295848 -2007306.7824631326
5895475.822092385 -1344289.4135233725 -2006462.5099445796
5896190.232219364 -1344777.0929482493 -2004035.0086170218
5895923.583556889 -1345474.0910717351 -2004351.6575472425
5896197.661465812 -1346944.1835247325 -2002557.2409781408
5895339.243076254 -1349130.0718323071 -2003612.8014970482
5895682.528363114 -1348883.7715295765 -2002768.357963062
5895341.694051058 -1348805.7914364997 -2003823.9062778344
5896277.094067014 -1348478.3325200162 -2001290.4878364578
5895737.722841747 -1351928.7582782726 -2000551.5079599868
5895763.467527755 -1352909.496942452 -1999812.498222777
5894876.747544605 -1355522.1820896354 -2000657.0783422345
5895052.695041908 -1354912.6859979432 -2000551.5079599868
5894864.887358336 -1356819.4175135358 -1999812.498222777
5894685.69775325 -1357753.1980976183 -1999706.9229662076
5893909.173901797 -1360499.4493748138 -2000129.2203372912
5893830.0135520585 -1359289.4036479837 -2001184.9211113025
5893576.03778927 -1360855.9306118025 -2000868.2172783918
5893680.45296101 -1359471.583260534 -2001501.6194578519
5893566.321142554 -1361828.8403975617 -2000234.7931569568
5893535.565693565 -1361496.6764204977 -2000551.5079599868
5893454.425876361 -1363861.8353600544 -1999179.0375468193
5892661.984322869 -1364653.6728885705 -2000973.7858322377
5892229.750477984 -1365745.5234741797 -2001501.6194578519
5891797.418078836 -1365753.6705649013 -2002768.357963062
5891858.639103132 -1366418.0252940713 -2002134.9996883904
5890713.883444438 -1368102.8383431453 -2004351.6575472425
5890672.800006016 -1368743.455694546 -2004035.0086170218
5889550.6228351 -1370324.6468648587 -2006251.4357022638
5889462.21503989 -1369003.8787801277 -2007412.3137767166
5888939.903268497 -1369857.517845458 -2008362.0680779405
5889281.3179441 -1368853.488493685 -2008045.4888157472
5888925.929234585 -1371154.4420989736 -2007517.8444788079
5888976.850127605 -1371708.0799360622 -2006990.1848537456
5888043.897116353 -1373549.4138888442 -2008467.5932751505
5887959.319511744 -1371904.4347402162 -2009839.3651520833
5888355.769774533 -1371130.0315379915 -2009206.2525230204
5889103.80256546 -1369462.2667882694 -2008151.0158482068
5888943.1774537815 -1370616.7016048774 -2007834.4329158035
5888885.12294847 -1370711.538233472 -2007939.9611716021
5888605.008136634 -1371296.4164081556 -2008362.0680779405
5888441.245867321 -1370608.220300793 -2009311.7728248166
5888410.356503808 -1371359.4332212189 -2008889.6879455254
5888058.270256723 -1372252.5298388058 -2009311.7728248166
5887829.364611004 -1372307.5258217012 -2009944.881780969
5887063.615358458 -1372345.7110966404 -2012160.5895050347
5886437.439073743 -1373174.6630307632 -2013426.5868616365
5885019.44310403 -1375226.7436401271 -2016169.2780777381
5884512.037473513 -1374458.3124770687 -2018173.2899064987
5883911.69746957 -1374859.581701922 -2019649.7882017042
5884223.91047764 -1374607.6196493187 -2018911.5541214943
5883420.957840085 -1377885.7405323854 -2019017.017978197
5883286.881674977 -1378612.565061648 -2018911.5541214943
5882223.8527174415 -1382371.226532226 -2019438.8672544078
5882056.794670564 -1380923.736954789 -2020915.2621979658
5882228.462385884 -1380964.0391877033 -2020387.9921361092
5883299.298674347 -1380565.399419153 -2017540.4680314544
5883691.379337159 -1382282.6696120275 -2015219.9319190555
5883842.663545485 -1383943.7184252292 -2013637.5778360232
5883830.427723635 -1384916.2386307314 -2013004.5975532243
5884562.393560656 -1384871.737936767 -2010894.5038851926
5885193.872668006 -1383719.5551830651 -2009839.3651520833
5886434.800272906 -1383035.6027501514 -2006673.5817420818
5887097.771583261 -1383733.4874622563 -2004246.108514353
5888161.435276312 -1383332.8404076248 -2001396.0539519852
5888327.823921612 -1384456.4059527135 -2000129.2203372912
5889154.931669847 -1382156.3643882887 -1999284.615848795
5889731.285040223 -1381532.4520599984 -1998017.6360391672
5891423.549715718 -1378892.243988375 -1994849.8031991648
5892004.911397752 -1379462.1918548464 -1992737.6107525537
5892773.565461271 -1379533.6671273124 -1990413.9186267578
5892194.855791382 -1381242.3791731182 -1990942.0562542141
5892320.448569294 -1381163.3292446083 -1990625.17549691
5891992.229928446 -1381954.301206412 -1991047.681960407
5892079.300349315 -1382191.7121271682 -1990625.17549691
5891736.494508203 -1383196.228999494 -1990942.0562542141
5891871.79510288 -1383227.9933651465 -1990519.5473650075
5891567.461239067 -1383916.0300781582 -1990942.0562542141
5891432.165930145 -1384643.7604890424 -1990836.4299415452
5890871.201581523 -1386573.4723270615 -1991153.3070600922
5890387.608795183 -1387110.6761462486 -1992209.5246919359
5890266.776398856 -1386865.2124644413 -1992737.6107525537
5890465.139416157 -1386477.8947787932 -1992420.7609369936
5890489.39644023 -1385615.5988835753 -1992948.8409278684
5890590.877305982 -1386398.984873155 -1992103.9056590982
5890711.3677180465 -1387403.9463679898 -1991047.681960407
5890681.615934622 -1388590.6572148826 -1990308.289282194
5890023.748863262 -1389412.2301433817 -1991681.4234597746
5890116.180106786 -1388565.8836871556 -1991998.2860194312
5890498.395215964 -1388004.8715575961 -1991258.9315532374
5891159.919103368 -1388377.8093894508 -1989040.6898665861
5890979.891481764 -1389746.3157041823 -1988618.1373366183
5890616.868762002 -1390528.963125213 -1989146.3264844178
5890287.492946013 -1391319.5083522003 -1989568.8668961348
5890374.085956501 -1391557.0485343602 -1989146.3264844178
5890674.9249225175 -1390434.127509875 -1989040.6898665861
5891030.539254791 -1391495.0201292147 -1987244.7746875563
5890922.588283996 -1392555.0904767925 -1986822.1809796067
5890773.483621667 -1394691.1954510082 -1985765.6543487937
5890913.950240136 -1394398.7187217951 -1985554.3417628151
5891163.076179679 -1395000.604108806 -1984392.0793011757
5890953.212812656 -1396036.7709746712 -1984286.4154498642
5890958.086771843 -1397666.8881376176 -1983124.0731989376
5891234.167099336 -1398601.2931886713 -1981644.6228050992
5890595.756830787 -1400839.254307648 -1981961.6578526206
5890323.603202419 -1401534.892456348 -1982278.6874664808
5890066.598444761 -1403211.7944198325 -1981855.9801071435
5890513.280878651 -1402231.8164121099 -1981221.9009575457
5889701.046897954 -1406383.9789948224 -1980693.4850692651
5889320.990956248 -1407379.7612405852 -1981116.2189867904
5888377.291069071 -1411174.5665183454 -1981221.9009575457
5887890.733622115 -1411275.2931623454 -1982595.711645812
5887236.165556445 -1412965.6641819244 -1983335.4135917546
5886436.855860062 -1412882.4820136386 -1985765.6543487937
5886740.091922957 -1412955.265758996 -1984814.7286612962
5885961.3061401155 -1415158.8103559879 -1985554.3417628151
5885997.255550204 -1415602.1348725404 -1985131.7093331034
5884461.498678712 -1419905.3067264815 -1986610.8804941797
5884900.439107202 -1418380.9572726125 -1986399.5775881272
5884167.683661907 -1422008.1458852333 -1985976.9645151768
5884507.964612848 -1420894.7112353807 -1985765.6543487937
5883533.075375034 -1428160.0126400825 -1983441.0828819408
5882047.196515282 -1432365.969595726 -1984814.7286612962
5880270.474693621 -1435847.686569974 -1987561.7136124626
5878681.926208633 -1437960.5976401523 -1990730.803022433
5878160.820926602 -1438920.4948950037 -1991575.801393111
5877429.711185031 -1440590.0258086198 -1992526.3781491492
5876884.119489027 -1442522.3952472585 -1992737.6107525537
5875476.2798057655 -1444460.2561853253 -1995483.4135469098
5874810.113460902 -1445710.0768334137 -1996539.3821609993
5874150.948176384 -1446200.2736780196 -1998123.2210382062
5873814.066054068 -1447422.1770377983 -1998228.8054285827
5873104.824667126 -1448987.1960459484 -1999179.0375468193
5872673.8626457285 -1449859.5362826244 -1999812.498222777
5872394.119724239 -1449681.7335318243 -2000762.6481150468
5871471.7645123955 -1451084.9670190224 -2002451.6815706436
5871495.407425804 -1449677.3199419486 -2003401.694274921
5872154.920240502 -1448317.9401188681 -2002451.6815706436
5872628.498578584 -1447564.9198654266 -2001607.1843540266
5872891.796134589 -1447956.0127621505 -2000551.5079599868
5872561.981661406 -1448418.3384167047 -2001184.9211113025
5872712.210942916 -1446933.2161207742 -2001818.3123171702
5873258.645899328 -1444567.2969910395 -2001923.8753840753
5873303.025361874 -1445556.6374806212 -2001079.3537765522
5872989.893946373 -1445805.7096565228 -2001818.3123171702
5872530.302821679 -1445040.345288919 -2003718.3541926253
5872004.267484046 -1445128.2893342187 -2005196.0278274817
5871054.393421835 -1445763.955001415 -2007517.8444788079
5870851.375138545 -1446148.685658401 -2007834.4329158035
5870160.505930463 -1448804.2472826997 -2007939.9611716021
5869416.227545807 -1450794.355400337 -2008678.6418340951
5869105.5544938445 -1453217.767647771 -2007834.4329158035
5868631.940507157 -1455274.8175887186 -2007728.904048383
5868751.858488129 -1456391.8770942527 -2006568.0461489484
5869236.088946635 -1456620.7903581576 -2004984.9389216846
5869558.863501042 -1457788.472179468 -2003190.584611709
5869507.612441939 -1459733.600576946 -2001923.8753840753
5869711.024063499 -1459784.1885986924 -2001290.4878364578
5869863.409894113 -1460039.6583878691 -2000657.0783422345
5869905.37677079 -1460594.046855701 -2000129.2203372912
5869702.089338428 -1460543.463346351 -2000762.6481150468
5870091.474098424 -1460857.9464431307 -1999390.193541754
5869411.857912072 -1462864.704615033 -1999918.0728701688
5868962.090033516 -1463514.1993356533 -2000762.6481150468
5868919.33355861 -1463829.946087005 -2000657.0783422345
5868596.591042094 -1464402.2545482058 -2001184.9211113025
5868672.687481721 -1464530.048954702 -2000868.2172783918
5868754.15314671 -1466509.0745565176 -1999179.0375468193
5867524.681943895 -1470990.0645583135 -1999495.770625664
5866500.432805878 -1473780.7588496043 -2000445.9369683368
5865848.722817514 -1476229.462183694 -2000551.5079599868
5865115.287312469 -1477568.8608196045 -2001712.7486404767
5864636.29417787 -1478754.5006509535 -2002240.5609257363
5864217.794133999 -1481697.3531249503 -2001290.4878364578
5863941.201716152 -1482934.0829357465 -2001184.9211113025
5862442.527726378 -1486148.0716362537 -2003190.584611709
5862596.064169746 -1485969.2011711379 -2002873.9155404211
5861829.654451085 -1488279.4608453915 -2003401.694274921
5862196.705322522 -1487828.1145685557 -2002662.7997756249
5861453.19315395 -1490470.9131389125 -2002873.9155404211
5860997.528202214 -1491553.09184216 -2003401.694274921
5859892.468193313 -1494757.1032500037 -2004246.108514353
5859161.920952478 -1496204.595616808 -2005301.57136417
5859247.456135353 -1497424.7453745014 -2004140.5588709358
5858545.747440649 -1500731.6489688226 -2003718.3541926253
5857984.352924189 -1503202.9228753373 -2003507.2481911364
5856888.079257625 -1506626.5785981661 -2004140.5588709358
5856342.352083929 -1506922.1079356968 -2005512.6566049645
5855525.9936775435 -1509109.510310376 -2006251.4357022638
5855601.487693518 -1510218.893838353 -2005196.0278274817
5854496.929215106 -1514075.8534525884 -2005512.6566049645
5853403.294075939 -1515646.0605959785 -2007517.8444788079
5852904.539689286 -1517152.048834335 -2007834.4329158035
5852676.7268570345 -1518728.2877406129 -2007306.7824631326
5851693.508896778 -1520980.6062862317 -2008467.5932751505
5851394.032166145 -1521993.0717773945 -2008573.1178605459
5850855.073164693 -1523924.5475621487 -2008678.6418340951
5850199.084840833 -1525607.3765274836 -2009311.7728248166
5849600.713327725 -1528177.5894454147 -2009100.7316091857
5848511.692314872 -1530401.3253562187 -2010577.9686956094
5847819.6932309335 -1532074.280972532 -2011316.5422287383
5847061.192634167 -1534275.0150986772 -2011844.0763725839
5846299.986898628 -1535929.487355869 -2012793.5992197117
5845139.153602297 -1538133.1190450995 -2014481.517195433
5844075.173679017 -1541343.6132612966 -2015114.4459427514
5842715.974181954 -1544148.5295016845 -2016907.6240316033
5841644.721474438 -1545719.8712776948 -2018806.0896497963
5840667.65918994 -1547206.6843150589 -2020493.4473794994
5840137.625824627 -1547829.8784954522 -2021547.965956842
5839230.003175891 -1550425.554064759 -2022180.6475469645
5838449.643185924 -1552400.2392449267 -2022918.7480406757
5837267.609222155 -1555467.9835539856 -2023973.1249362912
5835844.042120257 -1557925.25117151 -2026187.115695807
5834766.94703055 -1560038.0127510119 -2027662.9583369298
5833879.550703177 -1561437.3524270484 -2029138.6799164081
5833279.158918765 -1563131.5599193359 -2029560.2924052593
5832644.316765222 -1565362.0810467792 -2029665.6939819541
5831440.663224796 -1568749.3304938274 -2030508.884335038
5830070.760671647 -1571654.8008545218 -2032195.14626732
5828706.052058019 -1574124.452597631 -2034197.3764697544
5828747.124645635 -1574244.69587453 -2033986.625926077
5827908.569502138 -1577074.4240799525 -2034197.3764697544
5827914.034931581 -1578276.7782545846 -2033248.9795078787
5826926.740969896 -1582594.9383696555 -2032722.0706276314
5826743.866345982 -1584620.211589226 -2031668.2064309586
5825016.633107532 -1589611.0239942074 -2032722.0706276314
5824508.496592075 -1591875.6101337292 -2032405.917868796
5824465.482288392 -1594049.0515064136 -2030825.0705126093
5823699.193420382 -1598319.703697461 -2029665.6939819541
5823426.540094797 -1600649.5881324823 -2028611.650398088
5822464.97043821 -1605742.1832260902 -2027346.7165308152
5821962.358445571 -1608228.0516256646 -2026819.634503083
5821093.031939173 -1612034.5740226053 -2026292.5370402366
5820718.025414803 -1614446.7824637245 -2025449.1490046638
5820575.185020381 -1617470.8734481374 -2023445.9441931944
5819926.160178852 -1621120.8971661525 -2022391.5364827493
5819580.851865051 -1623542.3799818861 -2021442.516869672
5818877.490507182 -1626192.5505199619 -2021337.067166736
5818059.191696582 -1629248.5976574223 -2021231.6168480644
5817296.260720431 -1632101.1722522362 -2021126.1659136906
5815891.263655267 -1637621.3588314266 -2020704.3560198164
5814060.013597466 -1642035.2101736376 -2022391.5364827493
5813802.619231852 -1645797.9048841114 -2020071.6227133942
5814406.912988076 -1647284.4036917773 -2017118.574489437
5814550.984745616 -1648969.7717826627 -2015325.4172814884
5814779.182027006 -1649582.746524148 -2014165.0445371165
5814759.036510036 -1649138.4232800917 -2014587.006854289
5815787.537724454 -1646798.3690075406 -2013532.082655508
5815077.088231774 -1648790.0119031013 -2013954.0596971035
5815237.456385585 -1649383.7685874365 -2013004.5975532243
5814261.720899699 -1652177.4096619992 -2013532.082655508
5814209.008192768 -1652491.4488035198 -2013426.5868616365
5813603.507320898 -1655390.3426703673 -2012793.5992197117
5813454.138032244 -1655786.5815003114 -2012899.0986930497
5813324.452131417 -1657395.1539401864 -2011949.581362953
5813777.759164815 -1657085.5322779429 -2010894.5038851926
5812760.08502786 -1658989.5618270545 -2012266.0926566827
5812277.1579702655 -1660936.3536520884 -2012055.0857404473
5812518.588197081 -1660346.9740472757 -2011844.0763725839
5812084.10245866 -1661100.6349738738 -2012477.0971210334
5810702.097014614 -1663887.4099874543 -2014165.0445371165
5810396.730787029 -1665336.2371130507 -2013848.5663568524
5810618.237830957 -1665838.7140195826 -2012793.5992197117
5810551.492870609 -1665051.3667229037 -2013637.5778360232
5808793.3868497135 -1669266.0108224784 -2015219.9319190555
5808029.1582574025 -1672558.6518260548 -2014692.4958994666
5807699.585405448 -1675098.5277882458 -2013532.082655508
5807668.198748293 -1675967.8731194295 -2012899.0986930497
5807161.725266705 -1677468.7594064812 -2013110.0958002023
5806830.646338843 -1678361.412649659 -2013321.0904544408
5806994.9542114455 -1678299.0854563206 -2012899.0986930497
5806798.750201391 -1679230.7436046356 -2012688.0991332412
5805649.941010747 -1680545.6733945648 -2014903.4721486585
5805478.358150082 -1681264.736853493 -2014797.9843309333
5804774.964034666 -1682049.3628463552 -2016169.2780777381
5803949.226697705 -1683127.8130903956 -2017645.9398805941
5803095.172327367 -1685186.202977176 -2018384.22561369
5803181.713037315 -1686529.3242755905 -2017013.099567729
5803238.187127465 -1687973.7547240811 -2015641.8696852399
5803217.351809622 -1688297.2625690582 -2015430.9020300184
5802112.283104736 -1689953.0144951988 -2017224.0487966961
5801448.899292522 -1690089.3319620742 -2019017.017978197
5800968.096488071 -1691487.1132577586 -2019227.9438464863
5800059.206221517 -1692210.671098251 -2021231.6168480644
5798423.569612175 -1696676.3203547497 -2022180.6475469645
5796632.060412054 -1699777.1932936735 -2024711.1520811536
5796376.833092409 -1702779.0072746277 -2022918.7480406757
5795419.623908068 -1706783.9182564262 -2022286.0923228688
5795109.480049468 -1707462.020924661 -2022602.4229543118
5795402.753833392 -1709087.5583458436 -2020387.9921361092
5794547.101444799 -1711363.8982265005 -2020915.2621979658
5793604.692930075 -1714054.294051499 -2021337.067166736
5792855.142603477 -1715591.9460929455 -2022180.6475469645
5792690.9693021905 -1716643.072086319 -2021758.8622837532
5792150.548131986 -1717472.6974347166 -2022602.4229543118
5791742.225590629 -1719221.3217349332 -2022286.0923228688
5790908.174194695 -1720293.5375548357 -2023762.25448844
5790525.312925174 -1721829.668259886 -2023551.3815746957
5789596.465374631 -1723093.3328788318 -2025132.868310154
5788768.64342524 -1724386.821352079 -2026397.957767422
5787909.794561605 -1724790.8956121583 -2028506.2426404438
5787819.7918536505 -1726084.0027111932 -2027662.9583369298
5787016.407923796 -1730134.7213071368 -2026503.3778773323
5786229.44005269 -1733750.6835233304 -2025659.999716122
5785374.365276099 -1736355.8854666103 -2025870.8479593748
5785484.494642789 -1737709.8777980036 -2024394.8584332867
5785888.420369668 -1739923.17299643 -2021337.067166736
5785709.35398655 -1742842.7545761028 -2019333.405858009
5785294.025501432 -1746903.601996864 -2017013.099567729
5784737.262944485 -1750812.5041527722 -2015219.9319190555
5783905.258587821 -1754528.4784916835 -2014376.026922931
5783402.2851556325 -1756911.450928857 -2013743.0724031483
5783569.082488339 -1758175.0282971654 -2012160.5895050347
5783780.200641906 -1759893.4595527144 -2010050.3977975901
5783643.509008332 -1762388.8393710852 -2008256.5422689486
5782697.2278440995 -1765851.3197362754 -2007939.9611716021
5781608.425437167 -1767615.083836038 -2009522.8115921621
5780907.984499519 -1768945.6273626662 -2010366.9421735478
5780694.486288067 -1769763.048353824 -2010261.427993912
5779883.178893963 -1773487.4225452556 -2009311.7728248166
5778331.815787411 -1776984.6273223602 -2010683.4810379702
5776457.312995464 -1781044.0322194495 -2012477.0971210334
5774998.159953085 -1782912.2654430298 -2015008.9593526083
5773854.882082931 -1785539.936973579 -2015958.3165629946
5773119.917402753 -1785533.4465095568 -2018067.8211307302
5773257.621274638 -1787232.1842809892 -2016169.2780777381
5772604.532214925 -1787913.295803325 -2017434.9955677364
5772359.361516307 -1790487.5731496527 -2015852.834884463
5771333.0195264425 -1792488.30788264 -2017013.099567729
5770574.796187377 -1794572.1270819437 -2017329.522489473
5769548.130542289 -1795025.931548997 -2019860.7066881186
5769210.320197918 -1796467.0852595286 -2019544.3280356503
5768340.4484753385 -1798073.843781106 -2020598.9020074129
5767746.114654415 -1800097.7712294958 -2020493.4473794994
5766971.640107445 -1801513.0455225825 -2021442.516869672
5765410.0774373235 -1807212.0387905457 -2020809.8094166778
5765611.492118053 -1809043.5889101683 -2018595.1588615417
5765738.46623593 -1810520.5260064136 -2016907.6240316033
5765443.772475507 -1812749.7667748504 -2015747.3525918673
5765118.185555683 -1815190.7677853408 -2014481.517195433
5764808.599489428 -1816641.6626684829 -2014059.5524238688
5764438.708816393 -1818516.0850588842 -2013426.5868616365
5763494.881767719 -1819988.140118863 -2014797.9843309333
5762730.298022034 -1822291.005899488 -2014903.4721486585
