19.442 298.56
19.433 298.597
19.458 298.604
19.48 298.639
19.537 298.646
19.56 298.664
19.587 298.637
19.568 298.618
19.568 298.579
19.572 298.574
19.59 298.585
19.574 298.615
19.559 298.641
19.52 298.7
19.519 298.766
19.539 298.852
19.591 298.894
19.647 298.891
19.662 298.874
19.668 298.836
19.637 298.837
19.633 298.853
19.587 298.908
19.56 298.938
19.576 299.0
19.625 299.068
19.681 299.108
19.729 299.105
19.756 299.059
19.76 299.005
19.769 298.975
19.775 298.968
19.778 298.965
19.764 298.955
19.739 298.947
19.719 298.916
19.743 298.903
19.743 298.948
19.722 299.011
19.661 299.076
19.602 299.098
19.584 299.126
19.561 299.179
19.526 299.237
19.471 299.275
19.425 299.282
19.384 299.29
19.355 299.285
19.329 299.306
19.281 299.343
19.211 299.352
19.152 299.338
19.101 299.347
19.047 299.353
18.983 299.363
18.911 299.371
18.832 299.36
18.744 299.344
18.649 299.317
18.552 299.286
18.466 299.256
18.36 299.253
18.287 299.252
18.23 299.264
18.224 299.285
18.235 299.336
18.262 299.37
18.303 299.389
18.342 299.372
18.364 299.342
18.368 299.293
18.344 299.251
18.297 299.183
18.238 299.106
18.177 299.046
18.107 298.98
18.053 298.925
18.023 298.882
17.988 298.853
17.938 298.819
17.923 298.777
17.914 298.76
17.899 298.76
17.871 298.758
17.859 298.756
17.841 298.752
17.825 298.756
17.815 298.742
17.82 298.747
17.812 298.75
17.813 298.765
17.82 298.774
17.827 298.809
17.837 298.801
17.892 298.807
17.949 298.809
17.994 298.821
18.031 298.806
18.047 298.791
18.071 298.761
18.067 298.732
18.094 298.685
18.096 298.653
18.118 298.617
18.11 298.583
18.104 298.541
18.092 298.477
18.104 298.406
18.15 298.363
18.167 298.343
18.177 298.294
18.189 298.24
18.219 298.172
18.263 298.13
18.285 298.093
18.316 298.058
18.336 298.021
18.369 297.996
18.378 297.961
18.406 297.923
18.457 297.883
18.482 297.886
18.512 297.856
18.533 297.841
18.562 297.814
18.58 297.797
18.592 297.771
18.621 297.747
18.64 297.723
18.659 297.702
18.692 297.674
18.717 297.654
18.751 297.623
18.781 297.599
18.827 297.579
18.853 297.569
18.87 297.548
18.895 297.508
18.927 297.466
18.949 297.421
18.973 297.371
19.006 297.352
19.009 297.337
19.012 297.303
19.011 297.282
19.021 297.251
19.028 297.23
19.051 297.214
19.055 297.226
19.04 297.223
19.031 297.212
19.032 297.195
19.034 297.203
19.025 297.207
18.998 297.211
18.975 297.195
18.982 297.188
18.988 297.191
18.975 297.197
18.943 297.188
18.918 297.173
18.907 297.165
18.905 297.181
18.884 297.215
18.886 297.271
18.943 297.295
19.014 297.274
19.068 297.236
19.111 297.193
19.132 297.171
19.141 297.147
19.137 297.11
19.149 297.075
19.153 297.065
19.153 297.057
19.128 297.046
19.129 297.022
19.124 297.044
19.092 297.077
19.047 297.107
19.02 297.129
18.999 297.165
19.005 297.179
19.044 297.2
19.113 297.204
19.189 297.179
19.26 297.12
19.331 297.089
19.367 297.064
19.409 297.024
19.451 296.982
19.509 296.952
19.558 296.946
19.594 296.923
19.662 296.889
19.733 296.875
19.802 296.865
19.857 296.843
19.919 296.818
19.992 296.78
20.098 296.755
20.197 296.749
20.268 296.725
20.347 296.681
20.43 296.636
20.517 296.628
20.58 296.625
20.656 296.613
20.734 296.629
20.791 296.651
20.848 296.683
20.884 296.703
20.923 296.731
20.936 296.764
20.981 296.788
21.023 296.841
21.068 296.901
21.117 296.969
21.174 297.031
21.253 297.114
21.316 297.205
21.378 297.277
21.443 297.337
21.52 297.392
21.585 297.448
21.637 297.477
21.688 297.494
21.744 297.492
21.812 297.512
21.853 297.527
21.892 297.523
21.947 297.508
22.012 297.506
22.062 297.5
22.12 297.499
22.145 297.502
22.178 297.475
22.227 297.464
22.273 297.442
22.308 297.415
22.343 297.336
22.397 297.258
22.429 297.19
22.448 297.117
22.485 297.038
22.502 296.955
22.529 296.868
22.556 296.768
22.575 296.691
22.603 296.626
22.639 296.594
22.631 296.577
22.627 296.517
22.636 296.464
22.67 296.399
22.719 296.366
22.765 296.349
22.804 296.335
22.836 296.291
22.922 296.246
23.002 296.255
23.057 296.265
23.117 296.259
23.183 296.252
23.257 296.247
23.328 296.26
23.356 296.266
23.408 296.239
23.467 296.236
23.52 296.222
23.547 296.219
23.586 296.177
23.636 296.154
23.683 296.126
23.721 296.118
23.741 296.088
23.786 296.057
23.821 296.041
23.849 296.029
23.859 296.007
23.885 295.973
23.909 295.948
23.937 295.918
23.971 295.902
23.994 295.891
24.014 295.885
24.021 295.868
24.041 295.846
24.062 295.829
24.088 295.814
24.116 295.794
24.149 295.77
24.197 295.748
24.227 295.753
24.251 295.733
24.288 295.713
24.328 295.715
24.346 295.73
24.363 295.723
24.39 295.721
24.423 295.731
24.453 295.761
24.483 295.785
24.503 295.805
24.531 295.838
24.553 295.877
24.568 295.913
24.574 295.948
24.585 295.969
24.596 296.011
24.59 296.049
24.589 296.066
24.605 296.101
24.6 296.15
24.582 296.171
24.582 296.198
24.581 296.238
24.577 296.292
24.547 296.32
24.523 296.358
24.5 296.374
24.48 296.403
24.447 296.409
24.414 296.414
24.394 296.409
24.379 296.407
24.359 296.401
24.348 296.403
24.326 296.396
24.306 296.389
24.286 296.377
24.276 296.372
24.267 296.365
24.244 296.362
24.233 296.336
24.241 296.326
24.244 296.33
24.231 296.334
24.204 296.324
24.209 296.302
24.235 296.303
24.254 296.324
24.232 296.348
24.211 296.354
24.206 296.346
24.216 296.354
24.198 296.38
24.158 296.387
24.134 296.35
24.141 296.309
24.166 296.308
24.155 296.323
24.127 296.308
24.106 296.257
24.132 296.22
24.153 296.217
24.144 296.219
24.134 296.181
24.149 296.147
24.188 296.124
24.23 296.134
24.25 296.153
24.252 296.168
24.252 296.158
24.283 296.165
24.306 296.225
24.272 296.271
24.237 296.255
24.25 296.225
24.284 296.261
24.272 296.307
24.23 296.316
24.216 296.297
24.232 296.313
24.221 296.34
24.184 296.351
24.169 296.346
24.162 296.363
24.139 296.369
24.125 296.367
24.111 296.377
24.089 296.396
24.048 296.405
24.012 296.391
23.997 296.367
23.975 296.372
23.935 296.355
23.907 296.336
23.886 296.325
23.864 296.335
23.827 296.358
23.805 296.367
23.786 296.392
23.761 296.439
23.74 296.487
23.729 296.514
23.754 296.555
23.762 296.625
23.768 296.695
23.809 296.755
23.85 296.749
23.867 296.741
23.827 296.712
23.786 296.694
23.743 296.696
23.71 296.701
23.699 296.688
23.712 296.691
23.75 296.726
23.791 296.817
23.822 296.811
23.789 296.757
23.762 296.728
23.755 296.748
23.744 296.784
23.743 296.844
23.796 296.865
23.819 296.817
23.791 296.827
23.753 296.878
23.772 296.945
23.811 296.933
23.795 296.925
23.79 296.983
23.837 297.055
23.837 297.035
23.816 297.046
23.835 297.115
23.893 297.118
23.855 297.142
23.85 297.185
23.895 297.183
23.903 297.171
23.879 297.228
23.901 297.283
23.921 297.287
23.908 297.288
23.902 297.358
23.942 297.416
23.935 297.424
23.934 297.484
23.982 297.503
23.973 297.523
23.987 297.6
24.03 297.652
24.029 297.669
24.031 297.738
24.097 297.797
24.139 297.843
24.131 297.893
24.165 297.97
24.229 298.023
24.285 298.056
24.287 298.099
24.3 298.155
24.357 298.235
24.433 298.292
24.502 298.319
24.529 298.35
24.547 298.411
24.63 298.467
24.727 298.497
24.797 298.501
24.812 298.479
24.898 298.488
25.008 298.523
25.085 298.524
25.119 298.536
25.198 298.509
25.257 298.501
25.34 298.509
25.36 298.529
25.405 298.517
25.468 298.484
25.493 298.489
25.535 298.523
25.569 298.515
25.585 298.476
25.598 298.481
25.643 298.521
25.698 298.549
25.731 298.538
25.741 298.525
25.777 298.534
25.831 298.57
25.887 298.605
25.912 298.599
25.939 298.62
26.012 298.662
26.044 298.68
26.077 298.719
26.124 298.718
26.15 298.723
26.2 298.757
26.229 298.758
26.247 298.778
26.264 298.773
26.287 298.793
26.314 298.822
26.336 298.854
26.349 298.885
26.368 298.881
26.383 298.894
26.418 298.954
26.426 299.006
26.438 299.061
26.461 299.126
26.512 299.215
26.551 299.334
26.557 299.405
26.588 299.455
26.649 299.511
26.69 299.605
26.702 299.711
26.704 299.83
26.703 299.956
26.709 300.079
26.704 300.195
26.695 300.296
26.686 300.406
26.674 300.499
26.659 300.611
26.634 300.725
26.617 300.808
26.64 300.906
26.659 301.0
26.711 301.065
26.77 301.107
26.834 301.128
26.893 301.125
26.966 301.1
27.03 301.087
27.076 301.053
27.121 301.008
27.164 300.977
27.201 300.954
27.226 300.935
27.25 300.91
27.268 300.894
27.278 300.863
27.304 300.844
27.307 300.842
27.31 300.818
27.32 300.8
27.34 300.793
27.338 300.794
27.341 300.777
27.358 300.773
27.368 300.775
27.363 300.771
27.379 300.758
27.403 300.761
27.408 300.767
27.412 300.75
27.438 300.73
27.465 300.727
27.468 300.726
27.486 300.701
27.517 300.691
27.538 300.682
27.553 300.662
27.582 300.625
27.612 300.604
27.638 300.573
27.659 300.543
27.689 300.504
27.72 300.474
27.73 300.444
27.754 300.377
27.793 300.319
27.826 300.289
27.836 300.266
27.822 300.203
27.856 300.131
27.884 300.091
27.887 300.055
27.878 299.99
27.887 299.918
27.909 299.865
27.902 299.833
27.875 299.766
27.882 299.695
27.888 299.647
27.885 299.612
27.86 299.561
27.867 299.484
27.871 299.428
27.89 299.371
27.868 299.327
27.854 299.246
27.855 299.172
27.852 299.106
27.834 299.057
27.785 298.975
27.759 298.878
27.739 298.806
27.707 298.757
27.644 298.688
27.589 298.603
27.561 298.54
27.518 298.509
27.445 298.486
27.385 298.44
27.355 298.413
27.32 298.428
27.264 298.44
27.222 298.45
27.201 298.462
27.182 298.505
27.162 298.547
27.148 298.584
27.145 298.621
27.158 298.662
27.168 298.719
27.173 298.768
27.195 298.809
27.204 298.845
27.232 298.881
27.24 298.922
27.25 298.946
27.252 298.967
27.254 298.981
27.247 298.983
27.268 298.972
27.297 298.987
27.299 298.99
27.306 298.981
27.327 298.961
27.352 299.0
27.326 299.022
27.292 298.992
27.309 298.927
27.381 298.909
27.392 298.939
27.362 298.926
27.373 298.854
27.436 298.824
27.462 298.836
27.45 298.82
27.452 298.764
27.49 298.722
27.515 298.719
27.505 298.706
27.506 298.659
27.518 298.61
27.548 298.587
27.54 298.576
27.534 298.533
27.533 298.487
27.552 298.447
27.547 298.423
27.533 298.377
27.53 298.313
27.538 298.252
27.541 298.206
27.528 298.173
27.503 298.108
27.492 298.026
27.502 297.965
27.487 297.928
27.432 297.867
27.411 297.767
27.418 297.699
27.396 297.681
27.326 297.625
27.294 297.536
27.305 297.484
27.278 297.502
27.184 297.454
27.136 297.355
27.154 297.271
27.171 297.254
27.132 297.24
27.087 297.169
27.099 297.104
27.102 297.078
27.094 297.064
27.051 297.029
27.041 296.96
27.054 296.929
27.048 296.918
27.009 296.9
26.987 296.826
27.011 296.783
27.012 296.794
26.955 296.797
26.907 296.717
26.941 296.649
26.974 296.657
26.926 296.688
26.864 296.625
26.877 296.542
26.928 296.527
26.922 296.569
26.869 296.555
26.844 296.495
26.873 296.456
26.885 296.469
26.855 296.475
26.828 296.432
26.851 296.398
26.856 296.406
26.834 296.398
26.814 296.362
26.832 296.33
26.838 296.326
26.832 296.315
26.818 296.293
26.813 296.255
26.828 296.222
26.84 296.206
26.842 296.198
26.812 296.164
26.818 296.108
26.845 296.056
26.866 296.048
26.832 296.023
26.82 295.933
26.859 295.854
26.889 295.83
26.872 295.813
26.837 295.725
26.873 295.608
26.925 295.58
26.902 295.567
26.85 295.483
26.871 295.365
26.92 295.329
26.896 295.307
26.851 295.229
26.854 295.139
26.889 295.08
26.885 295.076
26.845 295.027
26.833 294.954
26.848 294.899
26.855 294.885
26.811 294.868
26.78 294.79
26.798 294.736
26.801 294.731
26.756 294.712
26.727 294.654
26.733 294.606
26.735 294.59
26.718 294.57
26.711 294.539
26.703 294.518
26.674 294.496
26.66 294.469
26.64 294.451
26.629 294.439
26.589 294.431
26.573 294.389
26.58 294.379
26.56 294.398
26.514 294.395
26.491 294.366
26.498 294.367
26.48 294.391
26.434 294.39
26.42 294.373
26.418 294.381
26.411 294.407
26.373 294.429
26.347 294.419
26.349 294.432
26.34 294.454
26.321 294.477
26.29 294.484
26.291 294.484
26.286 294.504
26.274 294.53
26.248 294.54
26.242 294.537
26.242 294.551
26.235 294.578
26.201 294.587
26.213 294.587
26.217 294.622
26.202 294.65
26.184 294.66
26.192 294.664
26.204 294.692
26.195 294.729
26.174 294.731
26.184 294.727
26.199 294.752
26.182 294.8
26.147 294.805
26.153 294.8
26.165 294.825
26.144 294.869
26.117 294.876
26.115 294.89
26.119 294.916
26.114 294.97
26.087 295.0
26.082 295.027
26.091 295.068
26.08 295.122
26.062 295.168
26.065 295.207
26.065 295.263
26.061 295.308
26.067 295.369
26.067 295.427
26.077 295.497
26.073 295.556
26.094 295.623
26.113 295.687
26.136 295.767
26.151 295.835
26.19 295.888
26.241 295.95
26.292 296.011
26.337 296.057
26.395 296.087
26.448 296.114
26.5 296.142
26.529 296.17
26.564 296.166
26.618 296.173
26.648 296.191
26.668 296.199
26.676 296.187
26.71 296.173
26.729 296.179
26.74 296.174
26.755 296.16
26.771 296.148
26.782 296.144
26.787 296.142
26.79 296.137
26.784 296.126
26.787 296.115
26.787 296.107
26.782 296.114
26.77 296.101
26.773 296.092
26.775 296.099
26.775 296.106
26.775 296.107
26.784 296.116
26.78 296.134
26.775 296.135
26.786 296.128
26.811 296.155
26.794 296.185
26.779 296.171
26.808 296.16
26.84 296.2
26.816 296.233
26.81 296.214
26.83 296.203
26.863 296.227
26.843 296.272
26.829 296.242
26.864 296.224
26.9 296.26
26.883 296.306
26.859 296.295
26.889 296.276
26.923 296.292
26.928 296.348
26.896 296.341
26.928 296.315
26.97 296.331
26.982 296.382
26.959 296.4
26.979 296.376
27.022 296.397
27.04 296.441
27.033 296.463
27.052 296.444
27.106 296.465
27.118 296.502
27.124 296.511
27.144 296.493
27.193 296.502
27.205 296.522
27.218 296.518
27.237 296.491
27.275 296.482
27.289 296.481
27.302 296.475
27.309 296.446
27.338 296.427
27.344 296.417
27.346 296.408
27.346 296.378
27.36 296.357
27.367 296.344
27.362 296.337
27.359 296.309
27.366 296.284
27.374 296.273
27.361 296.259
27.365 296.232
27.363 296.217
27.361 296.203
27.353 296.19
27.342 296.167
27.342 296.145
27.342 296.13
27.332 296.124
27.306 296.101
27.312 296.073
27.311 296.064
27.3 296.064
27.278 296.039
27.278 296.011
27.288 295.997
27.284 295.996
27.266 295.984
27.27 295.951
27.281 295.944
27.283 295.945
27.266 295.935
27.269 295.904
27.273 295.899
27.273 295.884
27.258 295.877
27.26 295.84
27.265 295.834
27.257 295.819
27.248 295.799
27.258 295.765
27.256 295.763
27.247 295.735
27.247 295.709
27.264 295.681
27.274 295.69
27.251 295.677
27.252 295.643
27.275 295.616
27.293 295.634
27.273 295.631
27.289 295.593
27.329 295.586
27.362 295.626
27.328 295.647
27.325 295.596
27.37 295.57
27.395 295.608
27.352 295.622
27.336 295.563
27.376 295.519
27.407 295.549
27.37 295.565
27.345 295.508
27.365 295.454
27.405 295.462
27.375 295.484
27.348 295.444
27.358 295.396
27.4 295.383
27.379 295.407
27.347 295.36
27.342 295.307
27.371 295.281
27.354 295.294
27.335 295.26
27.333 295.209
27.357 295.171
27.359 295.163
27.334 295.13
27.335 295.075
27.346 295.029
27.355 295.012
27.333 294.981
27.336 294.927
27.335 294.885
27.342 294.852
27.327 294.829
27.321 294.784
27.31 294.742
27.317 294.704
27.32 294.678
27.315 294.664
27.303 294.622
27.314 294.589
27.334 294.566
27.336 294.555
27.333 294.517
27.347 294.479
27.372 294.477
27.364 294.473
27.359 294.456
27.359 294.433
27.375 294.436
27.365 294.44
27.354 294.435
27.362 294.417
27.367 294.425
27.367 294.416
27.363 294.42
27.362 294.4
27.374 294.379
27.405 294.343
27.405 294.252
27.322 294.064
27.235 294.081
27.065 294.16
26.919 294.084
26.902 293.982
26.925 294.035
26.807 294.112
26.711 294.036
26.72 293.973
26.711 294.026
26.629 294.07
26.57 294.033
26.558 294.002
26.57 294.047
26.519 294.093
26.487 294.078
26.499 294.067
26.531 294.104
26.523 294.161
26.504 294.177
26.52 294.168
26.583 294.203
26.605 294.278
26.596 294.317
26.623 294.33
26.681 294.361
26.724 294.431
26.751 294.489
26.769 294.507
26.829 294.533
26.876 294.591
26.901 294.646
26.918 294.678
26.969 294.708
27.011 294.762
27.028 294.814
27.061 294.85
27.092 294.898
27.123 294.934
27.155 294.978
27.182 295.014
27.203 295.054
27.227 295.083
27.252 295.112
27.283 295.155
27.296 295.202
27.318 295.229
27.344 295.275
27.37 295.309
27.388 295.354
27.407 295.393
27.423 295.431
27.458 295.462
27.485 295.525
27.493 295.593
27.509 295.638
27.531 295.706
27.578 295.779
27.611 295.907
27.623 296.021
27.64 296.124
27.677 296.237
27.687 296.382
27.661 296.491
27.671 296.578
27.708 296.715
27.689 296.883
27.673 297.043
27.688 297.198
27.699 297.317
27.704 297.409
27.695 297.506
27.681 297.57
27.676 297.641
27.684 297.709
27.668 297.805
27.649 297.841
27.692 297.864
27.701 297.944
27.657 297.964
27.646 297.97
27.635 298.003
27.591 298.073
27.534 298.098
27.484 298.131
27.435 298.151
27.383 298.193
27.276 298.233
27.153 298.239
27.012 298.297
26.899 298.328
26.807 298.356
26.717 298.391
26.609 298.409
26.527 298.397
26.467 298.393
26.403 298.392
26.315 298.392
26.243 298.351
26.198 298.308
26.177 298.292
26.126 298.297
26.05 298.273
26.015 298.232
26.003 298.237
25.949 298.264
25.869 298.235
25.855 298.164
25.849 298.131
25.819 298.109
25.762 298.056
25.733 297.991
25.719 297.933
25.702 297.884
25.666 297.802
25.651 297.697
25.67 297.595
25.661 297.538
25.63 297.414
25.629 297.263
25.639 297.133
25.645 297.028
25.64 296.898
25.636 296.782
25.646 296.662
25.688 296.544
25.717 296.482
25.709 296.404
25.705 296.303
25.735 296.218
25.732 296.169
25.735 296.115
25.719 296.043
25.725 295.966
25.731 295.916
25.712 295.895
25.667 295.834
25.64 295.762
25.614 295.707
25.572 295.675
25.531 295.624
25.496 295.578
25.464 295.529
25.44 295.473
25.417 295.443
25.393 295.404
25.363 295.366
25.358 295.317
25.348 295.309
25.322 295.288
25.302 295.25
25.305 295.232
25.292 295.233
25.254 295.221
25.217 295.21
25.176 295.191
25.131 295.175
25.072 295.156
25.021 295.113
24.968 295.073
24.928 295.029
24.886 294.987
24.863 294.943
24.841 294.92
24.819 294.897
24.793 294.878
24.77 294.855
24.754 294.827
24.742 294.812
24.713 294.822
24.666 294.776
24.668 294.732
24.66 294.732
24.632 294.735
24.582 294.688
24.567 294.629
24.564 294.619
24.517 294.606
24.461 294.556
24.438 294.486
24.428 294.464
24.404 294.437
24.365 294.4
24.34 294.332
24.352 294.296
24.369 294.3
24.349 294.305
24.327 294.277
24.337 294.242
24.371 294.236
24.374 294.252
24.349 294.241
24.346 294.201
24.387 294.172
24.385 294.207
24.315 294.194
24.315 294.133
24.373 294.099
24.414 294.161
24.379 294.236
24.358 294.207
24.387 294.196
24.429 294.212
24.416 294.258
24.361 294.264
24.322 294.254
24.321 294.235
24.308 294.229
24.307 294.258
24.258 294.288
24.232 294.279
24.208 294.275
24.211 294.306
24.173 294.357
24.122 294.379
24.069 294.398
24.028 294.433
23.966 294.462
23.915 294.479
23.85 294.506
23.786 294.537
23.707 294.541
23.681 294.529
23.668 294.569
23.592 294.62
23.513 294.605
23.504 294.578
23.493 294.603
23.48 294.623
23.459 294.639
23.464 294.643
23.46 294.658
23.456 294.651
23.451 294.662
23.465 294.679
23.455 294.688
23.474 294.673
23.51 294.676
23.557 294.653
23.646 294.66
23.674 294.765
23.66 294.846
23.653 294.848
23.739 294.826
23.817 294.869
23.885 294.964
23.878 295.051
23.854 295.063
23.895 295.049
23.99 295.076
24.044 295.198
24.027 295.258
24.018 295.219
24.084 295.139
24.175 295.151
24.177 295.211
24.129 295.175
24.144 295.104
24.191 295.069
24.211 295.111
24.154 295.117
24.128 295.08
24.136 295.057
24.15 295.083
24.139 295.125
24.125 295.143
24.135 295.141
24.168 295.165
24.192 295.198
24.199 295.204
24.222 295.206
24.238 295.254
24.22 295.26
24.234 295.243
24.282 295.268
24.28 295.299
24.267 295.302
24.277 295.283
24.312 295.278
24.343 295.297
24.335 295.322
24.306 295.296
24.331 295.259
24.385 295.254
24.397 295.282
24.39 295.244
24.444 295.169
24.521 295.157
24.56 295.138
24.603 295.088
24.662 295.033
24.705 294.97
24.761 294.917
24.779 294.877
24.771 294.799
24.778 294.708
24.799 294.656
24.778 294.615
24.749 294.538
24.755 294.456
24.765 294.405
24.753 294.368
24.721 294.324
24.687 294.247
24.682 294.185
24.666 294.148
24.648 294.122
24.62 294.09
24.601 294.043
24.587 294.02
24.552 294.004
24.52 293.977
24.494 293.946
24.469 293.927
24.456 293.91
24.431 293.893
24.419 293.904
24.399 293.941
24.366 293.975
24.327 293.982
24.306 293.988
24.254 293.982
24.224 293.953
24.201 293.943
24.181 293.939
24.158 293.938
24.144 293.944
24.115 293.953
24.09 293.946
24.083 293.935
24.079 293.945
24.05 293.961
24.01 293.965
23.995 293.95
23.992 293.948
24.0 293.962
23.949 293.995
23.91 294.008
23.899 294.021
23.884 294.044
23.846 294.088
23.824 294.102
23.806 294.113
23.798 294.129
23.791 294.196
23.764 294.261
23.742 294.292
23.723 294.323
23.689 294.378
23.637 294.441
23.579 294.504
23.531 294.565
23.491 294.588
23.449 294.626
23.4 294.66
23.352 294.707
23.292 294.743
23.243 294.787
23.179 294.807
23.146 294.836
23.09 294.861
23.035 294.885
22.968 294.89
22.919 294.872
22.86 294.868
22.771 294.833
22.693 294.803
22.61 294.757
22.552 294.719
22.484 294.716
22.434 294.724
22.372 294.736
22.283 294.757
22.23 294.771
22.187 294.748
22.127 294.73
22.066 294.705
21.997 294.686
21.935 294.662
21.884 294.632
21.847 294.614
21.813 294.589
21.793 294.568
21.78 294.564
21.766 294.55
21.758 294.531
21.771 294.524
21.769 294.543
21.751 294.529
21.738 294.512
21.73 294.498
21.695 294.467
21.669 294.429
21.636 294.395
21.62 294.339
21.624 294.276
21.627 294.203
21.625 294.129
21.65 294.054
21.677 294.003
21.687 293.929
21.682 293.856
21.678 293.78
21.678 293.707
21.669 293.659
21.655 293.615
21.653 293.578
21.673 293.539
21.678 293.522
21.67 293.465
21.672 293.412
21.695 293.365
21.683 293.316
21.665 293.242
21.645 293.17
21.632 293.093
21.606 293.011
21.597 292.921
21.623 292.855
21.637 292.801
21.582 292.736
21.553 292.631
21.527 292.516
21.521 292.408
21.533 292.315
21.57 292.251
21.611 292.21
21.678 292.188
21.701 292.176
21.722 292.146
21.766 292.127
21.81 292.112
21.837 292.103
21.868 292.075
21.916 292.041
21.947 292.027
21.978 292.014
22.006 291.986
22.046 291.952
22.096 291.929
22.148 291.928
22.179 291.923
22.215 291.892
22.263 291.869
22.324 291.852
22.366 291.844
22.418 291.849
22.475 291.861
22.542 291.878
22.637 291.923
22.721 291.969
22.809 292.018
22.938 292.062
23.039 292.107
23.111 292.108
23.181 292.1
23.204 292.096
23.217 292.093
23.204 292.116