34.164 223.22
34.166 223.221
34.159 223.224
34.166 223.231
34.168 223.256
34.173 223.29
34.203 223.296
34.218 223.314
34.214 223.309
34.224 223.341
34.211 223.366
34.214 223.407
34.192 223.444
34.161 223.468
34.155 223.474
34.158 223.51
34.143 223.537
34.128 223.559
34.133 223.578
34.127 223.609
34.118 223.628
34.1 223.677
34.082 223.721
34.057 223.779
34.035 223.832
33.973 223.905
33.904 223.938
33.867 223.99
33.847 224.049
33.784 224.112
33.763 224.163
33.731 224.215
33.715 224.281
33.668 224.332
33.676 224.403
33.655 224.488
33.639 224.477
33.712 224.515
33.768 224.615
33.775 224.696
33.806 224.711
33.855 224.802
33.843 224.881
33.845 224.913
33.876 224.916
33.936 224.945
33.979 224.958
34.012 224.979
34.033 225.003
34.067 225.017
34.11 225.051
34.146 225.092
34.18 225.141
34.204 225.154
34.213 225.132
34.25 225.137
34.263 225.166
34.29 225.172
34.342 225.204
34.367 225.256
34.392 225.274
34.425 225.313
34.438 225.357
34.449 225.368
34.477 225.386
34.474 225.433
34.479 225.471
34.508 225.526
34.552 225.588
34.575 225.644
34.62 225.664
34.656 225.694
34.689 225.682
34.699 225.694
34.706 225.706
34.71 225.746
34.731 225.776
34.751 225.807
34.787 225.811
34.818 225.815
34.844 225.785
34.83 225.79
34.835 225.783
34.848 225.805
34.846 225.827
34.828 225.829
34.841 225.83
34.823 225.857
34.813 225.834
34.82 225.821
34.826 225.806
34.829 225.803
34.827 225.789
34.824 225.779
34.838 225.762
34.838 225.768
34.844 225.745
34.86 225.74
34.881 225.739
34.893 225.742
34.908 225.734
34.942 225.748
34.942 225.773
34.957 225.764
34.979 225.8
34.986 225.822
34.989 225.85
34.997 225.851
34.986 225.89
34.963 225.876
34.971 225.869
34.982 225.862
34.988 225.891
34.988 225.9
34.999 225.933
35.006 225.958
35.018 225.99
35.01 226.003
35.028 226.026
35.021 226.039
35.034 226.039
35.052 226.056
35.062 226.053
35.085 226.04
35.124 226.036
35.15 226.003
35.181 225.939
35.178 225.898
35.181 225.855
35.161 225.843
35.169 225.837
35.175 225.829
35.202 225.818
35.212 225.772
35.223 225.706
35.204 225.653
35.181 225.626
35.179 225.612
35.206 225.614
35.213 225.55
35.213 225.479
35.201 225.436
35.187 225.409
35.203 225.34
35.218 225.309
35.176 225.222
35.156 225.181
35.141 225.17
35.11 225.138
35.107 225.082
35.094 225.05
35.031 225.023
34.982 224.991
34.98 225.003
34.938 225.022
34.93 225.004
34.945 225.002
34.945 225.006
34.936 224.965
34.943 224.95
34.926 224.946
34.931 224.916
34.927 224.894
34.934 224.882
34.921 224.907
34.904 224.885
34.921 224.894
34.921 224.908
34.914 224.911
34.928 224.901
34.945 224.925
34.941 224.918
34.957 224.91
34.966 224.91
34.968 224.916
34.966 224.882
34.984 224.885
34.977 224.864
34.991 224.855
34.99 224.839
34.987 224.834
34.97 224.807
34.961 224.798
34.953 224.762
34.971 224.746
34.946 224.729
34.953 224.67
34.986 224.646
34.984 224.627
34.988 224.57
35.018 224.544
35.018 224.507
35.022 224.455
35.036 224.409
35.048 224.364
35.065 224.3
35.092 224.25
35.093 224.22
35.103 224.206
35.081 224.199
35.104 224.173
35.102 224.192
35.104 224.173
35.111 224.159
35.129 224.139
35.123 224.129
35.158 224.081
35.163 224.094
35.172 224.057
35.172 224.021
35.187 223.983
35.171 223.997
35.186 223.96
35.2 223.93
35.224 223.896
35.239 223.866
35.26 223.847
35.284 223.821
35.321 223.804
35.345 223.787
35.386 223.777
35.426 223.762
35.474 223.743
35.513 223.708
35.542 223.68
35.561 223.654
35.579 223.626
35.585 223.625
35.566 223.604
35.551 223.574
35.567 223.537
35.567 223.556
35.541 223.543
35.555 223.546
35.551 223.559
35.538 223.57
35.508 223.564
35.494 223.548
35.478 223.546
35.439 223.531
35.413 223.493
35.393 223.475
35.35 223.47
35.301 223.434
35.255 223.381
35.232 223.34
35.191 223.307
35.168 223.224
35.158 223.168
35.128 223.105
35.112 223.02
35.096 222.956
35.081 222.88
35.057 222.809
35.045 222.722
35.038 222.662
35.037 222.583
35.053 222.512
35.071 222.461
35.071 222.412
35.085 222.356
35.103 222.307
35.103 222.281
35.096 222.221
35.106 222.176
35.12 222.129
35.119 222.101
35.113 222.044
35.129 222.006
35.128 221.968
35.135 221.93
35.128 221.881
35.144 221.842
35.144 221.819
35.142 221.787
35.144 221.744
35.143 221.713
35.127 221.67
35.132 221.66
35.173 221.615
35.217 221.572
35.262 221.541
35.242 221.496
35.244 221.376
35.333 221.302
35.375 221.312
35.396 221.258
35.466 221.213
35.529 221.225
35.534 221.249
35.582 221.236
35.616 221.277
35.627 221.316
35.615 221.348
35.614 221.344
35.63 221.378
35.621 221.407
35.616 221.417
35.634 221.407
35.649 221.428
35.621 221.448
35.581 221.425
35.578 221.364
35.592 221.361
35.564 221.351
35.547 221.312
35.555 221.277
35.547 221.293
35.504 221.267
35.462 221.206
35.468 221.142
35.466 221.126
35.449 221.074
35.469 221.0
35.524 220.988
35.527 221.003
35.527 220.983
35.53 220.961
35.552 220.942
35.564 220.929
35.575 220.915
35.588 220.889
35.615 220.875
35.623 220.867
35.615 220.852
35.587 220.794
35.616 220.776
35.596 220.792
35.583 220.775
35.606 220.764
35.625 220.78
35.61 220.777
35.62 220.778
35.634 220.808
35.628 220.835
35.625 220.818
35.639 220.831
35.65 220.869
35.676 220.902
35.685 220.94
35.668 220.953
35.672 220.942
35.675 220.977
35.644 220.979
35.62 220.963
35.622 220.951
35.621 220.968
35.607 220.966
35.602 220.97
35.601 220.976
35.593 221.013
35.564 221.018
35.547 221.018
35.513 220.995
35.494 220.969
35.473 220.933
35.458 220.902
35.449 220.852
35.44 220.818
35.42 220.777
35.412 220.763
35.397 220.761
35.389 220.755
35.391 220.749
35.377 220.73
35.327 220.647
35.324 220.562
35.327 220.514
35.329 220.443
35.319 220.415
35.318 220.377
35.337 220.371
35.34 220.399
35.323 220.409
35.307 220.406
35.293 220.394
35.286 220.394
35.275 220.401
35.274 220.36
35.31 220.335
35.336 220.343
35.343 220.317
35.384 220.285
35.414 220.28
35.455 220.261
35.499 220.266
35.482 220.269
35.43 220.24
35.386 220.172
35.356 220.1
35.319 220.014
35.295 219.927
35.303 219.82
35.329 219.711
35.383 219.624
35.431 219.547
35.488 219.481
35.56 219.444
35.606 219.418
35.666 219.421
35.708 219.408
35.751 219.42
35.791 219.449
35.834 219.488
35.879 219.508
35.919 219.52
35.99 219.541
36.055 219.584
36.109 219.614
36.182 219.668
36.243 219.733
36.297 219.816
36.331 219.891
36.37 219.979
36.394 220.081
36.412 220.184
36.414 220.313
36.372 220.438
36.315 220.556
36.216 220.679
36.093 220.711
36.007 220.659
35.967 220.651
35.938 220.667
35.904 220.704
35.883 220.761
35.842 220.81
35.782 220.856
35.723 220.878
35.654 220.886
35.598 220.923
35.512 220.95
35.446 220.976
35.379 221.024
35.375 221.043
35.37 221.076
35.38 221.131
35.32 221.208
35.284 221.235
35.229 221.331
35.146 221.385
35.069 221.416
35.014 221.457
34.927 221.495
34.837 221.507
34.754 221.498
34.699 221.502
34.628 221.514
34.584 221.521
34.556 221.555
34.543 221.603
34.5 221.65
34.481 221.671
34.484 221.746
34.42 221.83
34.395 221.879
34.385 221.973
34.357 222.098
34.319 222.181
34.295 222.271
34.261 222.323
34.215 222.36
34.163 222.376
34.127 222.38
34.099 222.392
34.046 222.431
33.985 222.421
33.96 222.423
33.904 222.399
33.879 222.362
33.875 222.347
33.865 222.361
33.87 222.33
33.901 222.33
33.932 222.339
33.959 222.394
33.958 222.463
33.934 222.498
33.933 222.517
33.92 222.56
33.881 222.597
33.833 222.572
33.807 222.526
33.802 222.48
33.786 222.428
33.767 222.371
33.755 222.383
33.756 222.369
33.781 222.317
33.78 222.271
33.746 222.23
33.725 222.227
33.698 222.21
33.715 222.204
33.708 222.246
33.73 222.277
33.788 222.327
33.816 222.37
33.845 222.387
33.862 222.401
33.856 222.399
33.874 222.391
33.867 222.407
33.813 222.386
33.767 222.334
33.762 222.281
33.739 222.258
33.695 222.224
33.65 222.24
33.599 222.261
33.587 222.307
33.541 222.346
33.51 222.34
33.495 222.352
33.492 222.406
33.435 222.481
33.37 222.433
33.376 222.398
33.392 222.416
33.383 222.432
33.4 222.409
33.398 222.452
33.376 222.478
33.373 222.494
33.368 222.462
33.406 222.485
33.408 222.508
33.425 222.532
33.415 222.534
33.432 222.541
33.455 222.557
33.487 222.604
33.498 222.652
33.533 222.702
33.53 222.747
33.593 222.771
33.635 222.859
33.653 222.888
33.666 222.897
33.68 222.861
33.68 222.792
33.7 222.73
33.709 222.689
33.741 222.626
33.764 222.582
33.789 222.509
33.823 222.489
33.838 222.449
33.907 222.411
33.937 222.397
34.004 222.335
34.052 222.309
34.1 222.252
34.144 222.225
34.202 222.192
34.232 222.202
34.231 222.139
34.3 222.073
34.35 222.079
34.362 222.063
34.395 222.038
34.432 222.024
34.462 222.018
34.468 222.016
34.493 222.013
34.541 222.031
34.55 222.071
34.558 222.061
34.596 222.105
34.578 222.125
34.58 222.13
34.589 222.127
34.6 222.155
34.588 222.166
34.598 222.177
34.611 222.19
34.618 222.182
34.656 222.179
34.7 222.186
34.752 222.234
34.748 222.28
34.772 222.313
34.78 222.364
34.745 222.39
34.726 222.335
34.801 222.371
34.783 222.448
34.803 222.445
34.849 222.47
34.843 222.582
34.749 222.614
34.688 222.579
34.674 222.552
34.669 222.56
34.634 222.537
34.644 222.475
34.705 222.445
34.742 222.488
34.714 222.452
34.798 222.393
34.864 222.458
34.876 222.451
34.913 222.416
34.983 222.451
34.991 222.513
35.017 222.484
35.072 222.504
35.098 222.558
35.103 222.606
35.105 222.608
35.089 222.602
35.101 222.592
35.095 222.632
35.09 222.63
35.118 222.628
35.137 222.679
35.131 222.754
35.107 222.803
35.099 222.86
35.077 222.947
35.067 223.001
35.065 223.07
35.066 223.139
35.051 223.16
35.059 223.129
35.108 223.133
35.116 223.168
35.13 223.124
35.234 223.072
35.348 223.059
35.393 223.126
35.316 223.105
35.294 222.989
35.365 222.953
35.369 222.992
35.341 222.895
35.457 222.843
35.506 222.911
35.484 222.911
35.538 222.854
35.611 222.887
35.628 222.936
35.603 222.939
35.65 222.87
35.729 222.965
35.654 223.057
35.621 222.991
35.673 223.009
35.67 223.142
35.558 223.189
35.475 223.131
35.412 223.085
35.346 223.03
35.285 222.933
35.268 222.836
35.265 222.778
35.244 222.704
35.252 222.616
35.306 222.567
35.333 222.551
35.363 222.509
35.448 222.472
35.523 222.525
35.457 222.532
35.425 222.442
35.459 222.412
35.454 222.44
35.397 222.415
35.392 222.361
35.396 222.362
35.349 222.356
35.305 222.31
35.304 222.271
35.299 222.266
35.264 222.244
35.259 222.18
35.29 222.142
35.301 222.125
35.291 222.071
35.328 222.019
35.354 222.002
35.348 221.95
35.353 221.876
35.4 221.854
35.36 221.875
35.322 221.79
35.337 221.704
35.358 221.677
35.333 221.608
35.339 221.5
35.368 221.422
35.382 221.375
35.396 221.286
35.418 221.219
35.43 221.155
35.465 221.094
35.479 221.059
35.506 220.971
35.558 220.908
35.588 220.863
35.636 220.827
35.688 220.757
35.765 220.749
35.804 220.757
35.85 220.764
35.926 220.759
35.977 220.814
36.012 220.843
36.003 220.877
36.02 220.923
36.005 220.977
35.984 220.99
35.987 220.991
35.978 220.997
35.981 220.999
35.98 220.996
35.993 220.967
35.996 220.946
35.99 220.91
35.995 220.864
35.992 220.824
35.986 220.747
35.994 220.701
35.98 220.658
35.961 220.604
35.958 220.543
35.948 220.515
35.937 220.502
35.9 220.452
35.901 220.409
35.887 220.426
35.88 220.454
35.858 220.523
35.849 220.581
35.845 220.653
35.792 220.69
35.739 220.662
35.727 220.664
35.735 220.728
35.736 220.803
35.707 220.837
35.696 220.838
35.682 220.85
35.668 220.875
35.656 220.885
35.655 220.892
35.687 220.919
35.691 220.965
35.676 220.957
35.684 220.926
35.682 220.918
35.644 220.885
35.66 220.823
35.665 220.811
35.643 220.797
35.621 220.743
35.625 220.706
35.604 220.674
35.591 220.612
35.602 220.568
35.6 220.528
35.608 220.466
35.62 220.406
35.655 220.365
35.663 220.332
35.636 220.28
35.615 220.216
35.631 220.164
35.62 220.102
35.62 220.039
35.615 219.971
35.604 219.94
35.567 219.904
35.565 219.863
35.555 219.859
35.567 219.846
35.582 219.838
35.608 219.81
35.631 219.83
35.634 219.839
35.632 219.783
35.655 219.783
35.661 219.797
35.665 219.815
35.688 219.833
35.678 219.868
35.686 219.829
35.703 219.828
35.685 219.732
35.701 219.652
35.709 219.598
35.679 219.557
35.662 219.456
35.686 219.368
35.682 219.357
35.649 219.274
35.67 219.225
35.646 219.18
35.626 219.142
35.599 219.108
35.597 219.074
35.585 219.067
35.576 219.061
35.596 219.096
35.6 219.143
35.604 219.155
35.638 219.151
35.643 219.166
35.612 219.123
35.595 219.105
35.559 219.1
35.541 219.065
35.546 219.008
35.557 218.964
35.557 218.945
35.553 218.9
35.55 218.855
35.576 218.783
35.57 218.755
35.573 218.68
35.58 218.662
35.547 218.601
35.531 218.54
35.527 218.519
35.47 218.484
35.455 218.426
35.417 218.413
35.369 218.387
35.327 218.385
35.295 218.394
35.238 218.422
35.209 218.455
35.172 218.507
35.144 218.541
35.138 218.604
35.116 218.671
35.081 218.742
35.029 218.745
35.014 218.776
34.977 218.8
34.938 218.823
34.884 218.79
34.854 218.778
34.811 218.753
34.783 218.749
34.726 218.728
34.694 218.734
34.651 218.738
34.59 218.749
34.536 218.708
34.523 218.725
34.468 218.756
34.414 218.778
34.35 218.805
34.288 218.815
34.224 218.83
34.17 218.863
34.074 218.866
34.0 218.831
33.926 218.813
33.869 218.819
33.775 218.792
33.722 218.746
33.681 218.722
33.627 218.716
33.553 218.662
33.525 218.565
33.541 218.475
33.547 218.42
33.548 218.307
33.595 218.193
33.648 218.143
33.671 218.073
33.717 217.984
33.75 217.953
33.759 217.916
33.753 217.866
33.773 217.825
33.754 217.836
33.727 217.819
33.704 217.8
33.68 217.772
33.655 217.758
33.651 217.755
33.623 217.76
33.632 217.697
33.646 217.66
33.664 217.633
33.647 217.598
33.658 217.534
33.652 217.504
33.651 217.472
33.639 217.454
33.625 217.381
33.66 217.35
33.671 217.345
33.672 217.316
33.696 217.264
33.746 217.234
33.778 217.237
33.816 217.231
33.854 217.212
33.924 217.209
33.951 217.211
33.998 217.195
34.044 217.158
34.1 217.149
34.136 217.143
34.193 217.138
34.253 217.134
34.308 217.165
34.356 217.158
34.435 217.183
34.515 217.232
34.571 217.289
34.656 217.352
34.723 217.428
34.777 217.499
34.809 217.563
34.844 217.629
34.853 217.723
34.857 217.773
34.895 217.827
34.912 217.888
34.926 217.969
34.942 218.022
34.976 218.105
35.002 218.216
35.008 218.294
35.044 218.382
35.009 218.418
35.058 218.453
35.049 218.538
35.031 218.556
35.027 218.548
35.069 218.571
35.066 218.635
35.078 218.654
35.122 218.663
35.164 218.691
35.2 218.721
35.224 218.742
35.265 218.724
35.321 218.753
35.345 218.807
35.338 218.807
35.384 218.755
35.409 218.784
35.404 218.73
35.452 218.684
35.446 218.649
35.442 218.611
35.424 218.552
35.422 218.505
35.4 218.475
35.363 218.46
35.319 218.422
35.302 218.407
35.267 218.412
35.248 218.415
35.224 218.397
35.237 218.376
35.229 218.401
35.236 218.4
35.248 218.415
35.283 218.45
35.304 218.506
35.332 218.547
35.354 218.615
35.384 218.694
35.348 218.788
35.31 218.831
35.297 218.884
35.281 218.948
35.27 218.996
35.27 219.022
35.291 219.078
35.274 219.145
35.256 219.169
35.271 219.21
35.269 219.288
35.231 219.311
35.253 219.328
35.279 219.378
35.293 219.451
35.285 219.493
35.318 219.519
35.327 219.583
35.314 219.626
35.297 219.624
35.323 219.653
35.31 219.706
35.291 219.678
35.293 219.659
35.3 219.669
35.273 219.695
35.254 219.682
35.268 219.657
35.3 219.611
35.278 219.572
35.287 219.5
35.3 219.462
35.291 219.404
35.307 219.329
35.32 219.305
35.299 219.256
35.295 219.198
35.293 219.158
35.262 219.13
35.25 219.07
35.243 219.068
35.225 219.046
35.2 219.04
35.211 219.003
35.223 219.026
35.218 219.007
35.226 218.994
35.252 218.972
35.278 218.999
35.29 218.988
35.359 218.989
35.419 219.014
35.467 219.031
35.532 219.035
35.559 219.094
35.543 219.132
35.588 219.124
35.613 219.164
35.61 219.204
35.581 219.205
35.606 219.192
35.607 219.21
35.595 219.172
35.603 219.132
35.641 219.117
35.646 219.118
35.68 219.063
35.69 219.061
35.685 219.042
35.669 219.045
35.654 219.017
35.627 219.022
35.594 218.967
35.595 218.945
35.591 218.904
35.592 218.865
35.592 218.812
35.599 218.781
35.545 218.753
35.521 218.731
35.485 218.742
35.453 218.728
35.431 218.715
35.413 218.711
35.381 218.695
35.365 218.698
35.341 218.689
35.323 218.685
35.317 218.678
35.317 218.699
35.313 218.7
35.325 218.707
35.302 218.723
35.294 218.73
35.295 218.722
35.304 218.726
35.303 218.71
35.321 218.704
35.33 218.665
35.372 218.653
35.392 218.629
35.405 218.625
35.426 218.633
35.447 218.645
35.49 218.67
35.533 218.754
35.587 218.825
35.558 218.91
35.512 218.91
35.506 218.912
35.499 218.964
35.424 218.961
35.412 218.888
35.438 218.877
35.421 218.87
35.411 218.796
35.466 218.755
35.481 218.783
35.48 218.742
35.534 218.723
35.576 218.763
35.576 218.805
35.65 218.797
35.675 218.874
35.674 218.911
35.711 218.937
35.743 219.005
35.753 219.041
35.792 219.05
35.856 219.05
35.927 219.083
35.975 219.065
36.075 219.066
36.174 219.165
36.174 219.265
36.175 219.235
36.256 219.252
36.276 219.352
36.255 219.352
36.318 219.351
36.347 219.445
36.326 219.474
36.383 219.447
36.45 219.539
36.428 219.621
36.459 219.623
36.539 219.682
36.573 219.799
36.596 219.847
36.677 219.887
36.751 219.967
36.793 219.999
36.86 220.004
36.933 220.032
36.975 220.033
37.037 220.009
37.095 220.016
37.115 220.02
37.168 219.994
37.205 220.013
37.218 220.003
37.241 219.986
37.239 219.969
37.248 219.944
37.264 219.939
37.281 219.936
37.302 219.923
37.346 219.911
37.363 219.905
37.409 219.873
37.447 219.871
37.492 219.856
37.513 219.84
37.552 219.809
37.59 219.804
37.614 219.805
37.633 219.79
37.647 219.765
37.713 219.737
37.759 219.735
37.802 219.742
37.827 219.743
37.879 219.751
37.876 219.784
37.839 219.837
37.768 219.889
37.73 219.888
37.713 219.916
37.674 219.966
37.649 219.956
37.683 220.003
37.711 220.044
37.741 220.042
37.791 220.095
37.812 220.13
37.841 220.126
37.89 220.124
37.916 220.119
37.937 220.062
37.985 220.032
37.983 220.018
37.985 219.981
37.993 219.951
37.986 219.937
37.964 219.908
37.973 219.908
37.951 219.926
37.919 219.9
37.904 219.896
37.888 219.911
37.855 219.909
37.857 219.884
37.852 219.899
37.849 219.886
37.881 219.9
37.901 219.949
37.892 219.984
37.9 220.003
37.898 220.041
37.892 220.08
37.884 220.092
37.869 220.124
37.83 220.074
37.819 220.004
37.83 219.932
37.811 219.902
37.833 219.854
37.871 219.841
37.918 219.867
37.927 219.924
37.931 219.956
37.879 219.95
37.843 219.858
37.804 219.801
37.79 219.751
37.744 219.689
37.744 219.643
37.73 219.638
37.717 219.633
37.69 219.593
37.721 219.572
37.696 219.587
37.697 219.567
37.702 219.609
37.695 219.688
37.67 219.721
37.661 219.705
37.624 219.7
37.587 219.687
37.575 219.715
37.538 219.756
37.503 219.757
37.51 219.826
37.468 219.896
37.421 219.94
37.373 219.975
37.315 220.002
37.269 220.026
37.217 220.054
37.173 220.085
37.134 220.115
37.112 220.159
37.056 220.223
37.011 220.261
36.98 220.318
36.927 220.399
36.879 220.484
36.809 220.548
36.75 220.628
36.673 220.681
36.603 220.717
36.514 220.747
36.463 220.769
36.393 220.825
36.292 220.873
36.187 220.863
36.12 220.85
36.032 220.849
35.946 220.818
35.887 220.768
35.834 220.742
35.803 220.714
35.789 220.661
35.808 220.638
35.809 220.627
35.814 220.576
35.823 220.551
35.833 220.545
35.799 220.526
35.806 220.453
35.831 220.429
35.83 220.394
35.835 220.356
35.866 220.31
35.882 220.265
35.91 220.209
35.952 220.165
35.971 220.132
36.001 220.081
36.026 220.055
36.067 220.005
36.098 219.99
36.136 219.96
36.163 219.973
36.197 219.952
36.184 219.962
36.152 219.967
36.136 219.977
36.129 219.965
36.166 219.969
36.198 220.002
36.223 220.026
36.266 220.08
36.267 220.143
36.239 220.172
36.249 220.169
36.266 220.199
36.268 220.213
36.308 220.24
36.325 220.276
36.343 220.321
36.343 220.38
36.359 220.442
36.345 220.517
36.292 220.555
36.24 220.577
36.181 220.583
36.139 220.595
36.081 220.599
36.059 220.615
36.027 220.657
35.992 220.692
35.967 220.715
35.966 220.742
35.958 220.791
35.973 220.813
35.996 220.884
36.01 220.963
36.036 221.05
36.064 221.124
36.113 221.186
36.157 221.239
36.2 221.265
36.198 221.305
36.161 221.279
36.156 221.239
36.149 221.202
36.133 221.143
36.139 221.092
36.134 221.094
36.114 221.063
36.131 221.041
36.108 221.041
36.089 220.982
36.088 220.935
36.057 220.91
36.024 220.862
36.012 220.816
36.013 220.797
35.998 220.774
36.002 220.752
36.016 220.727
36.056 220.727
36.074 220.736
36.094 220.723
36.105 220.699
36.057 220.653
35.987 220.57
35.932 220.534
35.859 220.525
35.786 220.49
35.752 220.457
35.723 220.455
35.685 220.469
35.659 220.497
35.62 220.556
35.554 220.62
35.479 220.621
35.424 220.61
35.403 220.597
35.369 220.614
35.359 220.592
35.352 220.586
35.349 220.594
35.303 220.595
35.301 220.529
35.298 220.538
35.231 220.51
35.207 220.457
35.188 220.44
35.134 220.448
35.108 220.433
35.112 220.462
35.085 220.498
35.078 220.546
35.074 220.602
35.032 220.652
34.962 220.627
34.936 220.628
34.896 220.656
34.895 220.722
34.899 220.798
34.918 220.914
34.893 221.02
34.845 221.05
34.801 221.057
34.769 221.098
34.703 221.136
34.661 221.107
34.657 221.105
34.625 221.13
34.57 221.116
34.55 221.077
34.539 221.086
34.515 221.073
34.482 221.059
34.502 221.036
34.481 221.079
34.432 221.071
34.412 221.072
34.436 221.104
34.444 221.116
34.456 221.062
34.493 221.033
34.514 221.025
34.519 221.025
34.532 220.996
34.556 220.995
34.537 220.985
34.535 220.948
34.538 220.921
34.547 220.895
34.537 220.84
34.53 220.779
34.532 220.723
34.538 220.683
34.539 220.639
34.57 220.579
34.618 220.544
34.659 220.494
34.752 220.499
34.822 220.627
34.814 220.745
34.817 220.766
34.874 220.827
34.888 220.904
34.905 220.916
35.001 220.917
35.066 220.942
35.133 220.915
35.222 220.918
35.268 220.96
35.312 221.045
35.322 221.11
35.352 221.156
35.371 221.188
35.425 221.2
35.448 221.225
35.507 221.232
35.574 221.272
35.608 221.325
35.625 221.294
35.713 221.297
35.81 221.39
35.853 221.5
35.864 221.544
35.901 221.575
35.92 221.652
35.941 221.694
36.007 221.747
36.089 221.9
36.051 222.056
36.034 222.09
36.099 222.166
36.078 222.294
36.062 222.292
36.119 222.335
36.132 222.478
36.105 222.552
36.147 222.582
36.219 222.668
36.218 222.8
36.185 222.84
36.231 222.859
36.265 222.994
36.195 223.078
36.223 223.084
36.267 223.167
36.232 223.252
36.163 223.208