30.709 212.916
30.705 212.909
30.708 212.902
30.705 212.911
30.683 212.906
30.669 212.915
30.654 212.925
30.641 212.941
30.621 212.94
30.605 212.944
30.59 212.95
30.572 212.955
30.565 212.962
30.558 212.969
30.556 212.975
30.559 212.971
30.558 212.971
30.556 212.97
30.578 212.984
30.585 213.011
30.614 213.023
30.631 213.055
30.589 213.078
30.556 213.048
30.572 213.033
30.577 213.033
30.578 213.012
30.567 212.972
30.562 212.948
30.551 212.968
30.535 212.972
30.542 212.989
30.53 213.017
30.498 213.015
30.51 212.996
30.54 213.021
30.537 213.067
30.508 213.072
30.521 213.056
30.549 213.09
30.543 213.132
30.53 213.138
30.561 213.134
30.571 213.191
30.523 213.244
30.455 213.256
30.442 213.21
30.468 213.225
30.444 213.264
30.403 213.262
30.398 213.227
30.436 213.253
30.397 213.312
30.353 213.304
30.345 213.283
30.353 213.304
30.322 213.332
30.293 213.32
30.293 213.314
30.297 213.342
30.267 213.378
30.237 213.378
30.238 213.384
30.225 213.413
30.183 213.433
30.157 213.439
30.134 213.439
30.128 213.456
30.103 213.475
30.096 213.493
30.089 213.503
30.1 213.525
30.109 213.546
30.126 213.552
30.135 213.536
30.156 213.517
30.158 213.499
30.145 213.47
30.141 213.443
30.143 213.415
30.121 213.393
30.121 213.353
30.121 213.334
30.106 213.32
30.089 213.301
30.081 213.285
30.071 213.282
30.041 213.27
30.014 213.25
29.978 213.204
29.966 213.186
29.949 213.19
29.925 213.189
29.876 213.163
29.89 213.134
29.883 213.136
29.858 213.125
29.847 213.081
29.867 213.061
29.846 213.067
29.836 213.036
29.828 213.023
29.823 212.996
29.813 212.986
29.782 212.949
29.761 212.916
29.752 212.887
29.74 212.881
29.716 212.848
29.707 212.843
29.699 212.815
29.702 212.818
29.686 212.774
29.722 212.768
29.705 212.76
29.679 212.742
29.658 212.68
29.666 212.656
29.653 212.62
29.666 212.588
29.664 212.541
29.669 212.482
29.682 212.422
29.673 212.385
29.647 212.336
29.625 212.277
29.627 212.23
29.622 212.202
29.601 212.157
29.598 212.097
29.618 212.074
29.603 212.066
29.612 212.003
29.626 211.929
29.667 211.906
29.644 211.882
29.642 211.801
29.678 211.747
29.685 211.739
29.667 211.696
29.694 211.645
29.707 211.618
29.722 211.61
29.709 211.585
29.719 211.562
29.717 211.531
29.754 211.516
29.77 211.513
29.77 211.469
29.763 211.422
29.772 211.399
29.762 211.397
29.753 211.356
29.775 211.323
29.796 211.305
29.808 211.304
29.815 211.27
29.837 211.244
29.874 211.226
29.882 211.232
29.881 211.186
29.94 211.159
29.963 211.163
29.96 211.135
30.0 211.088
30.026 211.096
30.041 211.06
30.074 211.05
30.093 211.038
30.108 211.03
30.147 211.024
30.154 211.06
30.14 211.059
30.146 211.051
30.17 211.023
30.195 211.02
30.208 210.994
30.232 210.97
30.259 210.937
30.284 210.917
30.315 210.887
30.34 210.874
30.367 210.855
30.396 210.853
30.414 210.838
30.444 210.835
30.485 210.85
30.495 210.869
30.523 210.863
30.57 210.876
30.597 210.913
30.615 210.94
30.652 210.955
30.691 210.999
30.708 211.047
30.732 211.081
30.768 211.117
30.797 211.174
30.823 211.216
30.857 211.271
30.88 211.33
30.908 211.387
30.936 211.462
30.943 211.53
30.958 211.585
30.978 211.655
30.996 211.711
31.006 211.765
31.032 211.797
31.071 211.861
31.086 211.911
31.111 211.932
31.15 211.977
31.192 211.996
31.221 212.001
31.228 211.983
31.235 211.979
31.269 211.982
31.297 212.012
31.312 212.02
31.34 212.06
31.342 212.112
31.359 212.171
31.342 212.215
31.352 212.25
31.351 212.314
31.339 212.35
31.336 212.37
31.367 212.397
31.373 212.48
31.373 212.508
31.41 212.548
31.434 212.608
31.426 212.681
31.397 212.702
31.404 212.703
31.423 212.759
31.402 212.808
31.379 212.827
31.383 212.824
31.377 212.825
31.38 212.84
31.361 212.869
31.353 212.873
31.368 212.908
31.343 212.932
31.332 212.93
31.359 212.933
31.36 212.957
31.375 212.924
31.44 212.929
31.449 212.962
31.468 212.997
31.461 213.003
31.495 213.042
31.482 213.112
31.449 213.124
31.444 213.129
31.445 213.176
31.399 213.222
31.377 213.215
31.37 213.228
31.372 213.266
31.34 213.295
31.346 213.297
31.355 213.333
31.379 213.366
31.387 213.39
31.389 213.393
31.393 213.382
31.425 213.397
31.412 213.456
31.384 213.442
31.415 213.441
31.425 213.486
31.392 213.501
31.401 213.482
31.438 213.539
31.433 213.593
31.441 213.612
31.453 213.648
31.431 213.647
31.457 213.631
31.502 213.655
31.504 213.708
31.484 213.709
31.516 213.7
31.563 213.742
31.55 213.817
31.504 213.818
31.529 213.791
31.557 213.819
31.561 213.855
31.541 213.865
31.581 213.838
31.635 213.885
31.643 213.935
31.637 213.978
31.65 213.983
31.678 214.032
31.675 214.084
31.662 214.125
31.656 214.117
31.696 214.15
31.688 214.213
31.67 214.242
31.676 214.242
31.704 214.292
31.65 214.315
31.648 214.266
31.679 214.278
31.689 214.317
31.663 214.341
31.67 214.307
31.718 214.337
31.734 214.395
31.732 214.44
31.751 214.445
31.803 214.485
31.812 214.517
31.855 214.537
31.877 214.578
31.896 214.612
31.867 214.627
31.873 214.609
31.888 214.595
31.914 214.609
31.904 214.615
31.917 214.586
31.931 214.59
31.938 214.604
31.921 214.621
31.926 214.624
31.944 214.654
31.982 214.69
32.009 214.718
32.032 214.726
32.059 214.756
32.084 214.794
32.067 214.826
32.056 214.798
32.098 214.793
32.116 214.84
32.121 214.861
32.124 214.87
32.144 214.872
32.166 214.914
32.173 214.935
32.179 214.963
32.186 214.976
32.2 215.004
32.21 215.025
32.215 215.057
32.207 215.056
32.229 215.064
32.236 215.074
32.238 215.076
32.258 215.055
32.299 215.079
32.306 215.119
32.325 215.145
32.349 215.171
32.364 215.198
32.38 215.211
32.401 215.221
32.404 215.237
32.424 215.233
32.44 215.256
32.445 215.269
32.442 215.271
32.45 215.259
32.469 215.283
32.469 215.302
32.472 215.304
32.488 215.305
32.504 215.326
32.494 215.34
32.503 215.338
32.517 215.343
32.531 215.367
32.526 215.381
32.538 215.383
32.557 215.402
32.565 215.417
32.585 215.443
32.557 215.474
32.517 215.447
32.513 215.411
32.517 215.401
32.508 215.391
32.507 215.362
32.515 215.336
32.526 215.331
32.531 215.303
32.55 215.279
32.565 215.263
32.566 215.246
32.555 215.217
32.558 215.215
32.548 215.229
32.52 215.238
32.499 215.228
32.501 215.242
32.469 215.252
32.456 215.236
32.446 215.221
32.442 215.218
32.42 215.206
32.42 215.17
32.437 215.147
32.449 215.156
32.432 215.131
32.459 215.115
32.47 215.114
32.47 215.126
32.459 215.119
32.451 215.128
32.416 215.12
32.399 215.121
32.369 215.103
32.358 215.078
32.365 215.056
32.364 215.074
32.346 215.06
32.362 215.065
32.353 215.092
32.342 215.111
32.348 215.11
32.372 215.143
32.357 215.169
32.35 215.167
32.358 215.159
32.354 215.181
32.341 215.178
32.357 215.172
32.366 215.181
32.377 215.208
32.368 215.215
32.388 215.209
32.407 215.229
32.403 215.259
32.39 215.257
32.4 215.248
32.408 215.239
32.406 215.24
32.406 215.21
32.44 215.192
32.462 215.187
32.491 215.208
32.498 215.221
32.528 215.238
32.552 215.266
32.582 215.308
32.612 215.351
32.627 215.405
32.616 215.47
32.603 215.557
32.592 215.635
32.6 215.697
32.567 215.75
32.505 215.784
32.397 215.775
32.32 215.696
32.282 215.649
32.265 215.585
32.255 215.563
32.221 215.501
32.208 215.44
32.222 215.379
32.224 215.356
32.218 215.314
32.222 215.264
32.24 215.238
32.238 215.23
32.236 215.209
32.238 215.193
32.244 215.191
32.227 215.177
32.225 215.149
32.226 215.136
32.213 215.134
32.199 215.11
32.191 215.096
32.169 215.091
32.144 215.071
32.121 215.04
32.119 215.012
32.105 215.0
32.089 214.981
32.069 214.944
32.07 214.918
32.067 214.901
32.063 214.905
32.038 214.89
32.033 214.856
32.042 214.86
32.018 214.889
31.971 214.888
31.926 214.855
31.917 214.829
31.903 214.828
31.862 214.83
31.824 214.787
31.802 214.727
31.82 214.652
31.851 214.609
31.893 214.567
31.919 214.54
31.968 214.483
32.017 214.448
32.065 214.421
32.11 214.422
32.126 214.408
32.162 214.406
32.178 214.402
32.199 214.406
32.198 214.406
32.22 214.396
32.251 214.384
32.279 214.395
32.301 214.392
32.341 214.417
32.339 214.432
32.362 214.426
32.376 214.454
32.383 214.474
32.384 214.491
32.387 214.503
32.389 214.527
32.386 214.55
32.374 214.57
32.37 214.583
32.358 214.611
32.349 214.622
32.343 214.646
32.349 214.67
32.333 214.712
32.317 214.687
32.332 214.67
32.351 214.672
32.353 214.683
32.357 214.672
32.37 214.654
32.396 214.665
32.399 214.68
32.412 214.665
32.41 214.652
32.426 214.648
32.439 214.659
32.44 214.653
32.467 214.636
32.513 214.655
32.521 214.7
32.513 214.68
32.565 214.657
32.593 214.689
32.591 214.697
32.614 214.681
32.653 214.68
32.686 214.701
32.694 214.73
32.696 214.733
32.727 214.748
32.738 214.789
32.74 214.815
32.755 214.837
32.756 214.864
32.761 214.898
32.751 214.926
32.759 214.933
32.754 214.971
32.74 214.977
32.734 214.987
32.732 215.006
32.708 215.015
32.694 215.013
32.678 215.022
32.671 215.022
32.651 215.051
32.61 215.051
32.581 215.058
32.529 215.043
32.498 214.992
32.488 214.963
32.452 214.957
32.422 214.903
32.419 214.886
32.381 214.873
32.345 214.836
32.33 214.776
32.312 214.751
32.28 214.699
32.268 214.662
32.243 214.605
32.246 214.565
32.232 214.542
32.22 214.506
32.217 214.47
32.217 214.44
32.223 214.415
32.238 214.4
32.233 214.373
32.25 214.35
32.257 214.332
32.268 214.326
32.263 214.322
32.265 214.291
32.258 214.253
32.269 214.196
32.302 214.14
32.34 214.156
32.327 214.134
32.341 214.08
32.39 214.061
32.389 214.118
32.368 214.106
32.381 214.108
32.387 214.135
32.378 214.158
32.359 214.179
32.324 214.155
32.34 214.083
32.374 214.092
32.373 214.11
32.343 214.069
32.41 214.002
32.468 214.05
32.446 214.098
32.434 214.1
32.44 214.15
32.39 214.172
32.361 214.141
32.371 214.142
32.358 214.18
32.324 214.178
32.312 214.183
32.315 214.185
32.303 214.234
32.262 214.216
32.274 214.21
32.273 214.223
32.259 214.251
32.229 214.242
32.231 214.237
32.222 214.252
32.181 214.268
32.151 214.217
32.169 214.225
32.129 214.257
32.071 214.23
32.059 214.156
32.061 214.123
32.042 214.077
32.036 214.028
32.028 213.97
32.026 213.94
32.029 213.903
32.03 213.871
32.042 213.834
32.038 213.823
32.039 213.799
32.026 213.786
32.011 213.737
31.996 213.683
31.998 213.635
32.006 213.593
32.027 213.574
32.006 213.567
31.993 213.513
32.024 213.476
32.04 213.487
32.014 213.472
32.022 213.421
32.062 213.406
32.066 213.409
32.065 213.382
32.099 213.344
32.139 213.352
32.148 213.336
32.173 213.328
32.204 213.32
32.227 213.318
32.256 213.306
32.283 213.31
32.309 213.306
32.338 213.299
32.369 213.294
32.378 213.296
32.407 213.291
32.407 213.278
32.437 213.245
32.47 213.265
32.459 213.265
32.478 213.229
32.509 213.231
32.518 213.247
32.516 213.249
32.533 213.234
32.56 213.244
32.552 213.258
32.56 213.264
32.563 213.27
32.578 213.274
32.578 213.297
32.583 213.308
32.569 213.31
32.578 213.302
32.579 213.329
32.576 213.333
32.564 213.348
32.576 213.327
32.585 213.361
32.576 213.357
32.589 213.361
32.604 213.351
32.608 213.394
32.595 213.358
32.643 213.357
32.638 213.366
32.649 213.371
32.652 213.352
32.681 213.354
32.674 213.349
32.677 213.348
32.671 213.323
32.687 213.32
32.668 213.323
32.669 213.311
32.658 213.306
32.668 213.293
32.658 213.297
32.648 213.279
32.646 213.287
32.641 213.274
32.628 213.288
32.611 213.279
32.59 213.285
32.57 213.257
32.566 213.255
32.554 213.248
32.526 213.268
32.496 213.238
32.494 213.238
32.484 213.255
32.457 213.263
32.436 213.237
32.452 213.249
32.425 213.293
32.393 213.285
32.388 213.274
32.39 213.281
32.363 213.293
32.349 213.273
32.353 213.257
32.357 213.256
32.341 213.262
32.332 213.246
32.329 213.229
32.342 213.239
32.332 213.258
32.315 213.25
32.33 213.23
32.342 213.25
32.327 213.27
32.321 213.245
32.342 213.242
32.341 213.254
32.333 213.26
32.336 213.257
32.347 213.275
32.328 213.273
32.324 213.277
32.312 213.274
32.314 213.269
32.308 213.272
32.294 213.282
32.281 213.274
32.288 213.275
32.284 213.28
32.275 213.287
32.272 213.284
32.27 213.292
32.262 213.281
32.256 213.282
32.25 213.276
32.244 213.285
32.232 213.277
32.219 213.277
32.216 213.279
32.194 213.296
32.171 213.27
32.17 213.249
32.168 213.24
32.149 213.224
32.14 213.178
32.148 213.168
32.134 213.16
32.119 213.141
32.119 213.098
32.129 213.094
32.119 213.084
32.111 213.043
32.121 213.013
32.118 213.027
32.091 213.015
32.086 212.992
32.08 212.997
32.054 213.009
32.035 212.995
32.045 213.007
32.024 213.008
32.034 213.009
32.02 213.009
32.026 213.013
32.009 213.001
32.014 212.996
31.994 212.987
32.006 212.969
31.998 212.961
31.993 212.964
31.965 212.941
31.983 212.917
31.97 212.917
31.967 212.914
31.944 212.884
31.957 212.87
31.928 212.86
31.918 212.838
31.907 212.828
31.899 212.815
31.882 212.806
31.874 212.794
31.869 212.79
31.862 212.781
31.857 212.771
31.853 212.769
31.849 212.771
31.836 212.761
31.837 212.754
31.832 212.758
31.813 212.757
31.814 212.741
31.801 212.74
31.794 212.725
31.778 212.719
31.776 212.702
31.754 212.688
31.751 212.676
31.734 212.679
31.709 212.648
31.697 212.617
31.69 212.599
31.669 212.594
31.628 212.584
31.607 212.563
31.592 212.568
31.555 212.569
31.52 212.542
31.518 212.516
31.512 212.526
31.48 212.525
31.455 212.483
31.462 212.482
31.424 212.501
31.391 212.498
31.357 212.474
31.37 212.472
31.342 212.49
31.33 212.487
31.316 212.471
31.323 212.475
31.296 212.496
31.277 212.487
31.267 212.477
31.267 212.477
31.238 212.493
31.213 212.478
31.207 212.477
31.201 212.474
31.193 212.485
31.181 212.48
31.169 212.49
31.153 212.474
31.145 212.488
31.126 212.481
31.112 212.48
31.092 212.466
31.084 212.471
31.047 212.469
31.046 212.447
31.031 212.433
31.027 212.431
31.01 212.419
31.003 212.403
30.993 212.391
30.99 212.404
30.963 212.41
30.945 212.393
30.946 212.393
30.933 212.408
30.914 212.421
30.897 212.407
30.909 212.405
30.894 212.429
30.875 212.435
30.863 212.433
30.873 212.445
30.852 212.46
30.846 212.462
30.827 212.472
30.818 212.468
30.819 212.477
30.812 212.505
30.781 212.52
30.782 212.517
30.772 212.542
30.752 212.57
30.713 212.583
30.693 212.571
30.693 212.58
30.674 212.631
30.612 212.644
30.606 212.616
30.603 212.654
30.575 212.7
30.519 212.7
30.516 212.675
30.521 212.721
30.474 212.758
30.431 212.767
30.414 212.762
30.408 212.806
30.37 212.859
30.328 212.858
30.331 212.86
30.338 212.894
30.326 212.966
30.273 212.971
30.299 212.939
30.311 212.985
30.289 213.014
30.272 213.009
30.288 213.004
30.301 213.039
30.286 213.055
30.278 213.049
30.283 213.039
30.291 213.061
30.285 213.059
30.302 213.049
30.324 213.046
30.332 213.071
30.318 213.07
30.32 213.053
30.319 213.037
30.332 213.036
30.315 213.04
30.297 213.025
30.282 213.016
30.264 213.02
30.228 213.007
30.2 212.976
30.183 212.951
30.166 212.955
30.127 212.955
30.098 212.937
30.119 212.946
30.112 213.004
30.076 213.046
30.027 213.047
30.01 213.065
29.983 213.092
29.946 213.102
29.922 213.1
29.908 213.12
29.88 213.125
29.867 213.123
29.862 213.132
29.843 213.145
29.827 213.155
29.822 213.151
29.828 213.166
29.815 213.178
29.805 213.195
29.791 213.19
29.792 213.193
29.787 213.195
29.799 213.227
29.794 213.224
29.812 213.236
29.792 213.224
29.794 213.23
29.771 213.233
29.752 213.238
29.732 213.218
29.723 213.245
29.68 213.249
29.667 213.247
29.651 213.239
29.652 213.263
29.617 213.269
29.613 213.259
29.604 213.257
29.611 213.268
29.598 213.279
29.59 213.283
29.566 213.295
29.551 213.302
29.538 213.32
29.531 213.337
29.509 213.353
29.51 213.363
29.503 213.382
29.498 213.392
29.49 213.399
29.493 213.409
29.49 213.418
29.489 213.434
29.486 213.45
29.487 213.47
29.485 213.499
29.47 213.516
29.472 213.528
29.476 213.552
29.474 213.579
29.467 213.614
29.455 213.62
29.455 213.64
29.477 213.649
29.475 213.702
29.462 213.691
29.49 213.712
29.511 213.739
29.515 213.781
29.513 213.771
29.554 213.778
29.59 213.805
29.618 213.86
29.609 213.864
29.653 213.851
29.69 213.873
29.705 213.887
29.702 213.879
29.728 213.859
29.742 213.862
29.749 213.855
29.743 213.839
29.769 213.819
29.783 213.818
29.794 213.799
29.79 213.777
29.809 213.751
29.8 213.743
29.802 213.716
29.793 213.708
29.794 213.695
29.783 213.686
29.803 213.669
29.792 213.68
29.8 213.665
29.81 213.671
29.817 213.677
29.791 213.677
29.809 213.645
29.809 213.666
29.798 213.653
29.79 213.634
29.809 213.625
29.798 213.641
29.801 213.625
29.795 213.632
29.801 213.63
29.793 213.644
29.789 213.647
29.789 213.66
29.799 213.67
29.802 213.706
29.791 213.733
29.796 213.749
29.783 213.753
29.775 213.715
29.772 213.694
29.765 213.681
29.75 213.674
29.776 213.682
29.767 213.715
29.761 213.704
29.755 213.682
29.788 213.676
29.781 213.708
29.778 213.707
29.784 213.712
29.806 213.735
29.76 213.755
29.733 213.727
29.737 213.711
29.735 213.73
29.713 213.746
29.692 213.734
29.701 213.726
29.703 213.75
29.688 213.765
29.665 213.761
29.68 213.75
29.678 213.775
29.668 213.781
29.649 213.775
29.668 213.751
29.67 213.774
29.661 213.769
29.655 213.759
29.668 213.735
29.681 213.753
29.69 213.752
29.685 213.768
29.697 213.76
29.703 213.791
29.689 213.796
29.702 213.804
29.711 213.82
29.702 213.836
29.716 213.822
29.753 213.846
29.761 213.882
29.776 213.899
29.78 213.93
29.806 213.926
29.839 213.966
29.842 213.997
29.852 213.993
29.893 213.987
29.925 214.015
29.933 214.034
29.926 214.004
29.983 213.994
29.988 214.018
30.013 214.028
30.012 214.041
30.054 214.032
30.076 214.081
30.079 214.09
30.092 214.094
30.124 214.078
30.156 214.108
30.15 214.152
30.139 214.119
30.198 214.129
30.196 214.203
30.16 214.251
30.111 214.233
30.131 214.238
30.13 214.274
30.112 214.323
30.061 214.321
30.073 214.297
30.09 214.328
30.07 214.368
30.034 214.373
30.042 214.343
30.066 214.368
30.07 214.401
30.051 214.425
30.06 214.402
30.092 214.434
30.099 214.473
30.088 214.497
30.103 214.476
30.136 214.51
30.156 214.55
30.134 214.579
30.136 214.548
30.173 214.568
30.166 214.597
30.145 214.594
30.152 214.568
30.166 214.598
30.14 214.6
30.128 214.606
30.113 214.585
30.127 214.599
30.103 214.612
30.09 214.612
30.075 214.597
30.095 214.601
30.08 214.619
30.073 214.615
30.066 214.597
30.089 214.6
30.081 214.616
30.067 214.613
30.053 214.599
30.071 214.603
30.05 214.622
30.038 214.62
30.025 214.616
30.04 214.626
30.035 214.656
30.01 214.667
29.997 214.667
30.01 214.678
30.01 214.717
29.991 214.748
29.991 214.763
30.0 214.791
29.995 214.845
29.948 214.862
29.946 214.856
29.96 214.874
29.963 214.913
29.94 214.913
29.957 214.909
29.958 214.939
29.944 214.955
29.904 214.967
29.875 214.948
29.859 214.925
29.835 214.915
29.823 214.905
29.804 214.89
29.816 214.871
29.815 214.874
29.799 214.859
29.772 214.849
29.783 214.84
29.78 214.847
29.78 214.853
29.775 214.852
29.789 214.847
29.787 214.855
29.785 214.862
29.771 214.859
29.785 214.854
29.784 214.867
29.783 214.876
29.766 214.872
29.774 214.869
29.776 214.877
29.771 214.89
29.755 214.895
29.758 214.892
29.755 214.902
29.742 214.923
29.719 214.929
29.721 214.924
29.709 214.934
29.689 214.938
29.68 214.931
29.676 214.929
29.658 214.939
29.648 214.94
29.635 214.934
29.646 214.928
29.652 214.939
29.652 214.945
29.662 214.946
29.68 214.961
29.662 214.988
29.64 214.962
29.658 214.955
29.675 214.979
29.661 214.996
29.669 214.98
29.695 214.996
29.697 215.02
29.7 215.028
29.714 215.019
29.743 215.038
29.748 215.076
29.723 215.091
29.712 215.088
29.722 215.096
29.729 215.125
29.708 215.147
29.698 215.139
29.718 215.149
29.734 215.184
29.73 215.205
29.748 215.211
29.767 215.235
29.792 215.262
29.815 215.287
29.837 215.305
29.849 215.315
29.89 215.305
29.931 215.326
29.978 215.332
30.044 215.347
30.1 215.368
30.136 215.397
30.164 215.42
30.195 215.441
30.246 215.46
30.308 215.509
30.329 215.552
30.368 215.566
30.418 215.604
30.445 215.65
30.448 215.663
30.486 215.666
30.515 215.686
30.539 215.703
30.558 215.7
30.585 215.7
30.613 215.72
30.639 215.732
30.661 215.752
30.691 215.75
30.726 215.763
30.758 215.788
30.769 215.816
30.806 215.83
30.835 215.859
30.868 215.854
30.91 215.859
30.929 215.866
30.97 215.842
31.047 215.85
31.096 215.891
31.123 215.909
31.172 215.891
31.235 215.889
31.226 215.902
31.221 215.902
31.237 215.893
31.239 215.916
31.232 215.927
31.236 215.947
31.241 215.971
31.233 216.007
31.237 216.021
31.225 216.054
31.23 216.071
31.238 216.119
31.189 216.172
31.168 216.171
31.174 216.205
31.14 216.238
31.094 216.213
31.088 216.161
31.093 216.123
31.083 216.077
31.068 216.044
31.053 216.012
31.037 216.005
31.013 215.982
30.999 215.961
31.001 215.939
30.971 215.951
30.942 215.942
30.959 215.969
30.955 216.01
30.972 216.046
30.992 216.05
30.993 216.055
30.997 216.033
30.997 216.062
30.967 216.046
30.965 216.061
30.965 216.065
30.987 216.059
30.975 216.063
30.977 216.075
30.98 216.078
30.983 216.101
30.976 216.127
30.98 216.142
30.983 216.133
30.981 216.123
30.951 216.166
30.914 216.175
30.924 216.185
30.918 216.221
30.895 216.265
30.866 216.273
30.875 216.304
30.862 216.352
30.841 216.378
30.83 216.378
30.848 216.393
30.846 216.429
30.849 216.422
30.849 216.429
30.848 216.435
30.824 216.475
30.784 216.495
30.762 216.527
30.735 216.577
30.714 216.619
30.699 216.69
30.691 216.747
30.694 216.815
30.677 216.871
30.665 216.927
30.644 216.969
30.628 217.01
30.623 217.052
30.607 217.095
30.602 217.126
30.605 217.166
30.616 217.213
30.614 217.238
30.629 217.239
30.653 217.238
30.674 217.247
30.683 217.254
30.697 217.258
30.759 217.251
30.8 217.276
30.798 217.315
30.772 217.315
30.813 217.29
30.854 217.321
30.872 217.334
30.899 217.33
30.954 217.333
31.013 217.374
31.04 217.402
31.083 217.414
31.146 217.44
31.196 217.482
31.245 217.468
31.324 217.496
31.371 217.55
31.421 217.585
31.446 217.61
31.492 217.628
31.556 217.673
31.584 217.729
31.622 217.766
31.673 217.824
31.676 217.867
31.712 217.878
31.771 217.935
31.786 218.024
31.82 218.069
31.878 218.087
31.894 218.108
31.908 218.138
31.919 218.182
31.935 218.243
31.921 218.311
31.907 218.325
31.921 218.348
31.929 218.386
31.919 218.411
31.919 218.406
31.923 218.419
31.923 218.437
31.928 218.474
31.954 218.475
32.02 218.483
32.079 218.501
32.124 218.504
32.175 218.518
32.229 218.557
32.261 218.597
32.291 218.633
32.306 218.674
32.315 218.708
32.305 218.727