-59.899 178.507
-59.874 178.573
-59.859 178.669
-59.804 178.743
-59.786 178.809
-59.738 178.889
-59.717 178.966
-59.68 179.076
-59.639 179.196
-59.58 179.273
-59.541 179.379
-59.489 179.453
-59.474 179.556
-59.454 179.667
-59.46 179.78
-59.457 179.887
-59.465 179.979
-59.446 180.07
-59.437 180.104
-59.434 180.184
-59.428 180.229
-59.437 180.32
-59.423 180.373
-59.433 180.431
-59.427 180.492
-59.441 180.566
-59.439 180.649
-59.447 180.686
-59.455 180.73
-59.473 180.775
-59.488 180.843
-59.483 180.863
-59.487 180.854
-59.496 180.903
-59.5 180.932
-59.498 180.972
-59.494 180.986
-59.501 181.031
-59.497 181.064
-59.506 181.104
-59.502 181.145
-59.513 181.195
-59.507 181.26
-59.507 181.283
-59.503 181.341
-59.489 181.381
-59.483 181.422
-59.484 181.486
-59.469 181.538
-59.464 181.584
-59.454 181.662
-59.443 181.707
-59.433 181.771
-59.418 181.812
-59.416 181.894
-59.397 181.955
-59.405 182.039
-59.398 182.13
-59.402 182.219
-59.388 182.3
-59.396 182.349
-59.392 182.427
-59.393 182.47
-59.395 182.538
-59.381 182.589
-59.382 182.662
-59.362 182.739
-59.351 182.803
-59.315 182.869
-59.317 182.926
-59.305 183.011
-59.315 183.076
-59.32 183.166
-59.328 183.264
-59.299 183.358
-59.281 183.443
-59.248 183.519
-59.257 183.614
-59.233 183.714
-59.244 183.771
-59.231 183.9
-59.219 183.953
-59.214 184.074
-59.193 184.129
-59.203 184.201
-59.197 184.281
-59.227 184.345
-59.238 184.467
-59.233 184.541
-59.218 184.62
-59.202 184.681
-59.209 184.753
-59.206 184.824
-59.216 184.923
-59.21 185.03
-59.207 185.087
-59.206 185.168
-59.203 185.204
-59.214 185.293
-59.21 185.387
-59.203 185.435
-59.194 185.504
-59.178 185.532
-59.177 185.608
-59.148 185.621
-59.17 185.669
-59.143 185.757
-59.139 185.767
-59.146 185.834
-59.135 185.873
-59.159 185.92
-59.142 186.001
-59.159 186.023
-59.161 186.13
-59.151 186.152
-59.157 186.288
-59.109 186.346
-59.12 186.418
-59.073 186.511
-59.071 186.526
-59.031 186.669
-58.987 186.696
-58.961 186.831
-58.899 186.892
-58.851 186.946
-58.788 186.99
-58.752 187.007
-58.719 187.077
-58.691 187.1
-58.683 187.169
-58.658 187.187
-58.674 187.218
-58.654 187.249
-58.667 187.276
-58.648 187.336
-58.645 187.355
-58.642 187.42
-58.637 187.455
-58.63 187.474
-58.616 187.511
-58.6 187.497
-58.597 187.528
-58.585 187.53
-58.583 187.59
-58.558 187.628
-58.527 187.706
-58.491 187.713
-58.483 187.737
-58.442 187.761
-58.431 187.756
-58.416 187.792
-58.4 187.793
-58.38 187.818
-58.364 187.81
-58.353 187.867
-58.312 187.81
-58.317 187.788
-58.286 187.791
-58.297 187.765
-58.288 187.823
-58.279 187.786
-58.286 187.844
-58.242 187.812
-58.255 187.818
-58.223 187.849
-58.219 187.826
-58.188 187.87
-58.158 187.838
-58.144 187.863
-58.128 187.841
-58.148 187.873
-58.1 187.896
-58.09 187.863
-58.051 187.91
-58.026 187.855
-58.01 187.903
-57.965 187.887
-57.961 187.911
-57.93 187.918
-57.912 187.957
-57.867 187.98
-57.853 188.033
-57.83 188.079
-57.827 188.112
-57.829 188.157
-57.843 188.198
-57.859 188.229
-57.884 188.235
-57.892 188.219
-57.899 188.214
-57.896 188.22
-57.902 188.214
-57.906 188.239
-57.907 188.25
-57.926 188.27
-57.932 188.275
-57.96 188.284
-57.964 188.285
-57.983 188.263
-57.985 188.267
-58.003 188.247
-58.003 188.281
-58.001 188.262
-58.003 188.269
-57.983 188.23
-57.991 188.22
-57.981 188.214
-58.006 188.201
-58.001 188.239
-57.995 188.238
-57.985 188.257
-57.982 188.233
-57.996 188.227
-57.992 188.22
-58.005 188.213
-57.987 188.24
-57.974 188.224
-57.982 188.237
-57.987 188.259
-57.976 188.29
-57.973 188.284
-57.976 188.315
-57.961 188.314
-57.951 188.333
-57.928 188.319
-57.933 188.322
-57.931 188.319
-57.947 188.325
-57.943 188.333
-57.948 188.313
-57.913 188.294
-57.89 188.243
-57.878 188.249
-57.857 188.246
-57.857 188.263
-57.84 188.299
-57.831 188.328
-57.813 188.384
-57.797 188.414
-57.777 188.446
-57.749 188.459
-57.744 188.525
-57.73 188.579
-57.735 188.64
-57.732 188.714
-57.748 188.766
-57.762 188.853
-57.765 188.871
-57.781 188.905
-57.782 188.92
-57.797 188.943
-57.79 188.961
-57.807 188.964
-57.805 189.01
-57.815 189.007
-57.829 189.053
-57.831 189.096
-57.824 189.122
-57.832 189.157
-57.824 189.201
-57.829 189.215
-57.83 189.255
-57.834 189.261
-57.836 189.299
-57.848 189.28
-57.874 189.337
-57.85 189.318
-57.861 189.376
-57.821 189.394
-57.815 189.402
-57.766 189.405
-57.754 189.38
-57.747 189.431
-57.741 189.481
-57.718 189.531
-57.681 189.56
-57.664 189.553
-57.648 189.631
-57.618 189.639
-57.623 189.69
-57.587 189.719
-57.601 189.734
-57.588 189.796
-57.59 189.825
-57.582 189.91
-57.568 189.934
-57.582 189.994
-57.564 190.062
-57.581 190.1
-57.572 190.196
-57.578 190.196
-57.593 190.292
-57.567 190.325
-57.587 190.353
-57.569 190.428
-57.563 190.446
-57.56 190.483
-57.572 190.487
-57.599 190.551
-57.587 190.588
-57.615 190.614
-57.613 190.689
-57.623 190.697
-57.634 190.782
-57.636 190.811
-57.653 190.934
-57.621 190.964
-57.653 191.031
-57.629 191.136
-57.653 191.204
-57.639 191.336
-57.637 191.397
-57.649 191.533
-57.662 191.667
-57.711 191.793
-57.723 191.884
-57.765 191.965
-57.755 192.058
-57.78 192.12
-57.8 192.232
-57.82 192.322
-57.816 192.476
-57.791 192.623
-57.759 192.783
-57.679 192.903
-57.654 193.002
-57.634 193.137
-57.604 193.242
-57.557 193.378
-57.494 193.481
-57.495 193.572
-57.498 193.67
-57.497 193.756
-57.51 193.885
-57.505 193.993
-57.509 194.128
-57.481 194.256
-57.455 194.337
-57.446 194.413
-57.444 194.496
-57.429 194.592
-57.402 194.67
-57.377 194.775
-57.33 194.853
-57.276 194.91
-57.209 194.972
-57.143 195.045
-57.096 195.128
-57.078 195.235
-56.997 195.325
-56.929 195.363
-56.851 195.418
-56.79 195.424
-56.751 195.471
-56.715 195.502
-56.694 195.545
-56.668 195.588
-56.629 195.64
-56.595 195.693
-56.55 195.743
-56.513 195.816
-56.475 195.899
-56.463 196.002
-56.444 196.088
-56.422 196.149
-56.406 196.22
-56.372 196.269
-56.358 196.274
-56.346 196.305
-56.338 196.373
-56.331 196.463
-56.287 196.52
-56.245 196.564
-56.207 196.619
-56.182 196.671
-56.163 196.726
-56.147 196.775
-56.141 196.83
-56.122 196.899
-56.104 196.965
-56.08 197.04
-56.059 197.12
-56.032 197.158
-56.027 197.207
-56.008 197.257
-56.002 197.282
-55.997 197.334
-55.988 197.36
-55.988 197.417
-55.975 197.441
-55.98 197.479
-55.957 197.521
-55.957 197.547
-55.95 197.603
-55.944 197.62
-55.936 197.668
-55.912 197.689
-55.935 197.736
-55.91 197.802
-55.894 197.827
-55.862 197.88
-55.828 197.868
-55.819 197.921
-55.781 197.963
-55.765 197.987
-55.742 198.039
-55.727 198.069
-55.712 198.132
-55.688 198.175
-55.677 198.226
-55.659 198.285
-55.64 198.315
-55.632 198.381
-55.603 198.426
-55.6 198.468
-55.575 198.524
-55.563 198.547
-55.552 198.615
-55.53 198.636
-55.524 198.693
-55.492 198.726
-55.501 198.776
-55.476 198.839
-55.479 198.867
-55.458 198.95
-55.436 198.959
-55.433 199.013
-55.411 199.042
-55.411 199.067
-55.4 199.113
-55.396 199.115
-55.404 199.149
-55.403 199.165
-55.424 199.207
-55.426 199.257
-55.452 199.262
-55.477 199.308
-55.502 199.328
-55.529 199.38
-55.551 199.407
-55.594 199.457
-55.624 199.476
-55.673 199.494
-55.695 199.534
-55.733 199.551
-55.776 199.573
-55.819 199.58
-55.869 199.607
-55.92 199.637
-55.971 199.705
-56.004 199.784
-56.039 199.831
-56.092 199.885
-56.13 199.934
-56.177 199.963
-56.21 200.049
-56.226 200.098
-56.267 200.162
-56.282 200.24
-56.318 200.285
-56.346 200.367
-56.378 200.407
-56.42 200.493
-56.427 200.568
-56.449 200.621
-56.465 200.739
-56.466 200.814
-56.488 200.905
-56.48 200.999
-56.496 201.067
-56.494 201.18
-56.489 201.229
-56.489 201.321
-56.467 201.375
-56.47 201.454
-56.442 201.533
-56.437 201.589
-56.425 201.705
-56.396 201.759
-56.392 201.868
-56.355 201.964
-56.36 202.075
-56.305 202.212
-56.284 202.242
-56.246 202.35
-56.214 202.378
-56.202 202.449
-56.161 202.497
-56.142 202.516
-56.112 202.586
-56.07 202.594
-56.054 202.652
-56.007 202.656
-55.996 202.641
-55.955 202.646
-55.926 202.609
-55.892 202.61
-55.855 202.583
-55.835 202.57
-55.81 202.566
-55.806 202.555
-55.797 202.58
-55.771 202.573
-55.765 202.593
-55.74 202.599
-55.732 202.617
-55.725 202.639
-55.724 202.657
-55.72 202.667
-55.717 202.682
-55.716 202.695
-55.705 202.725
-55.694 202.737
-55.689 202.765
-55.675 202.788
-55.673 202.816
-55.67 202.839
-55.692 202.868
-55.677 202.917
-55.67 202.903
-55.673 202.916
-55.668 202.913
-55.677 202.911
-55.667 202.929
-55.661 202.92
-55.665 202.937
-55.654 202.939
-55.662 202.933
-55.654 202.951
-55.663 202.945
-55.67 203.018
-55.676 203.01
-55.704 203.067
-55.69 203.085
-55.699 203.132
-55.68 203.178
-55.681 203.198
-55.657 203.261
-55.652 203.253
-55.648 203.309
-55.624 203.315
-55.626 203.3
-55.632 203.31
-55.643 203.312
-55.66 203.372
-55.633 203.412
-55.647 203.418
-55.623 203.497
-55.578 203.514
-55.552 203.508
-55.555 203.504
-55.559 203.521
-55.557 203.523
-55.552 203.539
-55.541 203.534
-55.528 203.542
-55.52 203.522
-55.512 203.544
-55.487 203.529
-55.462 203.533
-55.429 203.571
-55.413 203.658
-55.395 203.758
-55.376 203.863
-55.375 203.943
-55.382 204.022
-55.413 204.079
-55.387 204.143
-55.388 204.15
-55.387 204.22
-55.372 204.223
-55.36 204.268
-55.33 204.269
-55.302 204.305
-55.249 204.371
-55.199 204.416
-55.165 204.493
-55.112 204.562
-55.065 204.588
-55.014 204.645
-54.972 204.683
-54.937 204.761
-54.888 204.822
-54.867 204.908
-54.843 205.026
-54.845 205.098
-54.843 205.179
-54.828 205.24
-54.845 205.297
-54.843 205.383
-54.843 205.434
-54.839 205.508
-54.83 205.559
-54.828 205.629
-54.803 205.696
-54.786 205.764
-54.764 205.86
-54.745 205.955
-54.727 206.045
-54.706 206.124
-54.71 206.22
-54.708 206.331
-54.708 206.402
-54.715 206.492
-54.708 206.569
-54.713 206.647
-54.685 206.717
-54.681 206.793
-54.673 206.895
-54.657 206.938
-54.664 206.997
-54.645 207.065
-54.646 207.089
-54.654 207.193
-54.625 207.271
-54.604 207.321
-54.563 207.4
-54.508 207.398
-54.471 207.432
-54.422 207.452
-54.397 207.499
-54.357 207.557
-54.323 207.617
-54.277 207.712
-54.232 207.793
-54.187 207.875
-54.116 207.945
-54.049 208.013
-53.941 208.124
-53.86 208.229
-53.792 208.362
-53.735 208.487
-53.679 208.625
-53.61 208.776
-53.542 208.923
-53.465 209.103
-53.414 209.257
-53.381 209.487
-53.313 209.673
-53.276 209.902
-53.342 210.127
-53.389 210.293
-53.436 210.494
-53.459 210.656
-53.487 210.863
-53.505 211.142
-53.551 211.39
-53.594 211.653
-53.619 211.906
-53.666 212.178
-53.662 212.45
-53.657 212.693
-53.632 212.925
-53.603 213.162
-53.55 213.373
-53.492 213.571
-53.349 213.716
-53.265 213.822
-53.16 213.987
-53.065 214.064
-52.996 214.261
-52.888 214.413
-52.845 214.579
-52.783 214.749
-52.755 214.87
-52.743 215.042
-52.683 215.201
-52.661 215.357
-52.625 215.55
-52.605 215.701
-52.59 215.876
-52.561 216.05
-52.581 216.257
-52.614 216.485
-52.674 216.684
-52.722 216.913
-52.76 217.06
-52.821 217.229
-52.866 217.362
-52.948 217.498
-53.002 217.637
-53.059 217.736
-53.102 217.83
-53.125 217.871
-53.159 217.926
-53.179 218.001
-53.201 218.043
-53.229 218.097
-53.245 218.143
-53.266 218.201
-53.264 218.244
-53.275 218.283
-53.291 218.325
-53.314 218.342
-53.343 218.339
-53.357 218.344
-53.372 218.344
-53.378 218.357
-53.383 218.398
-53.392 218.456
-53.392 218.506
-53.403 218.547
-53.406 218.599
-53.425 218.627
-53.44 218.73
-53.411 218.828
-53.378 218.889
-53.357 218.965
-53.337 219.053
-53.276 219.161
-53.208 219.168
-53.167 219.153
-53.136 219.142
-53.102 219.086
-53.096 219.028
-53.082 218.986
-53.082 218.94
-53.074 218.923
-53.061 218.893
-53.058 218.89
-53.054 218.885
-53.069 218.883
-53.095 218.863
-53.117 218.853
-53.118 218.827
-53.119 218.814
-53.108 218.794
-53.11 218.798
-53.095 218.808
-53.078 218.818
-53.067 218.836
-53.063 218.868
-53.076 218.893
-53.1 218.93
-53.133 218.99
-53.157 219.092
-53.146 219.193
-53.11 219.259
-53.049 219.274
-53.003 219.239
-52.983 219.218
-52.959 219.21
-52.962 219.204
-52.984 219.23
-53.0 219.255
-53.031 219.276
-53.047 219.309
-53.076 219.335
-53.106 219.372
-53.139 219.405
-53.176 219.453
-53.206 219.522
-53.231 219.615
-53.231 219.698
-53.207 219.733
-53.161 219.712
-53.117 219.709
-53.083 219.672
-53.067 219.651
-53.043 219.632
-53.042 219.605
-53.049 219.608
-53.044 219.604
-53.046 219.586
-53.047 219.6
-53.054 219.614
-53.064 219.616
-53.053 219.639
-53.023 219.601
-53.025 219.562
-53.02 219.527
-53.016 219.486
-52.996 219.47
-52.975 219.411
-52.97 219.376
-52.94 219.345
-52.931 219.305
-52.881 219.315
-52.834 219.259
-52.783 219.283
-52.723 219.293
-52.665 219.364
-52.581 219.425
-52.515 219.52
-52.445 219.666
-52.389 219.824
-52.358 220.017
-52.335 220.245
-52.317 220.495
-52.281 220.749
-52.253 221.007
-52.249 221.255
-52.256 221.443
-52.294 221.614
-52.353 221.739
-52.439 221.836
-52.592 221.897
-52.731 221.934
-52.842 222.017
-52.914 222.124
-52.948 222.243
-52.979 222.417
-52.983 222.562
-52.978 222.622
-52.981 222.725
-52.936 222.856
-52.915 222.999
-52.873 223.196
-52.854 223.33
-52.856 223.502
-52.848 223.657
-52.842 223.774
-52.831 223.895
-52.803 224.025
-52.801 224.169
-52.785 224.319
-52.796 224.462
-52.812 224.643
-52.832 224.784
-52.885 224.934
-52.909 225.082
-52.921 225.177
-52.953 225.307
-52.965 225.474
-52.964 225.612
-52.993 225.766
-53.012 225.939
-53.05 226.116
-53.089 226.32
-53.132 226.534
-53.167 226.794
-53.225 227.019
-53.313 227.23
-53.414 227.496
-53.497 227.853
-53.549 228.196
-53.591 228.432
-53.644 228.645
-53.725 228.757
-53.754 228.897
-53.802 229.107
-53.854 229.212
-53.875 229.343
-53.913 229.534
-53.985 229.61
-54.048 229.672
-54.104 229.779
-54.19 229.89
-54.268 229.964
-54.375 230.059
-54.535 230.173
-54.675 230.335
-54.784 230.561
-54.825 230.879
-54.798 231.126
-54.765 231.312
-54.738 231.435
-54.719 231.526
-54.681 231.533
-54.665 231.549
-54.662 231.577
-54.68 231.616
-54.693 231.675
-54.71 231.72
-54.736 231.778
-54.78 231.863
-54.834 231.961
-54.906 232.079
-54.974 232.246
-55.015 232.431
-55.046 232.649
-55.059 232.887
-55.058 233.086
-55.065 233.288
-55.05 233.47
-55.008 233.622
-54.977 233.752
-54.961 233.804
-54.947 233.808
-54.931 233.794
-54.913 233.724
-54.893 233.655
-54.858 233.607
-54.817 233.556
-54.797 233.51
-54.77 233.451
-54.722 233.397
-54.686 233.355
-54.646 233.333
-54.627 233.331
-54.614 233.387
-54.623 233.438
-54.646 233.468
-54.664 233.485
-54.684 233.506
-54.704 233.536
-54.719 233.569
-54.722 233.62
-54.709 233.674
-54.686 233.719
-54.634 233.715
-54.609 233.7
-54.575 233.717
-54.542 233.7
-54.539 233.7
-54.527 233.72
-54.505 233.726
-54.47 233.722
-54.441 233.689
-54.427 233.647
-54.43 233.644
-54.433 233.676
-54.441 233.707
-54.424 233.76
-54.388 233.806
-54.359 233.89
-54.331 234.017
-54.296 234.242
-54.253 234.475
-54.246 234.654
-54.271 234.766
-54.306 234.853
-54.352 234.904
-54.403 234.924
-54.467 234.92
-54.536 234.887
-54.579 234.861
-54.604 234.788
-54.62 234.684
-54.634 234.56
-54.614 234.412
-54.579 234.275
-54.551 234.207
-54.496 234.163
-54.447 234.157
-54.393 234.225
-54.358 234.295
-54.352 234.391
-54.348 234.489
-54.376 234.58
-54.406 234.684
-54.444 234.727
-54.497 234.774
-54.539 234.782
-54.592 234.77
-54.656 234.731
-54.7 234.66
-54.72 234.638
-54.745 234.557
-54.788 234.498
-54.811 234.397
-54.844 234.315
-54.842 234.26
-54.824 234.19
-54.826 234.151
-54.798 234.117
-54.767 234.085
-54.708 234.097
-54.638 234.114
-54.595 234.148
-54.564 234.231
-54.547 234.296
-54.548 234.374
-54.548 234.458
-54.548 234.556
-54.536 234.636
-54.526 234.682
-54.522 234.749
-54.506 234.805
-54.508 234.869
-54.501 234.933
-54.52 234.991
-54.527 235.066
-54.541 235.13
-54.545 235.188
-54.565 235.226
-54.583 235.254
-54.605 235.267
-54.591 235.269
-54.606 235.309
-54.616 235.368
-54.655 235.379
-54.705 235.398
-54.769 235.377
-54.822 235.367
-54.847 235.359
-54.87 235.342
-54.907 235.346
-54.946 235.33
-55.009 235.32
-55.086 235.325
-55.135 235.351
-55.203 235.336
-55.261 235.401
-55.288 235.456
-55.354 235.517
-55.379 235.656
-55.427 235.724
-55.489 235.872
-55.51 235.985
-55.552 236.098
-55.568 236.22
-55.591 236.277
-55.623 236.371
-55.637 236.455
-55.667 236.528
-55.679 236.621
-55.704 236.676
-55.744 236.786
-55.771 236.901
-55.79 236.965
-55.823 237.04
-55.845 237.134
-55.86 237.21
-55.873 237.279
-55.886 237.342
-55.892 237.391
-55.88 237.421
-55.882 237.447
-55.896 237.491
-55.92 237.567
-55.908 237.617
-55.922 237.628
-55.929 237.678
-55.938 237.686
-55.965 237.72
-55.957 237.736
-55.978 237.734
-55.992 237.768
-55.999 237.763
-56.037 237.789
-56.059 237.838
-56.118 237.905
-56.135 238.011
-56.155 238.057
-56.186 238.159
-56.191 238.235
-56.219 238.296
-56.23 238.388
-56.233 238.436
-56.251 238.497
-56.266 238.557
-56.302 238.614
-56.324 238.698
-56.352 238.742
-56.392 238.829
-56.404 238.918
-56.422 239.012
-56.423 239.128
-56.413 239.208
-56.423 239.295
-56.413 239.375
-56.411 239.447
-56.39 239.558
-56.351 239.644
-56.31 239.725
-56.251 239.759
-56.212 239.782
-56.139 239.814
-56.078 239.801
-56.018 239.825
-55.944 239.807
-55.889 239.8
-55.825 239.77
-55.779 239.726
-55.736 239.691
-55.67 239.67
-55.603 239.586
-55.557 239.526
-55.464 239.452
-55.394 239.323
-55.331 239.286
-55.227 239.208
-55.144 239.121
-55.043 239.059
-54.954 238.98
-54.901 238.96
-54.837 238.951
-54.794 238.961
-54.738 238.998
-54.679 239.058
-54.631 239.155
-54.584 239.306
-54.562 239.488
-54.547 239.676
-54.549 239.847
-54.552 240.021
-54.528 240.201
-54.488 240.349
-54.426 240.467
-54.375 240.515
-54.339 240.574
-54.31 240.61
-54.302 240.669
-54.289 240.744
-54.277 240.797
-54.268 240.853
-54.258 240.93
-54.247 241.012
-54.239 241.098
-54.223 241.176
-54.207 241.25
-54.191 241.34
-54.163 241.414
-54.146 241.458
-54.12 241.508
-54.098 241.539
-54.079 241.593
-54.053 241.62
-54.038 241.655
-54.013 241.695
-53.982 241.738
-53.959 241.765
-53.938 241.799
-53.912 241.801
-53.899 241.778
-53.894 241.759
-53.895 241.732
-53.9 241.731
-53.908 241.722
-53.922 241.724
-53.931 241.73
-53.939 241.707
-53.954 241.711
-53.943 241.708
-53.942 241.697
-53.94 241.676
-53.945 241.67
-53.952 241.678
-53.968 241.669
-53.983 241.669
-53.999 241.656
-54.023 241.649
-54.039 241.648
-54.063 241.65
-54.083 241.663
-54.1 241.677
-54.114 241.689
-54.132 241.713
-54.142 241.737
-54.153 241.765
-54.149 241.781
-54.141 241.801
-54.125 241.838
-54.109 241.875
-54.082 241.911
-54.064 241.941
-54.034 241.984
-54.011 242.019
-53.976 242.077
-53.939 242.12
-53.91 242.181
-53.874 242.241
-53.843 242.306
-53.811 242.366
-53.784 242.438
-53.75 242.498
-53.724 242.581
-53.687 242.659
-53.659 242.739
-53.618 242.832
-53.575 242.903
-53.531 243.003
-53.473 243.082
-53.432 243.15
-53.388 243.247
-53.334 243.301
-53.31 243.347
-53.272 243.427
-53.23 243.455
-53.218 243.511
-53.166 243.559
-53.126 243.567
-53.079 243.564
-53.054 243.553
-53.034 243.546
-53.02 243.541
-53.022 243.551
-53.005 243.599
-52.957 243.559
-52.962 243.532
-52.918 243.533
-52.915 243.457
-52.907 243.47
-52.87 243.404
-52.863 243.325
-52.829 243.273
-52.812 243.168
-52.808 243.115
-52.777 243.03
-52.785 242.913
-52.788 242.838
-52.798 242.721
-52.811 242.664
-52.776 242.573
-52.776 242.447
-52.767 242.364
-52.75 242.264
-52.75 242.175
-52.744 242.094
-52.737 241.993
-52.737 241.908
-52.729 241.832
-52.72 241.763
-52.693 241.688
-52.669 241.613
-52.641 241.549
-52.621 241.489
-52.604 241.429
-52.596 241.417
-52.552 241.403
-52.524 241.348
-52.496 241.291
-52.462 241.254
-52.407 241.223
-52.35 241.205
-52.294 241.197
-52.23 241.198
-52.15 241.201
-52.095 241.201
-52.0 241.214
-51.942 241.201
-51.906 241.255
-51.858 241.287
-51.847 241.351
-51.787 241.419
-51.778 241.413
-51.76 241.496
-51.735 241.503
-51.747 241.556
-51.719 241.597
-51.723 241.631
-51.704 241.688
-51.699 241.741
-51.693 241.809
-51.696 241.854
-51.711 241.903
-51.714 241.958
-51.726 242.007
-51.734 242.076
-51.742 242.131
-51.77 242.182
-51.807 242.263
-51.847 242.334
-51.911 242.408
-51.963 242.492
-52.047 242.57
-52.083 242.699
-52.106 242.741
-52.16 242.84
-52.139 242.934
-52.168 242.952
-52.192 243.058
-52.173 243.099
-52.205 243.154
-52.189 243.265
-52.184 243.272
-52.199 243.345
-52.176 243.382
-52.181 243.422
-52.149 243.468
-52.129 243.467
-52.124 243.513
-52.093 243.553
-52.096 243.568
-52.085 243.645