-20.041 213.757
-20.094 213.7
-20.134 213.662
-20.159 213.604
-20.225 213.566
-20.29 213.538
-20.322 213.551
-20.34 213.531
-20.375 213.522
-20.419 213.522
-20.464 213.543
-20.465 213.564
-20.479 213.557
-20.502 213.518
-20.568 213.518
-20.581 213.557
-20.599 213.596
-20.578 213.607
-20.59 213.604
-20.578 213.607
-20.624 213.596
-20.641 213.637
-20.647 213.69
-20.588 213.739
-20.565 213.72
-20.544 213.728
-20.556 213.706
-20.593 213.767
-20.569 213.842
-20.503 213.878
-20.476 213.857
-20.492 213.837
-20.557 213.825
-20.611 213.899
-20.611 213.968
-20.577 213.999
-20.562 213.987
-20.567 213.977
-20.595 213.971
-20.608 214.008
-20.606 214.039
-20.587 214.054
-20.57 214.046
-20.583 214.046
-20.593 214.059
-20.601 214.083
-20.583 214.108
-20.561 214.1
-20.57 214.072
-20.593 214.071
-20.577 214.093
-20.547 214.105
-20.514 214.09
-20.497 214.065
-20.513 214.062
-20.507 214.091
-20.478 214.099
-20.438 214.096
-20.425 214.067
-20.415 214.058
-20.431 214.063
-20.407 214.082
-20.372 214.068
-20.346 214.04
-20.365 214.013
-20.376 214.019
-20.36 214.027
-20.315 214.028
-20.286 213.999
-20.282 213.974
-20.267 213.956
-20.266 213.954
-20.236 213.962
-20.217 213.962
-20.157 213.945
-20.149 213.899
-20.149 213.885
-20.159 213.882
-20.121 213.885
-20.104 213.849
-20.085 213.824
-20.105 213.773
-20.118 213.77
-20.133 213.773
-20.093 213.785
-20.082 213.732
-20.079 213.71
-20.075 213.686
-20.074 213.665
-20.097 213.647
-20.09 213.634
-20.074 213.621
-20.072 213.571
-20.099 213.549
-20.104 213.527
-20.086 213.522
-20.088 213.473
-20.085 213.439
-20.105 213.412
-20.089 213.399
-20.085 213.372
-20.08 213.338
-20.076 213.31
-20.086 213.276
-20.068 213.263
-20.057 213.207
-20.04 213.176
-20.022 213.114
-20.02 213.075
-20.001 213.022
-19.994 212.96
-19.965 212.912
-19.98 212.826
-19.97 212.778
-19.983 212.723
-19.978 212.665
-20.005 212.604
-20.033 212.548
-20.045 212.52
-20.059 212.464
-20.079 212.421
-20.136 212.371
-20.181 212.339
-20.213 212.307
-20.256 212.266
-20.306 212.234
-20.341 212.229
-20.372 212.215
-20.39 212.203
-20.448 212.201
-20.452 212.222
-20.454 212.214
-20.476 212.203
-20.509 212.187
-20.527 212.205
-20.525 212.21
-20.535 212.229
-20.544 212.226
-20.542 212.232
-20.557 212.236
-20.582 212.261
-20.601 212.3
-20.597 212.327
-20.597 212.34
-20.619 212.361
-20.64 212.377
-20.638 212.411
-20.626 212.422
-20.631 212.442
-20.644 212.45
-20.633 212.479
-20.631 212.478
-20.642 212.501
-20.639 212.514
-20.621 212.533
-20.608 212.533
-20.621 212.539
-20.628 212.562
-20.62 212.58
-20.604 212.6
-20.611 212.61
-20.615 212.634
-20.606 212.653
-20.592 212.674
-20.591 212.683
-20.591 212.695
-20.579 212.708
-20.554 212.703
-20.528 212.69
-20.509 212.671
-20.476 212.665
-20.448 212.644
-20.453 212.622
-20.47 212.625
-20.465 212.644
-20.452 212.64
-20.473 212.626
-20.499 212.645
-20.511 212.687
-20.487 212.723
-20.484 212.744
-20.491 212.759
-20.511 212.804
-20.481 212.824
-20.46 212.822
-20.407 212.818
-20.373 212.836
-20.348 212.846
-20.324 212.873
-20.297 212.868
-20.274 212.878
-20.252 212.88
-20.24 212.899
-20.227 212.881
-20.228 212.888
-20.229 212.901
-20.223 212.932
-20.212 212.928
-20.201 212.919
-20.225 212.897
-20.241 212.928
-20.22 212.931
-20.186 212.919
-20.188 212.884
-20.19 212.912
-20.164 212.914
-20.127 212.925
-20.115 212.903
-20.101 212.946
-20.069 212.93
-20.045 212.949
-20.032 212.945
-20.018 212.997
-19.961 212.994
-19.951 212.996
-19.948 212.998
-19.946 213.031
-19.93 213.039
-19.913 213.053
-19.899 213.046
-19.896 213.035
-19.908 213.033
-19.899 213.053
-19.888 213.033
-19.887 213.013
-19.894 212.999
-19.903 212.992
-19.908 213.001
-19.908 212.997
-19.904 212.992
-19.909 212.98
-19.909 212.981
-19.924 212.97
-19.932 212.989
-19.925 212.977
-19.919 212.981
-19.918 212.953
-19.931 212.951
-19.949 212.92
-19.965 212.934
-19.945 212.916
-19.95 212.905
-19.926 212.85
-19.929 212.83
-19.904 212.768
-19.932 212.707
-19.938 212.721
-19.944 212.724
-19.891 212.72
-19.895 212.633
-19.893 212.607
-19.924 212.572
-19.908 212.607
-19.9 212.586
-19.861 212.574
-19.875 212.508
-19.884 212.485
-19.915 212.467
-19.925 212.471
-19.916 212.469
-19.924 212.464
-19.925 212.453
-19.952 212.439
-19.966 212.453
-19.98 212.472
-19.968 212.478
-19.968 212.453
-19.97 212.442
-19.995 212.429
-19.996 212.443
-19.979 212.437
-19.97 212.418
-19.995 212.39
-20.01 212.397
-19.994 212.394
-19.99 212.379
-19.985 212.35
-20.014 212.336
-20.004 212.334
-20.008 212.322
-19.997 212.315
-20.001 212.293
-19.997 212.293
-20.008 212.285
-20.01 212.296
-20.011 212.301
-20.012 212.329
-20.017 212.338
-20.004 212.359
-20.014 212.369
-20.034 212.403
-20.045 212.434
-20.051 212.464
-20.051 212.489
-20.046 212.509
-20.064 212.516
-20.072 212.56
-20.066 212.592
-20.034 212.643
-20.007 212.652
-19.988 212.678
-20.006 212.699
-19.99 212.771
-19.954 212.803
-19.916 212.811
-19.903 212.829
-19.89 212.847
-19.884 212.878
-19.865 212.9
-19.863 212.934
-19.858 212.941
-19.865 212.946
-19.875 212.927
-19.921 212.936
-19.908 212.958
-19.91 212.967
-19.895 212.956
-19.928 212.955
-19.927 212.964
-19.957 212.969
-19.946 213.002
-19.94 212.992
-19.935 212.975
-19.983 212.968
-20.002 212.997
-20.025 213.001
-19.988 213.023
-19.975 212.991
-19.985 212.979
-20.022 212.965
-20.028 213.007
-20.014 213.017
-19.997 213.03
-19.999 212.983
-20.032 212.964
-20.046 212.959
-20.063 212.982
-20.055 212.963
-20.064 212.931
-20.062 212.861
-20.088 212.831
-20.061 212.849
-20.06 212.874
-20.028 212.864
-20.05 212.858
-20.04 212.86
-20.074 212.856
-20.102 212.878
-20.134 212.868
-20.13 212.851
-20.123 212.805
-20.087 212.793
-20.077 212.794
-20.084 212.824
-20.091 212.831
-20.092 212.828
-20.084 212.805
-20.071 212.831
-20.065 212.85
-20.083 212.874
-20.087 212.862
-20.124 212.848
-20.11 212.817
-20.127 212.809
-20.129 212.827
-20.143 212.849
-20.138 212.852
-20.199 212.856
-20.216 212.876
-20.249 212.847
-20.248 212.816
-20.265 212.775
-20.291 212.759
-20.302 212.762
-20.287 212.757
-20.263 212.715
-20.269 212.663
-20.26 212.625
-20.282 212.58
-20.28 212.564
-20.287 212.522
-20.307 212.492
-20.332 212.464
-20.385 212.433
-20.433 212.452
-20.438 212.448
-20.442 212.438
-20.453 212.419
-20.492 212.42
-20.525 212.426
-20.518 212.437
-20.538 212.425
-20.567 212.4
-20.622 212.385
-20.666 212.381
-20.681 212.384
-20.735 212.359
-20.78 212.364
-20.806 212.381
-20.827 212.381
-20.867 212.365
-20.93 212.366
-20.964 212.377
-21.0 212.387
-21.026 212.385
-21.064 212.384
-21.087 212.381
-21.098 212.365
-21.146 212.354
-21.171 212.366
-21.184 212.364
-21.199 212.348
-21.228 212.331
-21.269 212.31
-21.286 212.315
-21.305 212.296
-21.314 212.289
-21.348 212.259
-21.363 212.256
-21.382 212.224
-21.394 212.22
-21.407 212.19
-21.411 212.172
-21.417 212.139
-21.422 212.119
-21.448 212.093
-21.458 212.086
-21.456 212.068
-21.451 212.043
-21.475 212.016
-21.482 212.014
-21.488 211.999
-21.484 211.999
-21.477 211.979
-21.471 211.97
-21.478 211.954
-21.481 211.964
-21.466 211.956
-21.454 211.943
-21.443 211.915
-21.425 211.89
-21.406 211.833
-21.415 211.798
-21.404 211.773
-21.409 211.736
-21.391 211.704
-21.389 211.649
-21.394 211.611
-21.398 211.568
-21.409 211.55
-21.38 211.514
-21.384 211.469
-21.375 211.414
-21.406 211.386
-21.383 211.371
-21.378 211.343
-21.37 211.295
-21.387 211.257
-21.381 211.238
-21.379 211.224
-21.384 211.197
-21.395 211.196
-21.385 211.184
-21.386 211.16
-21.402 211.132
-21.408 211.116
-21.408 211.086
-21.404 211.06
-21.408 211.032
-21.417 210.996
-21.428 210.975
-21.417 210.947
-21.407 210.904
-21.405 210.854
-21.399 210.833
-21.37 210.798
-21.331 210.751
-21.312 210.686
-21.278 210.637
-21.27 210.575
-21.247 210.544
-21.229 210.504
-21.198 210.5
-21.159 210.468
-21.152 210.445
-21.132 210.424
-21.118 210.42
-21.081 210.411
-21.062 210.417
-21.042 210.414
-21.054 210.398
-21.044 210.39
-21.045 210.384
-21.036 210.361
-21.051 210.332
-21.066 210.33
-21.096 210.345
-21.083 210.369
-21.067 210.374
-21.047 210.373
-21.074 210.388
-21.055 210.427
-21.007 210.436
-20.954 210.414
-20.926 210.36
-20.934 210.33
-20.934 210.329
-20.916 210.329
-20.909 210.278
-20.879 210.231
-20.863 210.2
-20.852 210.169
-20.847 210.137
-20.847 210.105
-20.85 210.093
-20.844 210.085
-20.835 210.088
-20.816 210.06
-20.828 210.04
-20.835 210.023
-20.839 210.025
-20.822 210.003
-20.814 209.981
-20.809 209.929
-20.805 209.907
-20.795 209.866
-20.777 209.838
-20.763 209.795
-20.745 209.768
-20.741 209.725
-20.734 209.706
-20.731 209.664
-20.727 209.622
-20.752 209.57
-20.771 209.527
-20.83 209.459
-20.884 209.459
-20.951 209.453
-20.978 209.461
-21.002 209.444
-21.041 209.419
-21.084 209.397
-21.15 209.381
-21.212 209.39
-21.284 209.388
-21.317 209.421
-21.335 209.413
-21.349 209.405
-21.376 209.374
-21.387 209.385
-21.403 209.389
-21.398 209.401
-21.394 209.416
-21.397 209.408
-21.415 209.402
-21.408 209.434
-21.38 209.467
-21.325 209.49
-21.294 209.494
-21.255 209.502
-21.247 209.509
-21.228 209.53
-21.205 209.543
-21.159 209.56
-21.13 209.557
-21.125 209.572
-21.096 209.587
-21.048 209.59
-21.014 209.576
-20.975 209.576
-20.941 209.546
-20.886 209.525
-20.859 209.495
-20.801 209.493
-20.738 209.439
-20.705 209.41
-20.668 209.355
-20.66 209.317
-20.649 209.27
-20.662 209.238
-20.67 209.198
-20.697 209.185
-20.711 209.161
-20.733 209.165
-20.723 209.144
-20.754 209.141
-20.761 209.157
-20.764 209.185
-20.724 209.209
-20.688 209.233
-20.626 209.246
-20.579 209.226
-20.536 209.208
-20.523 209.19
-20.498 209.199
-20.46 209.211
-20.41 209.213
-20.355 209.198
-20.338 209.156
-20.326 209.13
-20.319 209.105
-20.298 209.074
-20.296 209.036
-20.277 208.993
-20.276 208.92
-20.279 208.836
-20.306 208.784
-20.328 208.749
-20.327 208.703
-20.347 208.626
-20.407 208.541
-20.485 208.501
-20.505 208.469
-20.538 208.425
-20.566 208.36
-20.633 208.284
-20.672 208.244
-20.71 208.185
-20.746 208.152
-20.758 208.11
-20.803 208.059
-20.842 208.022
-20.895 207.989
-20.927 207.96
-20.994 207.927
-21.035 207.904
-21.067 207.856
-21.112 207.807
-21.161 207.765
-21.196 207.743
-21.201 207.7
-21.221 207.65
-21.271 207.607
-21.313 207.596
-21.346 207.584
-21.369 207.57
-21.371 207.539
-21.358 207.494
-21.384 207.428
-21.442 207.434
-21.471 207.446
-21.469 207.452
-21.46 207.423
-21.495 207.384
-21.522 207.35
-21.555 207.353
-21.56 207.333
-21.6 207.308
-21.65 207.286
-21.681 207.283
-21.715 207.274
-21.738 207.264
-21.778 207.247
-21.807 207.22
-21.85 207.204
-21.885 207.18
-21.903 207.146
-21.939 207.102
-21.962 207.077
-21.992 207.061
-22.0 207.04
-22.019 207.026
-22.023 207.02
-22.037 207.008
-22.049 206.996
-22.068 206.974
-22.088 206.969
-22.097 206.961
-22.108 206.94
-22.127 206.908
-22.148 206.897
-22.147 206.89
-22.161 206.865
-22.169 206.846
-22.189 206.807
-22.188 206.799
-22.182 206.763
-22.168 206.745
-22.148 206.71
-22.146 206.713
-22.17 206.711
-22.184 206.747
-22.183 206.739
-22.194 206.739
-22.213 206.733
-22.228 206.773
-22.211 206.787
-22.221 206.8
-22.234 206.812
-22.256 206.858
-22.249 206.88
-22.266 206.893
-22.281 206.908
-22.324 206.938
-22.362 206.978
-22.367 207.039
-22.312 207.063
-22.283 207.04
-22.279 207.024
-22.285 207.036
-22.274 207.048
-22.267 207.061
-22.244 207.057
-22.25 207.038
-22.264 207.03
-22.279 207.054
-22.255 207.067
-22.25 207.067
-22.245 207.053
-22.272 207.041
-22.276 207.046
-22.284 207.044
-22.286 207.024
-22.321 207.005
-22.351 207.011
-22.369 207.014
-22.391 207.001
-22.409 206.971
-22.385 206.937
-22.353 206.928
-22.334 206.909
-22.345 206.893
-22.348 206.893
-22.341 206.881
-22.35 206.872
-22.36 206.86
-22.376 206.858
-22.372 206.847
-22.39 206.827
-22.414 206.801
-22.452 206.775
-22.474 206.743
-22.493 206.712
-22.483 206.678
-22.48 206.663
-22.462 206.659
-22.459 206.666
-22.442 206.694
-22.435 206.725
-22.422 206.758
-22.43 206.795
-22.444 206.837
-22.45 206.864
-22.455 206.873
-22.45 206.89
-22.417 206.904
-22.393 206.952
-22.375 206.992
-22.347 207.022
-22.327 207.049
-22.294 207.066
-22.273 207.075
-22.236 207.077
-22.215 207.072
-22.183 207.059
-22.161 207.036
-22.155 207.008
-22.156 206.994
-22.142 206.972
-22.129 206.943
-22.122 206.886
-22.141 206.842
-22.13 206.808
-22.14 206.769
-22.14 206.726
-22.175 206.687
-22.195 206.668
-22.223 206.646
-22.245 206.632
-22.261 206.612
-22.282 206.608
-22.298 206.604
-22.3 206.596
-22.325 206.576
-22.338 206.586
-22.352 206.592
-22.333 206.603
-22.345 206.578
-22.369 206.589
-22.393 206.599
-22.401 206.629
-22.425 206.617
-22.449 206.642
-22.448 206.643
-22.44 206.641
-22.413 206.596
-22.396 206.576
-22.36 206.546
-22.368 206.532
-22.353 206.487
-22.331 206.442
-22.257 206.361
-22.181 206.319
-22.132 206.28
-22.085 206.236
-22.064 206.214
-22.034 206.196
-21.996 206.16
-21.954 206.089
-21.953 206.02
-21.939 205.956
-21.948 205.876
-21.927 205.793
-21.925 205.729
-21.917 205.669
-21.919 205.626
-21.894 205.614
-21.855 205.575
-21.833 205.54
-21.82 205.51
-21.791 205.519
-21.75 205.508
-21.724 205.494
-21.709 205.495
-21.672 205.562
-21.605 205.627
-21.561 205.662
-21.518 205.651
-21.513 205.623
-21.516 205.63
-21.498 205.639
-21.464 205.64
-21.422 205.62
-21.412 205.586
-21.421 205.559
-21.425 205.54
-21.407 205.512
-21.369 205.468
-21.346 205.418
-21.351 205.378
-21.368 205.34
-21.362 205.306
-21.364 205.284
-21.36 205.245
-21.371 205.211
-21.39 205.167
-21.407 205.147
-21.419 205.108
-21.427 205.066
-21.426 204.999
-21.454 204.962
-21.488 204.959
-21.482 204.958
-21.457 204.902
-21.484 204.847
-21.54 204.817
-21.547 204.813
-21.55 204.76
-21.585 204.696
-21.619 204.636
-21.643 204.584
-21.653 204.548
-21.672 204.5
-21.677 204.466
-21.661 204.421
-21.672 204.375
-21.674 204.337
-21.664 204.301
-21.653 204.268
-21.649 204.231
-21.641 204.195
-21.606 204.153
-21.618 204.103
-21.628 204.062
-21.655 204.019
-21.663 203.96
-21.697 203.909
-21.732 203.868
-21.742 203.811
-21.713 203.766
-21.693 203.728
-21.693 203.691
-21.688 203.658
-21.689 203.6
-21.698 203.535
-21.726 203.486
-21.739 203.445
-21.747 203.397
-21.764 203.339
-21.782 203.29
-21.789 203.243
-21.799 203.175
-21.83 203.126
-21.838 203.091
-21.826 203.055
-21.82 202.992
-21.835 202.942
-21.841 202.914
-21.829 202.877
-21.834 202.82
-21.855 202.777
-21.87 202.749
-21.891 202.708
-21.914 202.677
-21.921 202.638
-21.936 202.596
-21.964 202.574
-21.994 202.568
-21.999 202.561
-22.005 202.539
-22.018 202.53
-22.012 202.516
-21.989 202.481
-21.995 202.422
-22.0 202.378
-22.001 202.333
-21.983 202.278
-21.965 202.219
-21.976 202.164
-21.968 202.131