28.079 271.879
28.055 271.952
28.019 271.952
27.981 271.905
27.975 271.87
27.952 271.859
27.879 271.849
27.79 271.784
27.745 271.739
27.745 271.724
27.689 271.751
27.612 271.738
27.535 271.687
27.504 271.757
27.471 271.856
27.48 271.957
27.511 272.09
27.537 272.233
27.58 272.389
27.654 272.492
27.721 272.628
27.761 272.746
27.807 272.804
27.876 272.893
27.905 272.975
27.949 273.012
27.991 273.055
28.011 273.09
28.029 273.114
28.038 273.134
28.086 273.113
28.119 273.139
28.146 273.129
28.188 273.122
28.234 273.08
28.266 273.08
28.267 273.076
28.282 273.069
28.299 273.008
28.359 272.933
28.398 272.897
28.417 272.85
28.488 272.758
28.6 272.782
28.611 272.859
28.612 272.792
28.719 272.744
28.814 272.791
28.822 272.811
28.841 272.757
28.894 272.666
29.0 272.613
29.053 272.608
29.055 272.544
29.098 272.476
29.171 272.441
29.209 272.448
29.201 272.408
29.241 272.316
29.312 272.309
29.315 272.322
29.334 272.32
29.368 272.332
29.419 272.339
29.425 272.345
29.364 272.306
29.383 272.212
29.439 272.199
29.434 272.201
29.424 272.136
29.444 272.068
29.497 272.035
29.521 272.044
29.512 272.027
29.544 271.957
29.638 271.936
29.675 271.955
29.686 271.981
29.68 271.936
29.739 271.914
29.798 271.957
29.795 271.997
29.771 271.946
29.845 271.899
29.88 271.924
29.878 271.892
29.894 271.862
29.952 271.845