-3848344.7085381686 1643125.488899741 4804167.215240771
-3847220.9969243365 1641058.180839399 4805773.574350397
-3848222.8180408394 1644264.7042441359 4803875.073842654
-3846136.938720733 1645517.2270291897 4805116.513067927
-3847340.2623403375 1645476.0021892495 4804167.215240771
-3847220.108920421 1647887.4872040418 4803436.817845603
-3848489.9229558674 1647477.5687050652 4802560.147829571
-3851357.8369273366 1647591.8737210403 4800221.33131242
-3852464.867513563 1647985.913170247 4799197.628204754
-3853424.988443624 1646805.6258177243 4798831.950507681
-3853945.5893357135 1647505.4259876644 4798173.638560927
-3852742.1347023016 1646911.4360295893 4799343.889050305
-3852402.794044686 1645573.6669781166 4800075.1055566715
-3851047.3575461973 1646186.9785439014 4800952.372353734
-3850031.7438857863 1648773.7138785527 4800879.274830278
-3849782.7894636 1649780.413493822 4800733.075396092
-3850524.078280209 1650177.6310202235 4800001.990485506
-3849726.697271717 1651824.547985805 4800075.1055566715
-3850110.824532676 1650716.424119284 4800148.21916565
-3849900.3336619143 1653331.399058166 4799417.017280146
-3848062.5153634376 1652939.9049837987 4801025.468414739
-3848262.160307576 1658199.4376790859 4799051.361511527
-3846556.3211701848 1664473.8533836082 4798246.790179514
-3846209.3704718966 1667592.3759234026 4797442.041990327
-3845849.083005707 1670945.9193590947 4796563.933204826
-3845587.727461381 1673226.5587294055 4795978.410456094
-3845182.4922861056 1675205.7193118448 4795612.411256908
-3845400.993791285 1677217.746339562 4794733.864179808
-3844659.117447668 1677453.2686561926 4795246.375537045
-3845052.242053362 1679062.899848812 4794367.740821694
-3845108.58428162 1680605.9567456404 4793781.8675065795
-3845777.364052692 1682417.4222614223 4792609.840516038
-3845962.2583984244 1684497.9678105323 4791730.5750028435
-3846240.1748362766 1686780.3399177298 4790704.499584841
-3847121.5458141263 1691011.1054982336 4788504.80346573
-3847353.3063182225 1693597.367540195 4787404.463070064
-3849326.4961498505 1695749.3491033488 4785055.973659481
-3847832.6355713555 1699343.083583049 4784982.559311001
-3849169.5850936044 1700656.1334212492 4783440.521324271
-3850034.2805710933 1703448.123522229 4781750.885282086
-3850483.1925064037 1704289.660620972 4781089.513586432
-3850863.036551575 1705904.7803506048 4780207.501154917
-3850986.991597829 1707889.7060351225 4779398.805557407
-3852067.6319183437 1708127.6048354455 4778442.847280495
-3852803.4905555206 1708936.7285012852 4777560.205914995
-3851656.606564537 1708025.7863792516 4778810.552655472
-3852136.9544155807 1707353.881989851 4778663.474872451
-3854406.6121713156 1706348.048567004 4777192.376825703
-3858157.155032001 1706317.463478379 4774174.806278472
-3859227.318547498 1707193.4261364676 4772996.554527681
-3862790.3739101323 1706754.7067356461 4770270.4219219
-3866295.915714643 1706852.0525718126 4767394.77731388
-3869949.0524939625 1706608.8636050099 4764516.923861841
-3872254.6472436963 1706737.6890714525 4762597.128416662
-3874768.140603572 1706391.961327218 4760676.352250948
-3878365.480332453 1705229.0814814153 4758163.08890686
-3881492.193710213 1704098.351569735 4756018.099034526
-3883758.3118203874 1701617.8553826655 4755056.156304461
-3887520.5153154125 1700678.855073666 4752316.979632894
-3890465.843506108 1699945.3252192528 4750168.671929189
-3895151.7133511086 1697703.5152079104 4747129.333021023
-3899331.543798068 1696610.6516782835 4744087.563288979
-3903450.353259011 1695648.5949505854 4741043.3642906295
-3907393.683277622 1695497.3807910779 4737848.059574381
-3911795.705732577 1694487.6681328497 4734575.683116479
-3913380.351171872 1694362.9822981528 4733310.607944467
-3916713.316153303 1693939.361895075 4730704.729455211
-3917020.133728747 1694477.834688847 4730257.830151739
-3919211.7441874007 1693152.6818555524 4728916.821022432
-3919160.07635272 1694104.4714091953 4728618.755606579
-3920724.628395512 1695268.0839843259 4726904.432259762
-3920349.9255281757 1697380.5752055633 4726457.092191366
-3921106.097298556 1699577.3985304756 4725040.173388208
-3920023.9659300507 1702278.8647952015 4724965.584319699
-3920962.8394860406 1705290.0393709673 4723100.3898913395
-3919858.6612510877 1707413.8127104044 4723249.638541303
-3919946.30993129 1709894.4446602124 4722279.419451607
-3919364.209527609 1715343.085994555 4720786.300014512
-3919071.1257908465 1718475.9124869842 4719890.1522381315
-3918701.5267514023 1722800.6941795114 4718620.25515625
-3918477.5659720856 1727192.6124809226 4717200.466840985
-3918745.637863516 1731478.2616984283 4715406.308579512
-3919780.194373675 1734225.4062209793 4713536.513936596
-3920089.471797034 1736980.8372693493 4712264.540968082
-3921013.7010828042 1739765.1443254948 4710468.108215045
-3921499.07749558 1742520.5632683807 4709045.346117211
-3922406.428717736 1744727.5239918402 4707472.217122378
-3922223.9317456987 1747763.2720513642 4706498.0584410755
-3922980.384441846 1749495.630356755 4705223.7930461
-3923830.508332335 1754638.9300618446 4702599.00129618
-3925373.0478035044 1755410.926256619 4701023.283877321
-3927414.782571523 1757475.6706568345 4698545.880662228
-3928721.5071261595 1757566.6397592837 4697419.272989118
-3930689.8224241957 1759188.244658616 4695165.09185202
-3933504.6189670954 1760118.4072167377 4692458.375429806
-3934951.292276975 1761095.4741803166 4690878.601949679
-3937100.338507084 1762304.72773797 4688620.689618622
-3940019.521381468 1765592.8315389676 4684930.002075928
-3943550.974853944 1767505.9460329963 4681235.888039238
-3946795.800372386 1770449.4957515786 4677387.357612781
-3949628.0429528723 1769319.1763336372 4675423.935278845
-3953032.84353221 1770098.9308155992 4672250.219442568
-3954313.1684816796 1768435.6494930557 4671796.626478345
-3957553.251947839 1767978.6105159672 4669225.298778707
-3957565.939850544 1768149.996297322 4669149.646598261
-3960819.0277298875 1768857.0999310086 4666122.39333652
-3961428.2887284886 1771285.7891685439 4664683.651262028
-3963370.7163027828 1769332.9365868021 4663774.707751511
-3964956.3553522667 1770372.7813224206 4662031.994238606
-3964367.7659442304 1769695.0608547654 4662789.78809131
-3966620.956043235 1770036.7158272206 4660743.418780124
-3965742.653528563 1770806.8825114863 4661198.256975794
-3966869.2098993445 1771476.0004436823 4659985.241543647
-3966559.9585319627 1773164.9926280926 4659606.09969224
-3967139.702107088 1776249.4921509293 4657937.454023964
-3967238.269905435 1776626.1245538269 4657709.8582190145
-3968737.558299767 1779044.1664367323 4655509.107198506
-3967353.5519978665 1781335.0658348275 4655812.729983578
-3968681.811020193 1783929.3638206392 4653686.894041753
-3967801.5912866476 1787864.13502474 4652927.397550427
-3968716.6642637267 1789193.1784678819 4651635.928242815
-3969842.1944819805 1792619.3080089847 4649355.8658661395
-3971272.406891922 1794183.1067758333 4647530.898188743
-3973041.7015353274 1796569.1287581366 4645096.339523488
-3974773.685423541 1797853.6857642424 4643117.193680177
-3976559.5161171826 1799999.2691977501 4640756.193301416
-3978330.1033543777 1800800.729787007 4638927.388992301
-3980163.9362936746 1802049.3369511617 4636869.011242514
-3982298.642279037 1801257.3440574135 4635343.6230965415
-3984079.689453515 1803403.2938212408 4632978.155346589
-3986568.656037209 1800842.4702461974 4631833.087240866
-3988884.101868422 1802391.3973837341 4629236.424346726
-3988955.285115442 1800663.3200311456 4629847.550540298
-3990628.2013048474 1801670.027788904 4628013.901223458
-3989378.058830581 1802279.2289662866 4628854.424645241
-3991449.7010743027 1803382.9004331066 4626638.131323795
-3993005.063698892 1803666.060803919 4625185.4343776405
-3993993.0797417844 1806378.9878625788 4623273.216151442
-3993720.0247703423 1806003.6135367071 4623655.7302248115
-3994843.896723322 1806259.903023948 4622584.602096574
-3994421.1539000943 1809932.7076444419 4621513.197976859
-3995277.2272187294 1812926.7157798826 4619599.2900769
-3995725.0666409153 1814475.6703855172 4618603.710364906
-3997561.993694331 1817835.1693315855 4615692.19117911
-3998324.7888691174 1818687.3489147767 4614695.678981667
-4002379.857095748 1819688.8373601937 4610783.991329557
-4000369.255452438 1821387.1656815219 4611858.151843087
-4002732.0211287136 1822800.3275747155 4609248.998787586
-4002711.9520367957 1826334.9928509793 4607867.025306806
-4003087.166585852 1826675.021165352 4607406.266411311
-4002650.054370262 1827826.225965233 4607329.468349689
-4002706.9296393325 1830216.7272076756 4606330.9658410875
-4001039.8509274484 1831734.5966217455 4607175.868016049
-3999129.8219605573 1832042.270997133 4608711.618704883
-3998882.8352742665 1831422.5026559099 4609172.234416328
-3998060.0967538087 1834761.2891855894 4608558.068903002
-3998064.2294950644 1835523.5155251082 4608250.952453261
-3997966.877184664 1837084.2825462304 4607713.444622604
-3997571.155777029 1839099.9699731648 4607252.668884594
-3997948.201348306 1842317.9584267759 4605639.55595681
-4000474.6582933133 1845090.750174603 4602334.584965886
-4000141.7780730654 1848494.4358103431 4601257.988430191
-4001754.4947223775 1850172.109529545 4599180.919369039
-4001772.722463925 1853572.5876273378 4597795.6392319305
-4003333.807092268 1852683.5370893588 4596794.876910454
-4003374.356426249 1854314.4450525013 4596101.902827912
-4003034.5794820483 1854666.221733359 4596255.906869448
-4002232.282175276 1857349.8744968185 4595870.886265272
-4002886.1856036186 1858417.5824855904 4594869.668903802
-4003569.369825598 1860943.5876299893 4593251.818118956
-4003951.258091441 1859931.5016224503 4593328.872626087
-4003861.6367675215 1860314.6854680842 4593251.818118956
-4002399.5158470594 1859465.4719394757 4594869.668903802
-4000150.1064216485 1860118.3984651375 4596563.898151136
-3998775.5918838284 1859649.0019028138 4597949.581658765
-3996626.5872680303 1862553.7169702628 4598642.253246337
-3995470.2111977544 1862184.570776369 4599796.453735079
-3994500.332095134 1865213.0179761555 4599411.755264378
-3993868.569138568 1865427.4726023541 4599873.389225778
-3993793.696869772 1866156.7609479215 4599642.578550168
-3993568.2309046267 1868344.7301828645 4598950.0708647845
-3992617.5954772066 1869429.0650446848 4599334.811366961
-3992310.283378812 1871409.4782600373 4598796.164857308
-3991133.4859913136 1872217.4596371248 4599488.697760735
-3990955.6375511335 1873918.9803168166 4598950.0708647845
-3990681.7176403445 1876766.439089738 4598026.550771269
-3991131.5929830805 1877318.2798057392 4597410.758655306
-3991726.5235559396 1877938.4619316477 4596640.892471133
-3992871.071935769 1879838.9103022565 4594869.668903802
-3993632.4449749147 1881985.8560422976 4593328.872626087
-3995485.500739375 1883881.8496185646 4590939.532389766
-3995802.5830634087 1886589.3100910678 4589551.556768253
-3996862.572458977 1887345.7093690569 4588317.420384385
-3996181.5701922467 1891034.7219712334 4587391.583280744
-3996787.159551176 1891065.166500027 4586851.418707289
-3997793.8173377565 1891370.6758733748 4585848.074293598
-3997617.343032467 1890433.3722253414 4586388.366009006
-3997742.918396706 1889980.5193125375 4586465.544951592
-3999065.6316727633 1890178.8817273946 4585230.514232136
-4000278.3369998876 1888360.9891049482 4584921.700678866
-4002582.1896498534 1887227.9569760722 4583377.297747339
-4003352.1492226967 1886907.7984770082 4582836.624772986
-4005469.9297077004 1887478.7981199059 4580750.531174473
-4006154.460278454 1886776.1072382152 4580441.3937464645
-4006812.416475651 1886317.046669843 4580054.940567779
-4004661.374029874 1886756.138117302 4581755.073618608
-4002747.303914562 1885000.7293719836 4584149.5690336935
-4005428.6135226805 1879861.5073628325 4583917.902309041
-4006836.1680330555 1879498.1758920422 4582836.624772986
-4006043.2178164143 1877420.4477005696 4584381.223190639
-4008935.2504604543 1875960.4473321585 4582450.387910479
-4011561.2968751974 1876762.578092861 4579823.051918406
-4012967.876029574 1876396.2993078304 4578740.738882097
-4015335.646867268 1876991.0369339415 4576420.576199992
-4015779.4393326733 1880188.4828937543 4574718.32612967
-4016724.784294719 1878921.914770249 4574408.753645508
-4021304.355127478 1879866.6650451834 4569994.923967058
-4020378.241282024 1879775.7520561684 4570847.06799601
-4022588.6701539997 1876362.2512053153 4570304.814014094
-4023581.3348165983 1877252.8251610333 4569065.120190388
-4021827.399879178 1876861.8922009217 4570769.607318341
-4023829.8675814816 1876342.682366059 4569220.101405769
-4023477.6615378377 1879171.5331540352 4568367.635828964
-4024337.8563646246 1879402.1723785046 4567515.001868033
-4026563.270099267 1880099.0559834975 4565266.341800603
-4025211.129728551 1880922.594812465 4566119.419532668
-4025190.922536632 1878517.096909004 4567127.385321025
-4025670.3646150925 1878997.5463141832 4566507.126503261
-4023167.9323888584 1877572.9872623796 4569297.589925676
-4024301.851530083 1875707.7424884564 4569065.120190388
-4022438.4476164957 1877061.5559039973 4570149.87177487
-4020288.508488128 1875631.0747004366 4572628.279243393
-4019920.00715297 1875288.2921288926 4573092.821876193
-4019160.0877263644 1876727.7741157194 4573170.240772812
-4018817.550291723 1876140.6696686773 4573712.1340419315
-4019125.92759846 1875857.4760293684 4573557.314359419
-4019204.305290011 1872477.993071893 4574873.104010612
-4017508.4766142373 1875358.7451667448 4575182.6430492755
-4015995.6518986872 1874823.2975126652 4576730.003729145
-4016005.928215417 1876877.3372329692 4575879.024353672
-4014312.760334147 1878989.2792594112 4576497.935173426
-4012894.837448762 1881827.4664118132 4576575.292752777
-4013000.1937085288 1882731.368104683 4576111.126365921
-4012375.273873903 1885002.1088129992 4575724.282709337
-4011626.2943888907 1883966.530998879 4576807.357126113
-4012663.736714902 1886078.1179404075 4575027.8763172105
-4011316.315562922 1886128.6573592369 4576188.490915443
-4010816.7906009066 1886064.739928722 4576652.648938025
-4007607.1069773296 1887631.1837707863 4578818.056022853
-4005288.988689255 1890298.9064620414 4579745.752911729
-4002826.3163528903 1891956.3886297352 4581214.195454724
-4002588.9099758216 1892271.5194764386 4581291.467950592
-4002623.9177477113 1894254.3154307203 4580441.3937464645
-4003121.2390614282 1897312.4654301738 4578740.738882097
-4003724.9927274906 1899396.0145809688 4577348.791866662
-4004985.02381639 1899908.1510642904 4576033.7604224365
-4006233.100880191 1900071.9522197554 4574873.104010612
-4007796.838293773 1900128.17595187 4573479.902428375
-4009178.5135846953 1901126.0579218622 4571853.930092396
-4010872.928344408 1899786.38761625 4570924.52728132
-4012954.5515726777 1898371.8448571078 4569685.011646422
-4013893.6056191814 1896758.8858653638 4569530.047133975
-4015541.240524389 1895137.463801463 4568755.141058012
-4016803.330737532 1892648.0387002607 4568677.6427955525
-4017948.2843181137 1888904.5104119433 4569220.101405769
-4020613.235344604 1885104.5641306702 4568445.139658078
-4019752.2801532857 1885813.5642333624 4568910.133407739
-4019583.908067697 1881285.5104691747 4570924.52728132
-4019708.3051569085 1879890.0053275789 4571389.253752305
-4016887.6713238927 1877631.1125902047 4574795.715766922
-4015414.387440636 1873613.1107108137 4577735.489137319
-4015106.200898596 1869545.41549289 4579668.452509981
-4016319.972289172 1867126.073006475 4579591.150713187
-4017142.6570056425 1863076.6204418505 4580518.680196449
-4019415.6344803614 1861403.770840447 4579204.620804339
-4019412.2811409635 1859698.5515368562 4579900.349529988
-4021927.674498 1857113.897209468 4578740.738882097
-4021186.5634987475 1856431.1155068409 4579668.452509981
-4021207.0777920815 1852950.9315608623 4581059.64627646
-4020869.1269666483 1850243.4721261845 4582450.387910479
-4021602.9830701626 1847690.1572505345 4582836.624772986
-4025443.356788835 1845456.9728542997 4580364.1059011975
-4022060.956831657 1845350.7000092715 4583377.297747339
-4024760.7098616194 1842339.4540676102 4582218.629042055
-4022692.0678596413 1846660.2189382457 4582295.883394051
-4021027.359746326 1845301.2620818026 4584304.006534775
-4018149.786946935 1843895.8081473284 4587391.583280744
-4023231.5250982805 1837988.6458320625 4585307.714128659
-4025041.6141649624 1841533.4483169843 4582295.883394051
-4025356.9282610244 1838535.0474207457 4583222.826735197
-4026122.934109949 1838205.531536861 4582682.134215854
-4026108.0131548927 1838623.3199570784 4582527.638074862
-4024111.2327084416 1840683.1198189256 4583454.531159157
-4026005.287035673 1839425.6891189532 4582295.883394051
-4026709.189129795 1844421.5817601227 4579668.452509981
-4026641.2875914513 1842265.329475901 4580595.965251127
-4030339.0635533733 1843787.0011910652 4576730.003729145
-4029895.8628321057 1844179.6654480656 4576962.0597375
-4032481.7229106417 1841789.2146666439 4575646.90979639
-4034193.5361933964 1843422.1151486617 4573479.902428375
-4033967.4602839923 1843148.5986625417 4573789.54179335
-4037484.8206704883 1839477.2483007258 4572163.686466112
-4037775.281818346 1839609.5823395473 4571853.930092396
-4038557.1873650686 1839625.3611473385 4571156.896782855
-4036141.004901307 1834528.3934085327 4575337.4042066205
-4036339.0214931183 1833513.4931249537 4575569.535489621
-4033741.3149644784 1833437.6735057486 4577890.158284542
-4031237.5178191625 1831026.3767036768 4581059.64627646
-4031854.525262262 1828506.0975657576 4581523.2770648515
-4027511.721558065 1831878.5489237178 4583995.125946965
-4025095.3906421815 1828490.8035079297 4587468.74405897
-4024059.5129309474 1831156.0387664856 4587314.421105118
-4020641.4503273084 1831125.5400759797 4590322.710266824
-4018594.6550101223 1830786.1971364606 4592249.982209014
-4016226.8055667635 1832501.4745315998 4593637.076662294
-4011783.915065989 1831997.2401426362 4597718.66591765
-4015465.3169720857 1826822.2733500658 4596563.898151136
-4013521.3978138356 1833213.9690761415 4595716.86822356
-4010332.9532407434 1830150.532203055 4599719.516843201
-4012384.7161373543 1833964.5231219993 4596409.905310584
-4010768.245968557 1837882.127803091 4596255.906869448
-4010455.731460517 1836638.0220843686 4597025.843067397
-4012599.6745162136 1836772.7243079366 4595100.740061178
-4009405.971370435 1839120.9787204445 4596948.855748719
-4009117.287443409 1834163.1460789298 4599180.919369039
-4009793.6316221394 1836927.471263102 4597487.737571628
-4004873.343553822 1836872.6471200807 4601796.321041828
-4006030.573550411 1835118.9846995662 4601488.7108168155
-4004310.98831734 1839830.1437576395 4601104.166497619
-4001642.686173259 1840634.6106207543 4603103.414260975
-4004912.156625982 1840444.9886531844 4600334.97274392
-4003438.8860942074 1845949.5092890873 4599411.755264378
-4002326.313212354 1844335.461832252 4601027.253428957
-4004581.2992855106 1846730.5300789776 4598103.518483136
-4000813.363749043 1848381.1049030193 4600719.587139011
-4000751.238205116 1845641.730180843 4601873.220093671
-4001864.84610882 1848019.4199494023 4599950.323315275
-4002034.491745197 1847843.5350359932 4599873.389225778
-4002636.976364916 1850749.7034155708 4598180.484794339
-4000986.103022646 1850494.952652238 4599719.516843201
-4003574.980961374 1850250.5404411494 4597564.715087474
-4002726.7720014467 1851893.6978175952 4597641.691202823
-4002321.5354432724 1850858.219913191 4598411.375323742
-4003130.3868480595 1850638.6372691847 4597795.6392319305
-4002678.4651543284 1852380.2545558277 4597487.737571628
-4002790.2100958927 1850227.0023416758 4598257.449704857
-4005774.9716849155 1850079.5505459048 4595716.86822356
-4003834.0357334674 1850455.068414584 4597256.796621333
-4005029.2551365676 1848632.7063889075 4596948.855748719
-4004959.5360664986 1845718.3814782028 4598180.484794339
-4005001.139536172 1842941.6577094672 4599257.866068508
-4004411.346659174 1843263.1164149125 4599642.578550168
-4001300.5002020826 1842338.9906168007 4602719.017139285
-4001575.0509176874 1842126.8266312352 4602565.248475967
-3996839.211110917 1845106.2304847226 4605485.89388272
-3995921.0909916107 1841722.0518039595 4607636.652175107
-3998519.7554613193 1843765.9677303087 4604563.803600192
-3999036.552332578 1846289.9584645196 4603103.414260975
-3999513.2056872533 1842954.5101510317 4604025.824324539
-4000322.169776963 1842734.8050900586 4603410.906719129
-3998976.280504264 1842199.4319905927 4604794.345107914
-4000603.1700901794 1839818.0897307522 4604333.249468798
-3998967.7252147337 1839911.6051191005 4605716.384889429
-3998075.665846848 1837810.4201031884 4607329.468349689
-3998072.0140533145 1837048.0810191792 4607636.652175107
-3996769.2752939714 1837378.9021517523 4608634.844505878
-3995317.7919145324 1834178.1891689815 4611167.651689535
-3994403.3787653223 1834433.7096190313 4611858.151843087
-3991115.3700474766 1835032.8560724056 4614465.680889342
-3988969.9893684457 1834299.4750083808 4616611.837690265
-3987835.3302492118 1834452.3001135793 4617531.2816941645
-3983936.1730384394 1835018.079447209 4620671.186879424
-3985526.6611986486 1831367.9457276817 4620747.740380978
-3986700.5313225156 1834604.7636381648 4618450.5231504785
-3985102.776048955 1833448.1125026625 4620288.398259066
-3987480.877371871 1831170.2716857437 4619139.821296603
-3987931.3764805533 1834243.4950294262 4617531.2816941645
-3986918.7818656666 1832007.6316168723 4619292.983185233
-3991325.1853078837 1832260.9128955987 4615385.597347417
-3991265.4257874456 1831811.792525628 4615615.544830158
-3992926.486904324 1834177.4028513534 4613238.810754041
-3992162.7582628014 1833910.9583816275 4614005.646752865
-3994896.6358966623 1831621.64521425 4612548.5382036
-3995198.5724661704 1831928.8577629267 4612165.004275074
-3997589.5238893256 1831927.5730423445 4610093.314198477
-3997667.3104726137 1834074.2592011518 4609172.234416328
-3997845.6633865796 1832720.4220135054 4609556.042231807
-4000491.5150186494 1833510.8929546694 4606945.456989952
-3998560.3575161197 1837526.039027451 4607022.262068706
-3999565.3180792974 1837649.686949525 4606100.508507337
-4002065.889493572 1841252.4252330952 4602488.362041263
-4001993.8243116247 1844097.5660797504 4601411.80475627
-4001983.051120058 1843161.2187200799 4601796.321041828
-4004418.691527169 1846316.540098434 4598411.375323742
-4002363.8810330746 1846555.1250568186 4600104.187290573
-4005474.8017074456 1844599.9138412639 4598180.484794339
-4003942.216259213 1846774.7982671591 4598642.253246337
-4003757.1959542036 1847367.4621858904 4598565.295339601
-4001046.1762167253 1847302.4858471218 4600950.338958742
-4001292.3973797667 1849449.905718842 4599873.389225778
-3999895.083026345 1852278.960581631 4599950.323315275
-4001245.897775126 1851462.9153724066 4599103.971268581
-4001530.0353295673 1853714.6546540929 4597949.581658765
-4000672.418226599 1853656.611105897 4598719.209752248
-4002848.3619253943 1855258.8659322385 4596178.905548718
-4003802.398289355 1855870.8317503214 4595100.740061178
-4004109.3653844483 1856352.7310017152 4594638.585149328
-4005563.3187941643 1857791.285285329 4592789.46169412
-4005894.4684669934 1858029.8300003938 4592404.126199507
-4006525.289677769 1857812.6208384736 4591941.677441663
-4006992.8242424224 1858709.2376112593 4591170.817611592
-4007574.3149166172 1858978.9715826234 4590554.029050765
-4008438.63812987 1859209.8768447172 4589705.798653179
-4008753.98803026 1859101.0961220416 4589474.433728693
-4008812.3115136106 1858023.065159658 4589860.034945685
-4009838.7448622906 1857903.7026424084 4589011.666133444
-4009831.9566298435 1856965.540084602 4589397.309291099
-4011150.6919007367 1855451.1305144622 4588857.399084967
-4011514.1287702173 1855619.2466991048 4588471.707001884
-4011288.1479110504 1855344.735641352 4588780.263463948
-4012178.0131054046 1853801.53553269 4588625.988028466
-4012734.5896219676 1855078.639721255 4587623.061423132
-4011249.069673136 1852947.5630155876 4589782.917498495
-4013067.3025932554 1851493.321214159 4588780.263463948
-4009867.11805772 1852309.1873292334 4591247.909888464
-4009493.538606179 1848910.9710283438 4592943.586098824
-4009615.0987306205 1849221.6186445376 4592712.397393191
-4008636.4624008304 1848855.1207930488 4593714.124173149
-4009564.524195763 1847416.429031354 4593482.9774426995
-4009646.596011816 1848387.5455780244 4593020.646202551
-4007947.944171581 1847858.9499696137 4594715.614467124
-4009679.239134037 1843907.2570873771 4594792.64238529
-4012067.543821665 1845429.729851352 4592095.832623004
-4010482.2252274756 1845039.7635411476 4593637.076662294
-4012604.745755517 1843301.5536915 4592481.1960963765
-4013138.4909781152 1840409.208845343 4593174.762212642
-4014681.085770879 1839929.489562441 4592018.755731738
-4015379.7164403833 1841097.7548028207 4590939.532389766
-4014506.7842761464 1838578.014072745 4592712.397393191
-4018610.9873877726 1838082.4208327252 4589320.183455495
-4017283.8863909473 1840019.5265140643 4589705.798653179
-4019210.9796620584 1838696.1599235118 4588548.84821405
-4019658.8463648795 1839834.3589901133 4587700.21800902
-4020996.851310457 1838834.26080713 4586928.589266818
-4020534.0632550106 1838113.5689899027 4587623.061423132
-4023284.4333809987 1836909.558257699 4585693.692659338
-4023068.642807168 1837574.7637881124 4585616.499746872
-4025867.641092522 1836645.668704788 4583531.763174776
-4024372.545159277 1838764.6132832547 4583995.125946965
-4027084.8643393638 1836097.2066172387 4582682.134215854
-4027881.5664858175 1837819.2435728991 4581291.467950592
-4029052.893111317 1835635.663850672 4581136.921563339
-4031005.9792258358 1833467.8815212466 4580286.816660672
-4031669.579448398 1833939.5634835942 4579513.847521369
-4033481.4517362947 1831111.5434234613 4579049.999076296
-4034299.8889136887 1833946.4408651104 4577194.103197853
-4033260.9912569635 1832370.0561039313 4578740.738882097
-4036728.6509346697 1832075.8772178204 4575801.654228439
-4035958.0073335776 1833000.5243288942 4576111.126365921
-4037115.463408873 1831996.5149567998 4575492.159789055
-4038136.3157682586 1833224.7489418173 4574099.158866231
-4039089.8856477123 1833827.6997882659 4573015.401586532
-4040851.669122261 1830716.0647990163 4572705.70649792
-4044641.963376142 1831242.251567658 4569142.611493999
-4043049.421558064 1832051.965075257 4570227.343590568
-4047009.343373883 1828910.6645568856 4567980.095809809
-4048363.489552007 1831139.530709886 4565886.778659089
-4047845.880607951 1828608.1395159229 4567359.959423098
-4050401.088084476 1827209.4663909096 4565654.125267872
-4049908.2729053665 1828688.7967805096 4565499.016053133
-4051655.3226936115 1826754.1023544867 4564723.386539384
-4051467.411483046 1827945.8155514349 4564413.095798722
-4051014.03678368 1827400.8871086612 4565033.655032137
-4050546.3589678463 1827275.0007238097 4565499.016053133
-4050620.5901252828 1825947.31559951 4565964.327007828
-4051238.7622104734 1825545.4151156133 4565576.57135588
-4050236.0544448374 1823307.956526751 4567359.959423098
-4053919.973477517 1819778.1686397726 4565499.016053133
-4057193.7286419687 1823375.1593017168 4561153.700184824
-4056325.1472954373 1825112.6056351303 4561231.333332086
-4058687.504485575 1822769.4646991894 4560066.690246195
-4059202.4673322993 1828026.069897107 4557503.375421668
-4057249.2532035727 1826550.2746281207 4559833.724121417
-4060084.2114538797 1827230.0230788914 4557037.15572542
-4058131.674674136 1830014.9833316098 4557658.770880978
-4057946.0644449783 1829846.0559347034 4557891.853657315
-4058582.1301111407 1832690.6544774717 4556182.289827027
-4057603.3285084525 1838134.731888221 4554860.803131458
-4057892.972705929 1838265.9435952727 4554549.806806554
-4060274.6620903 1842249.5247657807 4550816.1198721
-4059107.8357743383 1845394.8214307295 4550582.658362774
-4060482.7374436543 1844480.8149316113 4549726.5260970695
-4061205.656758212 1844809.2021930935 4548948.078514283
-4061701.005341297 1847172.5848187907 4547546.523687622
-4061804.259118441 1847904.017296064 4547157.123243968
-4063148.5460473164 1850313.3513872616 4544975.840907366
-4062426.56743928 1849984.5702357173 4545754.994943445
-4063619.5139527014 1851384.209148684 4544118.611561291
-4062318.5846955334 1854045.9664566242 4544196.548423406
-4060253.0454614423 1854559.0924165081 4545832.902731505
-4062749.02608627 1852529.1195102683 4544430.350704209
-4063505.221786164 1854501.8547757554 4542949.392536731
-4064112.627694095 1857179.368224685 4541311.962820651
-4063255.064433474 1858673.795635561 4541467.934795249
-4064487.5486874958 1857693.7159771633 4540766.01733488
-4063391.5811970155 1860280.1312200872 4540688.019589651
-4062580.6839662716 1860337.7416070905 4541389.949499643
-4062277.1853167936 1861571.2145158974 4541155.9853126025
-4060906.6520781443 1862658.6355714174 4541935.817516437
-4059923.2049586466 1861950.2530440998 4543105.306398622
-4058764.090046264 1863905.6512233214 4543339.166812081
-4055432.5240497803 1866405.4787901265 4545287.519136872
-4054328.0794131258 1864439.6527482648 4547079.238999712
-4054643.52433484 1867929.3216714123 4545365.435232873
-4052028.177203952 1869811.6595656257 4546923.466355868
-4051788.9045097907 1872790.0546197097 4545910.809134826
-4050813.8421718418 1876974.8297929238 4545053.76254152
-4049609.0180858118 1877876.2809580371 4545754.994943445
-4050176.4885073 1879857.4944769356 4544430.350704209
-4050890.8202002505 1883025.5747916189 4542481.617739144
-4049224.483616747 1884915.8962518054 4543183.261253715
-4051107.897251466 1885190.4761616106 4541389.949499643
-4049014.941993053 1889119.1966726237 4541623.901236206
-4049784.8600314856 1887843.368684579 4541467.934795249
-4049205.413628231 1890585.1373362557 4540844.013696913
-4046864.356675663 1890352.4471298323 4543027.350159619
-4048966.6100507895 1889785.0981731883 4541389.949499643
-4051917.4486535345 1892454.3801964496 4537645.028885832
-4049861.5648145895 1895542.5270166495 4538191.361556811
-4053992.229389728 1893251.032755811 4535459.020983075
-4054923.1015890595 1899292.1796391932 4532099.828618161
-4054238.7171828914 1900007.1276433496 4532412.419341349
-4056343.390485946 1900734.446194182 4530223.820465373
-4056449.2528196694 1903115.844196019 4529129.115279098
-4055769.440802739 1904006.185803149 4529363.71772835
-4057673.3026616434 1902739.7163335083 4528190.581319876
-4057463.3144732425 1905233.5189976532 4527330.084033152
-4056973.133194675 1902929.6799011442 4528738.083604297
-4059709.5913047725 1903608.1456760026 4525999.896374723
-4058352.8498911066 1904268.2054148808 4526938.893736774
-4059178.220749171 1902322.0115556298 4527017.134554114
-4059666.209908538 1903328.5104912347 4526156.409723162
-4058856.3444920243 1903380.8910230293 4526860.65154045
-4059349.366036089 1902142.9958958603 4526938.893736774
-4060161.4022278986 1900968.1239931886 4526704.163010943
-4060089.8499058983 1900934.623186239 4526782.407965165
-4061402.4185273587 1899993.7717782422 4525999.896374723
-4061709.4215051755 1900828.6760338345 4525373.78783494
-4061751.290621956 1898688.2884125418 4526234.664329273
-4062737.274234312 1898630.8016366942 4525373.78783494
-4062197.929728038 1898292.3688750453 4525999.896374723
-4064275.615002779 1897016.6994447806 4524669.310272455
-4065112.920408575 1896716.307031733 4524043.014270221
-4065795.287976234 1897121.0993428612 4523260.020239649
-4066066.397676803 1895605.9306413962 4523651.534479723
-4066825.727622914 1896219.1570206755 4522711.842433935
-4068302.594961001 1893796.7660303875 4522398.567663671
-4070862.4839167288 1892222.8481077459 4520753.513534921
-4070718.690460464 1894402.8283173654 4519969.940961887
-4071230.059569443 1894986.5977429547 4519264.607923811
-4073083.576784346 1895676.3546240404 4517304.764463979
-4073015.9519789075 1896942.3279900507 4516834.274046928
-4073198.741151536 1895989.4296531156 4517069.525447355
-4074526.783016536 1897992.1411450838 4515030.268628597
-4073573.185114173 1899105.6056084535 4515422.505620633
-4075105.4069101047 1897309.6330994882 4514794.9099289
-4075167.2698780433 1899415.8693984465 4513853.351360906
-4074789.690835418 1898547.377766769 4514559.538851639
-4077214.4043453154 1900803.1471865408 4511420.0753914295
-4078093.880054257 1900779.948329226 4510634.865902311
-4081008.570909066 1901791.6800675886 4507571.23624158
-4080782.2746706298 1905068.2181421428 4506392.360964447
-4081394.7745827883 1906916.0367281018 4505055.9289400065
-4082278.1729985904 1903163.8833260261 4505842.1134636635
-4082069.1842763633 1903239.9159559188 4505999.333898464
-4085944.332066067 1902182.5379146903 4502932.545320839
-4084263.859384048 1903742.5166257543 4503797.748269871
-4085263.8007251867 1900477.830514843 4504269.6071844995
-4085790.96537317 1900462.8462440984 4503797.748269871
-4085515.733867532 1900681.7685804889 4503955.040062743
-4085540.2436904404 1897831.5445348942 4505134.553568201
-4087682.031244821 1897698.9785565818 4503247.183780113
-4085973.1335478923 1898206.0389470612 4504584.1523529915
-4087253.915727105 1895072.8737973438 4504741.416704285
-4087554.686978278 1895732.420357518 4504190.96746212
-4086512.6923911413 1894989.176140925 4505449.038357314
-4087151.350256949 1893985.3876393558 4505291.798707537
-4085158.5189940594 1893235.1332491494 4507414.070719633
-4086209.079851793 1891902.974110028 4507021.132887041
-4085598.6184984795 1892659.5490420677 4507256.899705539
-4083703.9389315485 1891695.26702148 4509378.24493394
-4083787.1101923953 1889829.5931347983 4510085.137504436
-4081225.494525251 1891239.3468879191 4511812.628602841
-4081367.4421346467 1886807.4610115273 4513539.454502921
-4081317.5528188464 1886352.133848806 4513774.879208848
-4083222.6190096135 1881095.3937587459 4514245.691495746
-4084638.2237288263 1882352.525756766 4512440.642272267
-4082799.2878682073 1879000.307485849 4515500.948892707
-4085488.9335654834 1874279.2873746294 4515030.268628597
-4085435.876809307 1874772.8400207774 4514873.364204116
-4084326.290833533 1871330.3863714295 4517304.764463979
-4087717.6752560106 1867707.4565063063 4515736.270455832
-4087470.014806534 1866732.037382078 4516363.734097247
-4086970.746079236 1861936.8889802897 4518794.323948252
-4090424.4231234756 1861010.831846962 4516050.013281879
-4089144.7835287442 1859825.6759186673 4517696.801970372
-4091461.3021630677 1853386.6679643355 4518245.5966795515
-4092513.378301772 1854121.5071844948 4516991.109689825
-4092790.401705077 1851406.6302021637 4517853.607339914
-4095536.6574795987 1848775.4581969574 4516442.160861741
-4095579.198644957 1848106.3266909025 4516677.432900405
-4095810.2114651715 1846059.9601878256 4517304.764463979
-4098969.7271154667 1845762.8088014538 4514559.538851639
-4097140.68968338 1847520.0538802966 4515500.948892707
-4098172.6049416694 1841963.7458160168 4516834.274046928
-4100315.9547673673 1841808.9369718134 4514951.817104024
-4099185.283568702 1839323.877395403 4516991.109689825
-4101940.580313323 1835488.151178191 4516050.013281879
-4101789.435813438 1833702.3073750816 4516912.692556342
-4101117.2443780135 1831340.9963627302 4518480.773767489
-4100770.6800996433 1828439.9257389072 4519969.940961887
-4099886.7586924266 1826158.9151032176 4521693.618843226
-4098812.803770891 1820025.2366745367 4525138.974386489
-4101214.7057271055 1820063.5500488956 4522946.784045899
-4096782.614162844 1821092.9171443973 4526547.668965784
-4098669.780082086 1816451.6108119325 4526704.163010943
-4097657.7249343623 1819512.3387371397 4526391.169405164
-4094810.914283151 1816965.0102267144 4529989.263550127
-4095182.48368047 1815932.3551984492 4530067.450568487
-4094000.17140815 1818401.5264142093 4530145.63620691
-4091647.7857264834 1815903.3583709896 4533271.929921757
-4093428.6998743773 1816180.6705879157 4531552.741702075
-4090086.241070711 1817859.7929910356 4533896.923578065
-4089749.085088715 1814718.9562021063 4535459.020983075
-4089581.1231118627 1816267.8375993927 4534990.449779266
-4085708.889884997 1816597.463160724 4538347.44416431
-4086582.4498773427 1813655.325094074 4538737.626489595
-4085197.416254195 1816967.8508462906 4538659.5927896
-4082731.302502787 1815102.8762260054 4541623.901236206
-4083944.3663197136 1815300.7251509198 4540454.018055024
-4081794.089886734 1816819.66402696 4541779.862143332
-4081626.756060014 1815635.7290981358 4542403.650429725
-4080793.7100664824 1815947.739221454 4543027.350159619
-4078837.535688287 1816441.994513859 4544586.211969888
-4078434.4655603855 1816177.1955776624 4545053.76254152
-4076998.675709844 1816475.84568697 4546222.420900235
-4075195.675033507 1817207.1497451344 4547546.523687622
-4074271.368786567 1817135.9911293883 4548403.0827564355
-4073831.8378573414 1817536.708287552 4548636.660680553
-4071660.9931438495 1817335.1233007512 4550660.480252101
-4070658.92564582 1816461.8792288643 4551905.44194059
-4069933.3616898665 1816138.108731015 4552683.362745399
-4067730.1716519203 1817368.856832355 4554161.030184209
-4067089.2983914004 1815294.6043428553 4555560.463692021
-4066514.608420502 1817166.3463491972 4555327.255993641
-4063193.8743374753 1817384.245089285 4558202.611254536
-4062767.312161482 1817363.6443213683 4558591.0270094555
-4062200.8866761103 1819408.0599481945 4558280.29718263
-4060421.5899205827 1822015.5608292206 4558824.059799082
-4062101.9933122266 1825069.7454613044 4556104.566417527
-4059511.5443201773 1831404.6300019117 4555871.387861906
-4061154.2685911204 1829501.8683755875 4555171.777256523
-4062531.089617455 1833022.8776800637 4552527.789678291
-4060996.673536274 1833524.9797002776 4553694.452457522
-4062726.4032410583 1834135.22403328 4551905.44194059
-4062913.0158315874 1835073.175276188 4551360.814873728
-4062679.119085028 1834626.0542776473 4551749.841139793
-4062887.962784009 1834549.624203579 4551594.234792828
-4063486.0487955157 1836698.3932764719 4550193.528123814
-4062288.7447758517 1836840.3387740382 4551205.19466217
-4063910.9670921587 1835950.9217598413 4550115.69791772
-4062539.543732761 1838405.764742973 4550349.184377768
-4062932.7042305935 1837729.419438556 4550271.356943836
-4062765.2699562698 1839447.7157467273 4549726.5260970695
-4063456.103405015 1839076.8696037198 4549259.474176991
-4062018.2528743553 1840134.7366098773 4550115.69791772
-4063986.9562795465 1840599.1654707748 4548169.492362614
-4063834.3597206366 1841128.4195044022 4548091.626127071
-4063520.7262430554 1842781.683465662 4547702.274168415
-4062893.589449108 1843779.8455479052 4547858.019107971
-4062877.731705505 1843430.6034268667 4548013.758506101
-4064499.1788342036 1844850.6812330785 4545988.714153383
-4062667.6258316506 1845045.6300363021 4547546.523687622
-4065045.7311813766 1844414.2797385724 4545677.085770668
-4064010.7835575417 1848993.4800379856 4544742.067698126
-4064208.3440194456 1846258.7490116886 4545677.085770668
-4065761.9901520913 1848591.2622172101 4543339.166812081
-4066018.453988593 1848793.505918356 4543027.350159619
-4067305.889602397 1850749.699019972 4541077.994483593
-4069118.828366285 1850974.6051356571 4539361.846314732
-4072633.455092188 1853002.3117049795 4535380.92923625
-4072699.4246111866 1854576.8946288007 4534678.041347666
-4076002.7766205044 1852474.908486479 4532568.706419125
-4076921.8539158828 1855039.3714997063 4530692.897035624
-4077384.1767222476 1851729.0977502882 4531630.901117162
-4078956.390164877 1851326.8614486225 4530380.184842317
-4079128.0126904934 1850374.5311210414 4530614.72105743
-4087925.211475831 1843965.5472841032 4525295.518063932
-4084688.8549903436 1849975.1545919692 4525765.116011887
-4085783.7507524886 1841026.085447101 4528425.233432728
-4091856.853536829 1843504.8408988197 4521928.614180714
-4088191.802140061 1842797.8951413282 4525530.32324141
-4092330.6729782806 1834360.796361832 4525217.246914441
-4095394.886184437 1838138.3477699775 4520910.211525088
-4091994.4203983145 1835496.750310279 4525060.700480102
-4099097.821163277 1828122.8824221264 4521615.284309259
-4098428.2756698537 1830397.6358337768 4521301.932399998
-4098714.5411093654 1824522.4310240466 4523416.6300694365
-4103188.049137784 1821453.6267778054 4520596.810036353
-4102134.173453313 1822271.5119754635 4521223.590979455
-4101429.7636042126 1815876.5692997205 4524434.459608159
-4106167.1315684062 1813946.8975015415 4520910.211525088
-4103306.693022147 1816707.5654032014 4522398.567663671
-4104647.417763883 1809766.2220227073 4523964.7210682295
-4107680.8422033493 1809733.7757157597 4521223.590979455
-4104236.6891826224 1810697.4903879785 4523964.7210682295
-4107263.093686513 1805784.6128731924 4523181.713257947
-4108564.7544330526 1807726.1681464117 4521223.590979455
-4106219.7071187897 1805411.4020556016 4524277.885607481
-4107928.8684964064 1801715.6884598413 4524199.596539869
-4108497.1663687564 1803760.7443815542 4522868.471552981
-4106894.376260796 1801518.3736130814 4525217.246914441
-4109829.896987312 1798360.1463498848 4523808.130530038
-4108070.2189346077 1800409.9824140589 4524591.028095951
-4107451.8417629013 1797490.4005191987 4526312.917556616
-4108240.751627704 1797066.788228902 4525765.116011887
-4107328.8245129767 1797180.3270415817 4526547.668965784
-4106282.8418032215 1794246.9107145772 4528659.873130644
-4106985.500159946 1794810.0426546826 4527799.466878127
-4105139.5780193233 1795283.4703113323 4529285.518291624
-4107088.320668353 1791611.7737282307 4528972.706747966
-4107032.33038378 1793123.3483483866 4528425.233432728
-4106581.126018855 1791390.5230916084 4529520.112462609
-4107371.084812933 1790370.030739942 4529207.317475199
-4108750.466177683 1789776.7083998597 4528190.581319876
-4107052.421183174 1789122.3216353897 4529989.263550127
-4109387.916621619 1786727.4380032322 4528816.292698417
-4108835.3654745547 1788789.9430820874 4528503.448044835
-4109493.630881846 1784897.4842461564 4529441.915785353
-4110663.7875972204 1785576.2850614171 4528112.361190163
-4111348.5902876994 1784594.4555201442 4527877.6925250655
-4111650.417618424 1782508.554960674 4528425.233432728
-4113453.4575369507 1780732.2055086487 4527486.550498147
-4112997.574595889 1781387.2999063637 4527643.011446535
-4113804.5698900237 1777730.6461844826 4528347.017441182
-4115442.079937437 1779120.248617372 4526312.917556616
-4115306.0323121008 1776845.3986275808 4527330.084033152
-4117479.731355586 1775397.136385654 4525921.6376324445
-4118215.569307392 1775884.9010239162 4525060.700480102
-4118999.777466027 1773665.893414794 4525217.246914441
-4121182.529068646 1772389.3360012614 4523729.833193883
-4121162.249864645 1772636.314896495 4523651.534479723
-4122038.7637901986 1770797.1715990705 4523573.234387579
-4123785.009624387 1769331.112811052 4522555.2078041015
-4123113.4587226436 1769895.1367776156 4522946.784045899
-4124253.7290172013 1766635.040843637 4523181.713257947
-4124743.432759432 1767696.8662087298 4522320.245527042
-4124394.9673947077 1765502.9721864362 4523494.932917476
-4125043.9943311196 1764588.2902633066 4523260.020239649
-4123748.3125771414 1764204.3200805292 4524591.028095951
-4124478.343865357 1762898.8092615837 4524434.459608159
-4123808.392077753 1761250.6501921527 4525686.853133656
-4125244.396531308 1760502.0027155972 4524669.310272455
-4124813.9175985768 1759297.143352306 4525530.32324141
-4124765.700499273 1758000.4158809558 4526078.153738303
-4125038.4246390793 1756755.6368519966 4526312.917556616
-4125363.157873972 1757404.3161281904 4525765.116011887
-4124507.306739186 1754573.8051032277 4527643.011446535
-4126543.1947432463 1753824.0527975066 4526078.153738303
-4124549.2072023796 1753061.5781004922 4528190.581319876
-4126377.351583276 1750778.362572068 4527408.317955214
-4126403.523146123 1750109.6322992495 4527643.011446535
-4126718.4053200665 1747949.1589970728 4528190.581319876
-4126933.8890943923 1746426.583680379 4528581.661277482
-4127382.4121528156 1746786.264467977 4528034.139681106
-4126433.785078359 1743752.881191545 4530067.450568487
-4128293.124454924 1741991.5952085704 4529050.911703346
-4126926.9439417906 1742178.847264366 4530223.820465373
-4127966.121697956 1739307.9310179744 4530380.184842317
-4128682.475786308 1738421.9589716906 4530067.450568487
-4128559.323313025 1735656.1175833226 4531240.090238067
-4128642.09244932 1733825.749855803 4531865.371079844
-4130034.9452373954 1731528.363531857 4531474.580906599
-4128935.7148814597 1729034.3371718735 4533428.186621792
-4128539.9042905406 1725058.6782693963 4535302.836107871
-4127083.2591166063 1724027.0178350196 4537020.565756159
-4125754.311805269 1721865.1946860678 4539049.747463553
-4127144.7783307177 1719147.868586574 4538815.658807012
-4126171.352639682 1717981.8447675817 4540141.996645545
-4126158.897676636 1715949.0267045675 4540922.008675724
-4128845.433773161 1712165.8925623575 4539907.966066787
-4129478.10614809 1713948.8532691172 4538659.5927896
-4128447.5208912524 1707948.893772557 4541857.8405216485
-4133184.212987488 1706445.6548256879 4538113.318179432
-4129883.836262769 1705926.7731404994 4541311.962820651
-4134059.072752922 1698705.064927196 4540220.004072484
-4134308.6019706964 1698723.2577671406 4539985.977642673
-4134334.506567952 1695529.8596194203 4541155.9853126025
-4137313.5491375015 1690344.118976589 4540376.014777246
-4139180.611074968 1688915.5032988617 4539205.799654584
-4137173.048209993 1684812.3331752727 4542559.583664845
-4141916.504013408 1681773.6774023608 4539361.846314732
-4139537.515976773 1680891.879423799 4541857.8405216485
-4141513.7897643475 1675382.614841961 4542091.76735533
-4143679.0568168308 1671715.8464655876 4541467.934795249
-4141338.771880366 1670099.3700427595 4544196.548423406
-4144231.7700651255 1662694.635507864 4544274.48390128
-4143754.431661691 1661327.748247016 4545209.601656297
-4142823.3232409493 1655753.1436671442 4548091.626127071
-4144333.7234368566 1651325.7327779424 4548325.22067732
-4142273.8066724 1649415.98126322 4550893.937602724
-4142607.480932176 1642767.607599973 4552994.492237502
-4142823.2914093602 1640928.9376257863 4553461.144867541
-4142522.981553401 1637799.5638656702 4554860.803131458
-4143661.6618839414 1632315.27878348 4555793.658901072
-4145568.365881305 1631812.7904572317 4554238.788283327
-4141794.244203277 1629241.9363475405 4558591.0270094555
-4144624.753929112 1624427.5763473469 4557736.46652813
-4143045.4056558833 1627146.189322278 4558202.611254536
-4141542.941027494 1621385.4580235516 4561619.478226466
-4142553.5154669527 1620113.6672414916 4561153.700184824
-4140010.2247283673 1621368.7577600281 4563016.512188432
-4138632.913628817 1618330.5191817607 4565343.901275471
-4139561.307592203 1616611.4999521242 4565111.218678913
-4136010.745290048 1618470.4297492965 4567670.038747588
-4134880.177595623 1613036.9951023704 4570614.6817860175
-4134810.951610724 1616503.2232735353 4569452.562789802
-4130762.1723875105 1614587.9048705252 4573789.54179335
-4131504.494353463 1612467.9078184164 4573866.948151513
-4128652.338224161 1616255.7738547327 4575105.2603800725
-4124651.0637623565 1615519.6507536792 4578972.686119975
-4127151.576666743 1614173.1644616155 4577194.103197853
-4121515.2625837517 1619354.6797237268 4580441.3937464645
-4120594.0349290147 1619075.747503627 4581368.739050917
-4115669.5281447074 1614322.1045947217 4587468.74405897
-4119109.0906449337 1614758.8213495319 4584226.788482452
-4114994.020483116 1618450.8385299745 4586619.898645387
-4113670.9143326567 1618096.2622477065 4587931.6793816285
