-1500621.5764259344 4471912.3152107755 -4282496.483294661
-1500173.4352394994 4471353.07092146 -4283237.371353932
-1502947.9979935524 4469790.225886786 -4283895.849795385
-1504436.581379649 4471891.9025892345 -4281179.088074166
-1504568.850799371 4471768.5648850715 -4281261.435057426
-1505914.7551254064 4473443.739722467 -4279037.608836062
-1504400.7408530042 4474110.705266362 -4278872.843161137
-1506738.9485096347 4472535.699911545 -4279696.619394981
-1509640.6977905831 4473921.447793022 -4277224.899692784
-1508475.9143717238 4474077.965388979 -4277472.124442333
-1511697.4261511867 4471256.416373633 -4279284.747572368
-1516330.7045457673 4470554.717043287 -4278378.514855103
-1517662.9059863195 4468840.694154619 -4279696.619394981
-1525118.7079082734 4466459.544344898 -4279531.874576771
-1524789.5288149756 4471619.675990751 -4274257.288244191
-1521072.456944982 4470678.522523412 -4276565.576367471
-1525290.968345075 4469004.414702164 -4276812.832385527
-1524279.6197826236 4472423.982679618 -4273597.589837809
-1521066.5477503573 4470917.051415035 -4276318.308624968
-1525554.7275180481 4468756.63263176 -4276977.66321698
-1524435.7359020342 4472370.772558698 -4273597.589837809
-1521557.4018648334 4468778.508323789 -4278378.514855103
-1527097.0287044244 4465625.657269236 -4279696.619394981
-1526631.6046460653 4466810.852547868 -4278625.6848731665
-1526610.7899198295 4463186.024988335 -4282414.155876237
-1534120.5404549239 4461479.620511361 -4281508.468182224
-1535137.7718186423 4466973.137896373 -4275411.559937584
-1531787.482409951 4466860.761878826 -4276730.4150156
-1537569.59253699 4465426.335829509 -4276153.456950052
-1536798.99882925 4470030.1502247825 -4271617.994774208
-1531857.5091631708 4468335.743216631 -4275164.237489956
-1536557.4143183108 4464511.679581791 -4277472.124442333
-1534707.972168873 4467751.975623664 -4274752.007365123
-1531583.7792051807 4463220.061122174 -4280602.622677344
-1536699.5557950737 4460117.719513389 -4282002.499217149
-1536898.9740572954 4462972.631762772 -4278955.226650322
-1533551.6968662704 4460331.646075482 -4282908.100818435
-1541814.3224869983 4456770.292269878 -4283648.93016627
-1545195.428040777 4459237.472585788 -4279861.358998512
-1547233.6129268068 4454812.659079016 -4283731.238014216
-1556983.5035560182 4452523.117386273 -4282578.809408562
-1560100.1295040222 4455943.881357986 -4277884.139631397
-1559591.687644557 4455488.977724537 -4278543.296170456
-1562758.4170444685 4454062.676031265 -4278872.843161137
-1562605.9952131442 4455619.562529799 -4277307.309245585
-1560822.128359049 4454266.751890378 -4279367.12454408
-1564655.655892745 4453000.7554094745 -4279284.747572368
-1565118.9837791512 4454816.57580446 -4277224.899692784
-1564436.8238812094 4453869.182913565 -4278460.906164425
-1565489.945400452 4454132.296076301 -4277801.73919972
-1563994.919843033 4455844.225478932 -4276565.576367471
-1561467.8570254873 4455860.338486276 -4277472.124442333
-1562252.8210990757 4455110.483054055 -4277966.538759956
-1560022.3583743959 4455971.109563226 -4277884.139631397
-1559380.749161209 4454138.448574591 -4280026.09338716
-1560960.149577038 4453664.345959971 -4279943.726844708
-1560705.862103432 4453436.838232254 -4280273.185191792
-1561295.9145485149 4451883.99447509 -4281673.150411022
-1563143.3931561045 4452423.504190464 -4280437.906542359
-1561005.944073382 4454044.047497623 -4279531.874576771
-1560257.4942862191 4452406.404227673 -4281508.468182224
-1561772.8098994754 4452746.105156519 -4280602.622677344
-1560391.3209702848 4453784.521658592 -4280026.09338716
-1561235.8925800044 4452459.342016149 -4281096.739786785
-1562193.1067357885 4453944.406912729 -4279202.3692971105
-1558903.1076691453 4455017.8619276015 -4279284.747572368
-1559105.5365599706 4453601.5805456685 -4280684.978788928
-1559923.670170607 4455689.221433497 -4278213.728326674
-1555911.6909408886 4456696.316638267 -4278625.6848731665
-1556528.7047881607 4455215.0437675975 -4279943.726844708
-1557586.5845627212 4456744.027296205 -4277966.538759956
-1556763.383847199 4456636.181060651 -4278378.514855103
-1558221.8751331426 4457312.836007947 -4277142.488837067
-1558022.0208522484 4458489.640523524 -4275988.600064772
-1559286.3032885843 4456861.49457493 -4277224.899692784
-1564496.525576755 4456775.472761707 -4275411.559937584
-1563588.0963017612 4460414.075721497 -4271947.97934256
-1561923.4111265102 4459654.07676817 -4273350.181454823
-1566164.2591810063 4459035.99816301 -4272442.917155291
-1566476.1111651685 4462165.515761488 -4269059.908586182
-1565395.6430050766 4460333.126020887 -4271370.49268516
-1571884.0307384345 4459631.283236609 -4269720.179530139
-1570929.4093668605 4464626.203899836 -4264848.725363798
-1570145.9772020683 4461902.213612381 -4267986.790799274
-1577341.3803383638 4460706.601202078 -4266583.151406341
-1576768.6951800368 4464540.401386403 -4262783.185465663
-1576007.3923385693 4461888.801829685 -4265839.896128433
-1584533.4836493689 4461711.51211136 -4262865.822646422
-1584336.5054480175 4466594.420946803 -4257822.57923832
-1584295.5680912721 4464005.997636109 -4260551.490827825
-1590596.4417649226 4464447.918765296 -4257739.862894043
-1590152.0469445195 4468627.126325784 -4253519.610095094
-1589692.0820081434 4466347.312146905 -4256085.26367585
-1596985.5260099864 4466347.235621403 -4253354.041291609
-1596789.3011211287 4471459.465439127 -4248053.104277292
-1596770.8123288034 4470914.929633476 -4248633.1525415685
-1601880.6597296945 4472157.498599424 -4245400.647725125
-1601517.0824577892 4476063.54153422 -4241419.4801674625
-1603747.8340576633 4475893.798289145 -4240755.662755416
-1609485.2216095778 4479100.246564258 -4235192.947511172
-1607740.0332476415 4485063.37784192 -4229541.285084483
-1607295.251820437 4485301.207002655 -4229458.127932703
-1611267.1026814706 4488735.895287083 -4224299.869348495
-1604210.8963792478 4494470.980159483 -4220886.045422494
-1602572.2268626245 4493099.748610117 -4222967.90264007
-1605329.6308690587 4495870.292526864 -4218970.027036009
-1599801.1763383 4500965.29740879 -4215636.202011315
-1596529.9791204464 4500721.194201645 -4217136.67763256
-1597891.869678804 4502814.401329643 -4214385.487825329
-1593280.5641469976 4508035.293374383 -4210548.163553336
-1588694.5560710304 4508328.713337392 -4211966.621426134
-1587548.9687114083 4510602.234472974 -4209963.984918488
-1585360.3086558962 4513941.16366482 -4207209.153668352
-1581760.0504450595 4515281.817329443 -4207125.652141872
-1582033.24921339 4516819.635494213 -4205371.824083722
-1579501.5788321113 4520969.754056166 -4201862.473401075
-1576910.356028697 4521408.18571646 -4202363.947492605
-1578121.4233630714 4522849.581605922 -4200357.774677014
-1575975.4053664617 4526856.84517521 -4196845.199071604
-1572409.3643709705 4527553.93076535 -4197430.784998092
-1574511.957213168 4528761.726195416 -4195339.119062996
-1572251.7787373755 4531948.83130343 -4192744.344066859
-1571026.868265078 4532760.821147878 -4192325.7170043504
-1570616.786869749 4533367.52786459 -4191823.3223867924
-1569656.1710674528 4535712.624443633 -4189645.7479233877
-1567399.1798813322 4536106.219274506 -4190064.5792596657
-1567732.233339737 4536300.609646389 -4189729.5167432227
-1567195.4610796305 4537569.028044264 -4188556.637137051
-1565120.7812922434 4538749.000367185 -4188053.8978901687
-1564494.7933833227 4538732.86055724 -4188305.273254848
-1564765.0335970093 4540031.226330993 -4186796.8488537446
-1562348.013353788 4541249.922940495 -4186377.7687354526
-1561896.3161091274 4540709.829826745 -4187132.089991849
-1562783.9162669934 4541486.271602454 -4185958.6567360694
-1561578.4540831244 4543136.792687166 -4184617.284134302
-1560373.976078979 4542469.343197958 -4185791.003010327
-1561879.9212281425 4542724.222639142 -4184952.657881805
-1560094.7260088213 4544495.837802219 -4183694.901170228
-1558596.9059827633 4544006.097019207 -4184784.9735575705
-1560055.4858793393 4544123.277991101 -4184114.1852723365
-1557887.695125277 4546333.3820419805 -4182520.7361958143
-1556200.7529525375 4545290.450741216 -4184281.8899914804
-1557357.3487174117 4545820.549318138 -4183275.585207461
-1555942.6297719127 4547385.181592858 -4182101.331040192
-1554676.4851817943 4546275.1026835665 -4183778.7605396053
-1557600.831822061 4547048.9291392425 -4181849.672659323
-1556580.4653631232 4549249.314665804 -4179835.9929383155
-1558202.1270611945 4547768.636586778 -4180842.9244949655
-1562441.2009026187 4550555.158376972 -4176226.316220268
-1559030.8758382152 4555113.05774354 -4172530.2586509106
-1556371.8680409223 4554867.727250332 -4173790.554834323
-1557696.7445726003 4557185.330225999 -4170765.3635658864
-1553009.2327588813 4560630.034934806 -4168747.654562006
-1549904.5436367039 4560379.50054553 -4170176.9406847004
-1551871.3773233255 4560940.489490527 -4168831.7403764967
-1551393.5990258888 4563715.073923003 -4165972.1104382654
-1550246.155744298 4562952.940748455 -4167233.8927776846
-1553979.3837047634 4561913.38811585 -4166981.5591564504
-1553333.2367661598 4563669.656876781 -4165299.0431011957
-1552934.5745325803 4561193.440903311 -4168159.018305557
-1557156.7084088803 4558984.947433035 -4168999.908195757
-1557766.251786451 4559468.681288576 -4168243.1130086216
-1556883.4261564387 4557924.763344375 -4170261.004907429
-1560877.8802583686 4556096.742278336 -4170765.3635658864
-1562221.860500631 4557943.967342089 -4168243.1130086216
-1561832.9014259246 4557846.550263156 -4168495.389499397
-1565463.4261342727 4558062.191421481 -4166897.445410668
-1566325.5374040187 4561608.938395031 -4162690.1402855543
-1564635.657761775 4562649.653786683 -4162185.0505786794
-1566944.5901426289 4563930.463997203 -4159911.5821398217
-1567490.4114252664 4568116.019723349 -4155109.0046395604
-1564169.9508241874 4571169.812662243 -4153001.3133568955
-1564597.0417620277 4571636.490011824 -4152326.6851371266
-1564957.3705462695 4575034.993779715 -4148446.002307846
-1562014.3299958748 4577646.900048129 -4146673.497077783
-1564040.531644039 4576266.598510536 -4147433.210400312
-1567988.4412296847 4579197.8711064365 -4142704.443407034
-1566257.3121665434 4580401.538852851 -4142028.582103131
-1571225.872622527 4580304.199412837 -4140254.0620163293
-1572262.7681317404 4585673.643419582 -4133911.951649876
-1569037.3879885986 4588531.6611990025 -4131965.6181130353
-1570445.0344914622 4590031.332459882 -4129764.6132289036
-1570043.813738962 4594355.801853249 -4125105.8397230734
-1567169.528203803 4595641.296447707 -4124766.8715036367
-1568539.920975179 4596770.829159249 -4122986.958565086
-1567458.4117035265 4599115.871768654 -4120782.4894824903
-1566302.3700253854 4600193.433469852 -4120019.206303984
-1566923.1888263377 4600437.767741642 -4119510.2943741507
-1565951.8120128342 4602059.406747694 -4118068.131930163
-1564919.8116109842 4602714.085209466 -4117728.746899416
-1564863.843699987 4603340.323574163 -4117049.9166316437
-1564751.6325090858 4604592.551313684 -4115692.015317313
-1563041.606069843 4605628.417731487 -4115182.7195737935
-1563191.2370962163 4605805.169594238 -4114928.0547786737
-1563124.1788671724 4607192.816368337 -4113399.829124908
-1561734.946289287 4608649.23084197 -4112295.8581063347
-1560332.8211444633 4608745.23919172 -4112720.4874008913
-1560930.813325755 4609452.051411439 -4111701.324482248
-1559724.0589505832 4610920.987895543 -4110512.0731260614
-1558298.5612708423 4610948.546570015 -4111021.782334059
-1559367.6381581475 4611193.001433345 -4110342.160039384
-1557676.3254931807 4613354.3667464685 -4108557.7702910975
-1556526.6554019474 4613136.903873139 -4109237.602907256
-1557791.0170116408 4613694.04746759 -4108132.8342301636
-1557099.0366299911 4615365.122597998 -4106517.791904952
-1555740.5569893594 4616125.735547884 -4106177.72544625
-1554989.3199745086 4617890.969682996 -4104477.092990708
-1551092.216348999 4620712.429377664 -4102775.960417083
-1549402.3647593965 4620221.831212579 -4103966.80572159
-1551020.2086346068 4621567.364678151 -4101840.124401354
-1547889.7812912448 4624277.309317835 -4099967.9988388144
-1549358.1592561437 4625445.433923124 -4098095.268798193
-1547522.761981548 4628547.799749101 -4095285.040944862
-1547060.7101241595 4628777.619965404 -4095199.8613129416
-1547914.727395752 4630526.358188198 -4092899.539792747
-1546724.6209431093 4632881.607475736 -4090683.5563364513
-1544977.6433868322 4633840.764086302 -4090257.3090854487
-1546743.7426646047 4633477.328100349 -4090001.545783076
-1545182.5821440888 4635803.642678953 -4087955.0357560287
-1543572.3232864065 4635287.109668487 -4089148.9204632016
-1543986.134220153 4635450.1725341985 -4088807.835456269
-1544585.6299731706 4636980.082729374 -4086846.2099828855
-1541460.4992837328 4638395.704073523 -4086419.6825069534
-1541491.8133484845 4637408.114647174 -4087528.5892069484
-1541177.1086457549 4639166.201219946 -4085651.8546303986
-1538702.9433619096 4639837.154245554 -4085822.491760003
-1538104.8485786258 4639659.801270116 -4086249.0628028377
-1538167.265093515 4640390.381187668 -4085395.889601852
-1535273.7105032918 4641423.619728001 -4085310.565436669
-1534810.037890765 4641652.064280114 -4085225.2400270305
-1534388.5710383968 4643368.031473649 -4083433.119001128
-1531825.5354846506 4644589.4043131415 -4083006.3426572415
-1531104.1081740437 4645127.39661881 -4082664.8991943887
-1530134.885632299 4647096.827077035 -4080786.6045091837
-1526603.4317315216 4648932.756388524 -4080018.0378036737
-1524050.540925416 4649095.787049709 -4080786.6045091837
-1523135.7768619566 4649320.613699962 -4080871.9945947495
-1521438.8485276273 4649351.567332469 -4081469.6903853207
-1520774.9414217018 4649793.608109058 -4081213.5425057043
-1520701.0770801802 4649293.121891622 -4081811.2034853394
-1520066.6665955214 4650100.137850961 -4081128.157392714
-1519210.8074300906 4650229.950889946 -4081298.926375487
-1519623.948954356 4650394.702424052 -4080957.38343721
-1518974.2974204943 4651431.058821852 -4080018.0378036737
-1518354.1020014542 4652008.059883189 -4079591.0127998376
-1518523.6657474756 4652252.298664555 -4079249.370427753
-1518433.9255890609 4653629.382550228 -4077711.733740551
-1517185.429020255 4654485.673329704 -4077199.098736429
-1516955.6094741835 4655159.280619786 -4076515.515847363
-1516939.1188564526 4656212.120723909 -4075319.0545657612
-1516399.085234038 4656762.023704443 -4074891.687994353
-1516034.9756850575 4657852.755197789 -4073780.3896867065
-1514156.281176701 4658987.108014982 -4073181.911420522
-1513918.8877491886 4659363.2374443505 -4072839.896542505
-1513015.3182929587 4660179.8523196755 -4072241.3227416454
-1511801.6033725422 4660872.598901269 -4071899.2532786885
-1512383.7841065049 4661281.397535043 -4071215.054816613
-1511057.006734237 4662458.544018797 -4070359.69512591
-1511360.5968958721 4662285.461163933 -4070445.2366749714
-1511645.3541551894 4663163.887948913 -4069333.0998322335
-1511679.6509391768 4663824.659360028 -4068563.0362182823
-1511572.9297838316 4664605.627765412 -4067707.292242642
-1511660.4684565358 4664875.765829741 -4067364.9599562814
-1510820.6640515255 4665893.925950416 -4066509.0425147125
-1510071.842970408 4666360.115158506 -4066252.2431258303
-1510067.8013682282 4667181.844257169 -4065310.5499958023
-1509400.1558363386 4667621.51391309 -4065053.6985895904
-1508901.151523734 4668304.753458934 -4064454.335302965
-1508581.0018394087 4668706.40735075 -4064111.81475747
-1508093.0530968914 4669981.969705711 -4062827.186310596
-1507696.7435516864 4670705.986350281 -4062141.9372734
-1506860.0616430908 4672018.7576293135 -4060942.560906867
-1506071.7812069403 4672645.246490656 -4060514.153441708
-1506115.0153565393 4673896.885604137 -4059057.3367787655
-1504591.944685651 4674759.501659586 -4058628.793278645
-1504607.528902518 4675647.345874753 -4057600.1627790094
-1503681.7561260408 4676688.972888996 -4056742.834732339
-1502177.0868638519 4678733.805478149 -4054942.043627405
-1498962.822685559 4680507.630644447 -4054084.332581852
-1494839.0662715829 4681974.836984919 -4053912.7755525694
-1491641.6490829417 4685221.435071955 -4051338.827482023
-1488629.452754255 4685659.987803945 -4051939.514736826
-1488210.6078041107 4686609.140613505 -4050995.550471176
-1486589.2217103725 4688310.266894036 -4049622.2450039107
-1483689.2423347596 4689673.584098197 -4049107.1740312926
-1482764.1863485544 4689595.535764502 -4049536.4029256194
-1482104.579756662 4691212.077566493 -4047905.169091612
-1479675.4757903663 4692645.462673183 -4047132.3240039162
-1477752.1214922965 4693399.603256583 -4046960.567089326
-1476171.6106064618 4693526.708950316 -4047389.950129533
-1474253.2128414747 4694869.975874484 -4046531.1532297526
-1472429.2705431848 4695368.312202541 -4046617.03846706
-1472130.199165575 4696424.162407159 -4045500.4342433275
-1469652.219928403 4697422.126442747 -4045242.726767531
-1470270.6472472248 4697672.4519734485 -4044727.2785458593
-1470448.5000904654 4699391.616524977 -4042665.042161725
-1470977.2958295024 4701369.499682977 -4040172.2268493404
-1469266.1211992519 4703677.1165643465 -4038108.4245231734
-1469134.3165857496 4705563.661750146 -4035957.877015898
-1466660.767995658 4708326.723573013 -4033634.422665322
-1463767.5613036323 4710037.840872866 -4032687.5733214044
-1462722.2427041237 4711025.7984008 -4031912.76784366
-1461719.2850463483 4712442.088667311 -4030621.20431584
-1460406.2929990822 4713732.808237864 -4029587.754586151
-1460182.1868057249 4714464.806095075 -4028812.5512892976
-1458352.685517492 4715546.234828069 -4028209.546664962
-1457631.966004809 4715548.297800124 -4028467.98458115
-1457592.6438867012 4716296.291723758 -4027606.4819145496
-1457243.9806440866 4716919.009608737 -4027003.3570470624
-1456297.5028278835 4717358.422088549 -4026831.024615699
-1456111.5133414702 4717048.047294999 -4027261.8464938253
-1455495.9061742555 4718267.694401117 -4026055.4679587753
-1452943.2006412738 4719348.478291618 -4025710.7442235444
-1451583.6824552277 4719325.728789426 -4026227.822468057
-1450863.0027974653 4719620.8528709095 -4026141.6458266326
-1449771.3208310339 4719588.741034246 -4026572.516768899
-1448638.315997176 4719127.892094609 -4027520.324899622
-1448390.7473231321 4718321.404911446 -4028554.1280989656
-1448184.9534260542 4718531.667070629 -4028381.839836194
-1447360.628092296 4717313.421731342 -4030104.5015485156
-1447566.5601691788 4717397.381403428 -4029932.257471341
-1446866.055606045 4716582.146806146 -4031137.862882456
-1446578.0296364243 4716817.671547839 -4030965.64827179
-1445507.5033104557 4716557.137786212 -4031654.477242699
-1445671.7761473502 4715917.960520838 -4032343.2276144275
-1444560.6369832566 4716405.645262193 -4032171.0473909033
-1443119.7117439883 4715521.7617892455 -4033720.4925066377
-1442790.0192212285 4714444.462204795 -4035097.44284102
-1442398.750170096 4713753.9575606845 -4036043.9136719913
-1440547.1072880516 4712994.052632353 -4037592.36322045
-1440628.8625481324 4712084.687329389 -4038624.4415430822
-1439086.565319917 4712039.993807881 -4039226.405423537
-1438407.7059870353 4711288.909795557 -4040344.1783831376
-1437913.9358926294 4710554.774534476 -4041375.784194811
-1438303.9982062932 4709771.869359332 -4042149.372219599
-1437810.3720143947 4709332.43187276 -4042836.922290983
-1437971.9753841462 4706626.038238159 -4045929.922056039
-1442652.9046791105 4704897.920226991 -4046273.4901220724
-1440771.7752405512 4710787.703813599 -4040086.249236369
-1432836.8269053083 4710995.540684312 -4042665.042161725
-1435959.6333202752 4707683.314306417 -4045414.53298369
-1437009.5478038378 4710830.747378257 -4041375.784194811
-1431191.8583058454 4712085.417034146 -4041977.4723881367
-1434152.1135787761 4708824.689591293 -4044727.2785458593
-1436804.2238584405 4712220.480410045 -4039828.309013474
-1431149.183556389 4713719.986712946 -4040086.249236369
-1432323.1765486079 4710487.947779721 -4043438.46394918
-1436022.924239705 4712016.349851042 -4040344.1783831376
-1430902.0191030966 4714089.768702894 -4039742.3264779365
-1431460.2213084388 4710012.6021448355 -4044297.704478298
-1436598.3610384008 4710661.1760629 -4041719.6134065855
-1432197.8876185117 4713622.539448232 -4039828.309013474
-1430083.174680879 4710504.659134283 -4044211.7859687903
-1433864.602609591 4710240.268727862 -4043180.667771069
-1430204.3054882698 4712974.984497506 -4041289.823814118
-1427370.5755383829 4710737.258069029 -4044899.0995484074
-1430659.058047126 4709444.440819118 -4045242.726767531
-1429649.9982740206 4712332.277954113 -4042235.3202883783
-1426526.7029223884 4711804.158209171 -4043954.0230487473
-1428828.5508616872 4711696.633377221 -4043266.601062097
-1426213.4453302752 4714626.326756187 -4040774.035678884
-1421258.6744568313 4714869.923517968 -4042235.3202883783
-1421592.461651714 4713000.313019997 -4044297.704478298
-1420825.9889111826 4715221.375708818 -4041977.4723881367
-1415604.5847058373 4715465.527237463 -4043524.393545182
-1416270.211681219 4713201.751815432 -4045929.922056039
-1416059.941773421 4714591.855227529 -4044383.6217558417
-1411557.8210310864 4715131.15291714 -4045328.63049175
-1411300.6505969923 4712775.1618950395 -4048162.761926662
-1411213.5300580512 4713981.092276025 -4046788.8052436374
-1406443.9521586946 4714816.631784454 -4047475.8230389627
-1403990.9539988476 4712598.091881343 -4050909.7281333893
-1405591.1961186256 4712858.765964712 -4050051.436891065
-1399916.381734442 4714252.575534938 -4050394.768194054
-1397964.9394837052 4710995.180647363 -4054856.2780808453
-1396998.3589765169 4711355.7163215885 -4054770.5112991063
-1394693.8340227765 4709011.08187075 -4058285.9362244694
-1397756.18074973 4707881.340890189 -4058543.0808695294
-1394319.5508157548 4709860.536933444 -4057428.707056965
-1391753.120005695 4706925.403194055 -4061713.6164088296
-1395347.2153666818 4705787.259612475 -4061799.2830563853
-1394210.9621332816 4707380.724710428 -4060342.781797138
-1391617.5145462903 4705560.650235119 -4063341.0711096907
-1394252.732999173 4703300.834957023 -4065053.6985895904
-1394504.1622952975 4706258.965884857 -4061542.2794019384
-1391477.5522595851 4708411.112888551 -4060085.7150539653
-1392569.2922616005 4710895.211607128 -4056828.573098332
-1389873.6979263946 4712060.293259264 -4056399.868911081
-1389815.7143659915 4711560.665624473 -4057000.046122951
-1389084.6837154864 4713326.11987261 -4055199.332855742
-1385347.3892868555 4713688.170665643 -4056056.883319423
-1385234.759542453 4712392.871988829 -4057600.1627790094
-1381837.198557197 4713906.827933914 -4057000.046122951
-1375271.772763093 4714055.800240758 -4059057.3367787655
-1372901.3109756154 4711129.198760127 -4063255.4267374333
-1372090.0527695199 4712325.622082545 -4062141.9372734
-1366555.4981314258 4712309.22864764 -4064026.1815260313
-1369244.7983166252 4709903.073763112 -4065909.826599657
-1373689.4480020278 4712302.697006695 -4061627.9485240052
-1371334.5620494266 4714021.974201249 -4060428.468237862
-1374469.3365975355 4712222.963275068 -4061456.6090426543
-1378906.39463567 4715797.653290189 -4055799.6311523584
-1375249.168845885 4718266.1485868385 -4054170.1092440896
-1378568.6054065695 4714642.4293677425 -4057257.2463910673
-1384589.2455661912 4715976.1735867215 -4053655.4307470173
-1383094.0013314576 4717889.162792534 -4051939.514736826
-1387601.547986566 4714058.072206329 -4054856.2780808453
-1398616.1932408712 4715302.049367983 -4049622.2450039107
-1399523.4738062639 4720778.515270998 -4042922.860508348
-1398082.656076094 4721058.235688068 -4043094.7332484163
-1403029.7877452567 4722018.854888153 -4040258.2032316052
-1404113.7116327842 4725666.895064402 -4035613.718097556
-1402376.852724651 4726770.319513962 -4034925.341255274
-1405076.7634053184 4726188.849202464 -4034667.1796584064
-1406226.9654127343 4729151.198312 -4030793.4287495143
-1403335.3069092296 4730303.5924280165 -4030448.9749709745
-1405551.3068324348 4728691.4614956165 -4031568.377919452
-1407391.0062132431 4730345.95110946 -4028984.827279997
-1405059.1349782895 4730965.75751968 -4029070.9634344117
-1407424.867370932 4728648.029316487 -4030965.64827179
-1411782.01209747 4729697.706880988 -4028209.546664962
-1410061.7308163757 4731164.434019865 -4027089.521422713
-1411339.510336488 4728215.254529086 -4030104.5015485156
-1415978.5304932324 4727195.173113815 -4029673.882148738
-1417730.0976420515 4730339.409524431 -4025366.0008674874
-1419251.0329675137 4730910.047682913 -4024159.244631541
-1422912.3796805218 4732009.694629656 -4021572.5294569624
-1424471.3305979387 4733299.396665163 -4019502.3634566683
-1425637.585450091 4731189.371106294 -4021572.5294569624
-1432412.8079956623 4727675.407742904 -4023297.1287878994
-1439064.6466636707 4729396.2970533855 -4018898.4321752274
-1438662.528128546 4732523.203834531 -4015359.9160382287
-1436663.1707237635 4732178.295021936 -4016482.107268651
-1441249.229829953 4729757.4557632115 -4017690.3896600697
-1443865.3384350177 4730938.451210225 -4015359.9160382287
-1443268.4023255624 4730461.098436208 -4016136.839679436
-1448861.4559634246 4728384.459832681 -4016568.421107294
-1454491.8720565909 4729368.200393855 -4013373.9944371884
-1454057.0445985498 4731186.957698384 -4011387.4261105773
-1455275.4465921863 4730153.014792999 -4012164.8559338404
-1458948.485294121 4731512.034883586 -4009227.3795595304
-1456986.2432576302 4733068.305565441 -4008103.853670698
-1456718.8872227822 4731906.078320718 -4009573.0383121665
-1460166.348692668 4731941.778190386 -4008276.7172392104
-1459648.5582877488 4734662.851301544 -4005250.8998555406
-1456840.6411268075 4734064.496045597 -4006980.1214433014
-1460413.4316458479 4733622.174020666 -4006202.032135707
-1459418.4939757937 4737146.8181370525 -4002396.6173850666
-1456233.4593584843 4738857.604691273 -4001531.4211317296
-1457535.0439528306 4738968.880347197 -4000925.711226123
-1457527.4380046956 4742184.123160751 -3997117.0247449065
-1453595.0027530952 4743536.914060036 -3996943.846605933
-1453658.3709822027 4743152.664276587 -3997376.7828213647
-1454063.8690262819 4745362.624983529 -3994605.465149436
-1449442.6436313502 4747432.19457327 -3993825.8075124146
-1449015.106139522 4746031.85958105 -3995644.8553420138
-1451386.3361726787 4747567.154639439 -3992959.4056739453
-1447686.1996997462 4750881.7038141675 -3990359.470469133
-1445863.7052251603 4751145.465809532 -3990706.191719718
-1447535.0603736897 4755147.6752816 -3985329.8276620638
-1442611.7520151923 4759840.1666633515 -3981511.5120725012
-1439603.2809290618 4760387.9243949875 -3981945.529865101
-1439587.2890396551 4762134.831481263 -3979861.967961751
-1435010.8231763535 4765908.969797523 -3976995.930217963
-1430422.0522861388 4766635.947923285 -3977777.7077532876
-1430215.7587270427 4766552.880394724 -3977951.4227664457
-1428284.53962688 4768581.137637116 -3976214.054554198
-1425386.2065779483 4768289.1772199 -3977603.9878933276
-1425853.0262264116 4767424.924026387 -3978472.538722994
-1423638.4416141135 4768811.288261849 -3977603.9878933276
-1419187.2503314654 4768471.522373177 -3979601.473616755
-1418565.0410139384 4766989.517301288 -3981598.3180568027
-1417182.1320810246 4768125.716709279 -3980730.203639264
-1413381.8456360854 4768746.304071406 -3981337.896465413
-1411972.822142453 4767351.446296381 -3983507.7428099588
-1412459.3762440688 4768077.34739208 -3982466.3111879206
-1407908.5766961644 4767683.264300242 -3984548.999695795
-1409163.2745623048 4768255.162326764 -3983420.963514778
-1407927.0453018975 4770504.527044457 -3981164.276007184
-1404062.4404042738 4772440.023348898 -3980209.2767822607
-1403151.0876178455 4772418.40669585 -3980556.566203714
-1404106.5533843546 4773513.03683083 -3978906.7686927794
-1403271.12609038 4777448.070632534 -3974476.20185233
-1401134.7669782855 4779737.25979497 -3972477.0725697563
-1402059.3207098874 4783509.772253718 -3967606.9512949106
-1401083.15113768 4789779.042499966 -3960381.7653890657
-1400861.4329971096 4792435.431823815 -3957245.3648138843
-1402962.826455862 4795273.141841447 -3953061.067415609
-1401746.8834283976 4798574.4366628425 -3949484.7829311425
-1401945.1843894671 4802678.861452349 -3944422.195166988
-1402385.520911813 4810429.187317178 -3934809.637650073
-1402068.2470777032 4815596.286033697 -3928597.464805336
-1406562.673670258 4818497.110559924 -3923430.646839988
-1411521.2236867715 4822963.6750391 -3916155.0306818984
-1413215.23559673 4825315.196371712 -3912645.7740947492
-1420512.3779524972 4824310.85442431 -3911241.537410792
-1429439.6659592136 4825088.940131562 -3907026.9977570525
-1433266.540195386 4826868.759425362 -3903424.906929787
-1437640.253633402 4825852.227290791 -3903073.3763901237
-1443953.1669648148 4827023.163439378 -3899293.2220124193
-1447603.7249043155 4827563.366941881 -3897270.3773030574
-1452691.7300488497 4826460.92272841 -3896742.5753856646
-1458685.679269151 4825008.010169229 -3896302.7078113277
-1464445.425639152 4823689.36482345 -3895774.827555322
-1469669.1634492415 4821816.035340707 -3896126.752473233
-1475709.6923841282 4818405.809769955 -3898062.000042929
-1483572.1594826924 4814352.995874965 -3900084.5989180314
-1490135.1205121665 4811470.461317711 -3901139.618429893
-1495495.23962564 4807096.392325315 -3904479.3843930066
-1503002.5229948026 4802254.306537915 -3907553.9652331495
-1507760.842442229 4800405.023610306 -3907993.0720633105
-1510102.3886999192 4797022.140002615 -3911241.537410792
-1515408.7397909907 4792841.725212652 -3914312.908854592
-1519384.1559876385 4790866.171957867 -3915190.1753201596
-1521651.2709973464 4786415.992217761 -3919750.037810347
-1526352.8898830267 4780679.060399397 -3924919.8179076803
-1531022.0401802014 4776307.157712844 -3928422.386615714
-1532245.067712969 4772384.600508537 -3932710.423778777
-1533355.5483336914 4767265.929805725 -3938481.6004277403
-1535003.9745759955 4762977.889439785 -3943024.9077001316
-1535198.4724670218 4760166.369696408 -3946342.963168083
-1534905.8103928512 4756132.96377518 -3951316.7911613183
-1537333.9312687707 4752303.104075313 -3954979.214960031
-1538845.9651480499 4751596.028796924 -3955240.7353622434
-1537967.7368237597 4750864.388045982 -3956461.0205189274
-1539796.8755081778 4748311.298994525 -3958813.7604611022
-1544247.3283562728 4746502.472478912 -3959249.3565846663
-1546419.6616773857 4745577.124887454 -3959510.6997863413
-1551690.5732308784 4741237.630738708 -3962645.9712941335
-1558823.2121822122 4738678.92231524 -3962907.17332203
-1561413.7625316365 4739864.3893101765 -3960468.8653145684
-1562322.0354539945 4737890.65401972 -3962471.830573371
-1566795.7099439949 4735611.7288939925 -3963429.5447835
-1569566.6445488608 4736224.0902322065 -3961601.0545515222
-1570148.7709000336 4733553.456411024 -3964561.2005038294
-1576414.9743368204 4728405.567481345 -3968215.92382497
-1583999.8669103836 4727768.654882138 -3965953.727357624
-1584390.2083585283 4728659.72567807 -3964735.283270222
-1587025.365954703 4727483.986940223 -3965083.4343100674
-1591719.3545729343 4728606.307557839 -3961862.3000303973
-1591401.205617794 4731484.565304907 -3958552.3883156674
-1591153.3327212317 4730474.358787766 -3959859.140502549
-1595694.7087982176 4730038.306956266 -3958552.3883156674
-1597370.1514196256 4731732.5787995495 -3955850.9074636027
-1597837.7663931642 4731210.305218572 -3956286.7085287557
-1602765.3262396073 4730272.284276765 -3955415.0762729216
-1605655.6259398006 4732279.645212032 -3951840.1246001534
-1605927.533436957 4733352.535702533 -3950444.4724748996
-1608599.2211102706 4732809.337861334 -3950008.2680034973
-1611412.963186596 4734036.144386068 -3947390.409589668
-1612181.3111369726 4734938.810655647 -3945993.7758906265
-1614726.9924993983 4734289.56946819 -3945731.872811246
-1616560.587011765 4735337.06457899 -3943723.589876021
-1616341.1531582982 4735775.598911843 -3943286.922525177
-1617453.4795673636 4733358.768286731 -3945731.872811246
-1621563.2821511442 4731078.706820631 -3946779.420216898
-1622449.2069774196 4730702.142378207 -3946866.7080199947
-1621396.8006850355 4728440.345127803 -3950008.2680034973
-1623740.7541784418 4724791.784147159 -3953409.8648730475
-1623936.5439192618 4723483.89015151 -3954892.0390830804
-1621068.601062147 4721037.130386282 -3958988.002528484
-1622543.3027382272 4717021.384887027 -3963168.3644853905
-1625011.9082159714 4715366.642443813 -3964125.972454009
-1624613.985612458 4714479.09288283 -3965344.5349077918
-1624993.5181854803 4713176.797951942 -3966736.88780875
-1624627.329742081 4713449.491856212 -3966562.860610624
-1622642.5401941617 4712228.941698022 -3968824.8371244315
-1625575.7946332956 4712463.314348972 -3967345.9449381796
-1628796.083738895 4717791.8173307525 -3959684.922556823
-1628290.477903082 4723809.583673334 -3952712.2506914306
-1626115.240892387 4726601.019284365 -3950269.9942962755
-1628715.603295835 4728256.923975336 -3947215.8472092682
-1630933.7272661943 4730405.947053698 -3943723.589876021
-1632652.795246159 4729230.317551573 -3944422.195166988
-1639278.857034486 4722489.615729069 -3949746.530881547
-1645899.6571875797 4719748.117286801 -3950269.9942962755
-1648836.5580092014 4719161.085061788 -3949746.530881547
-1654848.5337754986 4715740.975302577 -3951316.7911613183
-1660180.1709427407 4718542.443158691 -3945731.872811246
-1655779.3744264345 4722350.076019394 -3943024.9077001316
-1657087.0931891499 4719483.599688123 -3945906.476066149
-1665245.3557017376 4721354.79482072 -3940229.4104198045
-1661909.6602626343 4727410.647171177 -3934372.358348702
-1661489.5829367475 4723844.000092025 -3938831.200824332
-1668110.9338897115 4723696.407037915 -3936208.7300313083
-1668258.8687285176 4727794.261071434 -3931223.0631049997
-1669456.790927922 4725406.083511573 -3933585.1801043367
-1675687.590188832 4724656.74163486 -3931835.5476560066
-1675536.7360444947 4725802.209423436 -3930523.008910383
-1676931.339144888 4721884.351507151 -3934634.729525172
-1684362.5865120506 4718509.3874138845 -3935509.222203079
-1686949.8948796089 4719772.622016983 -3932885.3846285176
-1684836.5722039605 4717756.623501187 -3936208.7300313083
-1688494.2532345506 4713966.792769157 -3939180.782023537
-1692025.6710984502 4714234.01838558 -3937345.2665774683
-1689880.1784616262 4713689.241069174 -3938918.5979239545
-1690822.7913940968 4709331.537995352 -3943723.589876021
-1695530.2976581135 4707711.871805143 -3943636.2588084
-1694698.6317188856 4707206.534782707 -3944596.834474864
-1696663.266479196 4702617.597219655 -3949223.0241530016
-1701434.3106169347 4700160.394947025 -3950095.5113043673
-1702241.9648232649 4698547.81902858 -3951665.6849354557
-1704237.591349825 4693566.069922312 -3956722.4794650646
-1710083.3187981856 4690263.0932579255 -3958116.7439567493
-1711599.822911762 4688827.295323672 -3959162.23977196
-1713194.6030461015 4684564.162657213 -3963516.602468246
-1719099.758836467 4680188.833747679 -3966127.7714707996
-1722502.0260533083 4678347.562958702 -3966823.89959532
-1724189.551127207 4674625.265937344 -3970477.3031518483
-1731908.3315216193 4671179.717223017 -3971172.947708309
-1733494.7093883676 4672956.093699257 -3968389.9050977235
-1730928.0717424497 4670286.23925707 -3972650.93531511
-1735363.6421916725 4665753.704713466 -3976040.291082551
-1737302.4125919852 4664735.928901882 -3976387.8131809495
-1733620.489816694 4661067.009974854 -3982292.7222658796
-1735269.224234275 4657039.969396167 -3986284.039412134
-1734578.8175230606 4656925.930190438 -3986717.723456254
-1733111.834478239 4653980.7311573 -3990792.8689933326
-1736222.4355774918 4651408.32905971 -3992439.5061855754
-1737058.798213685 4651914.1544280965 -3991486.2434160984
-1736880.1281985026 4651683.405735177 -3991832.901447296
-1741036.5322053882 4650426.901064705 -3991486.2434160984
-1742417.972727839 4651397.027614336 -3989752.6614836063
-1744504.0729874296 4650540.665722936 -3989839.352127794
-1749325.9041661378 4649324.222253638 -3989145.7929460197
-1753123.0418134138 4650794.4801574 -3985763.578487859
-1755643.3702001364 4651330.467690208 -3984028.393097758
-1763031.7476616912 4649278.604813007 -3983160.6183488243
-1768097.215203308 4647949.582110761 -3982466.3111879206
-1767580.9884215987 4645616.550168172 -3985416.58025533
-1769292.6043180123 4643773.778401059 -3986804.4566219123
-1769799.146820238 4645590.6705242945 -3984462.2349637095
-1769735.9995954877 4645912.381064853 -3984115.163898262
-1773559.7288772452 4644007.399070324 -3984635.7632141183
-1777405.4601314324 4643132.562192509 -3983941.621083648
-1775585.8904725977 4643233.09559941 -3984635.7632141183
-1777967.6891648648 4641204.322989789 -3985937.0703194314
-1782316.507139579 4640430.192027035 -3984896.0464862455
-1782023.6644589286 4640393.651465408 -3985069.5625983644
-1782527.4763484385 4638560.538248751 -3986977.919309853
-1785368.7846499647 4639182.184982857 -3984982.8051492525
-1785238.6219775267 4640051.920570576 -3984028.393097758
-1786707.0647551122 4638070.61886405 -3985676.8307508607
-1792008.558062457 4637590.632973708 -3983854.84785596
-1794416.125718519 4638522.970775245 -3981685.1228282396
-1799161.016277493 4636833.695178369 -3981511.5120725012
-1807548.1131188888 4635882.097530751 -3978819.925122805
-1812001.7377953131 4637496.689624592 -3974910.7104371195
-1825707.5907419273 4634354.3283590935 -3972303.204984061
-1831768.334654493 4636208.787505118 -3967345.9449381796
-1836161.5608556059 4635959.852318084 -3965605.624634299
-1844613.2975360565 4634837.586167139 -3962994.2382503566
-1850905.1301481868 4636273.691873895 -3958378.1341894465
-1854237.8663693597 4637098.934985256 -3955850.9074636027
-1859805.7410289585 4635761.222186255 -3954804.862001401
-1865340.1026428838 4636437.598045309 -3951404.0164103787
-1867425.2510543843 4635077.65346196 -3952014.5594496536
-1874283.2408037551 4631564.57095007 -3952886.6614617556
-1878984.7316734074 4630626.993511831 -3951752.90536969
-1883674.0972480038 4628498.00877724 -3952014.5594496536
-1891459.1041556927 4627258.994166603 -3949746.530881547
-1899477.5603818712 4626803.888688294 -3946430.256982202
-1904536.3933542357 4627627.545907904 -3943024.9077001316
-1907038.1055356606 4629573.12638561 -3939530.344023654
-1908714.9092399562 4630889.484341357 -3937170.427992894
-1909937.6279910363 4632020.206740226 -3935246.8869861546
-1910981.7524530145 4632258.163499091 -3934459.816606039
-1911573.8705228274 4632088.134243135 -3934372.358348702
-1912421.6194289916 4630474.985804061 -3935858.985708643
-1913102.7520495183 4629375.913587017 -3936820.7364319917
-1912280.9316952901 4628302.639344877 -3938481.6004277403
-1912858.176640454 4626724.969459626 -3940054.651021809
-1912982.0586107676 4624738.3905557925 -3942326.148652942
-1912866.26708571 4622402.635079253 -3945120.7235594136
-1913882.4991978486 4618924.901140657 -3948699.4741163794
-1916118.4240788375 4617027.649117831 -3949833.7777920607
-1914888.5725912082 4616567.510667735 -3950967.8781289416
-1912997.0494010106 4614738.067951948 -3954020.2140578576
-1913790.7979406363 4611419.063499199 -3957506.7912151334
-1913799.800359561 4609395.503916117 -3959859.140502549
-1913303.6615861394 4606157.376636423 -3963864.8211334036
-1916579.5942110345 4601796.367967236 -3967345.9449381796
-1920221.1408878237 4599227.379491299 -3968563.8815351147
-1924822.423948093 4597378.685586264 -3968476.8939208523
-1931000.2590544773 4595688.7188481 -3967432.948265648
-1935199.8035460184 4595349.199206677 -3965779.6784120523
-1938275.0745945054 4594578.749632594 -3965170.4690505113
-1941217.9010109587 4594387.838555839 -3963951.872781103
-1943572.0948768193 4594143.566104582 -3963081.3019714854
-1945628.8944857554 4592972.3979662005 -3963429.5447835
-1946958.2868228338 4590755.618506479 -3965344.5349077918
-1948921.912756275 4587364.859291123 -3968302.915065754
-1952191.4674292314 4583941.355570889 -3970651.221548353
-1954661.6357968254 4581532.145346959 -3972216.2693761494
-1957472.4989510535 4578597.352585995 -3974215.4821729073
-1961120.48257013 4576960.55981853 -3974302.389943365
-1962581.3100907966 4575956.9592069 -3974736.9106354993
-1964401.9449905697 4573589.848540561 -3976561.566962593
-1968015.8013064142 4571658.143041541 -3976995.930217963
-1969994.281859427 4569445.123035656 -3978559.3871408803
-1974833.9365918979 4565539.416119295 -3980643.3855277756
-1980496.619746747 4563540.227834895 -3980122.451395729
-1985145.5867082432 4560080.078881385 -3981771.926386785
-1995280.4291992162 4555958.113093526 -3981424.7048753626
-2002751.3938725493 4556775.623357366 -3976735.315898916
-2001599.6343163105 4555234.2046103375 -3979080.452196568
-2010466.666097291 4549732.896692439 -3980903.836224417
-2021208.894317096 4550820.465233783 -3974215.4821729073
-2025417.3810028979 4553652.912218452 -3968824.8371244315
-2039815.100548554 4548132.550007772 -3967780.9494897653
-2047083.6411836722 4546687.95441942 -3965692.652127186
-2056807.276712988 4544955.635938252 -3962645.9712941335
-2067865.1059009125 4544871.076367357 -3956983.927563622
-2073059.570992238 4546600.68982627 -3952276.202694944
-2078022.1221894685 4544031.285674269 -3952625.0435001566
-2086813.4907756494 4542277.527564862 -3950008.2680034973
-2090553.0727753455 4542681.991946865 -3947564.9671602906
-2092822.5982745893 4539891.554292067 -3949572.033451061
-2100074.753037249 4537073.069913628 -3948961.2545478414
-2103137.781226588 4537249.009116828 -3947128.564215469
-2104342.025947313 4534867.489059826 -3949223.0241530016
-2108258.0475868816 4531907.789769391 -3950531.7097591646
-2110688.8894510367 4530928.286326376 -3950357.2339872615
-2111612.364926173 4528367.330017735 -3952799.456678639
-2115253.821643225 4525448.86444689 -3954194.5886994596
-2116549.677595283 4524309.556801057 -3954804.862001401
-2117363.313693917 4520497.4290925935 -3958726.637618512
-2120940.605215329 4515612.801772206 -3962384.7584024183
-2125048.2209625617 4513298.999253425 -3962820.1071865335
-2124792.043856969 4513572.495989014 -3962645.9712941335
-2125246.3017969425 4511676.367400265 -3964561.2005038294
-2126072.625159671 4512204.819653606 -3963516.602468246
-2124526.902444285 4513009.271464855 -3963429.5447835
-2122796.401547623 4511376.360220484 -3966214.791715174
-2123643.291276618 4508681.579313408 -3968824.8371244315
-2125275.357604159 4506840.169537131 -3970042.4859952107
-2127347.2436551764 4504099.679288464 -3972042.3945303364
-2132158.79932343 4501056.7999879075 -3972911.7203570334
-2139212.7457839204 4499090.358180857 -3971346.84675107
-2143855.515369866 4497110.243104272 -3971085.9963723836
-2149164.768937301 4493499.643221532 -3972303.204984061
-2156440.224287452 4491781.120055969 -3970303.379917437
-2161742.3334678165 4491768.792436813 -3967432.948265648
-2164623.159218777 4491534.045172294 -3966127.7714707996
-2169192.7484639343 4489790.178825764 -3965605.624634299
-2174394.320630222 4489349.258894985 -3963255.4257920464
-2176100.3719246816 4489675.409875455 -3961949.37944302
-2179594.459807897 4486903.777162702 -3963168.3644853905
-2185119.903121848 4485523.281569503 -3961688.1375846225
-2186897.620175806 4485195.276688427 -3961078.5310116266
-2189973.605509286 4481770.078562997 -3963255.4257920464
-2195503.362228225 4478216.287173726 -3964213.020479163
-2199492.3005006537 4475872.980028851 -3964648.2424908765
-2201763.7342257183 4472210.069076458 -3967519.9503845675
-2206917.8932911255 4466732.828217511 -3970825.135106739
-2211603.8056640252 4462480.404819542 -3972998.64628394
-2214204.621542573 4456774.772416699 -3977951.4227664457
-2220615.3305117628 4449780.277378226 -3982205.925985233
-2226852.956781536 4443628.990896151 -3985590.0817997553
-2231412.8066977025 4437056.364589341 -3990359.470469133
-2236855.396900683 4430334.298823871 -3994778.709017695
-2241328.935359345 4424788.972289432 -3998415.705529726
-2246763.5738765956 4420387.675640127 -4000233.3982094275
-2247978.4045881713 4416478.4351256415 -4003867.1711952914
-2250139.273686793 4411767.935734275 -4007844.5491609587
-2253911.108823791 4407563.157135036 -4010350.6990519594
-2257923.3953636796 4405351.768444337 -4010523.4991125176
-2260785.9215015327 4405063.431567211 -4009227.3795595304
-2263566.383319676 4402533.6452673 -4010437.0996930622
-2267225.6080863248 4398129.667040536 -4013201.2750341212
-2269781.242096774 4395549.829733715 -4014582.893321987
-2270092.4731628955 4392390.945984525 -4017862.981850219
-2272352.17156456 4389247.776149195 -4020019.971089095
-2272392.312179533 4388199.722032377 -4021141.3030509544
-2271330.478506025 4385586.861983156 -4024590.2565864166
-2274341.787469584 4383155.395966245 -4025538.3749980135
-2274962.5982267936 4383228.986694834 -4025107.4304752876
-2273014.9529955415 4382656.263346598 -4026831.024615699
-2273817.7981490972 4381210.286589288 -4027951.097705209
-2274700.3199053085 4381227.395132526 -4027434.1666578413
-2274496.8991966923 4380461.688911636 -4028381.839836194
-2274869.7174820225 4377256.097672623 -4031654.477242699
-2277463.2182241203 4377017.631880371 -4030448.9749709745
-2276817.582091019 4377829.222122895 -4029932.257471341
-2276897.895503026 4376677.336049502 -4031137.862882456
-2278477.333411394 4376727.726683928 -4030190.6217456562
-2277688.4948802376 4378010.403959646 -4029243.2320612385
-2276277.2287727813 4376603.636603436 -4031568.377919452
-2276552.090246443 4375826.088009048 -4032257.138116813
-2275331.904500541 4375905.397913918 -4032859.7388044354
-2274529.629652048 4374735.548929365 -4034581.1233346886
-2274675.6172064464 4373151.309144694 -4036215.983295804
-2272663.0572921415 4372450.569167651 -4038108.4245231734
-2267322.100118995 4370933.079451253 -4042750.9828421003
-2264827.704710667 4367056.717179107 -4048334.484317701
-2262057.8253982384 4364511.242025043 -4052625.940398597
-2256472.4068492204 4361743.899919349 -4058714.504451432
-2253703.384010162 4357509.465122258 -4064796.836038803
-2253790.096042446 4356186.411507403 -4066166.6408521985
-2249510.241828451 4357040.083344346 -4067621.7110296288
-2244949.483546606 4354916.815238141 -4072412.3500303742
-2242984.31696997 4352969.908790592 -4075575.459611856
-2237481.4326201496 4353481.109486204 -4078053.465567472
-2233174.3598179356 4350889.380396024 -4083177.056926243
-2232208.2821317567 4348259.898840883 -4086504.9904918335
-2229659.06970292 4346841.43483681 -4089404.721139419
-2227420.331908042 4342290.266732364 -4095455.3964661905
-2229477.7541139033 4337535.883962928 -4099372.195744755
-2229068.8303342117 4335251.405586611 -4102010.2876506518
-2227954.894733659 4330668.412123134 -4107452.8714607568
-2229905.992220954 4325548.98303704 -4111786.261614812
-2232201.4596513896 4321294.494916596 -4115012.944297226
-2238571.357632402 4317350.867353861 -4115692.015317313
-2246983.621514634 4316783.27263437 -4111701.324482248
-2251431.861123985 4317782.056303232 -4108217.823945272
-2256370.869064759 4315122.188627883 -4108302.8124089455
-2264404.864513109 4313421.526409351 -4105667.588234316
-2268824.453861409 4314335.890390441 -4102265.5231529553
-2272722.679571619 4311878.949764623 -4102690.8906640196
-2279158.0462883287 4307670.657743892 -4103541.5319515755
-2285829.64563156 4308267.304017247 -4099201.955050258
-2288654.3531703264 4307415.50550014 -4098520.942326816
-2294350.5379786873 4302356.991898528 -4100648.8417247776
-2299792.7618956226 4298638.596477894 -4101499.78290906
-2303966.572206084 4296159.286919919 -4101755.040902453
-2307784.4484054055 4293378.093853325 -4102520.747408666
-2311367.4308728105 4290880.891820866 -4103116.226931307
-2314478.181174014 4289122.394970809 -4103201.2904352252
-2316002.2977726217 4287648.41262274 -4103881.7534677624
-2318667.3988785394 4285067.481403811 -4105072.3712491877
-2320530.3653682703 4284221.86018515 -4104902.29799876
-2320608.155417532 4282223.632864234 -4106942.846832506
-2323653.691940559 4279103.39791691 -4108472.7855818835
-2327238.5510079763 4279113.409728026 -4106432.7771665864
-2328564.280443423 4278881.685869547 -4105922.6624685936
-2332385.667715282 4275411.941971542 -4107367.870483902
-2338989.477049371 4273845.310630603 -4105242.43949771
-2342718.431417523 4274987.830408377 -4101925.206650762
-2346758.282317009 4273506.518588771 -4101159.421426555
-2352645.8976917905 4272555.542613506 -4098776.3314624266
-2355902.768466609 4274761.3686118815 -4094603.568961816
-2357183.162942354 4274789.89512913 -4093836.8175640516
-2358907.3399416 4277916.718080211 -4089575.2486950867
-2354886.4338184386 4283876.726351152 -4085651.8546303986
-2349242.567103776 4286893.059943703 -4085737.1738174944
-2345412.922836746 4289314.589373772 -4085395.889601852
-2340566.9538161745 4293260.040068554 -4084030.553638676
-2334434.452188909 4295380.585275883 -4085310.565436669
-2332117.6934717335 4295584.039710532 -4086419.6825069534
-2329484.98125366 4298066.810328238 -4085310.565436669
-2325837.137476089 4299393.306187255 -4085993.123911157
-2324345.5538698034 4299145.854252482 -4087102.111529558
-2322808.424172316 4300787.209492822 -4086249.0628028377
-2319004.6133694854 4301461.854530513 -4087699.17156216
-2318826.108268579 4299693.406234422 -4089660.5106043
-2318738.9936797232 4299172.667463149 -4090257.3090854487
-2318087.774109983 4298144.788454768 -4091706.4226311427
-2319589.737149145 4296441.59989673 -4092643.8923987984
-2320687.5804767148 4295605.139091051 -4092899.539792747
-2320571.5856853207 4295748.993459453 -4092814.3252414977
-2319441.3377301903 4295628.67892253 -4093581.2113168905
-2319769.441454172 4294801.8392218035 -4094262.8030345603
-2319183.8592289346 4294793.2243749695 -4094603.568961816
-2317435.5140815834 4293706.225744763 -4096732.903799574
-2316811.649865172 4291116.751850046 -4099797.7756275884
-2315913.851780506 4289812.070698915 -4101669.9561540866
-2313865.759408876 4287092.243276018 -4105667.588234316
-2313509.963308106 4284107.14451699 -4108982.6750635747
-2311582.591515987 4281967.97022137 -4112295.8581063347
-2308227.352951565 4279861.823380118 -4116371.0060998653
-2306244.08079261 4277256.505693977 -4120188.8335739663
-2303541.6622036495 4275280.577483541 -4123749.8462302536
-2300280.3917970373 4272620.217847352 -4128325.0348241865
-2300456.466220786 4268840.860241266 -4132134.8909440977
-2299747.8848312204 4268239.479429283 -4133150.4221907496
-2297877.8042373504 4267443.772717504 -4135011.7585670697
-2299184.1116578924 4266658.129564466 -4135096.3502827073
-2299556.2337375088 4269489.695339563 -4131965.6181130353
-2299901.5140955765 4271023.475422984 -4130187.9494578275
-2302818.692231108 4272152.994841683 -4127393.3492431086
-2305332.2854025634 4274315.297167085 -4123749.8462302536
-2307237.2282212386 4275168.041686539 -4121800.0422208826
-2309577.5988225983 4276111.229793051 -4119510.2943741507
-2311159.123046231 4277789.37717105 -4116880.1965229334
-2310892.3404845097 4279974.527243436 -4114758.271981157
-2310838.81289476 4280411.477902858 -4114333.7930528447
-2312362.3768736986 4280731.099318448 -4113145.085375289
-2312215.9223798937 4282604.7076361105 -4111276.6200325084
-2312092.6519022062 4282018.838879768 -4111956.1321223495
-2314743.9147158638 4281565.129333403 -4110936.833929964
-2315302.8130529583 4282241.611067112 -4109917.3554117116
-2315627.6817168957 4281413.494954732 -4110597.0277912123
-2317153.9633417325 4279771.739474961 -4111446.505569685
-2318150.2010098165 4278579.253123545 -4112125.997619592
-2318427.240757236 4276061.006960842 -4114588.484169932
-2321046.928419174 4273413.628695254 -4115861.7705357373
-2323467.6112873363 4272179.7506414335 -4115776.8935533934
-2325030.9991161213 4273454.875282683 -4113569.6520262966
-2326501.7079569655 4275269.300107009 -4110851.884273606
-2329833.747681145 4278190.598605074 -4105922.6624685936
-2331548.7441600454 4278317.042919318 -4104817.259497895
-2337123.435477007 4275927.419896507 -4104136.906478798
-2343871.9618106172 4274437.134932403 -4101840.124401354
-2346993.740199626 4274112.099782777 -4100393.535010296
-2355633.568720727 4270745.647560402 -4098946.584643417
-2359239.567189659 4275695.056433025 -4091706.4226311427
-2359825.9803884416 4276757.824305322 -4090257.3090854487
-2365745.9311688384 4274954.386608852 -4088722.561090666
-2370340.613408912 4278849.111066593 -4081981.952575108
-2368180.1470908485 4281998.771885938 -4079932.6352884914
-2370692.0637170956 4281422.472610037 -4079078.5417859443
-2374968.8822905496 4283851.94155727 -4074036.861758567
-2374309.21182615 4287954.969781593 -4070103.0630394146
-2374942.319532282 4287685.552139555 -4070017.5165308993
-2379992.586326632 4287970.611703586 -4066765.830755029
-2380653.1415486163 4291984.913892338 -4062141.9372734
-2378986.3432659395 4293395.321458628 -4061627.9485240052
-2382571.380207007 4293676.351302217 -4059228.74552378
-2382960.8182487967 4297913.612555043 -4054513.20354307
-2380349.7018691795 4299926.453443473 -4053912.7755525694
-2381181.6613406115 4299304.0273990305 -4054084.332581852
-2382115.038490605 4301697.80359565 -4050995.550471176
-2378312.5442471555 4304043.616309207 -4050738.0797559093
-2377211.3295726087 4302228.120193323 -4053312.287052338
-2377526.628771994 4303508.457828626 -4051767.895977947
-2371850.263224519 4306720.284971022 -4051682.084747136
-2368968.1650785436 4306288.137822303 -4053826.995185576
-2369075.6518641873 4308085.781542056 -4051853.7059745197
-2363174.624148687 4311244.932115782 -4051939.514736826
-2361644.2263113894 4308452.959041618 -4055799.6311523584
-2364786.532774782 4307940.150083557 -4054513.20354307
-2362125.7195543298 4310045.21764269 -4053826.995185576
-2361223.1459546364 4307149.700458312 -4057428.707056965
-2366325.9048231575 4305398.754659907 -4056314.1243665763
-2365907.2236729474 4307486.241669857 -4054341.658863626
-2363697.3217950063 4305065.26715916 -4058200.218870299
-2368156.281208851 4301967.211768337 -4058885.923087914
-2368989.596593507 4303125.445018007 -4057171.514204238
-2368865.5662718923 4300767.858551441 -4059742.942081703
-2372836.3242517067 4298740.23680845 -4059571.548175457
-2374503.105633316 4299276.499406583 -4058028.780453388
-2375333.1768047055 4297765.822566998 -4059143.0417695157
-2377567.9623172027 4295963.085127783 -4059742.942081703
-2379017.574524596 4294512.432678085 -4060428.468237862
-2381080.3940040222 4291342.482992182 -4062570.227202989
-2386706.6018098146 4288946.162058936 -4061799.2830563853
-2389371.8119783425 4288273.412591425 -4060942.560906867
-2392709.780679169 4285112.8232274875 -4062313.2569576153
-2396444.14992042 4284243.933401028 -4061028.2386889025
-2399033.346950583 4283606.910136995 -4060171.405205164
-2404173.891360425 4288921.997902765 -4051510.4585829
-2405076.9341138187 4293519.174876178 -4046101.7085540816
-2406470.1746060685 4294599.8971781265 -4044125.866227344
-2410103.9150844296 4296687.334931102 -4039742.3264779365
-2408118.2196097095 4300708.73396503 -4036646.135838597
-2406206.9221145995 4299759.596235184 -4038796.4373747823
-2409096.4636596674 4299110.8349449225 -4037764.3885746547
-2406892.0106495777 4302040.895205967 -4035957.877015898
-2403820.76078834 4299720.967832994 -4040258.2032316052
-2407423.932852909 4296653.672155904 -4041375.784194811
-2408157.8433148796 4298667.251501306 -4038796.4373747823
-2407213.1454416118 4298388.361374672 -4039656.342711824
-2412478.2334022163 4297052.400211137 -4037936.409008966
-2415009.584509262 4300154.541845124 -4033117.977815322
-2415676.6646096595 4300990.692544928 -4031826.672204829
-2419693.0856701615 4299701.23449406 -4030793.4287495143
-2423914.8878168333 4299825.520318412 -4028123.398238739
-2428245.7110243808 4301012.942235498 -4024245.449474279
-2433467.869060841 4300964.74655933 -4021141.3030509544
-2438292.9098380664 4300731.510739259 -4018467.015961164
-2440815.5716866874 4300106.708807658 -4017604.0917291935
-2444133.3566173855 4296688.780472041 -4019243.5431105597
-2449297.0787177854 4295119.942291441 -4017776.686367087
-2451611.8877497944 4295171.515256606 -4016309.475920919
-2454291.4012812534 4293075.742605507 -4016913.6642264393
-2458355.700060074 4291315.234937883 -4016309.475920919
-2467516.6333281435 4285083.462881764 -4017345.1905936794
-2471836.570858118 4281864.275928829 -4018121.860956045
-2475607.5335498215 4277010.429936055 -4020968.8039139984
-2482421.6657083235 4272084.936866547 -4022003.7252369444
-2486721.1884236378 4269014.974897561 -4022607.3478709436
-2490584.768756306 4265542.437707503 -4023900.6227484583
-2495711.497104008 4261161.072088564 -4025366.0008674874
-2501155.105736902 4259027.201067373 -4024245.449474279
-2505048.946576189 4257145.563046955 -4023814.413002562
-2509636.6678746557 4255420.951248838 -4022779.800452846
-2515124.5497041414 4254707.43540188 -4020106.234741999
-2519573.3644042993 4254601.657840184 -4017431.492195973
-2522933.7349380944 4253669.540848131 -4016309.475920919
-2525124.8136732657 4252287.6802631 -4016395.792206517
-2527798.631419203 4250535.636547335 -4016568.421107294
-2529934.9247317775 4250243.336723928 -4015532.5742989895
-2530648.1638406743 4249247.669390371 -4016136.839679436
-2532143.0423886706 4247540.916607932 -4016999.971947236
-2532729.4917197265 4244986.470843995 -4019329.8177836295
-2534196.174044366 4242394.768566048 -4021141.3030509544
-2535526.8224880737 4241763.148785415 -4020968.8039139984
-2539880.271391654 4240302.975116405 -4019761.1727830833
-2542512.2386623938 4241505.689505791 -4016827.355282019
-2542028.0935541224 4242041.052388019 -4016568.421107294
-2544546.7914515515 4240367.20138835 -4016741.045114005
-2546674.5002787076 4240724.923071435 -4015014.5848391335
-2546678.2064361623 4240395.719450787 -4015359.9160382287
-2549495.15423389 4238211.927505754 -4015877.8761418876
-2552918.598614494 4237705.130983173 -4014237.5180956973
-2555684.5796810654 4236773.92949599 -4013460.3523049196
-2560506.7763301525 4236070.835509661 -4011128.260840316
-2563394.76187324 4237840.788346135 -4007412.3505612253
-2566007.2747877175 4237649.250959338 -4005942.647065766
-2569380.5980293974 4238710.66097004 -4002656.1524878726
-2570175.482297773 4240188.927225399 -4000579.564466945
-2573676.954963021 4239452.95414003 -3999108.2232324807
-2573670.6853250605 4240109.910046159 -3998415.705529726
-2573384.0882829553 4239304.119046759 -3999454.452847949
-2574457.60965275 4238570.601957418 -3999541.007206124
-2574678.0407944764 4238600.052909579 -3999367.897271471
-2574863.7277707956 4238405.580286648 -3999454.452847949
-2576267.65591123 4237715.743749268 -3999281.3404767164
-2578644.6565520503 4239291.720243966 -3996077.882862959
-2577247.311215749 4242996.644916844 -3993046.0513316905
-2573503.2587125017 4248689.52126789 -3989405.886753636
-2569378.8971827026 4251754.431576933 -3988798.984190368
-2570760.1964630154 4253033.96733597 -3986544.253481692
-2569929.978852848 4257029.2142924955 -3982813.4744742466
-2566703.6299774353 4258569.433040097 -3983247.4012841834
-2567523.685987357 4257912.698649996 -3983420.963514778
-2566605.9815447954 4260089.003547547 -3981685.1228282396
-2563922.476643243 4259838.7119280845 -3983681.297759957
-2565609.15370409 4257930.072810594 -3984635.7632141183
-2566667.742645411 4258509.890250112 -3983334.1830061777
-2565211.786571158 4257438.686800118 -3985416.58025533
-2567457.3959316425 4254947.341273855 -3986630.989076172
-2569821.92487666 4254332.494154973 -3985763.578487859
-2573182.961109622 4253519.853815557 -3984462.2349637095
-2575911.8414877364 4253168.467882924 -3983073.8342001233
-2577830.8458667835 4252818.488149459 -3982205.925985233
-2578224.8916115086 4253636.048633326 -3981077.4639589586
-2580218.5380155207 4255919.734015682 -3977343.3990160986
-2583129.4576810664 4258373.676327326 -3972824.793219908
-2585375.3060670514 4260901.995490386 -3968650.867940483
-2588197.23816909 4261861.987280664 -3965779.6784120523
-2590791.090188226 4263281.538773733 -3962558.9015372843
-2591652.8559160763 4264699.619116916 -3960468.8653145684
-2592406.5279120356 4265939.825600115 -3958639.513570025
-2593860.5141210374 4267157.657343853 -3956373.8651264324
-2595135.021550442 4268079.465316984 -3954543.3235282525
-2597300.7041447014 4268619.766893526 -3952537.8351048455
-2599049.694045942 4269815.820319747 -3950095.5113043673
-2599635.724939205 4272121.504962123 -3947215.8472092682
-2600247.397013447 4272958.759040862 -3945906.476066149
-2603914.0119474623 4274111.144440209 -3942238.798367708
-2604326.54683701 4277644.297853778 -3938131.9808354666
-2605132.164737433 4279808.330137723 -3935246.8869861546
-2605729.162653794 4281293.807839271 -3933235.291951483
-2606796.0968053755 4283215.137672207 -3930435.4967479
-2606205.7924007364 4284939.097640814 -3928947.6068237387
-2605782.039294982 4285758.544708677 -3928334.8457258902
-2604962.7735679434 4286096.091692052 -3928509.9263088712
-2603961.846385164 4286303.116370142 -3928947.6068237387
-2603295.764360545 4286386.766811002 -3929297.7296929252
-2601396.9987079953 4287138.286104111 -3929735.3563482272
-2599780.2236741954 4286835.312138106 -3931135.5605217097
-2598287.3930042563 4287579.8381929165 -3931310.5644907714
-2597510.937397445 4287649.143090688 -3931748.0534559097
-2596923.43871613 4287523.609438003 -3932273.000690378
-2596603.40409334 4286995.231904576 -3933060.3406861587
-2597326.9722449547 4285994.994000987 -3933672.6491470193
-2597719.0196673027 4284954.450884522 -3934547.273664872
-2599459.8837497756 4282934.53185763 -3935596.664877774
-2602703.971006535 4283053.240323871 -3933322.765786961
-2603366.4017582987 4283132.617393018 -3932797.9048026465
-2605333.2020320026 4280811.461739974 -3934022.5133348354
-2610681.0106612104 4277149.940332386 -3934459.816606039
-2617155.7799102245 4276169.062583219 -3931223.0631049997
-2620702.043578872 4277937.696193988 -3926934.028763914
-2621514.1822566646 4277922.341147589 -3926408.6434472795
-2624317.9226742247 4275961.718334971 -3926671.3414881933
-2627998.4608230744 4274424.648010718 -3925883.215072756
-2630562.1727494155 4273410.560586029 -3925270.1608897788
-2632992.4067205484 4271511.230524345 -3925708.0627138247
-2637012.038122438 4269353.006626988 -3925357.743646106
-2638515.7580274213 4269953.767073937 -3923693.466836074
-2638422.7365754354 4268803.501018827 -3925007.4054466705
-2641512.8102035653 4266972.638361534 -3924919.8179076803
-2643057.9124480397 4267304.814104274 -3923518.254700531
-2642579.7141219582 4267198.214046505 -3923956.276075132
-2643633.816239747 4265739.469128166 -3924832.2291730917
-2644477.461548244 4266102.973800345 -3923868.6741907164
-2645016.2668263726 4267138.490187408 -3922379.259299769
-2645742.2251470657 4267976.96022598 -3920977.1416133055
-2647835.5349268164 4268691.421932998 -3918785.7206403185
-2647654.6048020353 4270895.45759318 -3916505.8513910742
-2647634.2803732296 4272194.575597224 -3915102.4540400202
-2647831.9199380404 4273679.4793227045 -3913347.7780250055
-2647506.584041098 4275487.460172591 -3911592.625180435
-2646981.453622309 4275973.173639757 -3911417.0836785845
-2647069.7946657003 4275115.477032404 -3912294.743524124
-2647129.9358564774 4273712.601447003 -3913786.4917398826
-2647667.6958729136 4272415.026675909 -3914839.283044058
-2646317.835057079 4271402.214216894 -3916856.653011676
-2645314.3441368393 4269449.596684286 -3919662.378582659
-2644713.637644632 4267648.203866589 -3922028.7585496833
-2643636.0935248593 4265576.874492057 -3925007.4054466705
-2642697.544785482 4264062.501236193 -3927284.261717776
-2641016.617776461 4262845.558273868 -3929735.3563482272
-2640874.2662406797 4262449.6192977 -3930260.468831124
-2640665.3060054667 4264273.12610198 -3928422.386615714
-2639253.3546323543 4264985.895590624 -3928597.464805336
-2639375.1529187094 4264184.717028772 -3929385.2574179573
-2638301.586144966 4264445.789009347 -3929822.8780881967
-2636914.440901549 4263367.733811438 -3931923.0406583995
-2637245.966824155 4263404.738783281 -3931660.5580581333
-2634900.4870675183 4264935.3671107525 -3931573.0614627046
-2632361.3491735184 4264486.612635205 -3933760.116991438
-2632144.956335468 4264136.05120441 -3934284.8988928865
-2630243.3547943123 4265551.284316603 -3934022.5133348354
-2627224.364394072 4265152.86983813 -3936471.025683503
-2628722.232856445 4263584.107699118 -3937170.427992894
-2627476.5744113964 4265562.318796419 -3935858.985708643
-2625221.486725871 4265901.88733711 -3936995.5846109977
-2626049.9543323014 4264746.332514131 -3937694.929353794
-2626479.914776141 4265611.342027282 -3936471.025683503
-2624551.368039746 4266314.203533796 -3936995.5846109977
-2624027.9203248075 4264295.855340333 -3939530.344023654
-2625809.3193950574 4263522.157174101 -3939180.782023537
-2623266.403941353 4263391.73522737 -3941015.7682947125
-2622245.4814006784 4262565.891711901 -3942588.1923031295
-2620140.089853364 4262810.241636214 -3943723.589876021
-2617081.572185883 4262669.014439696 -3945906.476066149
-2615470.4756675265 4261879.725140025 -3947826.794497432
-2614998.1267047273 4263947.452709754 -3945906.476066149
-2610487.7813395853 4267113.936465792 -3945469.958914418
-2608811.2131848237 4265878.5222582845 -3947914.0678713624
-2609404.2797824712 4265677.318727639 -3947739.5199209265
-2607111.574603713 4266109.885527821 -3948786.7354630777
-2606546.549305316 4264516.17426365 -3950880.646861947
-2609146.2773782047 4263249.454750542 -3950531.7097591646
-2609554.3031742643 4263080.553857408 -3950444.4724748996
-2609271.0696836016 4262283.714338301 -3951491.240455773
-2610168.367410849 4261410.76679637 -3951840.1246001534
-2610065.486243489 4263414.300687855 -3949746.530881547
-2607105.992473863 4264093.358499572 -3950967.8781289416
-2607862.340368 4262822.379983781 -3951840.1246001534
-2607511.5965562128 4264087.821265612 -3950706.1807174636
-2605255.3278419706 4264577.820987046 -3951665.6849354557
-2605908.8856939236 4262804.082530027 -3953148.2685862915
-2605855.7284093844 4263887.644464141 -3952014.5594496536
-2602760.0642309943 4263838.142055125 -3954107.401980904
-2602340.7844294696 4262314.841654886 -3956025.231504913
-2602751.132530638 4261983.374698452 -3956112.3917179704
-2601080.9607102103 4262760.21788411 -3956373.8651264324
-2600219.913402321 4261181.831786589 -3958639.513570025
-2600639.4982168563 4262705.9974633735 -3956722.4794650646
-2595722.1659153015 4266025.466018752 -3956373.8651264324
-2593715.946681284 4264739.472493707 -3959075.121753224
-2594739.66281178 4265248.898613752 -3957855.3428726513
-2590877.9852958736 4269130.752289646 -3956199.5507259266
-2586745.6920713764 4269374.769934381 -3958639.513570025
-2587184.0518532973 4269593.8358402625 -3958116.7439567493
-2585961.6288595237 4271949.121116816 -3956373.8651264324
-2584785.624043533 4273709.747171539 -3955240.7353622434
-2585703.8920534663 4273880.32197449 -3954456.1416279217
-2586930.98981802 4275234.642136338 -3952188.9894837444
-2586791.5652703 4276689.265247976 -3950706.1807174636
-2587219.746323008 4277397.168171538 -3949659.2827678714
-2587624.2933132485 4279246.48401265 -3947390.409589668
-2585793.069978556 4282123.538917897 -3945469.958914418
-2584009.9556625746 4282717.206362001 -3945993.7758906265
-2584375.755140776 4284506.7843990885 -3943810.9197423146
-2580536.9296051585 4286257.540234608 -3944422.195166988
-2578983.382219981 4284861.710554969 -3946953.9946208056
-2579332.892336798 4284088.428190793 -3947564.9671602906
-2576414.6256768145 4284316.302760385 -3949223.0241530016
-2573726.9278032193 4280861.915924447 -3954717.6837150175
-2574368.800216388 4276687.958041393 -3958813.7604611022
-2574466.418933706 4271786.403013272 -3964038.9232213134
-2576070.4495554506 4266695.815422454 -3968476.8939208523
-2577319.3482679413 4262540.855226398 -3972129.3325582333
-2578373.7758414266 4261092.750537028 -3972998.64628394
-2576945.4679718143 4260578.831099011 -3974476.20185233
-2577447.9904089156 4256543.094503338 -3978472.538722994
-2581863.6049590926 4254109.862034415 -3978211.9861979666
-2582097.202631288 4253155.744986403 -3979080.452196568
-2583937.04593118 4250331.162321141 -3980903.836224417
-2586994.7721473053 4250178.561405352 -3979080.452196568
-2586202.7211568095 4251717.178175369 -3977951.4227664457
-2585779.6627414655 4250186.260827195 -3979861.967961751
-2588379.2013513455 4248278.265724622 -3980209.2767822607
-2588740.6091148416 4248871.440305039 -3979340.968361456
-2588158.6200149795 4248249.961645895 -3980382.9239179753
-2588576.4182858495 4247100.385070121 -3981337.896465413
-2588223.4908111207 4245687.5759909395 -3983073.8342001233
-2588620.4151538657 4242838.970885004 -3985850.325010725
-2590995.5768115143 4240736.709107896 -3986544.253481692
-2588757.9511000607 4239901.441905696 -3988885.688201933
-2588310.26923956 4236175.424141101 -3993132.6957730833
-2587345.840362491 4232106.2646917775 -3998069.4174458156
-2587708.2831531195 4226563.583936295 -4003694.1831568894
-2588271.8566785683 4223841.269938705 -4006202.032135707
-2585444.5714866607 4222866.211494326 -4009054.542855425
-2585308.7510278504 4219501.641339036 -4012683.0874859784
-2589209.464190202 4217766.556079962 -4011992.1023054454
-2588391.5376135367 4221224.674577509 -4008881.701266407
-2585418.035249131 4219845.334017741 -4012251.230914789
-2588509.9083341733 4218278.07510785 -4011905.72365805
-2586552.8656426324 4221366.777821026 -4009918.677522628
-2584346.4457922755 4221568.964639684 -4011128.260840316
-2588025.2465742356 4220792.623848571 -4009573.0383121665
-2589485.3147695223 4223835.535940903 -4005423.8439790397
-2586944.0600619474 4224818.599672016 -4006029.1099760616
-2590522.4165458614 4221722.979511045 -4006980.1214433014
-2593495.736103903 4223260.770315155 -4003434.691952389
-2590508.074721706 4225503.809480101 -4003002.1822215873
-2590297.3928478984 4223009.517665037 -4005769.7175843627
-2593240.321536353 4222679.578559391 -4004213.132636114
-2590624.460419067 4224038.964514136 -4004472.5909094154
-2592180.773025022 4220458.7107958505 -4007239.4625760545
-2596151.917787131 4220479.852176815 -4004645.5569924996
-2594121.9619209594 4222958.1452727495 -4003348.1924451552
-2592472.611599432 4221264.269838901 -4006202.032135707
-2594570.5459956476 4220549.619669576 -4005596.7832220504
-2591657.7011056156 4223077.076802411 -4004818.518196045
-2588059.725747793 4221510.188299315 -4008795.278640123
-2589208.0118287485 4218424.687810476 -4011301.03890906
-2588289.793690544 4218084.518344806 -4012251.230914789
-2585170.181663457 4215806.077359749 -4016654.7337224213
-2586460.8314751755 4211640.2568287235 -4020192.4971703067
-2587489.777735483 4211337.57948215 -4019847.440109612
-2584293.4957433976 4209923.346082622 -4023383.3458877453
-2586421.0252440223 4205482.980151765 -4026658.687277765
-2588513.0559074855 4204443.222798838 -4026400.1720715016
-2587849.410301224 4203200.960954068 -4028123.398238739
-2588576.746698164 4200440.252242399 -4030535.0902572926
-2590228.520848783 4200165.649567411 -4029760.0084838164
-2588171.772821387 4200111.356238793 -4031137.862882456
-2588860.0957933296 4197454.758052869 -4033462.279296571
-2591907.3228196665 4197310.9970602235 -4031654.477242699
-2591777.960874278 4202513.960949756 -4026313.9978830214
-2589728.204740024 4206252.510460453 -4023728.2020309414
-2589839.076277997 4206761.495540425 -4023124.6909115324
-2590391.7398001314 4208317.271222896 -4021141.3030509544
-2588665.7007792415 4210779.566053778 -4019674.9042320666
-2588261.4704035176 4211110.396388589 -4019588.634456586
-2589474.0353185283 4211435.392125036 -4018467.015961164
-2589326.7337258114 4212349.1579086445 -4017604.0917291935
-2589547.564008385 4211225.50935158 -4018639.586119259
-2590135.428409627 4210040.405110566 -4019502.3634566683
-2589803.63313069 4208019.90650211 -4021831.2506002854
-2594359.065076181 4207356.563354773 -4019588.634456586
-2594617.6614078064 4208597.973389453 -4018121.860956045
-2594614.7326069865 4206292.110863586 -4020537.5346370707
-2597735.407573462 4204942.894963356 -4019933.706211624
-2597181.7910656845 4203882.662703477 -4021400.042569499
-2597355.01335291 4200391.151490723 -4024935.0440831883
-2602042.9418286467 4196992.757512341 -4025452.188545862
-2605134.628370313 4198215.480970345 -4022176.194972915
-2609338.370732703 4194198.3029739694 -4023641.989833623
-2614438.2709475877 4193089.7407384114 -4021486.286625738
-2616421.8912190343 4193010.3973299023 -4020278.7583739944
-2618900.9649260384 4190303.900958807 -4021486.286625738
-2624613.2529129595 4187887.8898079996 -4020278.7583739944
-2627907.779448285 4186484.0752668134 -4019588.634456586
-2631298.7069012583 4183773.4643208557 -4020192.4971703067
-2639170.032992278 4181052.450763229 -4017862.981850219
-2644486.7341677146 4183164.36225262 -4012164.8559338404
-2646041.8213088703 4184168.9644809915 -4010091.4897990185
-2651510.196729763 4183273.9486205596 -4007412.3505612253
-2655516.005035789 4186361.431206609 -4001531.4211317296
-2657190.3492195387 4188192.9287923775 -3998502.2745058024
-2661344.862674191 4187951.5534129897 -3995991.2797932145
-2666953.743081727 4189505.2969159293 -3990619.513230463
-2669073.41604652 4191704.51609268 -3986891.188573121
-2672500.1535309595 4192078.11026826 -3984201.9334851364
-2676268.4456183426 4193466.6232133065 -3980209.2767822607
-2678046.6859838967 4194638.417717512 -3977777.7077532876
-2679747.129308794 4195364.3126799045 -3975866.522766219
-2682481.6722568492 4196415.796874258 -3972911.7203570334
-2684446.3647395605 4197874.625835021 -3970042.4859952107
-2687370.2364616757 4199539.517400726 -3966301.81075137
-2689797.2668980095 4203817.029576059 -3960120.4583742544
-2689335.6372646876 4206490.830602379 -3957593.930937867
-2692797.269279443 4206079.727258995 -3955676.578602208
-2696122.6172235506 4207391.680696437 -3952014.5594496536
-2697007.810592358 4207479.707080051 -3951316.7911613183
-2703071.1922340384 4204652.583084611 -3950182.7534019677
-2706504.425532881 4205312.222906317 -3947128.564215469
-2709174.399229733 4202526.999094219 -3948263.1493407777
-2722618.5467183674 4197114.16411505 -3944771.4689763696
-2723875.66230543 4197447.34812594 -3943548.926539477
-2727335.0820951755 4193475.8947953847 -3945382.6518783886
-2734246.865150099 4191767.0370949535 -3942413.4977372745
-2736371.092915461 4193583.911462545 -3939005.993823714
-2739063.110332719 4193550.202221586 -3937170.427992894
-2743729.2903256454 4195094.710426765 -3932273.000690378
-2744584.1626478587 4198961.054228394 -3927546.9238719135
-2747936.799159349 4198487.889010702 -3925708.0627138247
-2748195.9210031605 4198563.942420605 -3925445.3252067007
-2751971.5234697657 4196335.957918033 -3925182.576937746
-2754640.440913068 4197369.740077292 -3922204.0113142687
-2754324.4051443427 4198805.021317284 -3920889.4991043843
-2757454.0922337607 4198142.008270729 -3919399.393735715
-2761757.0455980287 4200058.74633486 -3914312.908854592
-2762159.112633418 4203226.595786684 -3910627.087944804
-2763120.8402179414 4203411.162597356 -3909749.2017398286
-2768435.3168245372 4203180.172989524 -3906236.4662096915
-2771593.0673258333 4205097.992829044 -3901930.770766765
-2772843.8278744514 4204599.644345043 -3901579.159390732
-2777576.2321509323 4201556.529771389 -3901491.253575436
-2781764.2905142787 4199601.581440433 -3900612.130061461
-2784237.6608421644 4196491.39056406 -3902194.4668186232
-2787088.4469287773 4191571.518328068 -3905445.8382798084
-2791201.567600196 4187604.7784024323 -3906763.497951639
-2796458.8856008095 4186145.3979828926 -3904567.2497846587
-2799563.157691205 4188576.1937047676 -3899732.8877280466
-2802439.66549862 4188289.77655737 -3897974.046710034
-2806755.8902578615 4187936.7145270053 -3895246.9045773647
-2808435.553173455 4189019.9665821716 -3892870.7226476464
-2809592.120454584 4187426.0729784057 -3893750.89085321
-2814281.788946457 4185094.5687232823 -3892870.7226476464
-2815727.039070797 4185350.512049186 -3891550.2480033864
-2817039.333811554 4182255.803904939 -3893926.9102619286
-2822187.9869454657 4179029.2351405374 -3893662.879369681
-2824524.664960353 4179500.3660110696 -3891462.206875963
-2824683.3907561246 4178163.184699908 -3892782.6993045476
-2828893.295316612 4176216.550629467 -3891814.3642729465
-2830419.5590733276 4178626.7972427374 -3888115.7658922723
-2827368.962614569 4179462.41603215 -3889436.9338271217
-2828548.405369719 4177434.4263475193 -3890757.835184167
-2830292.6125083016 4179696.1443810444 -3887058.639669225
-2831878.240384926 4179523.3412248623 -3886089.4575126464
-2839473.6494399076 4178629.2134998958 -3881505.9307209174
-2844296.4818988815 4185412.3090676274 -3870651.408505142
-2841685.069492207 4190531.1843191995 -3867029.2679359694
-2846797.9564229078 4188935.986043911 -3864996.4683208545
-2852773.464525934 4192532.438636959 -3856682.033960478
-2852232.3963914914 4195829.762229319 -3853495.0322227627
-2856571.695769033 4194178.5213694577 -3852078.098613051
-2861855.9371270007 4196267.789359883 -3845875.483568294
-2861111.3304813444 4198480.982113315 -3844013.5792455375
-2863774.5442911717 4195933.7588360775 -3844811.6014870782
-2868833.482369106 4195320.940104337 -3841707.648944674
-2868786.9317402947 4197139.202088461 -3839755.8592400555
-2869189.5690269526 4194427.48084188 -3842417.250240449
-2873978.6588176717 4190903.5401844466 -3842683.3314143973
-2876265.1536730044 4190473.331724805 -3841441.529148873
-2875489.204585877 4188402.7042382215 -3844279.597198938
-2877215.288389551 4183714.384211755 -3848091.3626884026
-2876913.91446183 4183432.5421592784 -3848623.0646789335
-2874387.8817461757 4181009.575768426 -3853140.8269882193
-2874774.5522950212 4180009.0905853906 -3853937.7623542985
-2872023.770141686 4181165.1016243496 -3854734.602628276
-2868574.3497954807 4180675.834728157 -3857832.52158715
-2868367.582100676 4179592.6065491005 -3859159.760522232
-2866337.4340605424 4181638.3628192754 -3858451.9326669537
-2862668.8764600353 4183171.3230821057 -3859513.646237119
-2860984.5256752935 4182119.3660866986 -3861901.8827061243
-2862615.3445386547 4182309.954851603 -3860486.734954676
-2859613.442536517 4185913.2008413547 -3858805.855998269
-2856901.5350411474 4185236.0393566876 -3861548.1239976133
-2859811.887552393 4184635.4551622174 -3860044.4395386586
-2856598.6994731105 4191230.208619552 -3855265.7766389386
-2849255.582033206 4192237.4866233007 -3859602.1147267204
-2853876.424244266 4187707.1997366585 -3861105.8991455445
-2857709.174208975 4191287.4538778802 -3854380.4631364224
-2853200.004067731 4193788.7684014793 -3855000.1949179587
-2858748.1770840287 4187156.5238819337 -3858097.9905300117
-2869821.683085673 4187975.2435711753 -3848977.509225829
-2867977.82219226 4195012.398775871 -3842683.3314143973
-2867813.8236724446 4193986.9102348117 -3843924.9042524607
-2873425.1990003167 4193233.910173804 -3840554.3871059166
-2873475.4445614964 4196447.925414643 -3837004.6493046186
-2872041.098575593 4197023.966707145 -3837448.468836881
-2873609.6458646427 4195544.256754569 -3837892.259145302
-2875878.920176011 4196343.441989699 -3835317.868620187
-2874456.5181153812 4197723.529319753 -3834873.908860539
-2874583.7956529763 4196338.128105524 -3836294.4772758465
-2877381.405379419 4195394.517745985 -3835229.079004759
-2877880.8543798337 4196593.813891171 -3833541.8543697097
-2878118.6279723463 4195213.494741271 -3834873.908860539
-2882493.5096365605 4193426.882359909 -3833541.8543697097
-2885652.3821106646 4194257.7399826488 -3830254.9967612713
-2886411.790265262 4193167.0269038347 -3830876.957238922
-2891050.1722404123 4189564.1681989287 -3831321.1797149433
-2895778.226842639 4189060.6823399267 -3828299.8916774853
-2897059.02862426 4188256.2539460864 -3828211.0098514888
-2901170.649221539 4184514.8080774187 -3829188.645793816
-2906393.080161668 4182841.9672178742 -3827055.440004661
-2908204.6723296703 4180931.6626976836 -3827766.583229947
-2912025.01881533 4176153.648274969 -3830077.2832663893
-2917669.2438079724 4172130.692962504 -3830166.140597198
-2920631.2790931268 4170628.945917434 -3829544.1147816125
-2923338.2362380456 4167833.86764745 -3830521.558252809
-2927311.8275950686 4165452.4926145505 -3830077.2832663893
-2930602.262946359 4166732.773960814 -3826166.4060537806
-2930499.329096081 4167050.080481026 -3825899.673139704
-2933125.876254631 4164139.79750635 -3827055.440004661
-2937793.837449118 4162891.2633690066 -3824832.6366014993
-2939213.2139839716 4163359.885572401 -3823231.7672289466
-2940651.9417786375 4160464.0456896345 -3825277.255551207
-2946828.8175664768 4157645.8697442245 -3823587.548593409
-2949573.812577522 4160441.246577896 -3818426.8957163845
-2948620.869284664 4160789.9387338525 -3818782.9284930686
-2953700.388983186 4158411.7155951303 -3817447.7096250765
-2956359.071681819 4160770.2568048164 -3812816.9257614505
-2959027.018942054 4160832.711155312 -3810678.58142757
-2958783.9683008557 4161413.56358186 -3810233.0088542826
-2960461.071788116 4159159.3567695743 -3811391.437181867
-2962395.9750078805 4158189.7924900036 -3810945.9110421715
-2963025.812284505 4156924.1299392767 -3811836.934296158
-2964946.083774257 4154246.757612132 -3813262.3299716455
-2966351.7792484 4151770.585900523 -3814865.54465568
-2970250.07765047 4149719.4362228718 -3814063.984367791
-2971866.659766684 4151671.7482980727 -3810678.58142757
-2973066.314573883 4153347.6555782296 -3807915.563802444
-2977131.377719385 4155501.059844266 -3802386.1852042144
-2977376.277157554 4162744.788070821 -3794262.4228707
-2975717.9269601763 4165801.8402355304 -3792207.6481988817
-2979775.731673993 4166560.562410044 -3788185.6697759707
-2982325.338783034 4172125.9422293515 -3780045.1975908326
-2981941.277958588 4176209.0278336797 -3775837.0423850617
-2985563.16944243 4177426.0333686187 -3771626.3464191416
-2991343.1104139127 4180729.9046325805 -3763376.7895721085
-2994083.665498982 4185949.4069668227 -3755387.0061960705
-2995766.710323626 4188611.41204647 -3751074.1469865446
-3000419.9478452583 4189706.18978656 -3746129.0927885068
-3004305.589065111 4193431.0164772514 -3738840.0925365477
-3004429.4729158436 4198554.974519555 -3732985.4899546183
-3004507.10560085 4201141.945888851 -3730011.314042792
-3007987.1388140772 4203371.63218452 -3724690.7649462046
-3007405.3801114433 4209696.071062877 -3718011.951158108
-3005306.9537019534 4214062.782000384 -3714760.5553238373
-3005917.5407453394 4215697.123824729 -3712411.412871073
-3006769.352661338 4219383.899116158 -3707529.9825862297
-3005615.163973703 4223064.481242137 -3704273.8658693163
-3006891.575259195 4225170.100598175 -3700835.267293923
-3008028.9940344384 4228955.352915146 -3695583.741995098
-3008382.5281580496 4232579.635985706 -3691144.157210944
-3009285.276417586 4235571.55382065 -3686973.926894746
-3009226.033197408 4240345.472928307 -3681530.924947312
-3008047.569243512 4245589.145826623 -3676447.1471799198
-3007676.770533189 4249309.395480599 -3672450.286317753
-3008003.1828986905 4254177.77762185 -3666541.870490472
-3006130.806660854 4260041.26711844 -3661265.7614126396
-3003549.6516629322 4264752.356076083 -3657898.0072357096
-3003045.013641359 4268306.954489572 -3654164.3898844686
-3000994.414303254 4274421.874367899 -3648697.187387011
-2995440.799439302 4281112.623664406 -3645414.9449076033
-2989927.3702722844 4286438.649214258 -3643682.0699697314
-2985175.8157857805 4292227.133023615 -3640762.6381547567
-2977950.6977901235 4298943.316431728 -3638754.869957344
-2969349.2080993936 4305120.438353833 -3638481.0418123123
-2961078.6289641624 4309040.569177956 -3640580.1359495204
-2954438.2837281013 4312748.838125089 -3641583.843177643
-2946052.9311454473 4317942.613787892 -3642222.496076249
-2935494.2278865385 4322206.595300368 -3645688.5200997107
-2926614.9658308984 4324380.342710478 -3650246.634592492
-2918831.15798683 4325716.412563742 -3654893.0475790845
-2910935.751796247 4327033.624433433 -3659627.5851426315
-2901506.316752638 4328822.909203517 -3664995.8137219395
-2892546.3429278163 4328347.3499532025 -3672632.0088143875
-2887146.6294610826 4326475.910689306 -3679080.256560959
-2881131.75427206 4326779.037872693 -3683436.4351717355
-2873005.4387695403 4327005.597516326 -3689512.611153811
-2866321.0048597874 4324632.375076855 -3697485.5939593185
-2863664.388643875 4321279.231903016 -3703459.6081416346
-2860310.9179655565 4320475.3075410845 -3706987.3980760723
-2853770.822537837 4319599.254715636 -3713043.949523333
-2849737.1154245636 4316277.657737191 -3719998.192780533
-2848731.4203970414 4314918.194114726 -3722344.862118549
-2842869.365371846 4316681.7634975845 -3724780.976663952
-2835200.2599824867 4316508.240995056 -3730822.5756818037
-2831583.8406508532 4314283.552449349 -3736138.5657427097
-2829960.9361645514 4313944.278343679 -3737759.6047804486
-2828219.5340853324 4313915.884975352 -3739110.188851817
-2829081.81012516 4315066.873322504 -3737129.2445370033
-2826516.851885497 4319864.144355901 -3733526.1161957295
-2819039.8021363555 4325058.31475662 -3733165.7032504785
-2814255.9987824955 4326462.234282215 -3735147.749239176
-2810763.33916733 4329353.8684115 -3734427.0689442186
-2804174.820594023 4332770.135672379 -3735417.9855769877
-2798417.025672044 4333152.616326186 -3739290.247367053
-2795666.989266614 4333373.783001787 -3741090.58189156
-2792474.813432427 4335897.50264516 -3740550.529387484
-2787679.698057484 4339757.845241263 -3739650.3507286683
-2783001.077165205 4343302.2302646395 -3739020.1578856893
-2777944.2149308035 4346925.51106285 -3738569.985971035
-2772940.8474037033 4349964.144617351 -3738750.0581535893
-2768781.631961993 4352148.632624526 -3739290.247367053
-2765023.628584817 4354459.839398684 -3739380.2749161045
-2760811.3633660045 4357904.231741308 -3738479.948171494
-2755167.768985202 4361783.12543838 -3738119.7855855427
-2748852.968134432 4365611.348694087 -3738299.8691560207
-2734604.366808454 4374242.927891334 -3738660.0226317435
-2727557.4264017977 4378256.100470247 -3739110.188851817
-2721300.107129242 4382685.752373542 -3738479.948171494
-2714790.0470315046 4387565.219765716 -3737489.4572213716
-2708690.1675760862 4392942.650614171 -3735598.137446207
-2701488.028818306 4397910.9315382 -3734967.585991634
-2696181.0538094523 4401319.309705343 -3734787.418193148
-2692253.4306818075 4403875.700365759 -3734607.245843936
-2688108.5354670594 4406941.365789865 -3733976.606787903
-2683390.484896556 4409586.906820909 -3734246.887494215
-2679578.6608474203 4411294.178800929 -3734967.585991634
-2676092.6382451714 4412494.8519020425 -3736048.497205031
-2671633.089370748 4413824.183228569 -3737669.55673264
-2666238.1917384514 4414645.69835613 -3740550.529387484
-2661565.7050340907 4414566.3855286045 -3743970.1688912124
-2659060.26113373 4413023.174223816 -3747568.0102465088
-2657046.224026457 4411944.848676946 -3750265.192705671
-2653400.4245696734 4411464.157091783 -3753410.606047246
-2650661.9155142223 4408827.340436385 -3758440.3536391407
-2651782.5750266723 4406162.308278905 -3760774.373435239
-2652446.7487402894 4408136.541711617 -3757991.41493482
-2647095.6554165664 4409515.529075226 -3760146.0596523597
-2648345.6266376805 4408458.666289719 -3760505.1029727566
-2651286.5778130963 4411435.373274869 -3754937.8729517404
-2647464.355058445 4415716.51317401 -3752601.9191991743
-2644834.917203978 4416223.000328871 -3753859.836502275
-2645791.11839683 4418169.491162142 -3750894.387366368
-2643122.6806616755 4421062.796167904 -3749366.2460890478
-2640341.046446172 4422191.057956676 -3749995.520714597
-2639190.091655165 4422192.015173208 -3750804.5058423844
-2638988.2795615997 4423608.114206173 -3749276.345145261
-2636630.703023334 4425623.03300792 -3748557.0964818536
-2638662.0208106306 4424640.732461611 -3748287.3593913713
-2642448.3354942403 4426949.151998072 -3742890.460575526
-2642061.0043286444 4429461.579649486 -3740190.4715956645
-2643640.476411193 4428595.1071677795 -3740100.4542993237
-2646677.0756876627 4429289.611964394 -3737129.2445370033
-2646562.2814060133 4431029.268916255 -3735147.749239176
-2645913.8193452246 4432403.384232833 -3733976.606787903
-2646020.2180489968 4434691.717440472 -3731183.1068631317
-2644521.0514122667 4438162.400666593 -3728118.0123417107
-2641333.5283395704 4440211.583637312 -3727937.671770045
-2641897.863992695 4439572.963897155 -3728298.348370778
-2643482.6187082124 4440824.9902339885 -3725683.0314320726
-2640071.3842351 4443383.240973109 -3725051.6050092867
-2637933.997252958 4442080.741295719 -3728118.0123417107
-2638852.929399608 4440626.518024192 -3729199.9603694407
-2638885.903651758 4440152.610829674 -3729740.87304339
-2637479.654970424 4440609.494122432 -3730191.602361307
-2635829.679722242 4442421.699374779 -3729199.9603694407
-2635054.0340121603 4443411.4837768935 -3728568.8438965245
-2634555.1271242867 4444161.19045717 -3728027.842623689
-2635197.1816533334 4444536.868483715 -3727126.082988782
-2635705.356497789 4445747.699486765 -3725322.2231421806
-2635526.800270905 4446684.858509151 -3724329.9067294314
-2635857.2222865433 4447773.288178155 -3722796.056821908
-2635242.6557556046 4450100.268971942 -3720449.5348522053
-2632090.6022905344 4452040.764986232 -3720359.2687043883
-2630495.501103768 4452002.833158623 -3721532.6402196754
-2630489.6562865702 4453590.127296366 -3719637.0987258563
-2624726.9566227105 4454124.302654183 -3723066.7600358003
-2627233.4674024815 4453400.685270215 -3722164.3762997766
-2625652.8351341505 4455162.16762044 -3721171.623233138
-2624893.734942216 4456363.140197407 -3720269.001423285
-2622898.173850259 4458667.79001494 -3718914.856231085
-2621302.0665860036 4460584.928540231 -3717741.057549825
-2618117.8521466865 4462830.754889896 -3717289.545553279
-2615264.105892517 4463676.44644503 -3718282.8345732503
-2612664.329202218 4464597.055478584 -3719005.140508182
-2611565.695124175 4463434.481483406 -3721171.623233138
-2611799.0412022066 4461867.817688994 -3722886.2923606033
-2611544.8195494465 4461790.746675977 -3723156.9921722454
-2610884.442797726 4461198.288823033 -3724329.9067294314
-2613211.3098960733 4459458.972309711 -3724780.976663952
-2615657.607551297 4462919.288107589 -3718914.856231085
-2611208.2136533917 4468905.40485119 -3714850.8916833918
-2608216.397537271 4470051.61927105 -3715573.5418196158
-2610417.7983133225 4470418.140063956 -3713586.0796857993
-2610112.633127155 4475095.597289967 -3708162.9464609534
-2606232.046862199 4478853.992681404 -3706354.331435451
-2604766.0145651153 4479931.227687485 -3706083.000225046
-2605844.4663212956 4482146.104612185 -3702645.2590347487
-2603841.6406375696 4486446.765811363 -3698843.755556945
-2601037.5799512872 4489191.997469528 -3697485.5939593185
-2600827.1945678066 4491177.740937373 -3695221.428183327
-2599134.2779011633 4494764.258982872 -3692050.414283282
-2595697.8623776645 4498237.285590833 -3690237.7876999243
-2587196.6093831477 4502909.3686362645 -3690509.710357649
-2581611.865809522 4505742.347488826 -3690962.892302951
-2574270.841179368 4508605.03276612 -3692594.114544635
-2566114.490527218 4510210.888380952 -3696308.315581392
-2560458.4197582 4509787.348933972 -3700744.7558679897
-2553482.156806924 4510325.171168146 -3704907.1142466846
-2549368.5049417885 4508563.665627446 -3709880.712232521
-2551849.8038992416 4506341.104629765 -3710875.021752093
-2555230.7762522027 4506806.561964315 -3707982.105287046
-2555490.481358727 4507998.111083746 -3706354.331435451
-2556461.9694483113 4506777.857897973 -3707168.2640966033
-2561161.0264849872 4505894.825076427 -3704997.5737864976
-2562740.7001837725 4508490.806859559 -3700744.7558679897
-2562226.022512471 4509600.396240083 -3699749.055786246
-2566260.944083794 4508271.2724591475 -3698572.143515622
-2570665.172415142 4510513.481550721 -3692775.338966753
-2569499.0678622173 4514143.091214338 -3689149.9959065164
-2568218.3686533826 4513908.671183505 -3690328.42970998
-2571881.02179325 4513379.239277407 -3688424.711472284
-2572952.1948584775 4516175.189666139 -3684252.930950447
-2571530.396856433 4516244.88750236 -3685160.0418641507
-2574099.2828720114 4514707.1682736445 -3685250.746781875
-2576223.4275637395 4516234.164897505 -3681893.9174131933
-2574713.1972290436 4517982.773521186 -3680804.886187314
-2573778.1541112545 4517258.341618978 -3682347.632760034
-2574833.351149017 4516361.030970288 -3682710.584846942
-2574804.4836481153 4517043.286476376 -3681893.9174131933
-2570653.305942173 4518371.796374644 -3683164.2497144695
-2569624.452992863 4517847.511242035 -3684525.0760098356
-2567130.3845117693 4518599.449118655 -3685341.4505770076
-2563670.1477175956 4518566.263608729 -3687790.028605032
-2562358.006402136 4518274.409358035 -3689059.339285176
-2560086.1842703437 4519414.026744587 -3689240.651404078
-2555996.975929811 4520470.2710137125 -3690781.6228976315
-2552046.5172568313 4519741.444634157 -3694406.1562602473
-2549219.2788421684 4519707.664435035 -3696398.882213149
-2545004.4204733823 4520897.608168161 -3697847.7951682033
-2541515.6985728787 4522267.468109098 -3698572.143515622
-2539905.632225219 4524578.201205559 -3696851.6984815705
-2537153.9906053836 4528931.025724773 -3693409.5890088775
-2533849.574308963 4530632.890369761 -3693590.7931813505
-2536536.383868613 4529867.953698233 -3692684.7273181225
-2536511.213740855 4533720.218597043 -3687971.372184344
-2531276.5157853626 4535317.846471344 -3689603.2621559803
-2535222.0297425413 4531415.951410294 -3691687.924948756
-2542879.550149672 4533397.207066336 -3683980.77579047
-2543097.946286056 4538798.08223612 -3677173.6162826694
-2547001.6878767004 4538889.246560804 -3674358.14931097
-2547729.2106243772 4542228.888869486 -3669723.9120199173
-2545786.5416017426 4544712.552214563 -3667996.687886023
-2547057.648549885 4543633.313814907 -3668451.2596673397
-2549920.990967621 4543348.3370497 -3666814.6705349633
-2550561.8818697836 4544676.095261838 -3664722.946678025
-2551964.40972904 4545502.065158444 -3662721.61474451
-2554684.3898129677 4545513.538724953 -3660810.7486886145
-2556171.6676511075 4547973.9828022765 -3656714.380048209
-2556782.540556456 4548874.974785521 -3655166.275845151
-2558590.898250189 4550418.703833056 -3651977.989418554
-2558863.745169007 4552019.702094676 -3649790.948177927
-2558526.0289731 4552720.985947242 -3649152.9405031395
-2556780.7480835924 4553336.116797465 -3649608.665829378
-2552988.9873923096 4554586.808549522 -3650702.293208838
-2549323.872843968 4554009.526638575 -3653982.2143290383
-2546623.6466739615 4553473.485560424 -3656532.2668478144
-2542303.0937319607 4553766.880203044 -3659172.4720716206
-2538802.0225345595 4554403.358581707 -3660810.7486886145
-2539493.2795830923 4554895.676024721 -3659718.604412586
-2539498.991514845 4557523.8408938935 -3656441.208576839
-2538860.4925178955 4559559.1466425 -3654346.5609874106
-2538962.984390841 4560304.973854006 -3653344.5648248913
-2540498.082548343 4560252.760246519 -3652342.434004812
-2541095.652955234 4560576.496630383 -3651522.408655677
-2538799.6645262963 4560760.761527807 -3652889.06750663
-2537233.582119668 4560756.595909418 -3653982.2143290383
-2538198.0292035853 4560803.752203282 -3653253.467586872
-2538282.58693068 4561705.139681123 -3652069.102233872
-2536822.7829201776 4563392.136159979 -3650975.6750340583
-2535610.2336558597 4564211.775959889 -3650793.4215960167
-2536959.8367760284 4563826.241451105 -3650337.7685397295
-2537990.2843206073 4564929.458020841 -3648241.4064844656
-2535014.0767877637 4567456.659321949 -3647147.41897054
-2530955.527494066 4568032.695325706 -3649244.087791689
-2530726.531331974 4567431.34079091 -3650155.4995333254
-2533349.994677862 4567651.8811100805 -3648059.086344028
-2532148.0023845723 4570937.682036486 -3644776.5639279913
-2529086.1922390824 4573504.674230334 -3643682.0699697314
-2528350.0814159866 4575001.374242911 -3642313.727766906
-2528608.580766469 4576601.132023246 -3640123.861029694
-2525012.501096052 4579529.16226309 -3638937.416511938
-2520953.910978496 4581619.615965964 -3639119.9586325972
-2518787.565662012 4583173.293839275 -3638663.5950173917
-2517530.997089807 4584298.334100669 -3638115.922102241
-2514371.9910791735 4586321.371118575 -3637750.784660433
-2511058.962508553 4588063.747984906 -3637842.0706831375
-2509098.530443871 4589425.587304073 -3637476.919943696
-2506996.390828206 4590718.897478749 -3637294.3379256306
-2503688.6612462928 4592089.846280729 -3637842.0706831375
-2499142.550958837 4592902.625500008 -3639941.3432996534
-2494882.1833239496 4592325.072688343 -3643590.854924676
