5681096.840148457 -2667389.2686826186 1095360.2978801182
5681471.881535601 -2667444.3389374963 1093278.9936656673
5680985.62602257 -2669152.422442434 1091635.7738250608
5679763.600018199 -2671483.1639949908 1092293.0707459548
5678962.299635969 -2672558.94463782 1093826.716966506
5677587.525679466 -2673727.7710517957 1098098.6725041205
5676659.94170892 -2673533.0484956414 1103355.7652900992
5676946.8331939615 -2670884.337604799 1108283.5865546481
5678226.07214016 -2666888.0914443065 1111349.4416160346
5679983.165075024 -2663600.408624306 1110254.5238100782
5681434.812980063 -2660411.25566581 1110473.5100779599
5682735.487640158 -2657997.674802879 1109597.5568906323
5683900.997316703 -2655641.6523236316 1109269.0688674217
5684022.496968678 -2655335.8456134438 1109378.5652131056
5683824.433128155 -2654155.740901233 1113210.7241741973
5685085.488703524 -2650394.930773173 1115728.7739699462
5687522.043653559 -2644283.9417419294 1117808.766471532
5689177.937850428 -2641552.647705134 1115838.250320338
5690525.280792296 -2637953.882343079 1117480.354769088
5692517.677144497 -2633930.2792055556 1116823.5221741928
5693489.3782945555 -2631364.382989399 1117918.2363580498
5694517.043478967 -2629186.2245050203 1117808.766471532
5695666.781722967 -2626461.5963716223 1118356.1124984135
5697105.793165052 -2622544.641718057 1120217.0252594377
5697972.458009655 -2620895.002148696 1119669.7082065763
5698714.326365882 -2619187.9408159535 1119888.636051167
5698612.693364431 -2619502.6466011414 1119669.7082065763
5698731.392607925 -2620039.1364451647 1117808.766471532
5697817.466163156 -2621185.1761313053 1119779.1722994235
5697566.144745426 -2620467.1536074346 1122734.5737596664
5698054.811420868 -2618041.6639519404 1125908.6161208896
5699583.456803129 -2614287.7082735877 1126893.605140136
5700614.558601049 -2611991.345144656 1127003.046648584
5702500.087872833 -2607919.582829309 1126893.605140136
5703590.462124351 -2605770.643126548 1126346.3924494907
5704843.818213049 -2604538.2120314757 1122844.0282889914
5704545.605884934 -2606086.6713335766 1120764.3337813583
5704239.39878769 -2608353.888297702 1117042.4677336626
5702485.382959469 -2611764.825929886 1118027.70590403
5700556.743815879 -2615456.7249348406 1119231.8484248111
5698490.598457505 -2618362.346102202 1122953.4824762782
5696928.285543893 -2619691.948343797 1127769.1275933208
5697475.977257577 -2616089.8526695105 1133350.065660404
5698729.887574641 -2612692.418024334 1134881.9309785832
5700497.455419603 -2608928.7871761653 1134663.0972223107
5702135.121441996 -2607391.674124527 1129957.837498272
5703120.771355026 -2606277.9788862434 1127550.2490405866
5703326.824023791 -2607575.5419513336 1123500.748280978
5702241.993048382 -2610088.319473366 1123172.389824605
5701837.739265679 -2611347.811961503 1122296.7522226558
5701098.724511336 -2611972.4055902157 1124595.2542183676
5700961.321645891 -2611187.172324476 1127112.4878137272
5701312.76977804 -2609662.985927883 1128863.499739371
5703305.532585101 -2605399.8360204375 1128644.6280600661
5704821.855035974 -2602362.707885781 1127988.0047719027
5707132.559446469 -2598003.6091433773 1126346.3924494907
5708729.251980916 -2597287.194443633 1119888.636051167
5709299.640574045 -2597306.1618808643 1116932.9951240465
5709395.431758213 -2598552.540963434 1113539.175633676
5708750.306880175 -2600063.2775785457 1113320.2083331712
5708059.368441731 -2601673.476164156 1113101.2396761193
5707657.78325759 -2601851.3835168714 1114743.4715262528
5709319.08595753 -2598156.9376221676 1114852.9509342778
5710980.499686584 -2596146.208672277 1111020.9698273623
5712382.934004975 -2596422.8389762877 1103136.735192437
5713019.880015819 -2598035.8795499355 1096017.5268284841
5713173.245425844 -2599910.8615158126 1090759.3593100305
5713672.530311329 -2600739.9667492416 1086157.8346257408
5711954.175785244 -2605014.088198351 1084952.576851925
5711598.983563839 -2606658.6187622836 1082870.6738040429
5711532.17304016 -2607350.848511789 1081555.7262998559
5711340.741103593 -2608950.0192202115 1078706.5106974791
5710481.1317338655 -2612051.610251441 1075747.474779448
5709254.10660532 -2615588.253730152 1073665.0470044836
5707083.242732163 -2620501.186709407 1073226.6261048182
5705859.4678210225 -2623075.059554462 1073445.8372086314
5704304.388194088 -2625737.711070572 1075199.4789300985
5703841.782407072 -2626248.6687783254 1076405.0589844836
5703921.7446636995 -2626164.829845991 1076185.8655606825
5702764.693757691 -2628407.131567312 1076843.4418971175
5701797.6992616 -2629650.8046246814 1078925.689022136
5701389.939315131 -2630669.580505009 1078596.9210422449
5700339.892168184 -2632719.5961348517 1079144.8660321543
5699252.406877746 -2635476.6407729555 1078158.5591360475
5699443.722806683 -2636048.1067433376 1075747.474779448
5700327.171641364 -2635611.3556273347 1072130.5509756822
5701409.591611466 -2634783.3509142078 1068403.6514473718
5702929.702171202 -2633311.8996309945 1063908.9488087264
5703962.773100255 -2630407.877447158 1065553.415531281
5705623.827552715 -2626224.379014142 1066978.5609535377
5707684.616587476 -2620536.0798561736 1069938.3027739068
5710031.918072333 -2615462.306208344 1069828.6869394183
5711617.802211243 -2611727.7802250544 1070486.3770568543
5713445.756796077 -2607501.44883081 1071034.443187582
5715190.870592849 -2603719.3243256696 1070924.8306138143
5716575.042125415 -2601940.6834413684 1067855.546224054
5716127.299130014 -2602339.080989765 1069280.6028793165
5716377.4432364 -2601248.5753290313 1070595.990935311
5715934.663898063 -2601047.08773755 1073445.8372086314
5715968.765636488 -2601062.60579936 1073226.6261048182
5715645.198875126 -2601637.882747717 1073555.4422700694
5716609.618223055 -2599427.5275192866 1073774.6514118407
5717362.310087517 -2597000.6496601463 1075637.8762648276
5718638.277831354 -2595052.2075084266 1073555.4422700694
5718842.902035339 -2595145.063616203 1072240.1599588
5720208.1131936805 -2593718.1379878423 1068403.6514473718
5720579.935443622 -2594970.1462801537 1063360.7770247154
5719228.927764649 -2598932.333609787 1060948.7250275654
5717547.9033414 -2602985.8289826713 1060071.5764097013
5716507.115213113 -2604198.4986000406 1062702.9601949686
5715407.956743898 -2605625.2880265657 1065114.8982081749
5714938.240367614 -2605893.0636634813 1066978.5609535377
5715399.142416611 -2604657.450047668 1067526.6791863479
5717192.553055684 -2601258.162339303 1066211.1817776882
5717392.476839601 -2602433.205827771 1062264.4091670024
5716632.164638938 -2605219.370648037 1059523.3480276722
5715021.0282081105 -2609907.8569614785 1056672.4304673886
5713454.499371514 -2613291.0875130314 1056782.0851700522
5711090.767317115 -2617877.0010473556 1058207.5669983258
5709616.613073119 -2620337.265431245 1060071.5764097013
5707942.949753483 -2623670.848873377 1060839.082581124
5707777.21330387 -2623232.6748963394 1062812.5971427492
5707832.524740489 -2623378.7589298296 1062154.7706009664
5707162.718971059 -2624036.173662108 1064128.2152539678
5707683.0482374 -2623792.718687179 1061935.492498276
5708924.605197727 -2622553.244448007 1058317.2171911506
5709424.478553643 -2623627.660358484 1052943.9792763586
5708007.123597727 -2628770.2808479867 1047789.3335437269
5705976.382719281 -2634960.342374124 1043292.1517798501
5703168.733976488 -2642243.080817735 1040220.5985577444
5700712.501173269 -2647150.1781666274 1041207.9106495569
5698965.71388445 -2650693.188954435 1041756.4062678377
5698437.357271676 -2651052.327269149 1043730.9247748847
5699510.675618728 -2649736.8067996777 1041207.9106495569
5699570.203962838 -2649522.5321556493 1041427.3098486135
5700832.2030748585 -2648657.334647015 1036709.9478664342
5700891.190174872 -2649773.6165341083 1033528.1413228606
5700822.700362246 -2651798.9573713327 1028700.0674243333
5699786.291614629 -2654705.770865492 1026944.2536259748
5698884.216969334 -2658038.838406478 1023322.6349009204
5696697.825851317 -2663437.7871236294 1021456.819969823
5695515.846517774 -2666762.4958533784 1019371.3909928857
5693543.369480774 -2670929.253666663 1019481.153209395
5691881.773545381 -2674635.6890900605 1019042.1024803814
5690502.667147009 -2678111.236473252 1017615.1533209844
5688592.752934714 -2682914.520004083 1015639.2910920266
5686171.499345901 -2688083.7929725465 1015529.518027272
5684442.464064691 -2692730.7424860448 1012894.8717456785
5682467.896277596 -2697018.8464968675 1012565.5284549093
5680267.325458766 -2701321.1275646854 1013443.7710589395
5678655.408647041 -2703471.7703502323 1016737.0047180768
5677579.485400463 -2704904.6333382935 1018932.3390219992
5677711.721477121 -2703508.7373925666 1021895.8433438052
5678853.5112330485 -2702228.836803286 1018932.3390219992
5680466.884179879 -2700200.481554126 1015309.9709697523
5680621.941651457 -2702219.215604386 1009052.3608051494
5681132.845606305 -2703678.261987274 1002244.7037678387
5679794.556760554 -2708757.991426349 996094.8433141679
5677455.33700987 -2715065.459738053 992250.6969488732
5673863.864880334 -2722722.920905729 991811.3423326954
5671392.049991037 -2727628.2325713346 992470.3724435547
5669157.579695243 -2731550.422433798 994447.3974452915
5667254.733469297 -2734656.58594782 996753.8025520878
5666320.444157257 -2735790.930140191 998950.2543611344
5666304.742556116 -2735783.3491538325 999060.0737586858
5666907.044260835 -2734976.5722362106 997852.0436547666
5667408.069729381 -2735218.378376291 994337.5652960425
5667733.947219648 -2735619.581573707 991371.9828825496
5668421.550513393 -2737049.3721856936 983462.6886126575
5667578.673275043 -2741035.027346348 977200.0619618801
5665932.312796229 -2746464.470175311 971485.9447651465
5663492.257690823 -2753465.173619905 965880.9371441305
5660166.740744806 -2760525.4885496367 965221.4740846291
5656938.171906269 -2767633.527256015 963792.601153483
5653776.533850238 -2774162.832625958 963572.7701430296
5649869.177714124 -2782530.3996211663 962363.6786059628
5646580.117947534 -2788629.4132597046 964012.4309895844
5643345.46744965 -2795245.3840364884 963792.601153483
5639666.322555116 -2803604.4640637026 961044.6292028974
5637861.724299559 -2807494.9308253573 960275.1642461277
5636404.538433869 -2810944.6445152573 958736.1913441416
5635623.881939073 -2813257.9616636503 956537.5593535571
5634877.334775495 -2815834.4172827494 953349.3360145213
5633961.639522675 -2819187.3266294166 948841.43130401
5633217.78249231 -2822627.1635366897 943013.4201999683
5632456.068571413 -2826305.211632024 936524.685373923
5629947.667861358 -2833292.5346377273 930474.9702751666
5627446.202125018 -2840162.480157245 924644.4335504026
5624212.147480101 -2847773.717555879 920903.6723432235
5620060.240126368 -2856277.858240013 919913.4165119033
5616230.906698613 -2863835.388510786 919803.3866846458
5613214.586774617 -2869460.6948643387 920683.6174546217
5611152.817506856 -2873102.2755333707 921893.9054521566
5610465.000921145 -2874233.376319184 922554.0482224977
5610134.842154031 -2875547.7538901763 920463.5614441952
5609803.131170334 -2877108.801721009 917602.7313445681
5609794.0320222145 -2877722.478671276 915732.0863866202
5610612.62206485 -2877523.9666248513 911330.2511308265
5610753.418488534 -2878709.4258919735 906707.8461113747
5610229.116222832 -2881285.9408141146 901754.7287109231
5609294.167491012 -2884889.8426520946 896030.4338101912
5607650.4910875335 -2889615.9461156502 891076.1211927411
5605287.062392244 -2895954.5098153884 885350.453356202
5602100.937987542 -2902985.0439373353 882487.3456742932
5598452.3780753035 -2910148.6770118102 882046.8514253633
5595218.501343744 -2915293.3787749084 885570.6848647615
5593728.517762319 -2918117.8505509533 885680.8002144176
5592041.1482198015 -2920714.9814091926 887772.9405588241
5591944.967851589 -2920664.7465423685 888543.7045097423
5592329.243006677 -2919995.8936968977 888323.4875908778
5592501.657045735 -2921700.952271953 881606.352877444
5591460.819500129 -2924884.954674151 877641.6728459006
5590523.9824575335 -2928124.083334491 872795.4824377258
5588413.281575235 -2933360.4905092428 868719.8783456571
5586134.400841522 -2939256.4567720583 863432.0685836799
5582481.853363963 -2946671.587412763 861779.5035833705
5579148.6616081735 -2953009.8504038956 861669.3304819927
5576446.688752708 -2957562.8702676096 863542.2374808218
5573171.724737263 -2963183.20153759 865415.0684581992
5570994.643579124 -2966017.8656753437 869711.2749110435
5570361.715660859 -2967303.2134956773 869380.8117724028
5569765.147068335 -2968358.3168499935 869601.120796381
5569455.527491654 -2970065.782502653 865745.560138525
5568353.026135337 -2973348.515582278 861559.1571181351
5568751.137465499 -2973686.0027177413 857813.106811316
5567733.814295817 -2977015.308164223 852854.6348017508
5567660.503263281 -2978850.7041472476 846903.7742291174
5565981.700347388 -2983452.6825642684 841723.7090031807
5564505.897430436 -2987289.0624147807 837865.8454901444
5562871.417131787 -2991040.878915612 835330.5077117083
5561204.586557929 -2995151.4055256336 831692.6141459184
5559170.733214736 -2999565.7700695824 829377.4472431785
5557478.880994252 -3002912.2666092194 828605.7001679102
5556980.130119931 -3003895.936275931 828385.1987313747
5556158.118392187 -3006083.610871357 825959.616370683
5555140.904280219 -3008416.623404824 824305.7403744515
5554658.288316843 -3009910.811534707 822100.4845148086
5554796.954420526 -3009985.950739137 820887.55107717
5555009.258090194 -3010853.5610732385 816256.0727521877
5555321.852310529 -3011022.989309581 813499.0320155972
5556273.580677226 -3010158.874024546 810190.3787379547
5556796.98049965 -3009815.2122492758 807874.1892292498
5557557.400060944 -3009474.4037709576 803903.3263243081
5557376.864902736 -3011509.4063028414 797505.15809827
5557318.820201153 -3012607.3285262175 793754.1273897019
5556525.80949776 -3015315.1577747054 789009.7766690656
5555841.157205066 -3017956.8593940022 783713.2324664243
5554837.901445042 -3020802.804565852 779850.8220145211
5554510.2715714285 -3022257.822339704 776539.952812455
5553422.167958576 -3024681.3603545 774884.4383198769
5552998.129169097 -3026587.115480396 770469.4736669023
5552517.45539392 -3027833.6811074745 769034.5291968323
5553504.252945983 -3026611.535193313 766716.4583766719
5553797.7487610085 -3026268.6174639077 765943.7451994987
5554765.142964547 -3025412.8141041207 762300.8007083829
5555189.95764417 -3025769.909407181 757774.36603214
5557017.460460178 -3023873.4147023633 751922.5465411915
5557295.161391537 -3025030.308036195 745186.6374517567
5557230.257673099 -3027258.519200469 736572.278280121
5555834.250564095 -3031529.656318096 729503.0658762155
5554889.905307942 -3034160.538999773 725747.1760086517
5553467.516848233 -3037789.629906149 721438.634775114
5551023.914437681 -3042749.613904177 719339.4806535591
5549909.525116971 -3045666.819093932 715582.9023154299
5548592.520890182 -3048221.0388116622 714919.9505311704
5547713.786528997 -3050259.7427830924 713041.5445911451
5546852.11244732 -3051929.637648173 712599.5575941732
5546087.83398268 -3053653.192039946 711163.0758789112
5546855.562140107 -3052309.902045264 710942.0754406067
5548903.702952194 -3049022.4000802357 709063.5367668961
5551114.442866738 -3046328.0511362916 703317.0316837654
5552873.517439035 -3044771.818311548 696133.0862270775
5553892.21817949 -3044447.9113739217 689390.4146245939
5554428.909565162 -3044616.034904912 684305.2597976037
5554729.799821319 -3046041.8600354465 675460.4636015379
5553775.356336881 -3049680.4228555597 666835.5192974336
5552550.506032466 -3053423.9280813797 659868.3151801424
5550115.669985845 -3059153.802031417 653785.1828347759
5547518.963197491 -3064542.919968222 650577.4701270183
5543853.544346826 -3071869.9033255694 647258.9712593297
5540868.247634368 -3077297.8790063425 647037.7316820963
5538166.352066779 -3082250.6451134635 646595.2501627118
5536115.592341719 -3085793.4105113395 647258.9712593297
5535004.535413458 -3088086.9738685195 645820.8999219652
5534617.369591972 -3088757.685725672 645931.5219753835
5534886.29387734 -3088021.004609575 647148.3515692792
5535911.168510823 -3086692.6524167545 644714.6685732866
5537253.080869327 -3084907.586704507 641727.7459297739
5538226.215121224 -3083803.3423806042 638630.0460096227
5539463.157030732 -3081832.8206922794 637413.050700234
5541055.57636564 -3080312.979497686 630885.130562864
5542247.709762844 -3078823.452811662 627676.2462013159
5542237.472549008 -3079830.495465483 622807.2872682369
5542271.855487855 -3080482.6418682784 619265.9953650169
5541975.102795799 -3082343.73350398 612625.5532707052
5540509.813927711 -3085961.7338195373 607644.780420465
5538679.619370625 -3090264.1346219657 602442.2397521735
5537559.679428983 -3092808.4280123548 599674.7655005545
5535312.883896622 -3097767.06606065 594803.7338467594
5533546.052471209 -3101091.8126306073 593918.0539566979
5531334.579304697 -3105055.814474547 593807.343155956
5530720.273377393 -3106107.5455476395 594028.7645765218
5529400.626366268 -3108413.812612954 594250.1852732818
5529816.122434034 -3108139.3515313254 591814.5178441077
5529270.305796211 -3109991.7835186394 587164.3653073875
5529296.899605264 -3111150.154518447 580742.2079162709
5527050.081601813 -3116493.6070148177 573433.5121887721
5525561.764644771 -3120867.6542092995 563908.9199559684
5522364.759868051 -3127712.6297307317 557263.1019458979
5519907.24769206 -3132558.762847821 554383.0572645557
5513148.863958603 -3144262.019887162 555380.0087571304
5511738.307965257 -3146773.093673041 555158.4651643855
5508996.555287226 -3152095.9596580556 552167.5605654863
5507655.706326716 -3154902.4733022735 549508.8757408353
5506326.237157704 -3157971.1967317304 545188.307469481
5504174.523105214 -3162101.302497447 542972.5333232136
5501875.135299027 -3166913.752991408 538208.3952264098
5499300.741455803 -3172335.866562067 532557.5130890165
5496604.557442819 -3177560.619059246 529233.2673808913
5494481.14501368 -3181837.1051618783 525576.4295554335
5493099.733299509 -3184622.8178307978 523138.4407365738
5491032.033996842 -3188676.2256036378 520146.25817230094
5489661.97769926 -3191340.8826715723 518262.23207183
5487086.687468006 -3196125.3961996287 516045.67237711925
5483431.634818949 -3203103.3849429036 511612.3646219871
5480120.549869152 -3208870.9178772722 510947.3468991602
5476535.727902649 -3215249.047244606 509284.7780942006
5473372.650669284 -3220718.2464685636 508730.5807300693
5469910.471987855 -3227169.3345979815 505072.78115933185
5465494.090372842 -3234988.6152656428 502855.8513144938
5461103.843183099 -3242566.174697679 501747.363398394
5455708.312502863 -3251738.6694325684 501082.2633102057
5450234.096309729 -3260735.1526290704 502190.7604008167
5443886.3292354755 -3270758.281359905 505848.6920796522
5439578.580227722 -3277092.019217872 511169.02009636984
5436527.714875202 -3281335.246650524 516378.16034643684
5433956.595183085 -3285608.735747751 516267.3311805837
5431007.5977891525 -3290949.158804217 513274.8843673508
5428478.385044979 -3295378.007371136 511612.3646219871
5425528.494653141 -3300848.5699560777 507622.17438341276
5421971.291977748 -3307247.839094059 503964.32391272835
5419120.980310127 -3312520.9507439854 499973.7509557562
5415984.797608513 -3317879.650213847 498421.80808057095
5413169.912684694 -3322785.4834367544 496315.55231239647
5408528.505058359 -3331123.6938573266 490994.2425258317
5404163.351122389 -3338461.1542872014 489220.39583506004
5399605.397328489 -3346070.883055955 487557.3799115196
5394736.472309328 -3354140.476841658 486005.2015646801
5389356.9550923025 -3362937.4079006403 484896.48497462756
5384463.851533852 -3370861.92687492 484231.2479284544
5379465.986655951 -3378720.8469741447 485007.3572988756
5375183.568215613 -3385719.9063213803 483676.8796666057
5371073.763268007 -3392172.62126492 484120.37457096006
5367561.3502587415 -3397822.433147292 483455.1313302748
5364572.763449784 -3402491.656875306 483787.7536137833
5361915.464730626 -3406583.1628616275 484452.9942008934
5359146.783348908 -3411392.2541743484 481237.6156124013
5355537.014091206 -3417243.5510461982 479907.0780184594
5353020.374939306 -3421556.6893579955 477245.9397357004
5350500.082878779 -3425604.5352966893 476469.7586090112
5346983.593235346 -3431780.0339523973 471479.85348020843
5343878.0483782245 -3436902.30712321 469372.9171485039
5340186.738412205 -3442966.73614829 466933.24219079316
5336788.725098316 -3448560.9888207153 464493.4983908593
5333544.603915031 -3453858.9697213396 462386.39180267294
5330818.123848762 -3458699.952836418 457617.48949851503
5328274.421403521 -3462734.4965073685 456730.22334288165
5325375.600110875 -3467729.079324551 452626.5018209179
5322991.853443075 -3471603.5634675836 450962.7770646202
5319515.847909792 -3477414.5364674977 447191.55336512224
5315378.495156644 -3483721.135511928 447302.4739633979
5313231.918253945 -3487221.333149692 445527.7280632289
5310046.671895436 -3492295.6152004604 443752.9474198904
5307016.862249315 -3497206.9200312747 441312.5675604494
5303492.690394576 -3502855.6268998776 438872.1226361655
5299701.682010991 -3508727.2344191116 437762.8080770425
5295400.528430775 -3515325.614339294 436875.34682690934
5289942.135318533 -3523286.0322367293 438872.1226361655
5284772.99509709 -3530772.1847904874 440979.78343950125
5280652.540204297 -3536557.101102062 443974.7968955943
5276257.019877734 -3542958.41188882 445194.9593348824
5271022.226140249 -3550532.7646231027 446858.7907530965
5267478.269707889 -3555634.818802994 448078.9143342638
5263685.849053378 -3561372.093786581 447080.6326306243
5258779.032380935 -3568766.2443876304 445860.4955701358
5252531.305488207 -3578065.792256724 444973.11283785757
5246587.74767045 -3587036.118556935 442865.54411278263
5240759.419761144 -3595682.563182438 441756.2778395152
5233809.414125521 -3605981.293174562 440203.2824573114
5226750.100046431 -3615935.191322632 442421.8392204381
5219992.771653185 -3625152.797453828 446747.8696101343
5215457.499620731 -3630780.452574917 453957.459295207
5212758.462441698 -3633901.4035014734 459946.52066570485
5209420.271109127 -3638333.7500759955 462719.0962292814
5207134.2897324655 -3641336.3065432557 464826.1947677822
5204308.651566138 -3645585.3813093253 463162.70015793614
5200393.761914035 -3651238.061132401 462608.19489465246
5195248.578839589 -3658737.3089456297 461166.46473318886
5190827.261763212 -3665118.8745995793 460279.2343672942
5184751.018355318 -3673862.062867486 459059.27796587115
5179696.34788685 -3680610.4296490364 462053.6861084059
5173839.793669188 -3689101.7860141345 459946.52066570485
5167974.733216669 -3697451.3298660256 458837.4658918626
5163040.377211112 -3704694.4735732446 455953.858151892
5156047.684300245 -3714556.437542877 454844.7532190023
5148706.325612446 -3724440.39240597 457173.85753480333
5141305.664630864 -3734554.681104115 457950.21200773545
5134015.768646781 -3744475.0006859847 458726.55964518647
5126443.625450401 -3754875.742613554 458393.84006687696
5119390.204053568 -3764419.1225845264 458948.37199876877
5113084.629699725 -3772722.4041538 461055.561428775
5104539.905106192 -3784058.8989422373 462829.997422958
5096077.166064064 -3795041.0009840922 466156.96752287843
5088326.578256365 -3805031.2347807833 469372.9171485039
5080741.660516533 -3814728.743704152 472810.5234119173
5073163.676785851 -3824291.4403691506 476913.29155299405
5066341.293731432 -3833173.063451969 478132.99515716673
5060059.56102967 -3841351.0694684214 479020.04125718423
5053985.392783661 -3849408.172988133 478465.6385379594
5047931.475347657 -3857480.950636016 477356.82217255916
5041698.135691679 -3866115.171625557 473364.96309902705
5037016.044841388 -3872726.117342215 469151.1313701633
5031620.21523772 -3880188.1174506443 465380.68589698675
5025156.766353946 -3888647.9948117817 464604.39732470486
5017628.87615431 -3898528.1548765097 463162.70015793614
5010652.374459972 -3907713.7781808623 461277.36789712333
5004087.700577042 -3916377.3904269002 459059.27796587115
4997040.406237441 -3925649.8799694693 456619.31444699684
4990961.0827940935 -3933850.2911056327 452515.5878010489
4983853.709263196 -3943218.6845307783 449299.02139982115
4976905.661369427 -3952148.15996083 447857.0749102584
4970602.1318734735 -3960173.420872389 446969.71175993775
4963149.048820825 -3969410.1022244813 447857.0749102584
4955846.271661359 -3978198.2520203395 450740.9447593158
4949329.240796933 -3986051.804771885 452959.2430531226
4942860.88167246 -3993944.068013135 454068.3715200278
4935738.777781177 -4002591.0593400663 455399.3074194792
4928696.058990522 -4011159.272415358 456286.5869249122
4923991.917795078 -4016768.515602992 457728.39714103186
4919173.685458245 -4022427.4336176906 459835.615818248
4913744.865358275 -4029019.422425906 460168.3299402618
4908725.589456517 -4034943.047992721 461831.8816084236
4902352.326250153 -4042480.9048669576 463606.30182919215
4895045.152120571 -4050828.8359004976 467931.2993783557
4887926.532465778 -4059043.673747681 471147.1827635292
4880510.622849551 -4067298.430588549 476802.408534828
4874499.140414656 -4073979.5639419286 481237.6156124013
4869071.559107528 -4079846.9125776147 486448.68405731424
4864866.957906017 -4084568.4234019695 488887.7953291556
4861208.294650683 -4088589.7233226923 491659.42517098435
4857948.678388599 -4092221.943839058 493654.9407273709
4854591.694815424 -4096496.9604266835 491215.97067283763
4849297.256607962 -4103054.2564677135 488776.9281959616
4843393.494224983 -4110258.438535173 486781.29437101027
4837098.841721775 -4118004.11774941 483898.62741359073
4831413.269968026 -4124958.628881305 481459.36982732743
4823637.720327622 -4134357.549791783 478798.2806070114
4816254.5973530095 -4143071.2615849376 477800.3504655453
4808855.6149482 -4151771.686617239 476802.408534828
4801914.743405328 -4159695.7302962826 477689.46861053375
4793633.8164211195 -4169540.0208868072 475028.2605141851
4786872.180378415 -4177326.2413102146 474806.48940413346
4780332.477267984 -4185159.4922984354 471701.63323994604
4776128.048349224 -4189731.784454646 473697.6251812206
4770202.25120086 -4196776.8935259525 471036.29223755177
4764080.686428065 -4203650.0547026815 471701.63323994604
4751353.685830698 -4217856.058735663 473254.0754498603
4743800.35235706 -4226274.91061061 473919.3991812564
4735616.023341932 -4235319.354095982 475028.2605141851
4728463.390475398 -4243054.475014396 477245.9397357004
4722948.041128746 -4248980.626102171 479130.9213634107
4716633.147274072 -4255976.979484206 479241.80132368556
4709290.904091812 -4264137.215914092 478909.16100503976
4703785.459424307 -4270370.937389672 477467.704464007
4698974.807416172 -4275738.090959682 476802.408534828
4694100.476346221 -4281347.48660295 474473.83165438316
4687794.198133298 -4288202.425590587 474917.3750314934
4682819.227445054 -4293720.441704696 474141.1726038358
4677450.32751018 -4299629.639317649 473586.73796474084
4671386.481678822 -4306557.346583501 470481.8374560525
4664019.247970646 -4314848.431854137 467598.61493081227
4657541.674698298 -4322150.650081906 464715.2961170237
4651648.974231538 -4328634.6143452665 463384.50127587415
4643663.28967956 -4337413.182478626 461388.27092054475
4635963.674791936 -4345700.640497054 460833.7543986443
4629540.157204654 -4352295.859200281 463162.70015793614
4622650.7853196 -4359518.139214745 464049.9012408872
4616570.006694228 -4365673.235092179 466711.450139205
4609683.536901078 -4373050.392844939 465713.378873623
4605705.980209453 -4376919.767238593 468707.55809881305
4601526.359853714 -4381514.927125784 466822.3462361002
4596970.868679011 -4386364.954509191 466156.96752287843
4591365.884473879 -4392513.213134779 463495.40162312746
4585990.152756861 -4398113.745200477 463606.30182919215
4580212.47245113 -4403943.1790609155 465380.68589698675
4574493.001355046 -4409366.197273452 470260.0545399974
4568160.183121986 -4415583.10534789 473475.85060399835
4562309.330573165 -4421030.917358417 479020.04125718423
4557086.18214749 -4426005.02231505 482789.8827879107
4553152.245503627 -4429602.877203139 486892.1641790566
4547857.415475911 -4434660.229016142 490329.0544963246
4544841.660223679 -4437603.6656213235 491659.42517098435
4541002.921666235 -4441137.637770197 495206.97470822436
4537293.511817531 -4444642.491196131 497756.6805904107
4530609.970350037 -4450819.315398433 503410.08953045466
4523750.73914136 -4456665.697940073 513274.8843673508
4517871.871820211 -4461140.889224663 526019.6919351174
4513622.492346589 -4464107.649992869 537211.2115901015
4508404.454729106 -4468451.887527649 544855.9455758266
4503716.255932899 -4472539.751426231 550062.7763791563
4498934.750906882 -4477158.636867603 551613.6758676828
4493648.471488634 -4482368.869496515 552389.1132674449
4487596.69426341 -4488536.67275496 551502.8984238937
4480803.135780348 -4495372.884374172 551059.7869691008
4475611.066333832 -4500677.65834887 549951.9965864745
4464400.077504233 -4512027.663053355 548068.7145071025
4459402.527001809 -4516899.746108174 548622.626016998
4454414.74217206 -4521939.465134129 547625.5822938608
4450046.504852376 -4526345.460932296 546739.309862355
4444376.71866904 -4532272.567689003 543748.0618138766
4441568.4173749555 -4535421.982302504 540424.3112819433
4440109.028561204 -4537415.692596231 535660.0107071229
4439141.034880983 -4538961.422326915 530562.9831262546
4435997.454237187 -4542562.148138171 526019.6919351174
4432362.875032857 -4546453.832545031 523027.62122766534
4427967.604635728 -4551153.500841955 519370.4882553097
4422010.965317631 -4557268.825347666 516488.98935499205
4416858.583336901 -4562463.040554755 514715.7063612794
4411147.899492225 -4568196.472454608 512831.5492036373
4405371.692587797 -4573542.924932425 514826.5377257565
4398126.09150345 -4580398.833170102 515824.01294486877
4390551.67279927 -4587071.155448236 521032.8428557363
4385231.71559241 -4591930.520815334 523027.62122766534
4380999.155770914 -4595360.386306354 528346.7773166214
4377854.905731404 -4598164.628446458 530008.9377240004
4373195.865730354 -4602109.120715136 534219.5812486642
4370065.554809198 -4604927.262287721 535549.2094191706
4367862.876989505 -4606952.162928607 536103.21422688
4365707.339958487 -4609187.8936379375 534441.1875726496
4362546.08958349 -4612295.541724411 533443.9539904105
4359868.122658387 -4615108.162440402 531006.2165391237
4356462.581666092 -4618118.792242756 532779.1242883978
4354888.535452549 -4619679.775428013 532114.2887438084
4353623.771449047 -4620922.736717502 531671.0618051396
4353200.396189413 -4621766.129930246 527792.7157946876
4352140.332724643 -4622903.372655723 526573.7663041871
4349720.985116277 -4625506.942973074 523692.5358900846
4347441.235931935 -4627612.074153866 524024.99106815073
4345646.062082818 -4629585.720936085 521476.13138935796
4344166.502166515 -4630924.154336221 521919.4173813681
4341653.8571410915 -4633591.184867421 519148.83828320785
4339513.575523755 -4635521.174087843 519813.7863007317
4336855.377589956 -4638033.0361500215 519592.13759457436
4332046.536155312 -4642301.24603238 521586.9531257209
4328137.522591076 -4645746.529133838 523360.07927628566
4323862.731850834 -4649123.612746239 528679.2122987281
4320433.326018611 -4651944.438304525 531892.6755985215
4317948.823610148 -4653665.341615879 536989.6134255282
4316202.4842734495 -4654552.276685745 543304.9036694233
4315592.007741411 -4654219.7855867045 550949.0086856624
4317197.294226043 -4652203.947442573 555380.0087571304
4320704.295734391 -4648655.251393194 557816.9435548313
4329208.11590051 -4640883.128688234 556598.4864137312
4335858.843305404 -4634696.730562012 556376.9465462525
4340076.652612236 -4630773.889300385 556155.406000845
4344176.929269803 -4626887.6394951 556487.7165647497
4348567.991679233 -4622987.254560189 554604.6032236726
4353228.691742341 -4619049.49112948 550838.230234395
4357738.596319556 -4615596.582595884 544080.428683166
4359735.05503288 -4614321.9381715 538873.1769411564
4362419.521971493 -4612645.4881356945 531449.4473639326
4366012.689753635 -4609993.717711633 524911.5311835906
4369556.86486102 -4607611.295183396 516267.3311805837
4371274.268638236 -4606845.012180325 508508.90069940314
4372339.586285793 -4606840.3953234395 499308.63623049116
4375989.4111448815 -4604244.188105559 491215.97067283763
4378978.094225425 -4602560.338226303 480239.7143927635
4381912.337984443 -4600978.846393352 468485.7706063437
4383756.562861152 -4600502.984116102 455732.03827536496
4386311.125938272 -4599163.978682355 444529.41821751976
4389607.059740958 -4596993.980399229 434323.848350048
4391670.391961766 -4595781.140110418 426225.15243914456
4392914.2359109465 -4595316.17399094 418347.67477328365
4393529.5041587455 -4595478.040748067 410025.69808356726
4394171.156538043 -4595667.419334292 400926.2000897487
4393303.001236774 -4597168.342975293 393157.6855025791
4391626.234564806 -4599269.264304927 387275.41918143997
4389905.712495527 -4601485.558900628 380393.8572428626
4388763.844669105 -4603183.259288034 372956.8301233359
4384917.125355704 -4607514.177427238 364631.1952771819
4379287.513178472 -4613515.8685923945 356304.93564541405
4374199.186758631 -4618799.153868912 350309.64985275397
4369032.287755253 -4624162.083128383 343980.9551557676
4363228.099179995 -4629983.282551093 339317.4882370952
4356576.625524275 -4636525.322411745 335431.12641820684
4351203.770045106 -4641672.00932787 333987.5886427847
4344564.252928351 -4647903.07991281 333765.5043801674
4337693.661263442 -4654212.027541875 335209.0448056259
4330147.904703709 -4660935.93236021 339317.4882370952
4323029.308956491 -4667466.449507883 340316.81801145774
4315379.198307846 -4674239.482039231 344425.08526172437
4306703.814622211 -4682028.9208549 347200.86030539847
4297164.944109225 -4690354.316558824 352974.2600484671
4286632.7724355105 -4699730.552607943 356304.93564541405
4276140.049297708 -4708983.967931436 360190.60031725554
4265323.211072079 -4718374.142808673 365519.2930124052
4252827.950623329 -4729050.202039075 373067.8343024992
4240496.442337227 -4739573.119284324 379838.8730537986
4227506.0507911015 -4750354.472078351 389828.1417879282
4214006.813877195 -4761393.4657011535 401148.1489112569
4198756.539800693 -4773796.264117951 413465.53444562294
4183208.673091621 -4786188.634273195 427556.4927879383
4167454.3186429855 -4798503.835754611 443087.3957496627
4150437.322058474 -4811722.53750977 459170.1837931362
4130816.398423482 -4827173.856659125 473697.6251812206
4112894.1376453736 -4840673.798547385 491548.56177101523
4095540.259364668 -4853629.816544741 508398.06045170204
4077843.7604093957 -4865473.286262108 536657.2149519299
4061403.430917471 -4875512.888231609 569225.129469228
4045824.446057448 -4884656.978055121 600892.4682681214
4033852.070062476 -4890844.527293826 630331.8861462552
4023357.1707141795 -4895501.577497408 660531.8929341687
4016115.370306075 -4897484.210262082 689279.8724936664
4008493.4367087833 -4900213.2090761475 713815.0134721624
4008114.3260222306 -4898179.605136765 729723.9925873325
4007196.1758127664 -4897406.356934501 739885.6557665467
4005859.7954205 -4897342.503707129 747505.6526991853
4005171.778720578 -4896326.99409719 757774.36603214
4006779.58580871 -4893411.003146515 768041.0829058602
4012685.028088198 -4887209.239233217 776650.318554168
4023484.140694453 -4876713.146419364 786692.6064993677
4034074.514844933 -4866665.824497697 794636.7480457724
4046319.61886493 -4855165.022553358 802689.9437287283
4055069.8696290925 -4847401.730253848 805447.5885855575
4061924.5590146976 -4842701.030886067 799159.9353873312
4071735.0541175017 -4834655.740807752 797946.4373912491
4080839.4371387125 -4827483.008846637 794857.4007898603
4088827.494141396 -4821209.304011696 791878.5071363188
4093423.2337009194 -4817416.700791221 791216.5068647956
4099448.877288629 -4812580.058055626 789451.1304078919
4106241.494801267 -4807111.46605254 787465.008313679
4110663.0674267756 -4803962.600761867 783602.8819336827
4114692.39321948 -4801033.146223599 780402.612786549
4119141.787342843 -4798253.187529525 774001.4755339678
4124763.9212119733 -4794803.331361031 765391.8002155366
4127898.2835990866 -4793367.984773994 757443.1482318747
4130138.0800104784 -4792584.5497467965 750155.8328611894
4132758.5683452385 -4791734.305003151 741100.5100692967
4133128.416415991 -4793177.921923454 729613.5293429004
4130775.0287160887 -4796708.497789778 719670.9313060563
4127249.5178818232 -4800912.002981774 711826.071993564
4123098.519675213 -4805746.580138843 703206.516278033
4118812.886978128 -4810256.932682081 697459.4207886745
4112741.4731053757 -4815912.154053732 694254.0600072718
4107640.9622240085 -4820151.771966543 695027.7840973089
4104108.7185553485 -4823334.700786459 693811.92730248
4100420.3786618924 -4825992.798682093 697127.8400141896
4093565.330896742 -4831409.3733898215 699890.9546502295
4087089.9743709397 -4836246.646523736 704311.6606903975
4083171.2883386714 -4839314.055235729 705969.3370711238
4080388.4015639466 -4841499.48321348 707074.4277839683
4074959.363762184 -4846375.739025995 704974.7370417815
4068410.991263887 -4851809.988809395 705416.7836482017
4061251.8917513774 -4858236.520519853 702432.9024419422
4054744.119165145 -4863892.519687647 700885.643327233
4046264.48443539 -4870980.787916339 700664.6028926597
4037654.4965995126 -4877738.443073108 703317.0316837654
4031649.949181579 -4882095.876656511 707516.45804015
4024857.0756468503 -4887232.557940578 710721.0741360408
4018360.23670475 -4892205.899355318 713262.5367865365
4011536.825978557 -4897302.511044102 716687.804513951
4005599.1787982387 -4901560.826240237 720775.7525596968
3998684.525858829 -4906192.484954281 727625.1529704677
3993026.793980357 -4909215.413632828 738228.9923220424
3986992.214091345 -4911770.217771752 753689.2015847255
3982650.066207291 -4912550.740293862 771352.4967077544
3979486.5109361657 -4912327.939641122 788899.4376334097
3979658.4758051005 -4908685.515261894 810410.9625435119
3980808.26369401 -4904676.7168604545 828826.200594815
3983371.586520006 -4899790.116615926 845250.6236720431
3989689.0706629558 -4892016.430720884 860347.2328016558
3996650.747780173 -4884692.179756863 869601.120796381
4006418.2284362563 -4875758.125093091 874778.0772529667
4016082.312687124 -4867741.670283598 875108.5013335698
4025144.7782177404 -4860725.796174131 872465.0415883703
4034766.0997719867 -4852484.690108954 873896.9346490231
4039969.060259139 -4848233.181751901 873456.3569570759
4047349.0916082896 -4842292.373773511 872244.7463599036
4052969.95066979 -4838539.092018151 866957.3426529659
4056124.656778778 -4836643.452282546 862771.0496786574
4059449.979767532 -4834949.9939077925 856601.0846224827
4066029.0232119597 -4831302.314626076 845911.8908531256
4068847.2293117633 -4831569.10823627 830700.4134216903
4069111.905465083 -4833937.831183034 815484.1169880544
4065502.069234516 -4839241.8627269305 801917.7757607419
4061975.2182159564 -4843619.835422058 793312.8112575992
4058695.5661912207 -4847608.440746213 785699.5011999098
4056463.9706330444 -4850100.162222327 781837.2409695983
4051742.312696014 -4854948.511181111 776208.8541681652
4046843.2560232854 -4860103.626701803 769476.0547923719
4041448.9959450527 -4865529.327680784 763515.1436958556
4034982.075507321 -4871566.627331193 759209.619148512
4027781.2684799978 -4878104.712977202 755455.7978540235
4020474.888237866 -4884690.491347381 751812.1286526273
4012486.6294588693 -4891491.857935607 750266.2541814481
4001330.888018016 -4900874.955214116 748609.9103992665
3990292.8857233743 -4909529.048738363 750818.3573539061
3977164.888192527 -4919460.030289631 755455.7978540235
3967989.048430652 -4925141.525144623 766606.0714803294
3962191.901284334 -4927972.854635015 778305.7762712891
3958977.128723973 -4928376.484409176 791988.8396708322
3955916.269113291 -4928617.071111952 805668.1935565182
3957554.203224767 -4924844.399112243 820556.7457956525
3960445.2055360363 -4920874.005327092 830369.6752909141
3970328.277028892 -4912231.044684258 834338.3823515374
3981642.435016049 -4904129.928572281 828054.4446841007
3990031.4589174404 -4899415.843933783 815484.1169880544
3996310.7035261206 -4896644.844259937 801255.9079751841
3995615.1005706065 -4898933.566543434 790664.8333435473
3993204.2849303843 -4902438.004613541 781064.7538677132
3989866.558972272 -4906204.63751135 774442.9588141929
3985281.081382852 -4910537.892481351 770579.8523688064
3980439.9749774653 -4913855.584888969 774442.9588141929
3976254.5936875134 -4916929.682522155 776429.5868341946
3968656.255123763 -4922803.284822336 778085.0516553078
3957856.8382641464 -4931211.103087051 779850.8220145211
3943392.891467615 -4942279.275605341 783051.1256901603
3930013.312014885 -4952225.280423674 787465.008313679
3912052.2311716485 -4965265.897018693 794747.0745388634
3893922.413945566 -4977901.830357569 804675.4634603279
3876386.246219242 -4989490.445482028 817469.1214754559
3858204.282686193 -5001126.965392517 832243.8279048746
3844735.3987030173 -5008022.53248297 852854.6348017508
3833672.962907138 -5012604.044361086 875438.923015013
3820909.2385272584 -5017840.114802983 900874.1161844063
3817306.0099890274 -5015832.008151362 926954.7411313805
3821953.3095624275 -5007777.543366792 951040.4700516541
3832772.0568715185 -4995868.434760568 969947.3916805299
3846599.841613902 -4982667.555897194 983023.237724006
3856950.9159539253 -4973068.014229612 991042.4601239369
3864318.543762006 -4966796.533818197 993788.4000070797
3868782.010567679 -4963232.6129199285 994227.7328439013
3871371.742483364 -4960838.32578973 996094.8433141679
3872802.3649443467 -4959279.913390677 998291.3315867444
3872824.554379214 -4959129.899519599 998950.2543611344
3871052.605224573 -4959715.432916305 1002903.5607055519
3867395.9583579283 -4961633.049757136 1007515.2509190408
3862653.1069195555 -4964119.629753753 1013443.7710589395
3862116.8883498064 -4962894.3274726635 1021456.819969823
3863961.644348845 -4959368.873747637 1031553.0936912915
3869399.8861487694 -4952784.180868228 1042743.6783856958
3879363.8591478863 -4942915.092662417 1052505.3135577529
3894858.9810270704 -4929446.935001425 1058426.8670615936
3911105.1275861342 -4917109.176428931 1055904.8385379505
3925298.5030168486 -4907642.927753924 1047240.9254228855
3935595.0183681655 -4901721.6436281325 1036271.093769969
3942077.86282502 -4899277.814622324 1023103.1319346201
3943743.5921744206 -4900647.480281502 1010040.4710672552
3944939.282082615 -4901958.124055461 998950.2543611344
3943331.16411347 -4905742.037770051 986648.564072972
3937965.4492794024 -4912572.333881134 974013.441728272
3930932.733329055 -4919437.978632745 967749.3582678951
3922087.4210023484 -4927031.872855886 965001.6507122519
3916289.6231737905 -4930865.68639128 968958.2912542373
3912539.4854279584 -4932150.794976227 977529.6980565345
3911516.0991022927 -4930860.713253475 988076.6331398701
3914534.2026997893 -4926183.466231197 999389.5301252203
3922509.702444419 -4918042.677762364 1008174.0196699137
3935786.791976213 -4906519.5789572075 1012565.5284549093
3951092.980982979 -4895244.455059683 1007515.2509190408
3964040.5169086186 -4886457.1867775535 999279.7116407624
3972978.356304689 -4881607.378772661 987417.5306560054
3979140.9814361734 -4879082.734661819 975002.4195765448
3980221.1322529633 -4880233.269657354 964781.8261640494
3980004.8383891983 -4881881.360143574 957307.0938216739
3981383.2378763687 -4883050.030248811 945542.6564910617
3981203.5556106884 -4884744.180066383 937514.5567405393
3980426.749261558 -4887099.462575109 928494.8770247165
3976763.4011137765 -4890789.614866675 924754.4510162014
3977256.456087347 -4891570.407192823 918483.0069124686
3979538.420186528 -4890888.128487673 912210.6537843446
3984223.311249701 -4888971.970013088 901974.8790963206
3988450.4836260993 -4886839.666532253 894819.4305387421
3994045.2493646876 -4883594.343873102 887552.7198527502
3998280.0296408543 -4882335.232930552 875328.7827211611
4000714.0408661184 -4881482.470363816 868940.1905467723
4004555.6535494854 -4879912.528834492 860016.7024825792
4007991.6824064674 -4878540.872523492 851752.6805818131
4012849.5813671034 -4875772.953043697 844699.560606853
4018260.3331556083 -4873326.3839216735 833015.5165188026
4021814.7637879485 -4871744.454711811 825077.5562103302
4026131.7803504383 -4870217.662316997 812947.6052660339
4030867.773474738 -4867636.829741821 804896.0718650598
4035493.889783207 -4864748.03696904 799159.9353873312
4040737.430067022 -4860701.535809099 797284.5169940422
4044486.123363821 -4857962.464991466 794967.72679873
4048175.7874411233 -4854635.105228223 796512.2654807064
4047542.4101927043 -4854564.550357563 800152.7754767183
4048785.8386081243 -4852266.65881222 807763.8917812583
4052396.6118626227 -4847643.470568346 817358.8455632001
4058638.1726070005 -4841184.957588326 824636.520097087
4067591.8609470944 -4831789.732307343 835550.9772158118
4078125.0829306464 -4821540.425268279 843376.9830127469
4089039.172332281 -4811065.928922318 850320.1013118366
4102577.517579143 -4798920.008513487 853736.1794741167
4117284.2288527936 -4784926.042028335 861448.9834918319
4132779.7539244853 -4770170.227699855 869050.3462503054
4144599.2441935646 -4759924.479472617 868940.1905467723
4150939.3161888355 -4754456.9557867125 868609.7218481419
4155660.8946970287 -4750652.533228765 866847.1819259791
4160805.086600287 -4745825.447952344 868609.7218481419
4165775.019121061 -4740633.988859451 873125.9208942631
4172855.701006963 -4734341.590027589 873456.3569570759
4182100.750183959 -4727171.247162122 868058.9353923318
4190963.288968186 -4720063.690353245 863982.9104385537
4197199.135102802 -4715304.879828775 859686.1698057179
4202009.969680789 -4711760.367209885 855609.4066181275
4202253.914909572 -4711702.797943086 854727.8973348598
4205846.29761829 -4708115.856228914 856821.4546429091
4207658.417572695 -4706175.14636449 858584.3771993712
4210515.093047312 -4702428.34398854 865084.5744052886
4214155.313800312 -4697412.549214885 874557.7932001455
4219757.408440022 -4691123.646609885 881275.9761465843
4224370.045002635 -4686700.975243365 882707.5911859662
4228439.9649821315 -4683485.355805141 880284.8314612196
4230965.252044826 -4681844.911134304 876870.7225555463
4230445.026702191 -4682912.020708799 873676.6463353236
4232518.239229871 -4681756.19150069 869821.4287607764
4231598.968593245 -4682546.160712254 870041.7356653211
4229463.780220696 -4684290.604158937 871033.1036129172
4229474.324950864 -4683644.8670492815 874447.6507741099
4230169.1116052605 -4683428.1663828585 872244.7463599036
4228564.055454951 -4685266.55799553 870151.8887200652
4226825.733140523 -4686957.50791285 869490.9664168229
4225793.969939736 -4687458.143059002 871804.1527148278
4227297.336050822 -4685835.785082083 873236.0665145481
4229923.7215840705 -4683813.816209033 871363.554820684
4232761.647670094 -4682189.704169872 866296.3743308643
4235709.216429011 -4680357.306986501 861779.5035833705
4240896.995344894 -4676729.674199863 855939.9682998226
4247592.233112147 -4672136.672287114 847785.4307991198
4254327.396735118 -4667419.666424308 839960.1531409675
4261093.095374182 -4662568.631779514 832574.5531183254
4266299.210381809 -4659275.919483766 824305.7403744515
4270674.10403951 -4655889.640977502 820777.2829000094
4272974.158933451 -4653992.605094808 819564.3164571103
4274024.07429577 -4652853.515776037 820556.7457956525
4276517.856203725 -4650678.230522698 819895.1284847157
4281437.68257758 -4646091.021536576 820225.938264532
4287197.258191572 -4641437.986567742 816476.6293046318
4291356.015524565 -4637651.408934175 816145.7941029804
4294867.780083782 -4633815.5789014045 819454.0452818897
4299698.475527542 -4629294.502442588 819674.5873826772
4306344.107069531 -4622839.154284234 821218.3541081776
4311610.183661052 -4618300.093952424 819123.230258643
4315069.915317273 -4615380.49823667 817358.8455632001
4315497.316618158 -4615837.644857174 812506.4594086974
4313098.69090169 -4617632.033907305 815042.9939427758
4308216.502708436 -4621290.064032725 820115.6685877368
4304018.778437103 -4623092.465896328 831913.1004097802
4302447.591541653 -4622698.836094698 842164.5877179579
4301651.171490682 -4621357.91588658 853515.7948657313
4305369.46894125 -4616297.33087693 862110.0213122919
4305967.7299019275 -4615162.074298025 865194.7393531565
4307510.262126545 -4613101.434731289 868499.5650860331
4306903.191837218 -4612774.075139665 873236.0665145481
4306923.00372241 -4612149.75805353 876430.1736553265
4305321.398520043 -4612532.213580024 882267.099087336
4304364.260508986 -4612475.013403778 887222.3867659931
4304657.094087273 -4610691.096698798 895039.615406239
4304283.213595318 -4609645.447094941 902195.0283826895
4308560.260181728 -4604066.825759288 910229.7228313041
4313516.299091343 -4598572.423359483 914521.6260925819
4319623.214620621 -4592858.341094611 914411.5825755234
4323257.293283478 -4590617.799311174 908468.819893474
4327479.4191630585 -4587876.088941561 902195.0283826895
4327003.9890726805 -4589618.273892244 895590.0728031128
4323259.098994329 -4593831.535972803 892067.0277868719
4316268.931113558 -4599736.852948798 895479.9818692286
4311651.996787605 -4602537.868567633 903295.7583197086
4308551.295715921 -4603574.076537067 912760.8964129374
4307558.509334701 -4602352.302804397 923544.2434064897
4306086.885821407 -4601262.842222522 935754.7694450826
4307535.037823036 -4597338.99530472 948291.6535420304
4315898.316225692 -4586812.035820065 961154.5515974142
4323944.880509467 -4577722.026705803 968298.877686265
4332531.107049742 -4569526.657020533 968628.5857980263
4342762.845992033 -4560828.399033775 963792.601153483
4347948.477886934 -4557506.11565352 956097.8189607231
4348171.291561856 -4558695.40165888 949391.2018401488
4342644.659725122 -4564850.387069931 945102.8002436389
4338807.856970059 -4567996.22698426 947521.9525438184
4333860.584502004 -4571088.64355279 955218.3241974843
4332560.763121614 -4569078.759997263 970606.7786704022
4338657.3908327585 -4560180.936856564 985110.5867374839
4347633.790356533 -4549856.839791841 993239.2271499848
4358337.605068499 -4538327.146567011 999060.0737586858
4367718.297922653 -4528911.891045569 1000817.1427077348
4376993.619138832 -4520652.326462227 997632.3978648653
4383488.666961451 -4515202.401070398 993788.4000070797
4386068.770656133 -4513444.63212859 990383.406456617
4385917.693845874 -4513446.778797905 991042.4601239369
4384408.686248838 -4514888.546518444 991152.3013454078
4384840.703589311 -4513284.025037762 996534.1506869389
4384761.4299042495 -4512729.636251227 999389.5301252203
4387762.147196864 -4507782.740108133 1008503.399899852
4392960.459482828 -4501162.310291521 1015419.7446531693
4401901.6628094725 -4490525.009547625 1023761.6370925906
4409333.50875936 -4482273.41864648 1027931.9087503173
4416437.784093182 -4474161.923503269 1032760.0793541748
4423980.948931847 -4465406.050918584 1038355.6057092298
4430627.35476414 -4458709.271010621 1038794.4357858527
4437753.539764972 -4451872.496805271 1037697.351105928
4443458.698561363 -4446561.901288152 1036051.6648276051
4448170.919498396 -4442894.85423915 1031553.0936912915
4450147.300045424 -4440991.697473514 1031223.9091825507
4451023.086560041 -4440470.444652714 1029687.6774416893
4457014.790215723 -4434048.346925348 1031443.365835896
4461976.254560929 -4429387.558192357 1030016.8751361168
4467360.678159827 -4423291.708714243 1032869.8034366159
4474328.024269092 -4416910.115473833 1030016.8751361168
4478805.273203348 -4413927.40194323 1023322.6349009204
4482269.293152043 -4410715.082669317 1022005.5984091662
4486551.492310208 -4406613.608369857 1020908.033751641
4489450.125371752 -4401923.664638413 1028370.8584435319
4493464.429208048 -4396332.763722434 1034735.0646724327
4503573.493144643 -4385042.853396606 1038684.7287412655
4514651.23661863 -4372251.998803181 1044498.7652742722
4524280.819835946 -4363099.652678548 1041098.2105742568
4532431.054028693 -4355261.132551325 1038465.3137029209
4538750.056034592 -4350528.408485452 1030675.2620525202
4545337.266131887 -4344529.391897043 1026944.2536259748
4547901.471671271 -4342881.044453712 1022554.3690654914
4551206.233747329 -4340269.543057737 1018932.3390219992
4551900.816469645 -4339566.858244881 1018822.5752532328
4552175.202224308 -4337857.271844691 1024859.1207371915
4555217.985493639 -4333178.239080979 1031114.1803846685
4559627.542287148 -4327227.47597073 1036600.2348159342
4565642.390946749 -4318872.089834611 1044937.5242748616
4572402.955452226 -4311075.198636809 1047569.9712526811
4578725.469336489 -4303771.603507102 1049982.886191609
4585078.359386825 -4296197.56040164 1053272.9751976067
4592005.215481272 -4287361.4931751955 1059084.7595123616
4599562.247940995 -4279415.929119084 1058426.8670615936
4603424.129238276 -4274472.923143122 1061606.5729181932
4607463.069343923 -4269545.972732533 1063908.9488087264
4609328.072749846 -4266491.762823929 1068074.789289477
4611816.103651996 -4263417.5072802305 1069609.4542928091
4612954.704746169 -4260141.908407451 1077720.1919750362
4612468.846447255 -4260140.718437901 1079802.3891717098
4613061.626212279 -4257407.072769143 1088020.4269695438
4615639.296688007 -4252333.341238045 1096893.8133952282
4620078.729345656 -4246148.434124556 1102151.0831230935
4625698.895437437 -4239711.875110145 1103355.7652900992
4629271.642513282 -4236152.670741735 1102041.564547383
4632225.003167457 -4233065.504040682 1101493.9666339809
4634309.73215835 -4231409.659733607 1099084.4362174901
4635176.270603679 -4229976.247226904 1100946.360332223
4637432.348074457 -4226845.9391408805 1103465.279834795
4640106.0850775335 -4222763.867138691 1107845.5856365275
4646017.930392988 -4216890.865320763 1105436.484127952
4650167.848310937 -4212227.88207833 1105765.0075749063
4655820.7899935115 -4206266.532750654 1104669.917634216
4661790.73863031 -4200884.987996209 1099960.6478637124
4664964.769158328 -4197847.544630018 1098098.6725041205
4670941.942448561 -4192026.7032469097 1094922.138574113
4677139.837370429 -4186254.3997790613 1090540.2523579623
4684248.586451088 -4177181.0537467063 1094812.5979136974
4686744.00612885 -4176470.3128952454 1086815.2310857573
4691426.034582118 -4170810.350189432 1088349.1097978703
4694737.605052152 -4167597.0178131154 1086376.9681028859
4701273.90979957 -4157288.3465155554 1097551.0142876364
4708352.096765267 -4148050.6895235404 1102151.0831230935
4714298.242403209 -4141466.4218297065 1101493.9666339809
4723638.716025964 -4130429.8588904785 1102917.7037506357
4731391.250424134 -4122804.455459545 1098208.2031440507
4739129.2446710225 -4115452.7721936447 1092402.619068405
4744542.383508436 -4110721.270887972 1086705.6658365503
4752323.306607825 -4104122.267380749 1077610.5993639692
4759066.999474324 -4099082.707750598 1066978.5609535377
4765066.042597141 -4092963.5805952274 1063689.6810671438
4774237.025800898 -4082918.5980436914 1061168.0089508647
4783003.901059658 -4072959.0455190446 1059961.9313789944
4791523.408765074 -4063076.0554755256 1059413.7013828845
4800107.319281609 -4053103.3601595922 1058755.8147382971
4808952.663889858 -4043636.3374384576 1054808.2513015969
4814170.403096559 -4038566.4326993534 1050421.5813772706
4817985.256661964 -4035466.994263834 1044827.8350020901
4819380.723880798 -4036063.3525867937 1036051.6648276051
4818841.789387884 -4038474.676205351 1029139.0083448727
4815086.370290071 -4044205.398759735 1024200.6342945705
4812318.2877140315 -4048330.579924823 1020908.033751641
4811850.919450356 -4048941.4270980805 1020688.51708723
4811187.592926219 -4049674.2748391726 1020908.033751641
4811990.622307716 -4048054.933592834 1023542.1366203327
4816897.736059819 -4041713.851914462 1025517.5959409745
4821443.856897207 -4035787.205016114 1027492.9540470873
4828469.285850833 -4027071.0854014386 1028700.0674243333
4835990.560762863 -4018625.197829214 1026395.5453842349
4841464.829556423 -4012757.2563925274 1023542.1366203327
4844537.310091812 -4009886.5631875074 1020249.4800276406
4846797.8779202495 -4007767.942355071 1017834.6873725466
4849342.467971259 -4004744.439794121 1017615.1533209844
4850433.216107476 -4003367.4781691637 1017834.6873725466
4851860.353876671 -4001414.289326898 1018712.8111741153
4853247.557637381 -3999143.885069347 1021017.7916173841
4855220.199863715 -3995934.2926962585 1024200.6342945705
4859081.407171515 -3991294.4655770734 1023981.1363174256
4861617.3115402 -3987838.619545514 1025407.8508544589
4865526.48748671 -3983096.3827799135 1025298.1054555856
4870416.0125638535 -3977737.7928541875 1022883.6277216999
4875811.160342894 -3972082.07410949 1019151.8656283452
4879647.193410404 -3968269.2824746715 1015639.2910920266
4891551.4840955725 -3953755.0964239156 1014980.6480639483
4898623.868434746 -3945497.0244787643 1013004.6522255553
4903660.694648686 -3940249.5003376524 1009052.3608051494
4909967.391648278 -3933203.5562366066 1005868.2807198572
4914410.428999722 -3929164.528956541 999938.6179803693
4915822.564676966 -3927481.5120507055 999609.1661808084
4916371.840494606 -3926374.2246435164 1001256.3977556959
4917646.353608356 -3923457.6080895546 1006417.2784519511
4921050.840973604 -3918027.9299984993 1010918.7703790338
4924074.175210206 -3912577.669079914 1017285.8499188494
4927068.674015425 -3907947.5789301377 1020578.7582886282
4930636.075393098 -3903072.308944899 1022005.5984091662
4935602.172109993 -3897623.9888959895 1018822.5752532328
4938395.368139891 -3895773.0729153194 1012345.9647187821
4937288.951639315 -3898256.527485455 1008174.0196699137
4932511.921923384 -3904837.297036534 1006087.8807321438
4926396.8743492 -3911899.0610601264 1008613.1926954607
4921756.695605765 -3916204.4736745735 1014541.5465278343
4918476.671970515 -3918784.409609206 1020468.9991791407
4916834.753022421 -3918318.030082587 1030126.6070734482
4917317.246278628 -3915335.7885182165 1039123.5550208705
4920302.559832436 -3910561.5654329695 1042963.068696505
4924277.613622266 -3905173.804655322 1044389.0747286099
4925081.118157882 -3904131.0568300895 1044498.7652742722
4929560.942461683 -3897884.6449677483 1046692.5093268482
4931465.336394885 -3896034.369795769 1044608.4555017618
4932348.947861185 -3894356.1274556965 1046692.5093268482
4932685.324380124 -3894901.2440560577 1043072.7633753694
4930419.087575021 -3899262.5155097377 1037477.9303756652
4926781.677857169 -3903799.111921443 1037697.351105928
4924674.530263609 -3906048.642889757 1039233.2607995173
4923590.182590242 -3905188.5830559647 1047569.9712526811
4925345.323633147 -3901261.8443192113 1053930.9583763774
4928670.097105939 -3895782.38219952 1058646.1658352
4930942.090067229 -3892965.922209646 1058426.8670615936
4933096.714891214 -3889637.958517172 1060619.796718824
4934172.702655123 -3888810.7482796684 1058646.1658352
4935011.502539637 -3887238.182121422 1060510.1533030325
4935888.04968195 -3885556.020839921 1062593.3229234705
4936485.73738727 -3883654.7395649604 1066759.3113850383
4936745.008458209 -3881906.209290642 1071911.3320297108
4936759.054370878 -3880523.0627752123 1076843.4418971175
4936424.651823477 -3879423.932288887 1082322.784779894
4936236.6180964215 -3878161.384777576 1087691.7411583473
4936585.190512088 -3876763.417522246 1091088.017246067
4936781.643525366 -3875524.872810656 1094593.5155924023
4938464.161624988 -3874338.729287786 1091197.5692267278
4938655.4880136745 -3875602.92947659 1085829.131928637
4937009.012904108 -3879046.9325602665 1081007.8175010541
4933892.313141461 -3883984.9669479257 1077501.0064246429
4930757.692215455 -3887933.2526159124 1077610.5993639692
4926616.531467671 -3890528.0667973603 1087143.9248468676
4925677.771633677 -3886995.873136261 1103903.334651897
4927589.917892214 -3880277.5249517937 1118903.4500085262
4933096.597393404 -3870127.7516834615 1129738.972699064
4937592.595723101 -3864613.883760592 1128972.9350632327
4939916.364844205 -3861290.967155999 1130176.7009206612
4941716.667442945 -3861031.1008139104 1123172.389824605
4940937.095273453 -3864312.08711448 1115290.8651700083
4936405.563833338 -3872862.8977105073 1105655.5000960457
4929692.907285788 -3881933.5439418214 1103793.8214519403
4921755.032483745 -3891433.1740688803 1105765.0075749063
4914915.317591547 -3898168.2933673793 1112444.3255683512
4907254.108926366 -3905084.513700083 1121968.3824801343
4903352.479200628 -3904915.793928406 1139477.120018452
4904649.289490099 -3899657.3099764795 1151837.320046228
4909097.934187902 -3892856.5117607815 1155883.4938668155
4913085.89883438 -3887366.713633863 1157414.3529463564
4917907.857362832 -3881003.6937221806 1158289.098543065
4920141.254148226 -3878726.613950238 1156430.2371794132
4919491.977546585 -3880721.381473914 1152493.4890167476
4915311.813731534 -3886338.7809033017 1151399.8670480433
