5762098.8999047605 -2681647.966942906 443420.17219260737
5761010.210654042 -2683710.5942147695 445084.0361541602
5759275.506086997 -2687062.9210669026 447302.4739633979
5757165.178370192 -2691341.4027409386 448744.42932937475
5754274.2352190325 -2697091.2805219847 451295.52449220885
5752479.585807337 -2700414.7890819907 454290.19555468444
5748632.591386775 -2708165.5247173687 456841.13209963846
5747011.3072726205 -2710834.3545000306 461388.27092054475
5744107.403442767 -2716699.1310776677 463051.7993873192
5741569.431296794 -2721509.828071744 466267.86433027795
5738547.935702849 -2727932.0013066223 465935.1734821146
5734923.952099145 -2735049.820944754 468818.4516308997
5731573.767791477 -2741683.416399441 471036.29223755177
5728207.765600963 -2748309.0084302896 473364.96309902705
5724856.029195202 -2754325.772397448 478909.16100503976
5721719.249859794 -2759829.7451660265 484674.73988304136
5718723.029394726 -2764661.86469555 492435.4647753717
5715799.176446525 -2769651.0552374944 498310.95387825044
5714084.124780361 -2772145.7100215866 504075.17032876937
5711529.54637358 -2776819.8451555604 507289.64946258353
5709673.640778808 -2779984.5279746014 510836.5100670733
5706202.397580403 -2786306.941231063 515159.0308781022
5703597.8057205025 -2790461.559486434 521476.13138935796
5700180.681965507 -2796438.414274237 526795.3949292265
5696950.000097414 -2802135.4680469413 531449.4473639326
5693931.748224562 -2807442.2315961127 535770.8118319035
5690484.393240655 -2813277.6540356334 541753.829324993
5688330.3932836 -2816538.155431958 547404.0151862073
5685633.726162554 -2821136.3419243824 551724.4531434407
5683397.395362915 -2825096.7485220022 554493.8303285685
5681197.894598535 -2828951.3694606666 557373.8706073237
5679326.220084449 -2832226.442804482 559810.7381431288
5677800.469417266 -2834559.758833672 563465.8845803139
5676075.504534475 -2837659.9266553256 565238.0095837525
5674555.562515997 -2840367.1083007753 566899.3367449286
5673234.128939051 -2843049.7281443924 566677.8286992228
5670795.110291277 -2848021.659118398 566124.0555646997
5668132.176327908 -2853624.963280667 564573.4678654808
5664970.290392042 -2860093.350866697 563576.6436817741
5662048.443169758 -2865938.62661486 563244.3658625026
5658577.861900233 -2872871.777133591 562801.3263682614
5654514.958720774 -2880622.0481024235 564019.6783705251
5650178.201637254 -2889227.143486183 563465.8845803139
5645591.683905123 -2897704.2375071184 565902.5451034957
5640338.720612722 -2907332.284083129 568892.8780401585
5634698.143658962 -2917382.188361242 573322.7684985267
5629460.890755895 -2926516.9135668683 578195.325177323
5624298.968044927 -2935439.5283404626 583178.2690610819
5619616.4940853305 -2942736.831579077 591482.3746080953
5616633.249562726 -2947422.9788504513 596464.352372194
5613527.046275641 -2951668.35149329 604656.1365972797
5611047.60530953 -2955241.657897942 610190.5557895916
5608986.797415195 -2957658.5934541905 617384.6054029977
5608091.531013578 -2958312.4647601093 622364.6363818863
5607379.928212372 -2958562.61861032 627565.5921436992
5607052.453906039 -2958264.7335142912 631880.9584026769
5606589.647638493 -2958145.6512219817 636527.9484432343
5606083.092397455 -2959129.3261595215 636417.3097882167
5605593.39930604 -2960247.028980918 635532.1935718104
5605092.1457874095 -2961859.219032144 632434.1893561663
5602877.997502997 -2966445.9925350705 630553.1844891649
5600440.611214392 -2972167.329703132 625241.8128259864
5596473.48005021 -2980209.7390530417 622475.2993879329
5591862.670200528 -2989289.318228514 620372.6698870012
5586113.0283651 -2999768.010800222 621589.9900331208
5579942.118244405 -3010773.4013012825 623803.2406607389
5574068.052016151 -3020302.5584073295 630221.2366867685
5569495.5872205235 -3027010.7596116173 638408.7758847147
5565716.229992846 -3032385.0699438215 645820.8999219652
5563367.917313136 -3035010.3734295405 653674.5748351937
5561348.185304189 -3037058.059981365 661306.0578249886
5561406.382784721 -3036081.8213471468 665287.3210927376
5561113.588351041 -3035670.0112642734 669600.0598627278
5562665.818815993 -3032360.090848678 671701.0254602822
5563897.165723554 -3030638.421653332 669268.3217155883
5564572.511951508 -3030250.712938896 665397.9079971598
5564346.538378997 -3031512.873740452 661527.2459812915
5563485.054469512 -3034318.3236864875 655886.6969491012
5561540.7433936205 -3039305.82168015 649250.0919321363
5558046.280355026 -3046725.021806967 644382.7953375189
5553423.304981997 -3056050.2595642093 640068.2828420383
5547638.815245876 -3066884.218624942 638408.7758847147
5541935.952229684 -3077131.548328378 638630.0460096227
5536004.522359821 -3086871.3658302766 643055.284737427
5532488.831176561 -3092383.6695125103 646816.4913164672
5528488.931273034 -3098764.9161496703 650466.8563666166
5525060.348264681 -3103943.71667005 654891.2518715494
5521624.2321683 -3109117.2600506656 659315.328190442
5519001.900385297 -3112971.225557055 663075.5404908946
5517384.245766034 -3115105.907450047 666503.7658877751
5516201.605522301 -3117105.025892553 666946.1033611052
5515081.448911464 -3119393.539673416 665508.4946988903
5512594.977006338 -3124467.0709506166 662301.3981789323
5509341.262096137 -3130504.6007660753 660863.6790953082
5506657.994097734 -3135594.6264174376 659094.1319884533
5502803.177727739 -3142563.3226277228 658098.7391452042
5500602.827098346 -3146528.7450538506 657545.7361032127
5496749.229450561 -3153371.12687663 656992.728053724
5493946.261719657 -3157883.4142139545 658762.3361797681
5491529.5245575765 -3162107.267318451 658651.7371754871
5489566.9952663565 -3165444.029981331 658983.5335862848
5487390.013777461 -3169423.2039462365 657988.1389376078
5485111.97760612 -3173088.541332405 659315.328190442
5483684.198745471 -3175968.0518086413 657324.533484081
5481776.845448403 -3179464.689805852 656329.1117903714
5480202.435131671 -3183154.868229275 651572.9850486157
5477405.973470249 -3188438.3512808504 649250.0919321363
5474977.100561915 -3193168.390864148 646484.6292903709
5470897.0949371 -3200265.3711102405 645931.5219753835
5466736.970995916 -3207700.3071083697 644272.170532971
5461660.445620187 -3216136.760181261 645267.7867046235
5456188.4072677195 -3225367.106735971 645489.0325814756
5451014.598500608 -3233616.712113755 647922.6852579586
5445538.524033467 -3241942.971631113 652347.2633184314
5440732.757636536 -3248864.366051337 657988.1389376078
5435543.115126063 -3256327.5040302128 663960.2624419732
5432424.9015296325 -3260260.0677300724 670152.9526947407
5429922.542325395 -3263400.5798309743 675128.7580198123
5428579.28403257 -3264786.1499891127 679219.6638876809
5426769.520835509 -3267310.0377932834 681541.4034862431
5425168.078353446 -3269830.1199252484 682204.7408545404
5423755.041821238 -3272334.678438966 681430.8465313643
5421908.445295294 -3276127.4406265477 677892.9145590165
5419798.303482277 -3280278.2659225008 674686.4810318183
5417174.831396127 -3285152.938425987 672032.7501241602
5413402.014608455 -3292176.5206760834 668051.9328182765
5408895.351713287 -3300178.6458857055 665066.1466759525
5404113.676782275 -3308402.5142079485 663075.5404908946
5399062.7936925925 -3316461.7772050863 663960.2624419732
5393466.3631406 -3325223.7260695975 665619.0811978952
5387612.673518906 -3334346.0158654647 667388.4375838209
5382948.193034757 -3340561.585885485 673912.4883915574
5377702.6229038015 -3348106.4648474897 678335.1676420798
5374394.640670825 -3351907.0077321725 685742.413625312
5371172.473997861 -3356411.412580094 688948.2448412183
5369636.781555859 -3357797.879247747 694143.5271482125
5367534.294246725 -3360654.6370071135 696575.2011433513
5366451.216132267 -3362062.9400582877 698122.5766003616
5365148.6825280925 -3364507.6193031073 696354.1441094576
5364085.240500558 -3366841.566764076 693259.2566664309
5361490.073467464 -3371607.7120711007 690164.2036591923
5358783.644928949 -3376043.1392037673 689500.9565455212
5354998.305854691 -3382673.699089248 686405.7034897475
5351796.061173597 -3387580.878768775 687179.532150765
5347076.433478291 -3394667.1310264426 688948.2448412183
5342016.17649976 -3401929.0214871047 692374.9726692031
5339122.424328131 -3405589.7774934177 696685.7293420313
5336409.022442178 -3409364.937533391 699006.772439044
5334201.925062671 -3412545.1579203224 700333.0406401241
5331542.715950042 -3416879.3588451045 699448.8652491511
5329748.861956497 -3419405.254595317 700775.1232166806
5325828.907823943 -3425688.2660548096 699890.9546502295
5322683.203020663 -3430235.2482471997 701548.7595058281
5318633.84824311 -3436171.6464383444 703206.516278033
5315758.048044493 -3440234.3185124495 705085.2490155922
5311686.729263626 -3446945.966836656 702985.4848239755
5307656.424574502 -3452630.231434849 705527.2947626852
5303525.587554054 -3459039.7917839745 705195.7607746216
5299925.534326015 -3464080.0787801426 707516.45804015
5295364.431374127 -3470868.0843431978 708400.5082053108
5291213.3263082225 -3476470.747030485 711936.5705872815
5287742.08656519 -3480932.5235137353 715914.3752652974
5284233.537449771 -3485368.7402448286 720223.3446752838
5280710.653133673 -3489926.8648942593 723979.6099130616
5277235.0476162275 -3493985.4245336177 729723.9925873325
5274400.6616596095 -3497407.627324737 733810.9760799543
5271985.278646889 -3500444.3690480604 736682.727454781
5268657.094589204 -3504730.4787239693 740106.5403967975
5267145.553114588 -3506908.4572278582 740548.3069516373
5264516.329424016 -3510597.705794492 741763.146360298
5263160.481733025 -3512746.6562649533 741210.9500157069
5258738.967057823 -3519222.792080497 741873.584951489
5255026.2016102215 -3524578.348152621 742757.0855426358
5250571.420328513 -3531164.753069276 742977.9584285278
5247535.997451417 -3535511.475859363 743751.006398177
5242488.887841287 -3542363.843142549 746732.6587587841
5237247.299368309 -3549083.2978060395 751591.292188487
5233844.270587903 -3552645.321252684 758436.7953993182
5231104.331854558 -3555188.301822465 765391.8002155366
5229408.79783409 -3556705.153694911 769917.5766375783
5227553.575045224 -3558112.8504851162 775988.120556349
5225967.976512599 -3560104.1804180057 777533.2359681234
5223866.633586487 -3562945.836319213 778636.8614170356
5221236.074235068 -3566895.95511397 778195.4140818244
5219891.445343591 -3568115.734729173 781616.5315593615
5217977.424008542 -3570817.54872395 782057.9494271899
5218119.861933424 -3570246.444680386 783713.2324664243
5217025.876417767 -3572038.4286742867 782830.4215227991
5217575.630895918 -3571211.178398558 782940.7737257283
5216412.785824405 -3573223.578784928 781506.1764970856
5216502.758572227 -3573285.209786378 780623.3274315259
5215538.488624125 -3575701.568984163 775988.120556349
5213334.900093322 -3579677.576901234 772456.2543597356
5209709.783175877 -3585757.9512221157 768703.3825403162
5204062.423529444 -3594467.70123863 766274.9093903071
5199139.104689226 -3601397.2521180795 767158.0036261538
5192327.438850129 -3611046.830156387 767930.6988143991
5185989.811793431 -3618873.1990678897 773891.1041243918
5179862.699075749 -3626574.7314920207 778857.5836616576
5173921.471675165 -3633190.948136394 787465.008313679
5170026.307440239 -3637196.275459325 794526.4213106217
5167987.944069725 -3638324.8260471285 802579.6347522871
5165808.237095282 -3640027.5642012563 808866.8551829784
5165795.47645136 -3638939.2703926675 813829.8850919324
5165153.240459223 -3639431.1207193765 815704.6770203639
5165505.72987204 -3639004.9548260453 815373.8365992667
5165564.638013146 -3639316.261389442 813609.3166222263
5164727.9918070305 -3641560.130113372 808866.8551829784
5161522.991166883 -3646858.318292251 805447.5885855575
5157912.322431792 -3652546.1295862338 802800.2524606561
5153044.679385753 -3659507.0079987245 802359.0160659993
5146048.66571261 -3668879.4635245837 804454.8540751231
5140306.765949917 -3675757.550737642 809749.208165532
5135025.097645472 -3682013.396581262 814822.4309303443
5131055.923214882 -3685951.4636741565 821990.2190901187
5127721.3052908825 -3690072.527966314 824305.7403744515
5124593.233792176 -3692982.806798929 830700.4134216903
5122494.125355632 -3695546.664109558 832243.8279048746
5120369.017005899 -3697819.5231731976 835220.2725779555
5118239.036452842 -3701040.57978862 834007.6693221661
5115394.230114239 -3704424.7821001643 836432.8450486049
5112978.130864104 -3708255.524571278 834228.1449291895
5110252.539852183 -3711861.9845170123 834889.565650295
5101806.219123841 -3722620.2520921156 838637.4432512154
5098194.734836179 -3726943.6788991583 841393.0472747415
5094269.914544054 -3731310.032062805 845801.6803002815
5091214.225322542 -3734125.879371916 851752.6805818131
5089200.691979193 -3735381.864366819 858253.8343159148
5088902.912960777 -3735026.634609881 861559.1571181351
5089266.6337326905 -3734200.3147836793 862991.3903652834
5090345.6524589 -3732805.693635464 862660.8789411051
5091663.717627582 -3731313.045251813 861338.8096031161
5092810.793304946 -3730787.6136896685 856821.4546429091
5091990.957685534 -3733192.301961263 851201.6937400448
5090691.933678105 -3736339.695625855 845140.4115738269
5086454.109425885 -3743347.156021792 839629.4791204607
5080096.278379109 -3752217.3325673533 838527.215765756
5072950.741775526 -3761601.919523322 839739.7040497734
5065845.529007178 -3770328.8213337297 843487.199226046
5059990.947951478 -3776824.0126590324 849548.6943378953
5054578.632305148 -3783096.909135605 853846.3713882318
5049697.250494114 -3788664.3082817025 858033.4710863592
5045889.782816904 -3791729.5872531543 866847.1819259791
5043014.863428779 -3794391.589969781 871914.3015245306
5040604.659632981 -3795610.155929696 880505.0877136567
5040770.1441170545 -3794494.1440137965 884359.3982217463
5040452.545950113 -3794530.7198111853 886011.1446444892
5040126.541990288 -3794423.121123868 888323.4875908778
5039811.440893595 -3795150.6956164995 887002.1633567819
5038865.881986146 -3796919.9114073394 884799.8698657595
5036936.724482688 -3800016.515527578 882487.3456742932
5033079.422406234 -3805659.603809589 880174.7029327591
5028130.231962318 -3812272.465405468 879844.3157388123
5022769.830549616 -3818849.5438484643 881936.7271913298
5017323.16219121 -3824806.020876781 887112.2751965023
5012945.295431129 -3829775.540970728 890415.5045804657
5008478.4777133595 -3833843.8646446285 898012.0042676539
5004741.163002239 -3837636.8202107325 902635.3236572667
5001379.653596284 -3840745.585546529 908028.5830842354
4997522.408866158 -3844721.172762489 912430.7516696423
4995119.048440154 -3846481.7604814447 918152.9056719787
4992225.607343128 -3849947.4896599893 919363.2645740702
4989084.153477895 -3853360.3731091945 922113.9541659273
4986465.117495023 -3856063.9042830174 924974.4851026769
4983885.338680551 -3858658.0747314496 928054.843850742
4981633.577263006 -3861088.302505754 930034.9574822526
4978487.347483512 -3864773.3158738557 931574.9824120386
4975627.392357915 -3867844.500932589 934104.9025795208
4971844.552827873 -3872148.0156931644 936414.6982396661
4968505.05383042 -3875820.1809487664 938944.3300919681
4964123.31094715 -3880631.0968268025 942243.6224522315
4960604.573238079 -3883602.59012895 948511.5655136551
4957109.075767451 -3887149.4381046756 952249.8919855442
4955405.019827986 -3888188.1309666117 956867.3615888307
4952660.635586402 -3890925.1442991807 959945.3891619514
4950593.070860696 -3892795.343595687 963023.1874808636
4948503.190431493 -3895206.953062556 964012.4309895844
4947201.756123497 -3896560.4435417755 965221.4740846291
4944603.143439692 -3899830.2617400624 965331.3853297994
4941421.5923274495 -3903479.964550943 966870.1118709918
4938985.168863273 -3906317.3129271665 967859.2627412893
4936213.34043773 -3909029.011977722 971046.3640841553
4933586.965634468 -3911715.037747222 973573.88830224
4931181.269601503 -3913733.9134716936 977639.5761592522
4928330.423474554 -3916801.6089403355 979727.2034895824
4927040.60868317 -3917460.513919804 983572.5505859542
4925197.578671948 -3919363.530899958 985220.444213067
4924849.851485725 -3918665.6743482444 989724.341928528
4923990.016387242 -3919385.2112361267 991152.3013454078
4924129.410563624 -3918653.8745335867 993349.0623266537
4923652.180571659 -3918835.5493670045 994996.5536469762
4923201.438160563 -3919178.6396646914 995875.187807082
4922204.21669968 -3919788.487555468 998401.1528095802
4922122.40257234 -3919723.3350221007 999060.0737586858
4921163.913989693 -3921206.299784321 997961.8660937895
4920013.47339912 -3922817.2648704993 997302.9269008753
4917959.71636625 -3925112.5291215912 998401.1528095802
4916548.440371829 -3926796.3523503267 998730.6146531714
4914340.922063778 -3929530.77196489 998840.434659285
4912216.121034902 -3931628.055102351 1001036.7708415816
4910584.361454302 -3932994.319526324 1003672.2132320405
4909281.153107466 -3933357.2158226995 1008613.1926954607
4909706.019137933 -3932150.1789969774 1011248.1275408029
4910143.554367276 -3930953.4928749045 1013773.1069426122
4910893.780515127 -3929023.119838996 1017615.1533209844
4913194.877074073 -3925803.610522086 1018932.3390219992
4916293.552515437 -3922378.299542621 1017176.0814983267
4917217.399653318 -3922413.172414589 1012565.5284549093
4916276.615698963 -3925314.540234098 1005868.2807198572
4911788.708029581 -3932692.5988417813 998950.2543611344
4905300.307989626 -3941144.3264325825 997522.5745140535
4899028.031557521 -3947937.5780866635 1001476.0234498094
4892170.387538487 -3954114.1792804096 1010589.4104457732
4888305.879536029 -3955788.7609338686 1022664.1222624269
4887392.9275169885 -3953920.803673326 1034186.4678752011
4890041.808687588 -3948162.462893347 1043621.2320029505
4896102.182134794 -3939100.358113263 1049434.5100133135
4903304.107289869 -3930395.3813987197 1048447.4127555978
4908607.726537827 -3925929.7053618184 1040330.3011692018
4909842.219455611 -3927479.1291844686 1028590.3314107148
4906954.893120953 -3933884.4957697443 1017834.6873725466
4900895.321525913 -3943379.3481456884 1010260.0477419243
4892722.822397136 -3953290.229198005 1011138.3421282122
4885017.36170327 -3961600.33327219 1015858.8362933581
4877655.567117913 -3968205.6282367315 1025407.8508544589
4871465.5887783095 -3973070.386215351 1035941.9498830076
4868238.527141844 -3973976.8240619455 1047569.9712526811
4867699.425049271 -3971555.1759090154 1059194.4071251962
4871621.279326892 -3964568.3188151717 1067307.4328685517
4876295.40491686 -3958196.526105564 1069609.4542928091
4882060.321118498 -3951439.7229586896 1068294.0310534835
4887060.0041638585 -3946882.293750224 1062264.4091670024
4888019.298419551 -3948220.896423823 1052834.3133277413
4884796.860818408 -3954360.2042792635 1044718.1454110455
4879242.942115759 -3962567.2710666116 1039562.3762359131
4869920.939140939 -3974075.6466125785 1039342.9662615957
4862146.857816707 -3981888.981668642 1045815.0269952061
4854724.671694324 -3988567.275981251 1054808.2513015969
4850224.6190885585 -3990687.0301417857 1067417.0561900267
4850413.902467462 -3987153.047767769 1079692.8028039057
4853949.353811909 -3980131.8381492808 1089663.8112644574
4860902.586251842 -3970250.9069504216 1094703.0569197827
4867344.498998012 -3963347.7599998508 1091088.017246067
4870448.703357665 -3962625.0426075784 1079802.3891717098
4869212.208883156 -3966847.6206510253 1069828.6869394183
4863909.006557595 -3975962.5789003796 1060071.5764097013
4854759.397496361 -3987886.22985946 1057220.7007612304
4844487.448284972 -3999313.0435349294 1061168.0089508647
4833873.125498225 -4009454.7243685974 1071253.6673563165
4825918.528854138 -4015526.788328792 1084295.1466626476
4820735.418698401 -4017910.9708755105 1098427.263420278
4820023.875502336 -4015179.931596841 1111458.9315352305
4821522.066134842 -4010302.301644977 1122515.6636750367
4827159.99508425 -4001327.3599401573 1130286.132115465
4834488.4465438705 -3992903.294981685 1128754.0640716373
4837714.933192993 -3990599.56224907 1123062.936321494
4838784.780521013 -3991482.0723468806 1115290.8651700083
4835380.421133093 -3997190.318794578 1109597.5568906323
4830297.579336967 -4003785.936040172 1107955.0863723448
4823250.457484737 -4011455.061594203 1110911.478554221
4816001.665090268 -4018668.500088527 1116276.152322534
4809281.140665404 -4024179.128276144 1125361.3879935315
4805793.315204958 -4025826.135494253 1134334.8439956992
4804171.446778845 -4025751.862125885 1141446.2994573242
4803761.896369687 -4024124.4104089704 1148884.4034703244
4804663.278043436 -4022454.1413151417 1150962.408438075
4805322.158279537 -4021009.0308248512 1153259.003508182
4804784.551630312 -4021557.3190967725 1153587.0758784928
4804710.80564077 -4020640.0395888863 1157086.3175292935
4805312.831217532 -4019290.401779407 1159273.1603466321
4806770.870211551 -4016946.5701339976 1161350.5301907754
4807510.643425102 -4016282.41175247 1160585.1982522074
4808211.238849915 -4015727.9288418978 1159601.174592594
4807025.731005354 -4017872.0580972894 1157086.3175292935
4805403.220269024 -4020221.3588755857 1155664.7940768278
4802151.477340592 -4023916.5237149284 1156320.889221298
4798366.746927839 -4028020.622031498 1157742.3851903025
4793461.912540564 -4033039.2870167815 1160585.1982522074
4789265.926523371 -4036509.2188339615 1165832.8402093847
4786615.038148523 -4038134.4575529085 1171079.6639401973
4785041.389402727 -4038665.626840842 1175669.9606084556
4783825.159883037 -4038640.0104672094 1180696.703443964
4784059.77495382 -4036407.550128408 1187361.4272559143
4787328.823927448 -4031305.19714441 1191512.5425566921
4792055.561551649 -4025717.6564413384 1191403.3093870296
4795514.32817342 -4022630.821722647 1187907.6565164516
4798656.748636315 -4020845.593000916 1181243.042736032
4798395.441654599 -4023906.317329698 1171844.7571511017
4796553.966385217 -4027497.9371102774 1167035.309717193
4792630.293216538 -4032482.4560252023 1165942.1573955165
4788453.811212945 -4036682.473094158 1168565.6632362015
4785393.896518961 -4038820.1331541 1173702.7678199369
4784343.139614896 -4038505.2709761914 1179057.6316352857
4784017.969031189 -4037515.894355456 1183756.0875508788
4786751.616502025 -4033247.106519011 1187252.1803186007
4789411.626384221 -4030345.40195619 1186378.1918032113
4794016.674333224 -4025510.126961522 1184193.1193624015
4796953.760980757 -4023838.2640073197 1177964.8721940452
4798200.413877893 -4024170.697415191 1171735.4591915994
4797529.797199089 -4026747.1202722895 1165614.2047717557
4795004.883612176 -4030479.8762038527 1163099.7952244515
4790688.365564283 -4035420.4919872596 1163755.7462355765
4788405.71366679 -4037213.8215588825 1166925.9960842226
4787624.864806938 -4037127.3390305424 1170423.8558464695
4789510.999331663 -4033714.26499994 1174467.8010132918
4792670.000548011 -4030087.755751127 1174030.6413343654
4797029.462851961 -4025471.0074015777 1172063.3519991809
4801782.908023627 -4021896.167522685 1164848.9695572108
4803171.279233788 -4023201.689646492 1154571.2740100804
4802422.472946837 -4026284.128281212 1146915.6506413126
4799818.257570726 -4031095.935845477 1140899.3164608392
4796551.805931882 -4035353.0616637217 1139586.52182835
4792485.806073938 -4039223.01123739 1142977.805589498
4792623.029342564 -4039338.6663288684 1141993.2737611989
4792280.048693558 -4039621.8504765 1142430.8469428194
4792533.395080992 -4039692.3291830947 1141118.1107022797
4793108.625920345 -4039318.7164652557 1140024.1255962297
4795406.8272638535 -4037392.3408677466 1137179.6018807567
4796249.667228064 -4038388.0566739906 1130067.2693815858
4796247.562718919 -4039673.9618739295 1125470.834304746
4794801.827373607 -4042606.5305742696 1121092.7147979257
4793997.352629615 -4044075.9701632494 1119231.8484248111
4792445.036381078 -4046490.221934791 1117151.9400030083
4790682.609822767 -4049300.710589482 1114524.511691525
4787739.216673955 -4052690.105462715 1114852.9509342778
4784067.130833562 -4056753.3431057865 1115838.250320338
4781190.29444573 -4059480.8549293955 1118246.6439742453
4778598.399366096 -4062018.880548955 1120107.5625312072
4778031.54946204 -4062111.6657569003 1122187.2959836419
4777531.518228725 -4062548.543613459 1122734.5737596664
4777131.94513509 -4063501.928291242 1120983.25480053
4774419.805112976 -4067230.8291118187 1119012.9164881697
4770500.189547096 -4071225.1995598506 1121202.174453817
4767155.67116418 -4074990.299228319 1121749.467609542
4764357.511193893 -4077205.849376582 1125580.2802731222
4761454.823166755 -4080051.397081973 1127550.2490405866
4759341.496282481 -4081699.1537224096 1130504.993472125
4757219.067017959 -4083626.922144423 1132474.6836631903
4756134.785879115 -4084282.379360234 1134663.0972223107
4755001.417750562 -4085328.2003658405 1135647.838234086
4752531.1021289015 -4088687.605487764 1133897.1681895053
4751219.001394406 -4090878.843771532 1131489.8525268543
4748878.249436262 -4094351.0639505433 1128754.0640716373
4740949.317694913 -4103409.1235573194 1129191.8046792087
4738698.6737068575 -4105947.8091793675 1129410.6729192985
4736100.782593346 -4108040.3772871615 1132693.5312329894
4730914.2519403575 -4112955.9313111375 1136523.14005485
4729379.529418671 -4114811.223589401 1136194.9044676824
4728388.906759471 -4115979.725593735 1136085.4919130392
4725815.5764785325 -4119687.5810891823 1133350.065660404
4723035.054273734 -4123506.024102577 1131052.1408366896
4717554.888466919 -4130343.446518291 1128972.9350632327
4712010.910146416 -4136398.1273733038 1129957.837498272
4707042.728486463 -4141064.0279619466 1133568.9077079925
4703618.861741943 -4143151.7166413884 1140133.5256701051
4701541.4886640385 -4144091.450426007 1145274.9368063614
4701675.316437039 -4141876.9635964422 1152712.2091987194
4702304.238925333 -4140827.8982017087 1153915.145086179
4703567.839691045 -4139026.48628731 1155227.390272691
4704241.231065321 -4138016.814975924 1156102.1922483945
4706003.326451164 -4136653.9488600846 1153805.789035075
4707707.334619413 -4135385.229665106 1151399.8670480433
4708027.284696167 -4136539.821954982 1145931.2317661482
4707511.568972777 -4138999.3456297214 1139148.9125062635
4706164.336808526 -4142331.6470457595 1132584.1076205925
4702443.8344091 -4147658.532872722 1128535.1917046898
4699431.700236184 -4151130.5666570463 1128316.317962656
4695718.853199465 -4155151.6896019354 1128972.9350632327
4693915.054454543 -4156624.052794977 1131052.1408366896
4693558.404956312 -4156162.0737492675 1134225.4255623748
4694961.0567235 -4154188.9296665373 1135647.838234086
4698617.7733848775 -4150411.603844732 1134334.8439956992
4702068.536815577 -4148203.060908877 1128097.4428458028
4704128.6871827915 -4148268.839394994 1119231.8484248111
4702295.401627899 -4151907.185434324 1113429.6921530084
4700368.4774138965 -4155026.0357918977 1109926.0418718178
4698887.329153909 -4157955.4132973184 1105217.4668129175
4697130.381859271 -4160056.4408390415 1104779.4281430934
4696173.140871299 -4160671.4312381195 1106531.550493675
4695535.340651981 -4160691.5180197223 1109159.572183835
4696275.546914442 -4160176.981095287 1107955.0863723448
4696798.779516872 -4158446.4637935036 1112225.35148778
4697611.46122661 -4157411.206987245 1112663.2982934427
4701149.201475208 -4152793.754227568 1114962.4300026991
4704717.362290879 -4150393.8580271783 1108831.0801059927
4705847.5173188625 -4149492.571027323 1107407.579318902
4707309.262952971 -4149321.344901977 1101822.5263888917
4707654.589500327 -4149771.7436415125 1098646.3223581049
4707986.898100839 -4149626.6364446427 1097770.078577463
4709578.811206036 -4148109.560684623 1096674.7437576728
4709749.652724447 -4148551.9835274094 1094264.8896098016
4710649.699973238 -4147009.250040707 1096236.6004740335
4712095.242987835 -4145800.822113199 1094593.5155924023
4713743.513175183 -4144186.946382509 1093607.628645533
4717372.548282219 -4140084.4412926817 1093498.0839853317
4718426.51391561 -4139114.6422044765 1092621.714714977
4720261.722644843 -4136790.0853263447 1093498.0839853317
4722873.141639147 -4134271.693441857 1091745.3241433995
4724979.806479261 -4131748.054085172 1092183.5220907733
4725871.517860445 -4131509.0495553403 1089225.582750303
4727788.275282337 -4129546.614255014 1088349.1097978703
4728031.274198145 -4129758.86473909 1086486.5343450813
4729861.9435618175 -4127575.5169742974 1086815.2310857573
4731404.056917973 -4125576.726519102 1087691.7411583473
4734182.515095059 -4122330.2709500934 1087910.8653638635
4740852.621392926 -4115062.879884996 1086376.9681028859
4744068.298657021 -4111760.2836320945 1084843.0059797561
4747783.634570753 -4107585.4177737483 1084404.7191867935
4760837.205228887 -4093231.5278203934 1081446.1451988833
4768346.171472553 -4085234.9346055044 1078596.9210422449
4774303.724946725 -4079802.742775142 1072788.1999743762
4781402.850314867 -4073035.53332047 1066868.9363317818
4786086.87128654 -4069535.6821648977 1059194.4071251962
4789953.63242287 -4066777.5225740136 1052285.9787746477
4791606.243451212 -4065878.570974217 1048228.0542954527
4796042.77762351 -4061012.1698353495 1046802.193183871
4798718.935675502 -4058104.0530893723 1045815.0269952061
4803154.589453586 -4052087.7275579423 1048776.4480504172
4809118.663164794 -4044922.2952299053 1049105.4804699563
4815932.579525556 -4035750.417393158 1053163.3102113248
4824556.66516634 -4025235.834031949 1053930.9583763774
4833396.245516908 -4014473.2164208055 1054479.268863568
4841800.418235038 -4005485.6540036476 1050092.5604678725
4849124.366527533 -3997593.9508941527 1046363.4558428695
4854487.4583446225 -3993484.054036361 1037148.796910101
4856982.701366416 -3991700.5173486 1032321.1798787768
4857690.679720504 -3992282.367796923 1026724.77126752
4856951.2879705485 -3993379.3078375696 1025956.5731627985
4856685.119062736 -3994012.941293276 1024749.3737770347
4855978.097926401 -3993715.6556171468 1029248.7427913572
4858110.9552834965 -3989787.383382982 1034405.9075394213
4861308.190827995 -3984463.497795356 1039891.4888222895
4866615.492281063 -3977749.905812978 1040769.1084456706
4873449.450890349 -3968884.7082805857 1042633.9827538175
4879661.519938285 -3962483.2148792013 1037916.7705717877
4887394.062256065 -3954062.8533166964 1033637.863202189
4891450.875276741 -3951415.9312775466 1024529.8789202843
4894282.798668561 -3949893.6092120907 1016846.7743777964
4894088.751443562 -3951571.018916251 1011248.1275408029
4893989.818891684 -3952478.9434792884 1008174.0196699137
4892788.294023715 -3954190.077053251 1007295.658879806
4892264.758793631 -3954613.9730608985 1008174.0196699137
4892169.943136059 -3954254.9859970296 1010040.4710672552
4894640.139551667 -3951028.4783418756 1010699.1973980811
4897094.820430621 -3947084.6074456708 1014212.2171306381
4900702.859713165 -3943083.581223813 1012345.9647187821
4905048.663503373 -3937280.800789209 1013882.8849529214
4908113.553304006 -3935376.2983362703 1006417.2784519511
4910653.004406712 -3932908.613061995 1003672.2132320405
4911060.807589656 -3933657.319024032 998730.6146531714
4910825.5718961535 -3934313.1642518956 997302.9269008753
4909266.283491965 -3937286.044399046 993239.2271499848
4908018.817227597 -3938397.4085877175 994996.5536469762
4904706.304977522 -3942216.8022780544 996204.6706125861
4904067.001639314 -3941843.8439764082 1000817.1427077348
4904936.893213237 -3940007.199345932 1003782.0195131479
4906656.902991064 -3937304.552243921 1005978.0808792198
4909308.5939706 -3933660.5833203653 1007295.658879806
4911257.048373799 -3932126.252055086 1003782.0195131479
4912478.615823273 -3930431.7099230336 1004440.8507774632
4912844.75154966 -3931568.531788002 998181.5100598118
4911813.1838514 -3933274.9628596054 996534.1506869389
4909545.1887912415 -3936383.4241162534 995435.8731528461
4908366.177588792 -3937408.8411990507 997193.102638576
4906670.836414338 -3940132.134595733 994776.8920753481
4903852.36028196 -3943362.225166141 995875.187807082
4900373.114074227 -3947046.9316853783 998401.1528095802
4899401.389299384 -3947251.253056127 1002354.5140209055
4897586.658878627 -3948609.2387846843 1005868.2807198572
4897921.354350222 -3946481.782193465 1012565.5284549093
4899697.434567661 -3943542.670221735 1015419.7446531693
4901101.836075735 -3942277.386702565 1013553.5499955874
4904417.074346816 -3938603.926583918 1011797.0499824301
4905090.206765567 -3939003.68082539 1006966.2685197393
4904989.170669046 -3940612.6112650614 1001146.5844511222
4902010.423897524 -3945263.3129390916 997412.7508593791
4898440.143393601 -3949861.6455121594 996753.8025520878
4894554.064364029 -3954205.105975622 998620.7943428272
4891823.246033845 -3957222.442312474 1000048.4346377368
4890519.517322255 -3957721.3681586445 1004440.8507774632
4891820.514910637 -3955666.7299080444 1006197.680278596
4892584.004924793 -3953742.6574778883 1010040.4710672552
4894487.334453417 -3951610.6189395995 1009162.1520642181
4894968.604804211 -3951434.7238878496 1007515.2509190408
4895792.215008259 -3951252.8754086276 1004221.2415795489
4894173.865034962 -3953897.951103387 1001695.6479236544
4891766.500634778 -3957459.0421561482 999389.5301252203
4889323.597463489 -3960144.012861976 1000707.3281834951
4888055.773031817 -3961236.7849378157 1002574.1336110022
4886663.64553573 -3962369.9309071843 1004880.0655013825
4886497.029651573 -3962658.9256345555 1004550.6549174819
4885859.792252624 -3963555.8925660974 1004111.4365217198
4887311.086688575 -3961905.329244937 1003562.4066451971
4888581.623055268 -3960532.2124327198 1002793.7519794924
4891009.140345277 -3958117.602442894 1000487.6982205504
4892891.839150633 -3956815.514567038 996424.3242990049
4894718.287225531 -3955467.390863567 992799.883418065
4894438.73012977 -3956088.8066505077 991701.5029232599
4896081.956918027 -3954027.4066275726 991811.3423326954
4897202.235307 -3953520.1564591243 988296.331560299
4898984.056386235 -3952134.838187856 985000.7289618189
4897928.559831604 -3954671.3459260347 980056.8190148347
4896763.137504227 -3956413.5205946825 978848.2156265834
4894443.149188193 -3959907.136117568 976321.0192810143
4892731.014834189 -3961914.0649583177 976760.5430017535
4890399.5017557135 -3965116.227886234 975441.9575662677
4888373.211089256 -3966585.2107082754 979617.331050903
4886189.892311979 -3968350.608905143 983352.8263397807
4886518.07627466 -3966635.9759498374 988625.8769329668
4887491.973374791 -3964172.8163120914 993678.5660409773
4890308.585265482 -3959952.490175128 996643.9767713109
4893032.7577820495 -3956364.5110892723 997522.5745140535
4897086.846973139 -3951733.19717807 995985.0157123221
4900876.764959666 -3947170.550802043 995435.8731528461
4904351.105521548 -3943904.2330008294 991262.1422649567
4907366.530561193 -3941254.337362001 986868.2703142352
4907951.9305250505 -3942006.321909372 980935.7806105219
4907243.434322757 -3944115.073804037 975991.3733675969
4904957.7013975335 -3946930.1091160313 976101.2556360846
4903878.543114294 -3947754.1195727196 978188.9622050803
4902654.237450106 -3948319.9915673584 982034.455710212
4903713.179020734 -3946210.680412664 985220.444213067
4906055.833880801 -3943160.559754048 985769.7270885832
4909348.857532209 -3938619.614179402 987527.3818221394
4912397.502472995 -3935009.4794673687 986758.4173438956
4916717.163026419 -3930024.23283867 985110.5867374839
4921399.340771216 -3924765.308391794 982693.6464132171
4927822.144623436 -3917660.7920701257 978848.2156265834
4932858.938507091 -3912960.9657796095 972255.1995622276
4937505.187729391 -3908650.0489789452 965990.846624458
4941034.227814645 -3905975.76477006 958736.1913441416
4943913.117527253 -3904187.107052425 951150.4189493768
4945477.008636751 -3904020.8735847357 943673.2356382464
4946031.483608094 -3903477.8406544426 943013.4201999683
4947345.478099159 -3901572.9895760147 944003.1394771374
4948642.360548723 -3899794.7981549427 944552.9734569791
4951062.283691368 -3896241.758080176 946532.3161948144
4954911.119150428 -3890595.7827593274 949611.1080304311
4960809.683088744 -3882506.471423198 951920.0531189252
4967359.747106691 -3875066.208189318 948071.7404149411
4972512.803903145 -3869741.3182509276 942793.4794221182
4976574.484586017 -3865933.869004246 936964.6310577997
4978592.772552205 -3865272.945874928 928934.9056733195
4978698.976953167 -3866191.098598388 924534.4158029407
4977100.704641157 -3868432.385869606 923764.2836869659
4976515.586803535 -3868395.6052412726 927064.7526745192
4976687.90068242 -3867275.6087704473 930804.9768938612
4977307.787551691 -3865389.2937065307 935314.8112139698
4979715.507196238 -3860575.626829799 942353.5944203904
4984470.953625883 -3853409.7740648813 946532.3161948144
4991775.535138115 -3843074.4543944215 950050.9169395107
5002705.405290935 -3829978.675024464 945432.6928611656
5012977.00250773 -3818450.3129417254 937624.5410204715
5020541.375603834 -3811350.7854760927 925964.6245406594
5026908.762270054 -3805822.4338416974 914081.4503532085
5030497.552947609 -3803707.37626133 903075.6145325089
5033112.367931052 -3802509.91878423 893498.2984466339
5033482.580371501 -3803617.6445182315 886671.8262165769
5032179.24439458 -3805393.095720082 886451.600105906
5030929.38803911 -3807070.9556843624 886341.4866455108
5031388.405176671 -3805899.4219691437 888763.9203459433
5033899.915648883 -3802138.959738288 890635.7112031928
5037543.014587238 -3796612.36022931 893608.3942854056
5042540.953177668 -3789763.9628245505 894489.1511932487
5047514.73514933 -3782485.143566275 897241.404055116
5053031.575478914 -3776025.743707331 893388.202335687
5059121.38574595 -3768618.3327200348 890195.296872794
5064472.048198816 -3763266.4415636607 882377.2225152083
5069226.931447011 -3758840.707599001 873896.9346490231
5071033.193969788 -3757985.8023543665 867067.5031158626
5070618.813058071 -3759735.6341022626 861889.6764222353
5068621.465527685 -3762780.896916868 860347.2328016558
5067004.286420762 -3765285.3444986427 858914.9177289698
5065256.939435091 -3767006.6501681907 861669.3304819927
5065788.232646884 -3766166.0770779485 862220.1933634161
5065989.1567451665 -3765491.786501535 863982.9104385537
5066734.38727284 -3764261.2715201597 864974.4091939004
5066878.124209622 -3762721.374109803 870812.8014810244
5069038.445725033 -3757604.137114609 880284.8314612196
5074470.453646432 -3747925.152467019 890195.296872794
5080520.087501 -3739116.7455785805 892727.6199562064
5087374.109191949 -3729943.979614027 892067.0277868719
5092281.234199098 -3724530.293126567 886671.8262165769
5094064.284255808 -3723242.1235611252 881826.6026886433
5094036.893326356 -3724449.8741901303 876870.7225555463
5091940.303619627 -3727419.3613115973 876430.1736553265
5088659.10710976 -3732388.432839002 874337.5080817022
5083967.315573941 -3738235.0548187867 876650.4486395224
5077123.201557153 -3746051.1786805238 882927.8356220868
5071236.09587371 -3751147.763919868 895039.615406239
5069325.167242984 -3750555.644700604 908248.7020421912
5070400.477804977 -3746013.403732002 920903.6723432235
5073762.632714573 -3738513.8704701336 932784.9629854147
5079069.502612741 -3729173.5217371415 941253.8618267486
5086512.9193047965 -3717450.448247307 947411.9941035646
5092769.151665466 -3709492.1362324213 944992.8354619624
5099727.794270038 -3700003.966929345 944662.9393898995
5104671.16816032 -3695029.8960926025 937404.5721750241
5106608.364232818 -3693716.2983457437 932014.9793229928
