1896400.188049619 -5471226.375082309 2656875.849445936
1899802.8644241896 -5470242.114682363 2656471.5852199625
1904583.6655557982 -5467990.125711349 2657684.3390480415
1909361.8602359635 -5465733.725321305 2658896.97629704
1913814.1028677935 -5464078.029217834 2659099.0711673945
1915650.148629451 -5464122.936211697 2657684.3390480415
1915738.8858660338 -5464681.531260509 2656471.5852199625
1915708.2076241039 -5464594.020993153 2656673.718951488
1915871.5758307194 -5464143.606029418 2657482.221504361
1915339.8866615114 -5463543.378456894 2659099.0711673945
1914168.6759419157 -5462034.521060211 2663039.273234499
1913488.8224155304 -5460399.913822239 2666877.2576968945
1913051.8752153628 -5459763.654569269 2668492.900305228
1911329.940583119 -5459428.802646424 2670411.205613315
1909454.0719435194 -5458652.488376006 2673338.5790589186
1904437.3723497756 -5458674.0633343775 2676870.70384022
1902512.9298211266 -5458058.068306364 2679493.9214074044
1900613.5467165492 -5458125.391713227 2680704.4511420634
1898176.3769284817 -5459716.25430988 2679191.270606703
1891646.8236463726 -5463366.854614044 2676366.175711618
1886316.4408151126 -5466789.862211547 2673136.713213834
1883659.62839403 -5469924.510968921 2668593.8710601656
1883445.8709828283 -5471475.039467215 2665564.3949387115
1884960.9594723063 -5472772.60797601 2661827.0346986684
1883483.5558299802 -5474999.670936611 2658290.6722482503
1882029.586213433 -5476676.534546556 2655865.1646053926
1880384.1910542164 -5477486.711064401 2655359.7918448416
1881134.5186131885 -5476248.650790972 2657381.1615182324
1885741.8751218943 -5476281.571822964 2654045.7280393606
1885904.0189420856 -5480480.77692279 2645248.095192181
1878516.19215691 -5483261.446428144 2644742.298583935
1873258.6766686605 -5483204.896705476 2648585.8473968087
1870255.661340874 -5484425.263184094 2648181.318144679
1864531.0616391106 -5488325.18629341 2644135.316068438
1855480.5003389919 -5493776.1858826615 2639177.2074437
1847680.3059917868 -5497570.213463903 2636748.0416005906
1842491.770972926 -5498971.5199763505 2637456.596114151
1835911.863974292 -5501317.390102861 2637152.9347139285
1825589.7298216715 -5503635.538072217 2639480.8206232856
1820437.3313782008 -5503205.185034092 2643932.9821193456
1816537.9099438367 -5501720.665249168 2649698.236272789
1813668.0149754318 -5500766.927781202 2653641.373223525
1808273.5055373735 -5500542.220069033 2657785.396605531
1800972.9964461883 -5500004.951766326 2663847.3673650175
1796484.8225080515 -5497651.9074506825 2671723.5611122064
1792181.8088327963 -5496503.286572168 2676971.607019799
1787323.9634723593 -5495921.357691689 2681410.5391875007
1782801.8710653884 -5494730.427830708 2686856.158039932
1780322.9874101125 -5492968.261803235 2692097.831677274
1778354.521474593 -5492123.424949251 2695120.8657636456
1775756.3847833155 -5490638.462079381 2699855.4666196234
1775753.3986309543 -5488011.977036537 2705192.3050227202
1776520.3623667432 -5485478.917369461 2709822.4017805126
1777550.8417938033 -5482457.619894463 2715255.503796886
1779438.6174373399 -5479151.9271535 2720686.1939486484
1782196.8505070172 -5475606.198786953 2726013.965820563
1783363.4335842603 -5473022.85854012 2730435.249855212
1783197.4312272517 -5470568.552537004 2735457.481529865
1784089.6295519618 -5468770.267068825 2738469.8208578317
1784475.9024186844 -5467688.661129811 2740377.24750435
1784032.7219346273 -5466977.736825757 2742083.6369662485
1784030.4763497305 -5466323.862051667 2743388.360152442
1786016.366837169 -5464969.930348909 2744793.288714471
1791725.5923460382 -5462092.082098175 2746800.0452185567
1796155.1979067235 -5460788.446414999 2746499.053073409
1797048.311843563 -5460292.73013722 2746900.374260201
1795013.9777798455 -5459244.899523421 2750311.063607622
1793943.0156649458 -5456308.679885261 2756828.8025112683
1796280.852311691 -5452192.024212066 2763443.1839168915
1800425.5004834486 -5448130.041153302 2768752.0784446984
1803863.4638838933 -5444496.103949956 2773658.194107298
1805133.2780879992 -5441011.753567636 2779662.9194702944
1807815.1549817508 -5436076.671011225 2787564.4911473915
1812299.5353673678 -5431194.30285778 2794161.7416879106
1814291.896655573 -5427698.290383491 2799656.618640588
1811000.6736958474 -5424463.798330043 2808043.8138462133
1807613.5590440717 -5421247.512318114 2816424.973498263
1806631.8238556297 -5418618.338531976 2822108.742475571
1802900.1828979736 -5418770.585773295 2824202.05885921
1796579.4685926968 -5420609.8178770365 2824700.4116129326
1789153.0141310191 -5420051.38232949 2830479.730528745
1784558.4989106872 -5416929.662026962 2839342.3535421193
1782002.3997450855 -5415212.605940782 2844218.8522971985
1777576.8123275435 -5416405.6934957355 2844716.3373071887
1772605.9561892946 -5416571.0852677375 2847501.85290962
1767392.26838069 -5417908.545473193 2848198.1255798754
1759948.5085932377 -5420749.203068022 2847402.381915461
1750261.8892836128 -5424093.450248049 2847004.4892654433
1741288.3975594323 -5426406.705701499 2848098.6606581435
1734459.9937125836 -5429219.223041537 2846905.013934745
1724832.4478795857 -5432754.6264929315 2846009.69693734
1716526.0342364882 -5435853.5611649165 2845114.30971746
1708078.021537749 -5439502.624052256 2843223.8173011113
1702168.7241804807 -5443277.236503554 2839541.434982775
1697086.3064820315 -5447042.568873283 2835359.9985246174
1695297.5212695554 -5450343.790400602 2830081.249861724
1694998.1613098632 -5453072.5788352555 2824999.412939973
1695275.8188178134 -5454637.577802493 2821809.666323464
1697787.4082503954 -5454320.5072795665 2820912.3914535143
1701499.295513714 -5452493.07282086 2822208.4328069873
1703611.662443835 -5449560.983443765 2826593.9558615037
1702001.5421615927 -5449753.9374607885 2827191.852635792
1698912.7963390583 -5449890.416663221 2828786.0924427947
1697953.8939529306 -5449827.215634122 2829483.5029990384
1697390.8336101815 -5450364.630112223 2828786.0924427947
1696746.6804902793 -5450306.629087814 2829284.2471492058
1696676.592349835 -5447066.536481639 2835559.14911223
1697485.102538774 -5445310.561371728 2838446.4442494693
1700310.1430155553 -5445674.159454567 2836057.010464918
1696466.003221782 -5448064.845695788 2833766.669471296
1691995.8612872509 -5448781.388757926 2835061.2661655243
1690012.9464133265 -5448774.935565667 2836256.1489588185
1687671.9583205704 -5450640.09712373 2834065.4355052267
1681976.8669245022 -5453124.709949582 2832671.127552248
1676904.2732706636 -5453910.678015362 2834165.022456633
1677501.0695575147 -5451448.2301682485 2838545.993185395
1681510.8908458448 -5450938.391792173 2837152.229411204
1681375.63719611 -5453879.1021410655 2831575.481224603
1678708.6724413899 -5455372.629814553 2830280.4919195394
1677617.7253992464 -5455553.163433098 2830579.348540042
1676352.5717418138 -5455166.602367482 2832073.515223259
1676134.7251173793 -5454457.6884730635 2833567.487799218
1673624.0320630646 -5454762.936165598 2834463.7781307134
1673025.5424104587 -5454170.141588248 2835957.439922083
1672985.0591113267 -5452680.362118154 2838844.6348050297
1677049.134089267 -5449979.555808965 2841631.581172118
1681342.7688607792 -5450731.129701771 2837650.021637558
1686127.3420251848 -5452049.780609909 2832272.722784041
1686565.8959776897 -5452793.507014877 2830579.348540042
1686537.1788017126 -5452026.499283595 2832073.515223259
1689537.9977315692 -5450942.062181918 2832372.325270308
1692757.690521652 -5449891.300249795 2832471.926893785
1693218.0812873302 -5449023.357926812 2833866.259012528
1690369.672217252 -5446901.000360171 2839640.974405657
1690840.3829858839 -5444053.8831755 2844815.8317096573
1690324.621998773 -5442393.270717384 2848297.5896339975
1688156.0568904758 -5440774.396602185 2852673.148620802
1684496.1432577618 -5439039.2682662485 2858140.231270587
1679822.5456425839 -5437714.886268113 2863406.0192031856
1675544.5460694476 -5436312.833099214 2868570.071449837
1670917.7254324523 -5435115.587948479 2873533.2781220935
1663592.3805218253 -5434579.897067413 2878791.8879037565
1657438.9595892269 -5435145.957917939 2881271.5094839768
1652870.4130382328 -5436484.469323379 2881370.682940416
1646723.891817177 -5438086.675174805 2881866.537056274
1642036.6613010096 -5439030.891658392 2882759.0191566744
1640074.7628237042 -5437677.154875818 2886427.364700244
1638693.762940575 -5438935.097775771 2884841.200739222
1636557.3303697 -5441469.984576698 2881271.5094839768
1633163.3648142177 -5445688.829004675 2875220.2700806046
1626356.7183283025 -5451334.678390215 2868371.4977193326
1621079.3578251263 -5454837.519227009 2864697.253544711
1616332.6856464285 -5458746.780457925 2859928.8865549155
1611313.385788118 -5463505.539043712 2853667.3593148002
1603599.6852995635 -5469351.632471444 2846805.5377368303
1594653.103303329 -5475275.213157832 2840437.258646022
1584374.9972531546 -5480578.643449033 2835957.439922083
1575052.203952934 -5485632.144078207 2831376.2615870973
1564932.6843633899 -5491556.178714559 2825497.731273757
1560162.7904742176 -5496650.63991032 2818220.1493128906
1558264.2979549023 -5500559.397444121 2811636.4795094477
1557350.2835367746 -5503925.879244861 2805548.2548241103
1555931.5528878956 -5506615.061340818 2801054.902878972
1556243.4023040775 -5506984.084605386 2800156.025061462
1554721.9465871712 -5507109.087759637 2800755.2846179577
1548366.3415834815 -5509965.291749646 2798657.7418408315
1541118.2577286575 -5513720.330849303 2795260.9232188743
1539155.7706888074 -5518213.673881572 2787464.504337551
1540883.2665415627 -5519195.6122376695 2784564.517612884
1536532.4904333458 -5521467.42623532 2782464.081864311
1533189.1597333383 -5524008.585191585 2779262.6992074433
1534279.1062575432 -5525316.009438437 2776060.449620082
1533009.0587441744 -5527477.458401685 2772456.8838251675
1531324.8277994306 -5528897.964239202 2770554.560516116
1530476.222574843 -5530336.564756159 2768151.190353245
1527322.745827993 -5531709.417958215 2767149.6427459116
1525750.9885080406 -5533545.193628673 2764344.861108279
1525105.4423795643 -5534973.714190264 2761840.033898971
1522386.0078217727 -5536422.026440842 2760437.100955056
1520276.0965217038 -5538200.320428038 2758031.6896575913
1519955.9161083354 -5539685.145210874 2755224.76488167
1519192.4286391349 -5540692.144352427 2753620.512393972
1517963.7134082394 -5543418.635785257 2748806.4670333895
1515869.209365814 -5544886.714871004 2747000.702465091
1519374.6768351204 -5544772.033531268 2745295.009204238
1519211.6658707527 -5547595.902188433 2739674.5464204904
1521291.3596441222 -5549106.771888104 2735457.481529865
1522655.2164378057 -5550662.084430872 2731540.31936493
1526677.3997422096 -5550891.5068297 2728827.696378475
1530948.8527932584 -5551640.375337136 2724908.3935166607
1535082.0764570897 -5551879.825802396 2722093.756355308
1540019.9976331263 -5551251.493238321 2720585.6475599855
1546821.325673441 -5549064.397148875 2721188.913459823
1551728.8918723771 -5547200.797874218 2722194.2903092285
1564781.7649592527 -5542742.801749276 2723802.720776156
1573845.573472838 -5539335.562304094 2725511.4454085743
1581854.471666061 -5535172.512802704 2729330.079705179
1591024.4522205645 -5529616.021773537 2735256.632234289
1600549.3984747732 -5522435.812202771 2744191.1965353945
1609931.2583403816 -5514108.619022846 2755425.2813379876
1610066.6242400222 -5508496.609915477 2766548.673719304
1607926.4858841973 -5504385.294102314 2775960.3653622787
1609045.0232383944 -5500722.868937555 2782564.1110923477
1607729.954459619 -5500145.708253401 2784464.505342986
1606483.160409931 -5499801.02242088 2785864.59992182
1604510.0607577134 -5499464.994706026 2787664.477108091
1598287.3785955142 -5499908.039926568 2790363.7769605177
1590980.9080063745 -5500910.292568182 2792562.748350813
1585305.130940173 -5501787.640231184 2794061.810986676
1572348.4829352123 -5505910.167950396 2793262.334739038
1561261.4112900188 -5509672.214173984 2792063.018267289
1552452.134430755 -5512312.742658261 2791763.170010798
1545082.347082647 -5516759.260891259 2787064.548607391
1535555.7775165795 -5521688.72916577 2782564.1110923477
1526863.6975973977 -5525911.285293455 2778962.5251207734
1519261.4096194129 -5529966.560276756 2775059.5689934464
1512816.1024161777 -5533339.113104783 2771856.183075721
1508070.4981710124 -5536488.359952737 2768151.190353245
1502735.1707837181 -5539389.855041104 2765246.4700921904
1496675.26229903 -5543078.37369211 2761138.588033741
1490504.8774646008 -5545987.711560832 2758633.0878662476
1485138.8558964622 -5548423.554634998 2756628.3095618966
1481570.3417345954 -5549825.606390441 2755726.0497272587
1476464.6294765302 -5552081.63913135 2753921.3260958027
1471865.1141911421 -5554296.871958453 2751915.7588450327
1466114.6503920888 -5558447.683686744 2746599.3846251303
1459700.018216282 -5563649.911326407 2739473.7671708125
1453711.3620696499 -5567735.554923099 2734352.769163991
1449176.3122050443 -5570248.440707385 2731640.775237613
1446096.557305793 -5572378.016990747 2728928.174706435
1444118.558144248 -5574759.301621806 2725109.41413451
1440485.6014223243 -5577172.026547721 2722093.756355308
1437849.6429011526 -5579029.156920543 2719680.6927724965
1435158.763302416 -5581485.2233906565 2716060.2027915423
1431818.077978096 -5584250.352098804 2712136.7953441245
1428052.3005023766 -5586581.872534667 2709319.214949933
1426850.530547627 -5588790.903477122 2705393.649857137
1423574.3447904224 -5591427.887550371 2701668.237067332
1419293.4817442514 -5593391.4105882505 2699855.4666196234
1420840.8178646562 -5594164.859225206 2697438.0248857467
1423929.346973418 -5595272.75870442 2693508.6728147147
1425809.9010381484 -5595715.261801222 2691593.920885255
1425381.2029488098 -5596890.532180715 2689376.4699398405
1429013.6577114733 -5596448.541396068 2688368.4065953265
1430861.9900149337 -5597573.45911226 2685041.216699014
1430012.559562252 -5598322.457505959 2683931.955411436
1427102.917367742 -5598339.555521641 2685444.5599047923
1427669.3385399634 -5596888.474917396 2688166.784098355
1430406.4067175263 -5597012.554846813 2686452.860652613
1429608.4196670367 -5597555.136217472 2685747.058719884
1429434.3779630498 -5596873.685254632 2687259.4423318403
1431343.7041262228 -5594980.998326811 2690182.861632299
1435198.4230785596 -5594187.322628238 2689779.6723408997
1438439.4761674237 -5593839.462467617 2688771.641761938
1441789.8777336497 -5593509.818243358 2687662.7135263714
1445237.9425952085 -5593152.740655589 2686553.6862270297
1449880.881567972 -5592580.535969233 2685242.8899378465
1459861.5072987515 -5591290.700155821 2682520.0252483566
1466582.0284350577 -5589483.281439454 2682620.882715286
1467873.98920116 -5589240.947081213 2682419.166964285
1467663.56977617 -5591617.476810982 2677577.008971702
1472715.125524063 -5593763.878686073 2670310.2494952865
1477495.3294114997 -5594862.983808952 2665362.403871485
1481785.975859627 -5596468.200587847 2659604.294167603
1487285.9432065866 -5597887.59196692 2653540.282498626
1494365.2295248522 -5600499.707801342 2644034.149496601
1499034.6126839735 -5602686.498019576 2636748.0416005906
1500477.5279160761 -5602204.950084691 2636950.489763781
1503241.2805166834 -5601178.0390574625 2637557.8149741027
1503920.2018759057 -5599803.589877139 2640088.0252727643
1507130.1913655123 -5596934.696422084 2644337.6467957306
1513729.0068043678 -5593048.1007416155 2648788.1071821637
1523879.5526642594 -5588756.72600705 2652023.8246446312
1534199.8820057402 -5583578.189950618 2656976.91347918
1544132.5396438995 -5577032.576769994 2664958.411994288
1549121.0227147657 -5571974.790497558 2672632.03435169
1551458.5919848627 -5570210.194106787 2674953.3885331843
1553249.1173958567 -5568741.437211718 2676971.607019799
1554122.9075743286 -5566993.017878913 2680099.200970022
1556495.276872203 -5564239.917795551 2684436.177353652
1561594.6653960212 -5560765.437090071 2688670.8341987785
1566093.0585307276 -5557402.1425944455 2693004.8194365576
1567970.2830884405 -5554037.115310799 2698848.2567757773
1567661.5562137358 -5550350.057013586 2706601.649629809
1567652.423767237 -5546616.646938901 2714249.555615134
1565762.508721584 -5543996.338413212 2720686.1939486484
1559557.7160467186 -5542732.590427273 2726817.9552978054
1553580.8860563291 -5541144.726236021 2733448.838626243
1549010.591938994 -5540837.978789664 2736662.507300246
1543563.9390150644 -5541117.655960919 2739172.5920376866
1538165.6938251373 -5543065.042354517 2738269.0215840293
1529877.1423091334 -5545110.482667241 2738771.0135120666
1520827.9563017865 -5546657.126208243 2740678.39259083
1511878.2089956452 -5548557.817673972 2741782.5269508837
1505048.1404759854 -5550216.029662453 2742184.0053008385
1501341.290619024 -5552656.9176399885 2739272.984583169
1495455.417210539 -5556668.878824872 2734352.769163991
1488247.0846012724 -5560035.781525763 2731439.8626601715
1483775.1311936474 -5562759.518405235 2728325.292270559
1481644.6141298574 -5566084.042550282 2722696.947639803
1477298.2017304809 -5570480.050944968 2716060.2027915423
1470487.0200727538 -5575024.5510669425 2710426.198736721
1462611.8368175474 -5578317.852241671 2707910.182070866
1459588.240949616 -5580281.681574119 2705494.321038196
1458414.970795262 -5583756.904489597 2698948.9814601913
1452243.0313843433 -5588039.463143703 2693407.90377994
1448252.4933520819 -5589511.997814465 2692500.945549996
1447598.2099567926 -5590603.473298801 2690586.0378120737
1448950.6395886529 -5591804.527136763 2687360.2613584287
1447554.161488998 -5594054.313152398 2683427.7130299094
1446183.3451663118 -5594795.789998366 2682620.882715286
1445030.9381481938 -5595577.022463753 2681612.271278275
1443315.5156319658 -5596599.624192765 2680401.8297302793
1439177.6568665388 -5597520.19358602 2680704.4511420634
1437900.4965041822 -5597413.580278198 2681612.271278275
1437130.574531439 -5597659.626411964 2681511.4056413053
1437428.216505082 -5597196.585586167 2682318.3078631023
1436267.546022338 -5597542.862558826 2682217.4479448376
1432983.239523201 -5597321.006067144 2684436.177353652
1426859.691933592 -5597385.413705842 2687561.896955725
1421174.1098249261 -5597524.363050591 2690283.6569065345
1416030.1914303224 -5598973.14437229 2689981.26862543
1411586.4259529896 -5599901.45144884 2690384.4513612622
1408785.3497017403 -5601574.791867537 2688368.4065953265
1404902.087846546 -5603081.992364808 2687259.4423318403
1401363.114587407 -5604306.532666984 2686553.6862270297
1398442.4758257847 -5604262.5726028 2688166.784098355
1398037.8339088222 -5603057.270157878 2690888.4113412183
1397926.2343572073 -5601777.523473716 2693609.4410289996
1397800.9970119358 -5601275.671710297 2694717.8372250404
1397905.390754788 -5600861.7662427155 2695523.881166559
1395811.5810463375 -5601626.338632829 2695020.1098603886
1392478.5030956094 -5601583.097987056 2696833.5904839127
1391609.9389618393 -5601847.438245695 2696732.8485415033
1392767.3226927419 -5601074.703207776 2697740.230994309
1395047.6211816205 -5601477.286306609 2695725.383941517
1396020.7058578038 -5602882.3994489545 2692299.3902538777
1396851.8995928415 -5605384.314141016 2686654.510983076
1395991.683074265 -5609024.919353474 2679493.9214074044
1393922.724814523 -5611994.651108312 2674347.8594186935
1389461.756922342 -5614974.712230245 2670411.205613315
