-2628033.7673445935 5363062.740034582 2218251.0146846194
-2621433.199282467 5368787.750838363 2212204.119910197
-2609837.1687146034 5375463.807713362 2209701.293107173
-2598304.6880664867 5381561.438755964 2208449.734285697
-2587338.763446288 5387397.907659693 2207093.769578493
-2577406.1476309462 5392498.360613826 2206259.273279414
-2569322.833749514 5397845.8528100215 2202607.8464572406
-2560359.149516233 5404270.299361663 2197285.7249174314
-2551085.8087645606 5411278.874662601 2190813.350550503
-2542505.405796531 5416835.051501068 2187054.019983238
-2534546.998101554 5422499.520901735 2182249.1746440995
-2525044.7734034206 5429070.581601338 2176920.41937664
-2514543.541067411 5435740.626216098 2172426.2069354593
-2506920.9123750916 5441178.612141145 2167617.0902339295
-2498127.267009304 5447839.691579049 2161028.424773843
-2486792.549404639 5455506.540762811 2154751.076092031
-2477138.689638847 5461835.456894256 2149832.168823196
-2470118.696435187 5467398.60823275 2143760.034195974
-2462818.136309615 5473885.331943034 2135590.597517074
-2451136.6521192575 5481124.451714671 2130456.4903919394
-2437931.7818452935 5488311.531204474 2127102.762801232
-2427900.266848151 5494135.480924043 2123538.7002572403
-2419168.5395189477 5499280.50358053 2120183.6053372426
-2410108.2184849586 5504992.483534931 2115674.1553025525
-2399155.46111649 5511102.610120398 2112212.606277849
-2387935.854820956 5517137.392635966 2109170.0604831567
-2377770.3279136973 5522447.446604604 2106756.622674645
-2369773.0686864792 5526963.408106919 2103923.0233959183
-2357886.3182632597 5532802.972131573 2101928.728981782
-2348891.929857541 5536866.498199059 2101298.903766671
-2343940.6361882044 5539442.094542914 2100039.1842133934
-2338309.3826026535 5542298.744801135 2098779.3725420893
-2334074.701892597 5544957.349762104 2096469.4787437778
-2327767.282884171 5549193.7621370815 2092268.8801855613
-2319552.505370185 5553779.364673165 2089222.8084532886
-2311212.720892975 5556978.66033269 2089958.1161807028
-2304433.4658960872 5559003.263210942 2092058.8234722863
-2296418.985282045 5561884.173507042 2093214.1038431977
-2288165.2705630427 5566666.136434194 2089537.9441555883
-2276013.75962735 5572196.826732535 2088067.2618809089
-2265185.62578869 5576804.060488661 2087541.9879938916
-2259908.1429828685 5580005.400621237 2084705.234395871
-2254705.3608412263 5583677.735637839 2080501.7857084696
-2249133.25978284 5586159.364949545 2079871.1808968133
-2244016.6499750204 5587238.142610093 2082498.5503951265
-2240291.9130091607 5587831.511598447 2084915.3801756937
-2239012.479341214 5589441.125380588 2081973.1081977242
-2234372.738046167 5591140.9329221 2082393.463224248
-2230842.163149869 5591650.044881544 2084810.3076033168
-2227235.495406482 5590262.469585296 2092373.907586202
-2230228.985599385 5586430.014358001 2099409.289889041
-2234335.888802138 5583129.380547113 2103818.0662981225
-2236462.0838109585 5582792.07490897 2102453.565720188
-2233365.318187393 5582963.844414232 2105287.4073344907
-2229451.6755095245 5582785.071379783 2109904.517590029
-2223924.0425419747 5583084.441246536 2114939.9459357276
-2219277.3040380855 5584456.361625633 2116198.5712310737
-2213134.594371796 5588599.983060278 2111688.0679999692
-2205337.874233776 5593422.549290548 2107071.438171492
-2195932.2421929813 5599330.911231054 2101193.930656977
-2185843.616450236 5605242.680385872 2095944.4597613658
-2176474.8837896152 5610415.922897917 2091848.7642099
-2170381.1857036077 5615043.069853271 2085755.9378883622
-2163451.966792993 5621025.091469094 2076822.9362308162
-2156652.594316909 5626195.214809028 2069883.569741578
-2150862.0479545873 5631961.023045988 2060205.9328036562
-2143867.377063471 5637545.444522057 2052207.3556323706
-2136046.7756007356 5643647.180040227 2043573.2626137235
-2128045.121656393 5649294.464221417 2036304.745540725
-2123421.488530229 5654064.91842683 2027873.7831194196
-2117280.065487055 5659911.136338644 2017962.351740224
-2109748.0735955853 5666583.701379457 2007095.718001615
-2098802.5630015293 5674409.302432012 1996433.7880358726
-2089071.4669460629 5681295.570479458 1987033.4790441513
-2081214.7564326148 5687494.194713923 1977522.6731197194
-2069590.9653185976 5694812.096028942 1968641.5182033738
-2056713.0541659615 5701809.392051351 1961872.0828683812
-2048887.4314053832 5706624.164063978 1956052.6433483746
-2049482.6748360693 5708908.631387402 1948749.3435578658
-2046822.446399297 5712783.0627761 1940172.2991978114
-2037352.5298330793 5718392.184702729 1933604.5332780713
-2025064.6689891994 5723685.331586193 1930849.6345900958
-2024270.8193821656 5725572.649664613 1926080.601431411
-2026263.2080665652 5726755.039807929 1920462.216673445
-2017343.046356887 5730152.091367164 1919720.0429010561
-2000648.4215638025 5733477.820502804 1927246.4749213292
-1998103.0246084805 5733581.2553059645 1929578.0087507511
-2005717.4160486714 5732561.235589685 1924702.6594187228
-2003191.9441066429 5734652.92692878 1921098.3428063823
-1987707.9204333809 5739186.112134279 1923642.6365963693
-1980246.6078506773 5742261.84086952 1922158.5062084978
-1983595.4647225684 5743514.887461477 1914948.2420787348
-1976309.182350983 5747438.293391036 1910705.6496010884
-1956192.2929945567 5753188.218320785 1914099.7981828437
-1944585.1514192868 5756274.964281172 1916645.0178552715
-1949506.758060307 5757253.384529453 1908690.0918172535
-1952893.899324156 5758983.274419419 1899988.9638994983
-1945438.7984663125 5762450.242972452 1897123.1058338522
-1936453.7630613109 5765371.052036142 1897441.555323736
-1937890.595785588 5766980.954055918 1891071.578317983
-1941326.7069368847 5768535.586535552 1882787.5089362932
-1936306.7335745736 5771607.448552997 1878537.913730072
-1929409.7304859124 5774435.038583986 1876944.079369397
-1932311.568769004 5777080.95831644 1865783.642939092
-1935319.9164357244 5779703.141213793 1854510.5609002677
-1930203.2603744518 5783525.783862522 1847913.926847578
-1922126.7081859747 5786554.753545409 1846849.7507645772
-1918643.0698237095 5788898.09390668 1843124.6916530246
-1920805.6932444652 5789332.1166330585 1839505.4042107724
-1923544.0822050367 5789470.677450948 1836204.9010798456
-1920896.106100737 5790957.246189839 1834288.2331761317
-1919620.3374619961 5792862.35338675 1829602.2832071516
-1916969.6229409922 5794345.177223149 1827684.9925280642
-1918111.167405719 5794404.045031458 1826300.1703982172
-1921789.0165349536 5794325.95809195 1822677.883584322
-1927408.9909129387 5793329.991934485 1819907.46641151
-1926621.777611119 5792988.988354901 1821825.4874804632
-1926391.4073052166 5791958.731499963 1825341.392305001
-1931171.8418486922 5790802.995062655 1823956.4111085853
-1938265.0095982768 5789840.918404901 1819481.2151081103
-1937476.3927965509 5790506.560820393 1818202.407998637
-1932333.5768458205 5790918.614156364 1822358.239208628
-1934516.6664414676 5790055.542637349 1822784.4305991577
-1942488.437996079 5788693.235184834 1818628.6858995964
-1939022.7738393953 5789754.609866831 1818948.3885085764
-1930081.1725008686 5790226.277899472 1826939.330760627
-1931000.985544496 5788943.990901505 1830028.3232867026
-1935759.7509838082 5788397.557712971 1826726.279532214
-1931789.0740337535 5789286.819569943 1828111.0727189307
-1922493.130914345 5790022.323281823 1835566.0319055063
-1921998.0760501565 5789544.963497438 1837589.0485364113
-1926605.7166110836 5789228.8867605 1833755.7932885396
-1923119.6460176432 5789881.771826001 1835353.07104055
-1914500.1303414262 5790269.563840842 1843124.6916530246
-1913792.7921395672 5789825.3952990845 1845253.3811659692
-1919572.9276028348 5789673.330461928 1839718.3214155857
-1917966.0316022653 5790577.804900765 1838547.2490557588
-1906222.3582005347 5792356.1740036225 1845146.9520280813
-1901219.5047139495 5792812.707491269 1848871.637194673
-1903836.6654741706 5792937.318077502 1845785.5184233168
-1907100.6040581537 5792981.781079276 1842273.1529511584
-1908009.9965042758 5793020.753748554 1841208.679068806
-1892347.3488598578 5791697.764763408 1861424.0550980296
-1894601.258375254 5791405.055153994 1860041.547627275
-1886212.4726201457 5791747.961880328 1867484.6864666017
-1879622.5590833246 5791761.690470008 1874074.8534114265
-1882422.3849185097 5790749.114657735 1874393.6768588303
-1885989.1384978264 5789003.248098197 1876200.2459696964
-1881934.239773933 5787873.079736956 1883743.5414680901
-1876981.090537767 5787750.687677339 1889053.9862730626
-1877900.3806113605 5787487.1405154355 1888947.7914617383
-1877504.9468986401 5786956.5447980175 1890965.3944455262
-1869892.3004804447 5786535.431753637 1899776.692578288
-1863215.1521610566 5784845.390154289 1911448.1705680958
-1866057.7024155655 5782946.78266692 1914417.9690177017
-1868409.7937416527 5782292.608061846 1914099.7981828437
-1862388.3440891497 5782970.094408406 1917917.501609209
-1854413.1762357808 5783102.283344254 1925232.6488457446
-1852350.1049850206 5782916.069211406 1927776.393936415
-1852154.994171805 5782306.945993292 1929789.9522699793
-1848341.6693598952 5781862.963053408 1934769.947507751
-1842718.2377156098 5781314.294546791 1941760.9338070457
-1840737.3137627488 5781376.0057020085 1943455.3306969998
-1840197.8033978948 5780728.517400352 1945890.7606759132
-1838354.6723576905 5780173.508768875 1949278.6632873074
-1834820.4532532403 5779187.026803487 1955523.5139342712
-1833150.102632211 5778821.317678234 1958169.0120025708
-1831104.7486693258 5778321.515534333 1961554.7054603542
-1830566.876097186 5778024.909090451 1962929.9687115902
-1829423.9073568266 5777919.566753236 1964305.1309105163
-1826889.7795042961 5778325.684539238 1965468.6507133332
-1821299.2008228071 5778181.2667493075 1971073.6844850758
-1820944.9454427937 5778112.545065374 1971602.374269338
-1819322.2821297387 5780353.070087836 1966526.3331245699
-1809875.9564970832 5783101.932461024 1967160.9138195415
-1804664.8744276348 5784154.51581071 1968853.0235224916
-1804994.3706660417 5785920.920805391 1963353.106308284
-1805615.1218482063 5787555.434453405 1957957.3858697594
-1799602.753572121 5788532.508819832 1960602.5409734724
-1796126.4872083657 5789110.323201563 1962083.664819018
-1800757.1110790889 5790463.053800505 1953830.1997536593
-1804790.5939295527 5791667.142783331 1946526.0386820878
-1802566.6740224634 5790934.912157991 1950760.6795435739
-1798007.7705338364 5790531.33204095 1956158.467443782
-1805103.6436492421 5790536.789061032 1949596.2479998192
-1815050.1428276282 5790415.380098787 1940701.85884819
-1814454.063548976 5790992.524709397 1939536.8081143724
-1806084.4045725644 5791192.6308660675 1946737.7932742578
-1809359.2895465288 5790668.454634138 1945255.4613306583
-1816677.5112407943 5790295.3974837465 1939536.8081143724
-1815181.3251001153 5790125.731805826 1941443.2175286105
-1803668.066737818 5790199.577426812 1951925.0391848113
-1803001.154498351 5790549.9885882465 1951501.6440009146
-1810926.1945803051 5792486.730681057 1938371.6858917344
-1810032.5894630898 5795665.85987399 1929683.980804273
-1798390.3948767656 5798194.936176549 1932968.8227469213
-1793990.1932701047 5801180.260004887 1928094.3382989136
-1800079.1751482536 5803997.752090267 1913887.681377543
-1802997.1080324196 5805884.004852769 1905401.099669439
-1794702.1615188688 5807791.795539015 1907416.999795588
-1793109.7073941212 5808388.164835101 1907098.7137147605
-1804474.3429170349 5808135.438078683 1897123.1058338522
-1814488.531097282 5808508.534615031 1886398.9434424422
-1807544.6724353405 5810500.710341052 1886929.9807562416
-1800717.6247981295 5811792.068901245 1889478.7597636483
-1806411.8979753223 5811507.889376527 1884911.9625509267
-1808706.1032392215 5812445.848027558 1879812.8885217255
-1802921.5184710184 5813520.944480746 1882043.8959593475
-1797724.5444641823 5813615.422653177 1886717.5675548702
-1804513.8907307864 5812200.846262078 1884593.30914392
-1811335.775170182 5812313.817838737 1877687.8847533544
-1812739.9818573869 5813247.616364248 1873437.191103846
-1812788.6440081326 5813403.670257614 1872905.7901534883
-1817757.531956652 5812912.700499955 1869610.7860678337
-1823898.2241033104 5813309.972275186 1862381.1195237848
-1828275.7249352017 5814824.0236430885 1853340.3485803325
-1831269.0950158641 5816183.593310649 1846104.7940308833
-1833473.3134880865 5817512.621952345 1839718.3214155857
-1838645.0974768188 5818333.204769113 1831945.3932379195
-1848772.166813444 5818201.574655626 1822145.1401825012
