-4930929.085712786 1081879.7588977076 3886530.012615251
-4933234.034785335 1077693.619811027 3884767.6146526723
-4935537.256140303 1074767.680997646 3882652.112298241
-4939479.584779208 1076077.6664144597 3877272.1451290264
-4940951.931207286 1075675.8137918129 3875507.2644909737
-4943007.627762801 1074496.9703625252 3873212.2137265503
-4945081.668507527 1073863.2337902144 3870739.7286441824
-4947509.011208123 1070954.7937760311 3868443.021902038
-4950660.445782428 1068833.2191846636 3864996.4683208545
-4953472.0829443205 1067630.696358683 3861725.0057045664
-4956610.578486651 1066496.7207017122 3858009.502057599
-4961075.631594449 1063653.026645873 3853052.2727451823
-4966378.031304366 1060710.66229294 3847027.8321160404
-4970779.45040763 1060017.968834691 3841530.2369176787
-4973633.204169052 1059809.7742423674 3837892.259145302
-4976074.958683064 1056698.9243112183 3835584.230456537
-4978928.3337878315 1051947.7987952826 3833186.5954600344
-4980307.342371918 1046701.4207918072 3832831.317867873
-4983716.020872555 1038247.9482875855 3830699.260079661
-4985994.593927945 1034183.5216371714 3828833.1581430184
-4986543.515034054 1030213.1272681102 3829188.645793816
-4988435.144828978 1024341.6154863801 3828299.8916774853
-4991534.140554549 1023525.3824277596 3824476.9204695784
-4992764.496867551 1023505.2603627755 3822875.967230514
-4995175.714399281 1017369.523372907 3821363.609392284
-4999919.645892869 1012429.5617434119 3816468.3828275804
-5001639.700545008 1008961.697583279 3815132.7105019446
-5004523.945950447 1001365.1275285366 3813351.4073290345
-5008861.740621322 994234.4724487357 3809520.0323839393
-5011244.577971002 990071.924245013 3807469.8113810453
-5011152.720371289 984693.2357632258 3808985.251291683
-5011319.756509903 976916.0107793694 3810767.692459939
-5012429.769443807 970505.058979321 3810945.9110421715
-5013329.546032218 965142.873811492 3811124.124980881
-5013675.471807939 961580.0260772767 3811569.6395108225
-5011128.605973549 963902.8641725614 3814331.1815878707
-5007522.335258353 957591.2081538874 3820651.7951725344
-5009694.675541465 954744.2254910476 3818515.9056553617
-5007501.4088324765 958764.9721256073 3820384.8456360716
-5003220.688163685 959122.2219302444 3825899.673139704
-5002773.826465101 955416.0967811442 3827411.020944473
-5001816.406164887 961477.9575620383 3827144.336988363
-4995247.015046779 964826.5967555682 3834873.908860539
-4994911.676081011 966208.7836520376 3834962.7031489154
-4993401.143256033 971885.1366954996 3835495.4443461034
-4990776.717319935 975895.3658306957 3837892.259145302
-4989103.710954108 977466.8827841191 3839667.128072983
-4988820.557036743 982385.0898351765 3838779.752077102
-4986449.273626489 986439.1545706793 3840820.5420039804
-4985248.124113689 986291.9527581905 3842417.250240449
-4985241.931863056 987014.0640059101 3842239.8569387672
-4985154.003750293 991246.99008074 3841264.1101007764
-4984340.628036255 991899.1776869782 3842151.1585322944
-4986074.430694169 991430.0075837137 3840022.0457232245
-4985481.517562621 994749.7930908378 3839933.318065203
-4984101.666040596 992755.994352348 3842239.8569387672
-4984330.230865162 991264.057381495 3842328.554174828
-4982868.69664114 994138.0291849724 3843481.51172372
-4979877.879401885 996433.647164166 3846761.9231040142
-4977461.024139212 997215.0325226942 3849686.3420395423
-4975406.886964234 997887.4126447819 3852166.6657653814
-4975649.362265316 998387.7260669165 3851723.8182699042
-4975897.016680752 1004311.0146699112 3849863.5385166956
-4974540.0839687325 1008646.2768746754 3850483.689244146
-4973826.606012108 1011484.4532093791 3850660.8646103605
-4973602.873029745 1014603.1965757768 3850129.3244368415
-4971154.94889724 1019527.4065033336 3851989.530287313
-4971425.470492509 1020215.824451329 3851458.095692776
-4971521.245243824 1025752.5251682308 3849863.5385166956
-4969631.113640707 1027261.6913976886 3851900.96078819
-4970815.65894223 1026511.4809184804 3850572.277513729
-4971826.518275069 1026267.8628232318 3849331.9350132747
-4972639.265645306 1024987.9217746161 3848623.0646789335
-4973563.312278173 1021830.5879337947 3848268.6013743174
-4975914.633930182 1019055.6633964445 3845964.132794155
-4978432.323436869 1017127.0876336729 3843215.462156763
-4979600.671717999 1016098.3178143224 3841973.758208215
-4979957.321814697 1015356.2985199699 3841707.648944674
-4980422.571915426 1012735.2989172123 3841796.3532028073
-4980889.554244098 1011110.3506733654 3841618.9435162884
-4977531.668763463 1010790.5289349436 3846052.7808484673
-4975260.746450827 1006442.0946766279 3850129.3244368415
-4976639.2185160285 1005726.4395383834 3848534.4506112486
-4976599.416011153 1007617.0487642437 3848091.3626884026
-4976980.620954481 1008779.3858292188 3847293.730581221
-4978169.596951656 1008658.5635364574 3845786.833170913
-4979560.058016651 1008216.4929048411 3844102.25306766
-4980932.355325598 1007860.8766715847 3842417.250240449
-4982062.471694371 1008361.0921960569 3840820.5420039804
-4982346.269158382 1009323.7703401649 3840199.4975300264
-4982876.518797867 1009069.0468982016 3839578.3957362818
-4983835.89170483 1008720.0294331609 3838424.768935179
-4986561.9733267315 1009090.5906740706 3834785.1134039923
-4988707.032597781 1007258.9968866631 3832476.021594956
-4990422.979942801 1004161.2181507914 3831054.6497303755
-4991549.768127752 997863.0607381993 3831232.3375538043
-4992854.314257638 992687.5314492262 3830876.957238922
-4992144.117837106 988018.4345327724 3833008.9589991565
-4989977.611555806 983789.0787459464 3836915.881891603
-4987421.812559675 980120.5125351351 3841175.3988215406
-4985021.049943528 977028.3902023999 3845077.587820359
-4983186.561911181 977662.334253625 3847293.730581221
-4978556.767619758 978919.8662495983 3852963.717328438
-4976850.773328454 979576.8868253602 3855000.1949179587
-4973597.090803532 979026.6442485998 3859336.705730918
-4970945.673325369 979586.2244661638 3862609.343654096
-4966916.289426258 977351.3760604706 3868354.6711159786
-4965534.141511705 975279.1207232828 3870651.408505142
-4962352.190799338 974294.3576594404 3874977.7082071058
-4960133.483571317 972600.0938705804 3878242.628118773
-4958429.633845496 970378.8981519636 3880976.856440168
-4956634.263616935 970027.539049825 3883357.355462351
-4954570.4113807855 969982.7840395239 3886001.3429407063
-4951012.534052219 967312.4717607299 3891198.0763813565
-4948386.975477816 961600.1061845713 3895950.7923878264
-4947287.561400661 957265.1759487125 3898413.8015000634
-4943842.790686499 952839.4618612437 3903864.2933505126
-4940871.491249349 947348.6291191882 3908959.0023259944
-4936984.70290987 947318.0816817691 3913874.230906342
-4933540.343692262 945318.0859194269 3918698.048280126
-4931697.429573279 941842.1204137905 3921853.5010062237
-4930198.370774056 940931.5428167061 3923956.276075132
-4928867.77525718 933992.3884567783 3927284.261717776
-4929765.502206909 927390.3060644399 3927722.0259927213
-4932035.935170615 923094.532426505 3925883.215072756
-4930618.476408468 916862.8463773866 3929122.6706520896
-4929369.653820829 908533.222029004 3932622.9415569343
-4928489.928325359 905347.434915387 3934459.816606039
-4925126.882092945 904640.7942925037 3938831.200824332
-4922810.420328015 901639.8274082922 3942413.4977372745
-4920687.885783838 898322.1964247338 3945819.17503968
-4918430.574873892 895337.9283829944 3949310.2782820864
-4915945.407787078 893201.4270560015 3952886.6614617556
-4912842.567372216 892903.3877555901 3956809.630036572
-4909643.240951872 893118.61656448 3960730.1578524057
-4906409.753612913 893503.5774780508 3964648.2424908765
-4903056.624962118 892981.3538084953 3968911.81990296
-4900902.3778693555 893207.63921936 3971520.7409548652
-4899050.922885117 893311.9353270557 3973780.9251619186
-4896848.8366868 891850.7449654263 3976822.1885500173
-4894498.404826112 888863.4001559719 3980382.9239179753
-4893661.571457236 886858.7759390817 3981858.728732415
-4890081.591202453 885945.5396047123 3986457.5166728413
-4885963.831168547 881324.746667531 3992526.159140875
-4885298.297246831 876363.4037271163 3994432.216413872
-4884116.678933101 873863.9579841985 3996424.2829689253
-4879251.421859407 870532.8996913508 4003088.686606621
-4879175.619852652 860154.6958074901 4005423.8439790397
-4879044.479473605 852407.0957537332 4007239.4625760545
-4877707.101448488 842526.3122954948 4010955.477884134
-4878218.106563446 830431.9720375441 4012855.821558306
-4880835.123595672 819574.2557905304 4011905.72365805
-4882301.273023697 806508.8836337838 4012769.455133322
-4882224.46089498 793983.6636305535 4015359.9160382287
-4883243.731625307 785928.2295671246 4015705.2276669457
-4884032.275488683 779235.4939378784 4016050.5197236035
-4886176.342443827 768387.8547231259 4015532.5742989895
-4888035.279841504 764222.283507762 4014064.8231456075
-4892189.15147633 760761.0673717624 4009659.4499469255
-4896146.686241236 755776.155017521 4005769.7175843627
-4899603.253655329 751232.5032336378 4002396.6173850666
-4900798.321762992 748964.6361608629 4001358.3672529845
-4901939.987086377 747037.9694684233 4000319.9416016843
-4904867.243902521 743104.9413708332 3997463.3664115453
-4909964.602094292 742036.408768101 3991399.5758685423
-4912675.7322729165 742270.7377622382 3988018.593411854
-4919092.983029901 741220.7316431822 3980296.100956352
-4924806.153760489 742433.2323574971 3972998.64628394
-4929723.7367429165 744670.5639713245 3966475.8451991216
-4934374.8106149705 747223.0556460228 3960207.5619188817
-4938854.25096774 749929.5575570483 3954107.401980904
-4943146.840764494 752434.9900141894 3948263.1493407777
-4946979.470285351 754255.2132690668 3943112.2471762965
-4949903.541416264 754701.0400422943 3939355.5654235887
-4952454.836846163 754382.4776758547 3936208.7300313083
-4954772.192142771 753762.177498825 3933410.23842428
-4956829.782332008 753013.0473451857 3930960.5517626787
-4958614.920672616 752221.7720666758 3928860.07311431
-4959872.238584984 751704.0562741506 3927371.81696551
-4961430.586764469 751940.2350689376 3925357.743646106
-4961736.544294852 750835.0036548265 3925182.576937746
-4961989.896553173 750076.0852693781 3925007.4054466705
-4962315.458617802 750213.8866989213 3924569.4557959987
-4962630.09321649 750881.622581846 3924043.876764242
-4962758.7644167105 752318.7428612007 3923605.861365902
-4962512.745183008 754851.1199786097 3923430.646839988
-4961163.342306891 759607.7578840961 3924219.074556441
-4959231.210351243 766311.5467456429 3925357.743646106
-4957520.322775882 773756.4102124734 3926058.3626481188
-4956569.526569215 781585.3981677868 3925708.0627138247
-4958540.439934378 790146.9163369898 3921502.9715835415
-4962464.899886542 795924.1318942409 3915365.6143025067
-4966092.38075238 793572.3671257898 3911241.537410792
-4966129.789357311 797223.1953261301 3910451.5202329145
-4964938.757529016 805033.910582826 3910363.7345901686
-4963870.136613432 812864.90841678 3910100.3705150485
-4964156.553532925 818695.564101352 3908519.960974599
-4968830.032698058 818842.7648168886 3902546.044912839
-4972631.511537073 812071.8943441941 3899117.3474114314
-4976719.218074734 806854.8954322553 3894982.9270694638
-4979090.992032225 805812.5143669355 3892166.5027016997
-4981570.162197936 804518.6133467787 3889260.7935027718
-4985491.391982862 799795.8291530481 3885208.258528001
-4989689.0115687195 791985.3419566042 3881417.7546299053
-4992344.059350202 784726.3774012341 3879477.5815412947
-4994150.988117489 774027.9780567429 3879301.1738031493
-4995748.808765219 766331.008801753 3878771.922228708
-4996440.731178543 760458.0446840619 3879036.553333228
-4996753.554947379 755687.9260302965 3879565.7836377462
-4996783.5767669575 751857.0850240113 3880271.357862901
-4996398.901012029 748945.7483042781 3881329.5773565453
-4995319.783221216 747001.2099844497 3883092.8981471085
-4992264.814353945 747257.0234857933 3886970.5381202367
-4989702.452689872 750613.4850091747 3889613.06941231
-4988534.838807432 754712.1374793537 3890317.5643571634
-4987740.943019454 759490.2173518741 3890405.620892789
-4987170.904418732 764569.7396355888 3890141.447730765
-4986716.435436342 769756.6301123404 3889701.135427652
-4986498.323468249 774713.5705841994 3888996.57413079
-4986451.051299172 778985.056294151 3888203.8520463114
-4986619.711325863 781418.8195624274 3887499.12965264
-4987351.889565943 783317.3156968091 3886177.5709008155
-4990036.833055353 785880.9395310697 3882211.296881286
-4993335.129958031 784524.9501254952 3878242.628118773
-4996775.8615336865 779168.6473324704 3874889.4446949544
-4999107.943190945 776493.9165621629 3872417.5872272803
-5001115.553550557 774571.1074262257 3870209.79012446
-5003000.813594934 772985.5206419774 3868089.611687697
-5004804.553857854 771475.5925989688 3866057.137149911
-5006446.848072086 770118.6312939062 3864200.855437392
-5008141.321984745 768858.2475228377 3862255.6225921926
-5009768.15147717 767586.6087520923 3860398.2782233083
-5011327.422911691 766303.7896636995 3858628.896683423
-5012872.410496499 765107.5108956107 3856859.0449813097
-5014416.509813726 763910.3359303285 3855088.723332621
-5015959.720295262 762712.2653166299 3853317.9319530665
-5017502.041373341 761513.2996036484 3851546.6710584094
-5018990.307430545 760215.7777354734 3849863.5385166956
-5020477.693177064 758917.3563002108 3848179.982617472
-5022030.580147317 757628.0503123099 3846407.361349702
-5023516.177471506 756327.8073230736 3844722.937033556
-5025080.398230618 754948.9284552536 3842949.402053412
-5026577.334934456 753559.1100736035 3841264.1101007764
-5028086.46848608 752080.5863884368 3839578.3957362818
-5029673.970380776 750523.1647313182 3837803.503421687
-5031273.455735822 748876.8229951191 3836028.1434823773
-5032805.601173877 747219.4905171411 3834341.1185996686
-5034495.014959398 745404.9156322114 3832476.021594956
-5036129.942985394 743491.3423780274 3830699.260079661
-5037842.593747744 741498.2452612773 3828833.1581430184
-5039579.597418393 739327.781708045 3826966.5418551713
-5041406.783058849 736989.4279363245 3825010.487676904
-5043257.78998056 734473.2631290036 3823053.8695588685
-5045289.891456594 731622.1275645033 3820918.734234465
-5047502.301748885 728435.3240487037 3818604.9144311543
-5049998.0262990855 724657.1359695039 3816023.1877785833
-5053638.210777996 719419.2056568734 3812193.3110870183
-5058011.903389421 713197.952482194 3807558.9641850763
-5059491.182814921 703592.5671462963 3807380.657417191
-5060206.449307974 692082.3980959139 3808539.5684734313
-5060385.227477424 679874.5379576471 3810500.3558804626
-5060161.287053518 667440.7730638569 3812995.09093007
-5059265.435769879 655288.1299353747 3816290.3082954786
-5057253.706909962 644799.0899304418 3820740.7760237185
-5053051.423378793 634944.3357625371 3827944.3573767664
-5048863.571338321 624753.2374278613 3835140.2882210533
-5046018.657421449 617159.5953234256 3840110.7722115074
-5043597.328620989 610967.5648405487 3844279.597198938
-5041280.606598428 605509.4276035507 3848179.982617472
-5039036.163157265 600511.8938641688 3851900.96078819
-5036886.54558316 595798.2445166595 3855442.8252477325
-5034709.449501225 591264.2611470455 3858982.810611278
-5032582.557562607 586829.699703574 3862432.485476273
-5030439.282376881 582486.5535633351 3865880.3707871623
-5028300.037795123 578059.1990224659 3869326.4649464604
-5026174.607043155 573460.0341446814 3872770.766357513
-5023726.378290147 568651.243134669 3876654.4906340516
-5020795.271531493 561397.854596311 3881505.9307209174
-5019455.656233658 556281.3333663485 3883974.3811271577
-5016028.492195323 552711.3665469077 3888908.4986374485
-5013376.196452529 550116.6074720306 3892694.6747756405
-5009880.987026312 548936.667036964 3897358.340134329
-5006707.542449247 546024.5457023982 3901842.869705584
-5003214.825334977 545997.082203291 3906324.307808274
-4999037.060867008 544658.2954148127 3911855.928496598
-4994871.899942513 543145.9725462543 3917382.8196477625
-4991469.698133176 542158.9889170219 3921853.5010062237
-4988258.3040309185 541281.6506656803 3926058.3626481188
-4985170.236955928 540506.4045166072 3930085.436125444
-4982147.12226018 539738.7485897867 3934022.5133348354
-4979102.021622437 539145.0955215275 3937957.163841482
-4976122.199867323 538558.8331084867 3941802.028928954
-4973139.395746265 537972.5667649917 3945644.569380873
-4970212.762295773 537480.453597389 3949397.531208142
-4967205.331746372 537067.5213106044 3953235.468552777
-4964341.649515927 536582.5789508057 3956896.779402768
-4961387.83034042 536263.3084366374 3960643.0615462656
-4958509.360263714 535864.6289951729 3964300.0672967485
-4955618.86695155 535552.2542442553 3967954.9428499974
-4952725.710761849 535239.5917169555 3971607.686242084
-4949820.55626418 535013.0323288548 3975258.2955102236
-4946981.793429042 534793.547948502 3978819.925122805
-4944140.506608093 534573.6907481132 3982379.517333451
-4941287.370288537 534439.7025674148 3985937.0703194314
-4938500.944152001 534312.7317828245 3989405.886753636
-4935712.125947606 534185.3066190025 3992872.758799876
-4932990.260352609 534064.934348322 3996251.0853505977
-4930247.482449202 534116.2236108113 3999627.560345968
-4927581.217393623 534088.4120462685 4002915.676617169
-4924903.479446494 534146.0435569587 4006202.032135707
-4922223.5911930315 534203.0686846365 4009486.62545602
-4919671.478605686 534360.4741590088 4012596.718616301
-4917117.433859888 534517.2271494244 4015705.2276669457
-4914561.458058401 534673.3272580663 4018812.151380763
-4912124.443284506 535015.4358615042 4021745.011444262
-4909695.031578286 535271.0781019407 4024676.4552996154
-4907384.951693625 535712.580707238 4027434.1666578413
-4905143.236423534 536160.9243192219 4030104.5015485156
-4902960.655925079 536701.725756334 4032687.5733214044
-4900907.320485575 537342.5934994926 4035097.44284102
-4899053.482898636 538091.21344587 4037248.2977531995
-4897319.946090612 539025.4088188269 4039226.405423537
-4895847.013091704 540160.5844151694 4040860.003445468
-4894966.561593412 541706.4957030537 4041719.6134065855
-4896167.2549818335 544953.6172345157 4039828.309013474
-4899147.591792949 546843.5688409187 4035957.877015898
-4902801.442555971 548377.7106845509 4031310.0725813024
-4906308.109169436 549290.1520555808 4026917.191444716
-4908910.590894262 549408.0148550774 4023728.2020309414
-4911461.822537091 547436.9960969057 4020882.5525082224
-4913249.875392106 546594.505894252 4018812.151380763
-4914805.812441269 545291.3510476496 4017086.2784443847
-4916113.487400424 542396.5919083285 4015877.8761418876
-4916181.645933504 537280.658666689 4016482.107268651
-4915928.225236144 531176.0973984656 4017604.0917291935
-4915512.694270267 524535.832164092 4018984.711745465
-4914923.636194314 517446.5982973892 4020623.790942013
-4914201.976047631 510173.9813062898 4022434.8903876175
-4913416.581562781 502725.8119019392 4024331.6530911624
-4912487.989548482 495181.18591531774 4026400.1720715016
-4911459.968825801 487804.8909127915 4028554.1280989656
-4910403.173786787 480603.9891278439 4030707.317146589
-4909021.5769408075 473722.7117533552 4033204.0550285373
-4906676.657177016 467187.4323443795 4036818.188248468
-4906038.230011896 462720.47442999633 4038108.4245231734
-4904579.258900651 460164.82976949785 4040172.2268493404
-4903850.747467549 458110.6924078628 4041289.823814118
-4903456.433114461 456261.02316022885 4041977.4723881367
-4903256.2239584485 454602.3852398975 4042407.2127319057
-4903101.954414833 453207.14396693365 4042750.9828421003
-4903009.6444934085 451904.07100333273 4043008.7974941675
-4902979.380994319 450693.10767622414 4043180.667771069
-4902933.119600123 449653.33049845876 4043352.533121476
-4902949.079606116 448705.59506857395 4043438.46394918
-4903230.26263987 446401.4834570968 4043352.533121476
-4903479.75116779 445216.1471125584 4043180.667771069
-4903596.624856228 444709.02698003355 4043094.7332484163
-4903783.71994035 444208.2529928745 4042922.860508348
-4903955.266640559 443878.6247585626 4042750.9828421003
-4904134.525883441 443463.380969442 4042579.1002498833
-4904368.541940491 443225.6515216533 4042321.267125823
-4904540.001787292 442895.95113639935 4042149.372219599
-4904766.2414596565 442743.77706900315 4041891.520625509
-4904992.4630373055 442591.5865333924 4041633.657950344
-4905218.666518746 442439.3795310624 4041375.784194811
-4905444.851902482 442287.1560635059 4041117.8993596165
-4905733.54247694 442226.86802142835 4040774.035678884
-4905944.255751975 442245.8627488961 4040516.1249938966
-4906232.904204289 442185.55731546273 4040172.2268493404
-4906506.092061976 442296.50942784053 4039828.309013474
-4906786.9743470885 442321.8295338252 4039484.3714879747
-4907060.111555567 442432.7919069075 4039140.414274519
-4907333.222468956 442543.7617922292 4038796.4373747823
-4907676.505650932 442661.0709365962 4038366.4385688333
-4907941.829301375 442857.7163396906 4038022.4173810957
-4908207.121282254 443054.37864593865 4037678.376512526
-4908542.560057148 443257.3951966498 4037248.2977531995
-4908870.212666003 443546.1083436307 4036818.188248468
-4909135.393786482 443742.82978783955 4036474.0785101946
-4909462.950918153 444031.5985076856 4036043.9136719913
-4909782.69827852 444406.0913035633 4035613.718097556
-4910110.142024897 444694.93000076263 4035183.4917901643
-4910429.764410848 445069.504052424 4034753.234753093
-4910749.321031143 445444.12150701485 4034322.94698962
-4911068.811878847 445818.78235432715 4033892.62850302
-4911388.236947023 446193.4865841453 4033462.279296571
-4911769.901081332 446660.33422455576 4032945.8197032455
-4912081.377118724 447120.86703569285 4032515.402924665
-4912392.772773232 447581.454202639 4032084.9554367233
-4912774.162109439 448048.4865166007 4031568.377919452
-4913085.3889290225 448509.187785076 4031137.862882456
-4913458.754967478 449062.10099825927 4030621.20431584
-4913769.804867535 449522.9217352898 4030190.6217456562
-4914142.958575039 450075.97826997953 4029673.882148738
-4914515.996442471 450629.1129456663 4029157.098361501
-4914818.899074891 451175.89802291885 4028726.411453065
-4915183.829959596 451814.9686110178 4028209.546664962
-4915556.520208648 452368.3375641117 4027692.6377025996
-4915851.197150277 453001.1338300774 4027261.8464938253
-4916215.738801078 453640.4630672167 4026744.8565600407
-4916580.143691519 454279.8831584028 4026227.822468057
-4916952.3508932125 454833.5771343451 4025710.7442235444
-4917308.543108321 455558.9957793713 4025193.6218321733
-4917672.537593196 456198.6882473626 4024676.4552996154
-4918036.395234742 456838.4714458258 4024159.244631541
-4918392.130759738 457564.18755012826 4023641.989833623
-4918747.705562534 458290.00687478564 4023124.6909115324
-4919111.130207409 458930.07476551214 4022607.3478709436
-4919466.396159942 459656.09421433636 4022089.9607175286
-4919821.501314745 460382.2167702225 4021572.5294569624
-4920176.445646059 461108.44239445066 4021055.054094918
-4920531.229128134 461834.7710483009 4020537.5346370707
-4920877.77776976 462647.0882828237 4020019.971089095
-4921232.226795675 463373.6290661513 4019502.3634566683
-4921578.414065946 464186.1705785161 4018984.711745465
-4921932.528525525 464912.9233249089 4018467.015961164
-4922278.354306694 465725.68893652834 4017949.2761094407
-4922632.134089846 466452.6534795205 4017431.492195973
-4922977.59826426 467265.643011745 4016913.6642264393
-4923322.874495543 468078.7474503982 4016395.792206517
-4923667.962752334 468891.9667475727 4015877.8761418876
-4924012.863003288 469705.30085536145 4015359.9160382287
-4924357.575217073 470518.74972584035 4014841.911901221
-4924702.099362368 471332.31331108586 4014323.863736545
-4925046.435407862 472145.99156315735 4013805.771549883
-4925382.327866615 473045.7486446968 4013287.6353469137
-4925726.273413218 473859.66208969126 4012769.455133322
-4926061.745395126 474759.66612328927 4012251.230914789
-4926405.300309655 475573.8145559731 4011732.962696997
-4926740.35167318 476474.0653222017 4011214.650485631
-4927083.515822563 477288.4485372683 4010696.2942863745
-4927418.14642629 478188.9458166244 4010177.8941049105
-4927752.558737711 479089.5691885385 4009659.4499469255
-4928095.129380191 479904.30718160403 4009140.961818104
-4928429.120717755 480805.17673357186 4008622.4297241336
-4928762.893652809 481706.17220593523 4008103.853670698
-4929096.448147912 482607.2935400225 4007585.2336634863
-4929438.222230846 483422.5058235199 4007066.569708183
-4929701.762310107 484317.0357326361 4006634.316178078
-4930034.687199667 485218.5172299999 4006115.571666051
-4930367.393504456 486120.1243615047 4005596.7832220504
-4930630.317151382 487014.98599399906 4005164.425963674
-4930962.596386884 487916.83296822605 4004645.5569924996
-4931294.656928163 488818.8054038047 4004126.644105472
-4931556.963844559 489713.99828054715 4003694.1831568894
-4931888.59710539 490616.21022319526 4003175.1897722455
-4932150.495609303 491511.6198678821 4002742.661750286
-4932473.106452659 492500.1590669064 4002223.5878871544
-4932734.580783419 493395.7898341949 4001790.9928077594
-4933065.343311672 494298.48589892 4001271.8384852735
-4933326.408968281 495194.33300880785 4000839.1763643897
-4933587.274605666 496090.2825262536 4000406.4837753735
-4933847.9401940545 496986.33440190164 3999973.7607215196
-4934108.405703674 497882.4885863876 3999541.007206124
-4934368.671104776 498778.74503033975 3999108.2232324807
-4934628.736367618 499675.10368438007 3998675.408803887
-4934888.601462472 500571.5644991138 3998242.56392364
-4935148.2663596235 501468.1274251515 3997809.6885950337
-4935407.73102937 502364.7924130888 3997376.7828213647
-4935666.995442021 503261.5594135069 3996943.846605933
-4935856.667572544 504151.3406372452 3996597.47571773
-4936115.540138007 505048.30017250014 3996164.4847154296
-4936304.836375116 505938.25100013794 3995818.070002007
-4936493.948256488 506828.280818329 3995471.63581345
-4936752.237227946 507725.5231393429 3995038.5656934227
-4936940.973068274 508615.7222999345 3994692.087691992
-4937129.52448248 509506.0003239624 3994345.5902209166
-4937326.7987927925 510310.184638675 3993999.073281886
-4937514.996827678 511200.6169802351 3993652.5368765877
-4937633.685105038 512083.9383130686 3993392.6217988916
-4937830.4737462215 512888.33530073945 3993046.0513316905
-4937948.828706308 513771.7773518151 3992786.1107095075
-4938145.300536633 514576.3113831096 3992439.5061855754
-4938263.322110679 515459.8740153076 3992179.540022785
-4938390.183284924 516257.3010136981 3991919.5629152074
-4938447.612617412 517047.52465475723 3991746.2387634036
-4938565.156146415 517931.23782659275 3991486.2434160984
-4938622.302673047 518721.53330695257 3991312.907105136
-4938757.658863528 519432.948648635 3991052.8935200833
-4938736.198382246 520302.21454220003 3990966.219893542
-4938802.041577949 521006.40197356837 3990792.8689933326
-4938858.67206999 521796.81672402046 3990619.513230463
-4938845.909538278 522579.93301617616 3990532.833525597
-4938842.154994956 523276.85903694713 3990446.1526051443
-4938470.6947150035 526113.9629351059 3990532.833525597
-4938327.931450947 526796.1105358265 3990619.513230463
-4938115.814735995 527470.8305169359 3990792.8689933326
-4937834.3386513535 528138.0928890863 3991052.8935200833
-4937561.987611217 528719.1088590552 3991312.907105136
-4937141.774887427 529371.3819046597 3991746.2387634036
-4936652.159394431 530016.1058115636 3992266.1966265044
-4935954.535146123 530638.350399608 3993046.0513316905
-4934960.933021642 531402.817439824 3994172.33418479
-4932648.693235757 533331.1651605763 3996770.663596804
-4930434.022219258 531089.4548407841 3999800.6629705615
-4930929.170706965 529749.880363833 3999367.897271471
-4929216.839362715 530001.0418928891 4001444.894801812
-4928109.545509686 527880.9284473113 4003088.686606621
-4927854.229447429 526983.6549794674 4003521.1902401075
-4925820.331897582 526940.0610020084 4006029.1099760616
-4925034.205929459 524421.7234982406 4007325.90717899
-4925129.163886326 522867.06877153006 4007412.3505612253
-4925099.455411155 521820.80183827213 4007585.2336634863
-4924888.08941332 520494.63713886513 4008017.4200550215
-4924373.718969844 518702.20856524556 4008881.701266407
-4921749.943358025 514865.09767605795 4012596.718616301
-4922546.790748887 505135.87110147934 4012855.821558306
-4922715.74703175 500725.67338827817 4013201.2750341212
-4918186.461298444 492547.50601972855 4019761.1727830833
-4916164.524137181 480908.0049892722 4023641.989833623
-4911399.107672295 473260.0071069008 4030362.858456912
-4905176.694686399 461343.6536257844 4039312.3953421367
-4901408.201667558 452360.3818842691 4044899.0995484074
-4896234.17806019 446109.20072982647 4051853.7059745197
-4891715.762036706 439500.0801520182 4058028.780453388
-4888872.209037804 429870.47870502155 4062484.5716920258
-4887021.616289113 426613.583358573 4065053.6985895904
-4881757.154202755 418256.7354455877 4072241.3227416454
-4880240.507803588 410062.5770629542 4074891.687994353
-4877859.232525566 404375.91341268294 4078309.7513941685
-4875851.786624863 398383.5192793896 4081298.926375487
-4876378.457892658 392772.3970296869 4081213.5425057043
-4877834.905536567 388862.7028940434 4079847.231530491
-4878813.996865102 383713.9535164148 4079163.956728141
-4881135.713634759 378668.13973763655 4076857.3172269505
-4883951.949771338 375456.640544243 4073780.3896867065
-4885141.344329213 371088.57019764784 4072754.3897212907
-4889197.904748632 365475.33142870216 4068391.8973371615
-4891493.270606773 363329.05303500284 4065824.2193716816
-4892588.587949213 360061.9263377635 4064796.836038803
-4894526.133953958 357885.61405393016 4062655.8814764223
-4898086.831712289 347920.07777665515 4059228.74552378
-4904452.622263339 341146.4169331133 4052111.1285585393
-4911508.376071339 333282.9158720963 4044211.7859687903
-4918618.240483436 324193.82765726367 4036302.01626347
-4924452.621049906 318018.5317918167 4029673.882148738
-4928238.030412289 310576.5859172148 4025624.5602239165
-4935925.155308676 299991.81083310436 4016999.971947236
-4942849.730106657 294525.1276816673 4008881.701266407
-4948087.281753194 287644.4646517829 4002915.676617169
-4952997.594373626 278823.35685295187 3997463.3664115453
-4958792.263127376 272551.6144108913 3990706.191719718
-4961645.513508429 270102.7535181258 3987324.8301114882
-4961933.828734817 262128.13739013154 3987498.27822476
-4965152.259311799 255172.8858016462 3983941.621083648
-4965526.142961107 254670.7414347003 3983507.7428099588
-4963028.5588031085 250374.07010860604 3986891.188573121
-4961859.038447098 241633.7084072165 3988885.688201933
-4960550.189403253 236970.663170185 3990792.8689933326
-4958965.885049414 232124.06781821654 3993046.0513316905
-4958052.4756147405 227745.29089645247 3994432.216413872
-4956430.245100194 223509.88331181437 3996684.0702659967
-4954981.884179117 219978.41367696322 3998675.408803887
-4953291.962223901 218690.6990157724 4000839.1763643897
-4949247.485537402 215223.36519557 4006029.1099760616
-4948034.854741621 214132.36837164508 4007585.2336634863
-4945779.221349789 214467.1636361607 4010350.6990519594
-4942992.108344145 214087.00362317983 4013805.771549883
-4940792.823435468 209758.5573582884 4016741.045114005
-4938558.016156917 209490.981234304 4019502.3634566683
-4934440.738052835 207159.43811837237 4024676.4552996154
-4932336.352752297 205346.3715459511 4027348.007189233
-4928577.498917987 204328.19663314128 4031998.8622542997
-4924698.075192397 202703.6832981659 4036818.188248468
-4921091.818670796 201178.70699406674 4041289.823814118
-4918507.748575987 200471.1575128359 4044469.5378013956
-4914499.034701695 199964.10246659143 4049364.7150683827
-4910488.890558687 199371.70638631657 4054255.8846713565
-4905946.990909248 199530.36512344232 4059742.942081703
-4901835.714100908 201162.7702729691 4064625.5881471965
-4897030.526372923 202249.78631939524 4070359.69512591
-4891834.379109752 202291.7561667273 4076600.968054991
-4887575.896381653 200150.33402584255 4081811.2034853394
-4883133.760686236 198858.62923240845 4087187.409555145
-4878679.262980887 195948.00068151538 4092643.8923987984
-4873889.847306861 192262.4290588593 4098520.942326816
-4868744.769085765 190102.01912103573 4104732.219746631
-4862156.625325116 187890.042681553 4112635.5640474884
-4856189.336988963 182227.1629859591 4119934.3907864345
-4850123.728981075 180728.01780653675 4127139.2267713035
-4842058.575788444 178311.84366688106 4136703.3535221866
-4833691.651275213 177665.81432310655 4146504.6579997004
-4825191.55571172 174148.95321308562 4156541.7828746885
-4822176.868891532 169068.25415219553 4160248.4505814547
-4818774.022892677 166591.1966776101 4164289.2898409734
-4815675.559646516 161435.2688964097 4168074.922332798
-4812261.679587766 154510.32409789605 4172278.165093778
-4810389.5975008 146802.6239088916 4174714.5902288407
-4807823.6661652485 139921.37545033355 4177905.528342334
-4806372.871355026 126446.91679700736 4180003.827598125
-4808620.10804402 115420.75682876783 4177737.630034682
-4808339.172158656 108696.65828524214 4178241.3096854794
-4805027.902185124 96288.24958634438 4182352.977955593
-4809143.585621191 74036.86202178532 4178073.421559334
-4816387.883678652 61452.529623396855 4169924.740394766
-4818229.319027088 53485.959009046266 4167906.7265783013
-4818913.407848776 43315.70777717373 4167233.8927776846
-4821006.325796529 36434.36738900379 4164878.334777957
-4820661.869430965 33823.396556632295 4165299.0431011957
-4818954.444814228 27923.710884060034 4167318.001445973
-4821537.464531841 20280.68021255514 4164373.4429234355
-4822842.612007896 20959.578190152857 4162858.4933772306
-4823081.245396252 15488.92444595136 4162605.961837662
-4828103.688085136 10701.838386738786 4156794.5881115953
-4832669.04215208 11724.11511664234 4151483.2860255647
-4835859.5183150675 10043.813262224006 4147770.827919103
-4842445.567732791 7606.501966597152 4140085.0310921
-4850098.674016342 6179.467280021911 4131119.1784417275
-4856294.156466461 6017.84397606255 4123834.6052458975
-4863055.642083098 3564.8066103160068 4115861.7705357373
-4870302.4321922455 4760.159044303185 4107282.8682558704
-4875958.887099415 6552.822276392506 4100563.740735712
-4880531.129270442 9625.50361204055 4095114.680433553
-4884381.491449214 12702.060937334332 4090513.0611741487
-4886869.260612689 16120.238666034573 4087528.5892069484
-4890002.7114261 17325.44198776985 4083774.517686465
-4894121.570591043 20585.988437230273 4078822.289504108
-4896455.234318179 23843.323534524705 4076002.7765251747
-4899726.871737512 23688.218036906484 4072070.290491014
-4904547.617974827 25423.577474488688 4066252.2431258303
-4910143.567110094 26566.692553361765 4059485.8493673964
-4915447.939123981 27539.119124128094 4053054.916316788
-4920400.6688120235 26708.069070083457 4047046.4461630215
-4924973.989990624 29311.687075882997 4041461.7433444303
-4928143.992753177 29760.63095226205 4037592.36322045
-4931797.244601643 31246.04234928138 4033117.977815322
-4934465.999536972 32038.08659029572 4029846.1335913595
-4936918.158833555 33346.54662753691 4026831.024615699
-4938959.108612824 32843.10245649025 4024331.6530911624
-4941823.941590913 34846.02142768186 4020796.2998776147
-4942808.0536284465 34594.14304780482 4019588.634456586
-4945132.922948444 33056.78247846288 4016741.045114005
-4947736.975501973 31347.030585830045 4013546.708950081
-4950122.608261879 30584.55118708668 4010609.897310297
-4953028.289044702 23859.460387885458 4007066.569708183
-4959402.720038133 20168.103366460047 3999194.782463711
-4962831.5321590835 17410.23926383609 3994951.948018437
-4965636.283348317 11613.35932243435 3991486.2434160984
-4970729.376855891 4424.53645497257 3985156.318833554
-4974971.219042402 1041.955550806149 3979861.967961751
