48.776 231.721
48.804 231.688
48.806 231.687
48.803 231.639
48.829 231.603
48.834 231.602
48.849 231.553
48.884 231.548
48.89 231.522
48.926 231.508
48.939 231.499
48.963 231.469
48.984 231.445
49.004 231.43
49.028 231.394
49.049 231.356
49.093 231.295
49.129 231.287
49.169 231.248
49.2 231.227
49.244 231.215
49.265 231.223
49.317 231.22
49.338 231.263
49.367 231.276
49.398 231.345
49.395 231.367
49.429 231.336
49.464 231.382
49.489 231.392
49.546 231.392
49.568 231.438
49.574 231.429
49.612 231.47
49.622 231.54
49.622 231.571
49.64 231.608
49.658 231.643
49.674 231.688
49.674 231.688
49.695 231.712
49.706 231.691
49.722 231.679
49.742 231.643
49.76 231.632
49.799 231.62
49.824 231.66
49.812 231.627
49.841 231.607
49.839 231.617
49.843 231.577
49.874 231.587
49.886 231.598
49.909 231.62
49.877 231.614
49.896 231.589
49.89 231.619
49.885 231.594
49.891 231.614
49.878 231.614
49.889 231.601
49.926 231.656
49.888 231.678
49.892 231.669
49.874 231.667
49.888 231.644
49.904 231.666
49.902 231.641
49.922 231.605
49.943 231.63
49.936 231.59
49.957 231.602
49.913 231.553
49.949 231.543
49.905 231.567
49.919 231.508
49.914 231.538
49.911 231.532
49.921 231.554
49.926 231.538
49.934 231.535
49.957 231.531
49.976 231.52
49.998 231.485
50.001 231.442
50.01 231.405
50.018 231.374
50.044 231.328
50.072 231.294
50.083 231.27
50.097 231.217
50.114 231.196
50.12 231.155
50.135 231.128
50.146 231.095
50.154 231.082
50.169 231.049
50.196 231.057
50.197 231.07
50.201 231.06
50.201 231.069
50.198 231.08
50.197 231.089
50.201 231.114
50.191 231.144
50.215 231.184
50.228 231.238
50.288 231.261
50.325 231.345
50.326 231.345
50.395 231.34
50.428 231.386
50.457 231.375
50.513 231.399
50.543 231.414
50.561 231.447
50.574 231.418
50.609 231.449
50.635 231.416
50.668 231.425
50.649 231.394
50.682 231.404
50.656 231.345
50.66 231.358
50.613 231.309
50.664 231.318
50.643 231.284
50.651 231.268
50.652 231.236
50.694 231.222
50.697 231.167
50.747 231.111
50.773 231.045
50.845 231.056
50.886 231.053
50.912 231.103
50.859 231.07
50.872 231.058
50.834 231.044
50.832 231.045
50.783 231.039
50.844 231.02
50.829 231.0
50.81 230.976
50.801 230.964
50.814 230.896
50.813 230.845
50.788 230.775
50.786 230.727
50.771 230.67
50.769 230.665
50.747 230.6
50.77 230.59
50.776 230.525
50.802 230.509
50.789 230.462
50.831 230.413
50.822 230.371
50.843 230.296
50.847 230.224
50.844 230.141
50.849 230.073
50.845 230.004
50.85 229.942
50.833 229.88
50.844 229.815
50.818 229.783
50.822 229.706
50.791 229.687
50.774 229.611
50.745 229.597
50.721 229.545
50.691 229.518
50.702 229.488
50.69 229.478
50.709 229.397
50.676 229.429
50.629 229.363
50.639 229.399
50.576 229.411
50.573 229.359
50.566 229.403
50.546 229.353
50.591 229.325
50.586 229.315
50.609 229.209
50.646 229.22
50.585 229.169
50.613 229.064
50.572 229.094
50.546 228.971
50.571 228.98
50.519 228.924
50.529 228.885
50.523 228.883
50.504 228.875
50.523 228.833
50.496 228.878
50.497 228.794
50.498 228.841
50.464 228.767
50.489 228.777
50.466 228.751
50.488 228.723
50.488 228.708
50.497 228.681
50.488 228.666
50.494 228.599
50.498 228.614
50.478 228.534
50.515 228.565
50.467 228.489
50.528 228.487
50.48 228.444
50.531 228.407
50.508 228.371
50.552 228.335
50.536 228.276
50.576 228.239
50.548 228.19
50.601 228.154
50.588 228.142
50.65 228.068
50.652 228.089
50.657 228.023
50.666 228.01
50.669 228.0
50.664 227.974
50.681 227.977
50.669 227.964
50.669 227.918
50.628 227.891
50.629 227.82
50.611 227.845
50.6 227.789
50.614 227.839
50.589 227.824
50.598 227.842
50.592 227.792
50.601 227.83
50.59 227.763
50.621 227.806
50.598 227.735
50.644 227.742
50.608 227.707
50.64 227.697
50.613 227.675
50.628 227.668
50.604 227.641
50.604 227.673
50.576 227.652
50.594 227.682
50.558 227.68
50.583 227.678
50.557 227.695
50.561 227.668
50.536 227.67
50.519 227.63
50.508 227.606
50.497 227.562
50.487 227.536
50.483 227.502
50.48 227.502
50.469 227.46
50.483 227.47
50.472 227.47
50.471 227.467
50.481 227.482
50.472 227.488
50.472 227.467
50.47 227.476
50.461 227.467
50.462 227.46
50.459 227.467
50.454 227.464
50.445 227.468
50.444 227.458
50.448 227.464
50.439 227.445
50.451 227.433
50.432 227.428
50.438 227.415
50.427 227.41
50.428 227.391
50.426 227.394
50.421 227.41
50.4 227.382
50.422 227.392
50.382 227.454
50.403 227.43
50.396 227.475
50.399 227.427
50.384 227.501
50.39 227.513
50.413 227.478
50.407 227.435
50.331 227.429
50.324 227.419
50.277 227.492
50.269 227.406
50.279 227.495
50.232 227.466
50.259 227.494
50.231 227.497
50.222 227.504
50.209 227.495
50.203 227.535
50.174 227.491
50.19 227.523
50.136 227.518
50.176 227.491
50.16 227.534
50.174 227.525
50.168 227.56
50.14 227.566
50.13 227.519
50.153 227.574
50.103 227.579
50.121 227.573
50.104 227.64
50.084 227.628
50.108 227.679
50.078 227.735
50.041 227.732
50.026 227.769
49.989 227.807
49.997 227.855
49.964 227.918
49.959 227.939
49.962 227.995
49.967 228.055
49.954 228.07
49.972 228.121
49.961 228.129
49.993 228.14
49.987 228.147
49.996 228.126
50.008 228.117
49.997 228.116
49.999 228.1
49.991 228.125
49.987 228.128
50.004 228.145
50.002 228.16
50.007 228.166
50.024 228.18
50.023 228.171
50.056 228.137
50.055 228.143
50.086 228.091
50.092 228.081
50.11 227.999
50.118 227.976
50.132 227.935
50.132 227.918
50.149 227.863
50.147 227.864
50.163 227.8
50.199 227.819
50.195 227.777
50.226 227.764
50.227 227.748
50.25 227.729
50.255 227.695
50.27 227.686
50.274 227.662
50.292 227.632
50.302 227.594
50.306 227.574
50.31 227.529
50.324 227.519
50.335 227.481
50.34 227.458
50.342 227.451
50.359 227.42
50.385 227.403
50.418 227.374
50.455 227.366
50.505 227.343
50.532 227.322
50.561 227.321
50.574 227.294
50.605 227.268
50.638 227.215
50.693 227.189
50.709 227.202
50.729 227.133
50.776 227.143
50.791 227.116
50.851 227.097
50.887 227.108
50.913 227.112
50.962 227.103
51.008 227.141
51.042 227.125
51.112 227.171
51.133 227.217
51.182 227.238
51.228 227.318
51.238 227.357
51.278 227.421
51.288 227.511
51.309 227.546
51.323 227.639
51.308 227.702
51.316 227.773
51.304 227.843
51.289 227.88
51.277 227.917
51.246 227.982
51.23 227.96
51.217 228.014
51.166 228.0
51.159 228.028
51.111 228.029
51.103 228.0
51.069 228.012
51.032 227.99
51.012 227.97
50.957 227.912
50.93 227.849
50.898 227.814
50.876 227.76
50.859 227.695
50.859 227.675
50.83 227.614
50.847 227.569
50.829 227.547
50.829 227.455
50.857 227.463
50.835 227.379
50.878 227.364
50.857 227.331
50.886 227.272
50.9 227.257
50.901 227.225
50.913 227.171
50.938 227.18
50.931 227.116
50.993 227.11
50.971 227.109
51.031 227.053
51.045 227.096
51.063 227.039
51.117 227.074
51.11 227.073
51.167 227.055
51.177 227.105
51.199 227.097
51.228 227.134
51.256 227.164
51.257 227.174
51.297 227.196
51.289 227.236
51.324 227.222
51.32 227.287
51.322 227.262
51.346 227.304
51.336 227.323
51.341 227.334
51.352 227.37
51.345 227.432
51.357 227.437
51.346 227.513
51.329 227.515
51.339 227.575
51.325 227.601
51.325 227.626
51.305 227.666
51.298 227.696
51.267 227.713
51.268 227.75
51.222 227.732
51.233 227.771
51.187 227.765
51.196 227.763
51.161 227.785
51.153 227.766
51.136 227.771
51.119 227.756
51.098 227.741
51.087 227.736
51.066 227.713
51.055 227.698
51.045 227.678
51.023 227.651
51.037 227.628
51.014 227.615
51.029 227.571
51.008 227.589
51.027 227.539
51.017 227.557
51.021 227.512
51.017 227.54
51.014 227.484
51.019 227.507
51.023 227.443
51.029 227.485
51.034 227.402
51.044 227.455
51.041 227.38
51.058 227.432
51.057 227.367
51.072 227.421
51.059 227.375
51.072 227.419
51.056 227.366
51.077 227.412
51.055 227.401
51.064 227.449
51.03 227.406
51.059 227.408
51.025 227.409
51.049 227.397
51.037 227.407
51.041 227.396
51.017 227.404
51.026 227.392
51.002 227.391
51.02 227.377
50.979 227.4
51.012 227.375
51.009 227.445
50.996 227.414
51.001 227.408
51.002 227.432
50.989 227.42
51.019 227.378
50.991 227.437
50.992 227.361
51.003 227.409
50.973 227.363
50.996 227.351
50.968 227.374
50.964 227.318
50.965 227.343
50.945 227.314
50.944 227.305
50.946 227.296
50.928 227.281
50.923 227.232
50.915 227.241
50.903 227.18
50.908 227.168
50.899 227.133
50.91 227.109
50.92 227.086
50.925 227.054
50.937 227.031
50.954 227.011
50.963 227.007
50.986 226.967
50.99 226.989
51.013 226.942
51.025 226.956
51.037 226.924
51.052 226.943
51.076 226.921
51.091 226.952
51.103 226.936
51.122 226.971
51.115 226.962
51.144 226.972
51.133 226.974
51.143 226.979
51.147 226.982
51.158 226.992
51.152 226.974
51.158 226.966
51.148 226.964
51.152 226.922
51.143 226.913
51.135 226.859
51.136 226.824
51.149 226.772
51.147 226.743
51.157 226.685
51.166 226.664
51.19 226.642
51.187 226.617
51.221 226.611
51.21 226.594
51.252 226.586
51.245 226.578
51.276 226.56
51.281 226.592
51.304 226.561
51.323 226.592
51.34 226.583
51.357 226.615
51.374 226.602
51.397 226.629
51.408 226.621
51.414 226.652
51.424 226.644
51.438 226.655
51.441 226.649
51.447 226.661
51.462 226.667
51.472 226.68
51.477 226.719
51.476 226.701
51.499 226.734
51.49 226.746
51.508 226.758
51.509 226.784
51.516 226.791
51.524 226.807
51.517 226.83
51.529 226.83
51.534 226.87
51.526 226.882
51.547 226.917
51.538 226.942
51.548 226.959
51.55 226.989
51.535 227.027
51.554 227.033
51.545 227.089
51.542 227.082
51.546 227.141
51.526 227.144
51.54 227.159
51.516 227.178
51.506 227.179
51.502 227.198
51.475 227.195
51.47 227.176
51.441 227.188
51.421 227.168
51.411 227.16
51.375 227.126
51.362 227.109
51.339 227.083
51.331 227.047
51.319 227.043
51.308 227.021
51.3 227.029
51.302 227.02
51.288 227.035
51.292 227.016
51.289 227.063
51.284 227.027
51.298 227.06
51.282 227.056
51.303 227.058
51.308 227.088
51.298 227.102
51.286 227.096
51.29 227.134
51.268 227.127
51.28 227.137
51.257 227.146
51.257 227.146
51.247 227.153
51.247 227.168
51.24 227.155
51.245 227.191
51.222 227.172
51.235 227.2
51.207 227.196
51.213 227.192
51.201 227.202
51.188 227.202
51.197 227.189
51.181 227.205
51.183 227.156
51.168 227.184
51.157 227.145
51.157 227.145
51.149 227.127
51.126 227.114
51.13 227.097
51.111 227.093
51.128 227.038
51.103 227.049
51.113 226.996
51.099 227.02
51.113 226.971
51.102 226.991
51.11 226.942
51.109 226.945
51.119 226.904
51.112 226.91
51.119 226.872
51.121 226.879
51.122 226.848
51.129 226.84
51.116 226.84
51.127 226.816
51.119 226.828
51.129 226.796
51.128 226.813
51.124 226.799
51.117 226.796
51.117 226.77
51.103 226.783
51.1 226.744
51.096 226.751
51.093 226.729
51.088 226.759
51.079 226.739
51.087 226.752
51.088 226.739
51.083 226.764
51.091 226.73
51.103 226.761
51.09 226.727
51.117 226.726
51.112 226.742
51.129 226.718
51.139 226.768
51.113 226.71
51.166 226.697
51.147 226.746
51.168 226.687
51.191 226.728
51.165 226.714
51.199 226.688
51.184 226.734
51.19 226.677
51.218 226.714
51.207 226.698
51.232 226.7
51.242 226.727
51.253 226.759
51.28 226.777
51.273 226.838
51.27 226.822
51.282 226.84
51.299 226.838
51.286 226.879
51.285 226.878
51.288 226.913
51.258 226.916
51.252 226.899
51.252 226.946
51.225 226.907
51.266 226.924
51.232 226.962
51.271 227.007
51.19 227.073
51.178 227.014
51.154 227.03
51.124 227.018
51.111 226.968
51.113 227.002
51.066 226.952
51.099 226.944
51.055 226.973
51.064 226.895
51.065 226.942
51.026 226.878
51.058 226.868
51.016 226.849
51.025 226.786
51.017 226.781
51.009 226.746
50.997 226.688
51.015 226.679
50.973 226.612
51.027 226.565
50.982 226.567
51.013 226.476
51.009 226.519
50.996 226.433
51.02 226.429
50.996 226.406
51.02 226.356
51.02 226.364
51.018 226.331
51.031 226.309
51.04 226.333
51.045 226.293
51.076 226.328
51.05 226.315
51.079 226.286
51.078 226.318
51.071 226.287
51.092 226.288
51.091 226.321
51.101 226.302
51.118 226.326
51.104 226.305
51.133 226.289
51.134 226.289
51.144 226.276
51.135 226.283
51.14 226.267
51.135 226.266
51.139 226.245
51.125 226.223
51.134 226.186
51.118 226.178
51.126 226.12
51.119 226.119
51.116 226.077
51.125 226.062
51.126 226.051
51.124 226.022
51.128 226.024
51.119 226.01
51.139 225.993
51.128 226.014
51.119 225.98
51.125 225.974
51.12 225.962
51.134 225.966
51.127 225.99
51.129 225.993
51.137 225.987
51.145 225.997
51.16 226.001
51.18 226.014
51.194 225.999
51.223 225.999
51.217 226.004
51.239 225.996
51.242 225.985
51.266 225.989
51.259 225.985
51.28 225.989
51.278 225.999
51.298 225.989
51.299 226.002
51.315 225.985
51.313 225.998
51.331 225.99
51.326 226.007
51.344 225.997
51.354 226.029
51.362 226.03
51.384 226.048
51.4 226.05
51.41 226.063
51.428 226.079
51.442 226.058
51.477 226.076
51.478 226.08
51.509 226.105
51.519 226.138
51.522 226.178
51.524 226.125
51.534 226.173
51.522 226.136
51.551 226.159
51.532 226.151
51.543 226.161
51.54 226.174
51.539 226.174
51.551 226.155
51.551 226.194
51.57 226.178
51.589 226.215
51.599 226.197
51.612 226.253
51.609 226.258
51.631 226.281
51.631 226.305
51.637 226.305
51.645 226.348
51.641 226.346
51.651 226.377
51.648 226.394
51.643 226.426
51.65 226.437
51.641 226.481
51.647 226.468
51.644 226.544
51.646 226.512
51.653 226.601
51.641 226.581
51.659 226.66
51.641 226.661
51.649 226.731
51.613 226.732
51.608 226.751
51.599 226.748
51.585 226.79
51.587 226.785
51.584 226.835
51.574 226.834
51.589 226.854
51.572 226.892
51.591 226.881
51.6 226.933
51.6 226.944
51.622 226.979
51.616 227.021
51.634 227.017
51.641 227.083
51.629 227.067
51.655 227.099
51.651 227.124
51.658 227.118
51.678 227.166
51.666 227.168
51.713 227.195
51.69 227.223
51.726 227.222
51.722 227.278
51.744 227.274
51.759 227.329
51.764 227.349
51.782 227.392
51.791 227.423
51.801 227.451
51.834 227.492
51.842 227.569
51.873 227.566
51.907 227.694
51.871 227.686
51.923 227.708
51.907 227.777
51.91 227.724
51.939 227.818
51.9 227.791
51.966 227.83
51.92 227.864
51.966 227.854
51.972 227.92
51.967 227.915
51.98 227.888
52.009 227.949
52.003 227.903
52.091 227.948
52.077 228.0
52.173 228.046
52.19 228.158
52.206 228.241
52.182 228.356
52.123 228.463
52.011 228.548
51.925 228.589
51.846 228.546
51.806 228.538
51.731 228.423
51.732 228.217
51.713 228.052
51.729 227.901
51.718 227.889
51.709 227.833
51.723 227.835
51.685 227.833
51.668 227.781
51.67 227.822
51.604 227.814
51.61 227.814
51.565 227.893
51.509 227.925
51.486 227.964
51.475 228.045
51.476 228.116
51.492 228.221
51.463 228.303
51.469 228.321
51.456 228.431
51.442 228.363
51.48 228.469
51.419 228.456
51.471 228.472
51.451 228.542
51.495 228.541
51.508 228.619
51.533 228.642
51.541 228.646
51.567 228.66
51.542 228.658
51.584 228.662
51.566 228.709
51.593 228.693
51.609 228.823
51.599 228.893
51.613 228.93
51.633 228.986
51.606 229.034
51.615 228.997
51.597 229.082
51.517 229.036
51.52 229.097
51.44 229.142
51.479 229.151
51.442 229.219
51.466 229.214
51.428 229.224
51.437 229.223
51.407 229.232
51.428 229.256
51.37 229.252
51.415 229.247
51.423 229.281
51.415 229.281
51.416 229.344
51.415 229.347
51.412 229.37
51.43 229.412
51.424 229.43
51.458 229.412
51.444 229.475
51.482 229.465
51.505 229.526
51.519 229.556
51.517 229.603
51.467 229.595
51.495 229.583
51.486 229.653
51.485 229.627
51.509 229.713
51.505 229.705
51.542 229.741
51.537 229.734
51.56 229.763
51.57 229.765
51.574 229.8
51.579 229.769
51.599 229.831
51.6 229.819
51.62 229.852
51.617 229.839
51.656 229.88
51.65 229.917
51.678 229.949
51.684 229.959
51.726 229.957
51.734 229.974
51.759 229.938
51.786 229.919
51.812 229.86
51.848 229.847
51.845 229.792
51.846 229.777
51.835 229.746
51.855 229.773
51.839 229.767
51.844 229.768
51.838 229.763
51.849 229.803
51.829 229.784
51.841 229.827
51.823 229.824
51.828 229.873
51.827 229.881
51.878 229.915
51.877 229.938
51.958 229.965
51.955 229.987
52.023 230.032
52.0 230.042
52.059 230.076
52.013 230.077
52.071 230.044
52.074 230.089
52.137 230.082
52.206 230.111
52.296 230.155
52.328 230.172
52.382 230.153
52.416 230.152
52.447 230.116
52.518 230.142
52.548 230.105
52.624 230.081
52.641 230.038
52.722 230.007
52.742 230.007
52.782 229.985
52.783 229.973
52.843 229.96
52.859 229.938
52.911 229.896
52.899 229.843
52.934 229.738
52.921 229.683
52.939 229.619
52.9 229.593
52.905 229.492
52.868 229.419
52.842 229.35
52.77 229.34
52.735 229.288
52.709 229.263
52.669 229.228
52.632 229.204
52.596 229.191
52.602 229.16
52.565 229.184
52.56 229.148
52.521 229.167
52.54 229.119
52.498 229.15
52.493 229.131
52.438 229.144
52.443 229.128
52.365 229.136
52.379 229.116
52.326 229.124
52.343 229.092
52.27 229.118
52.258 229.097
52.208 229.125
52.199 229.128
52.136 229.144
52.102 229.142
52.055 229.132
52.039 229.127
51.972 229.098
51.891 229.076
51.791 228.965
51.745 228.708
51.847 228.565
51.939 228.513
51.934 228.55
51.852 228.466
51.875 228.355
51.857 228.276
51.926 228.114
52.013 228.025
52.123 227.964
52.225 228.009
52.279 228.048
52.35 228.064
52.399 228.09
52.414 228.131
52.416 228.153
52.432 228.169
52.441 228.161
52.432 228.187
52.407 228.193
52.418 228.144
52.421 228.077
52.427 228.041
52.392 228.038
52.357 227.904
52.387 227.704
52.384 227.569
52.409 227.408
52.48 227.295
52.56 227.205
52.662 227.144
52.761 227.138
52.845 227.177
52.896 227.209
52.947 227.246
52.983 227.265
53.008 227.327
53.001 227.387
52.989 227.438
52.95 227.476
52.875 227.493
52.821 227.456
52.781 227.37
52.75 227.224
52.786 227.04
52.862 226.951
52.945 226.885
53.051 226.877
53.137 226.927
53.179 226.996
53.202 227.087
53.188 227.167
53.154 227.227
53.084 227.278
53.038 227.251
52.986 227.205
52.959 227.099
52.947 226.971
52.979 226.832
53.038 226.736
53.114 226.666
53.203 226.673
53.265 226.721
53.352 226.791
53.4 226.856
53.442 226.893
53.473 226.936
53.536 226.9
53.641 226.88
53.721 226.847
53.774 226.819
53.82 226.799
53.884 226.771
53.928 226.743
53.975 226.726
53.992 226.752
54.012 226.71
54.057 226.78
54.036 226.751
54.056 226.793
54.026 226.756
54.078 226.816
54.041 226.809
54.05 226.833
54.017 226.787
54.049 226.823
54.019 226.806
54.028 226.804
53.995 226.76
54.046 226.787
54.038 226.791
54.051 226.798
54.025 226.787
54.041 226.775
54.029 226.788
54.017 226.78
54.011 226.8