-416870.405907687 3242507.3349414356 -5468272.693230409
-419835.65834445355 3240969.8206888884 -5468957.271854144
-423579.1094925468 3238364.6475284095 -5470211.709581239
-426863.6509845451 3237548.128524109 -5470439.702524669
-427812.11423680984 3236459.8096084096 -5471009.5682334285
-428828.8821006069 3234591.283557778 -5472034.906523202
-427875.62538771576 3233465.050585578 -5472775.092751453
-427762.8665581227 3231745.4965342195 -5473799.5008608755
-426183.86008058896 3231086.797480544 -5474311.502331022
-424968.7406894836 3230572.2420790805 -5474709.632313383
-424303.7331512595 3231623.3218623395 -5474140.850181818
-424352.5633603764 3232869.527161669 -5473401.184119337
-426170.0475902764 3233593.9429663927 -5472832.018484393
-426921.36093054316 3235806.881739299 -5471465.340808604
-427918.65917361487 3236830.988367904 -5470781.641947731
-429795.52949814004 3239278.891718429 -5469185.411420136
-429833.19454305 3239562.7652735473 -5469014.309244595
-431410.41775188065 3240604.8515556166 -5468272.693230409
-430555.660132822 3241970.0525322403 -5467530.795707665
-432976.4958639412 3242417.7863248237 -5467074.103481112
-431668.704592245 3243843.4478663835 -5466331.751294463
-431945.5317884582 3244191.5795806805 -5466103.278620502
-430384.30456092046 3246323.5995056573 -5464960.515656105
-430868.7415203295 3246932.838459769 -5464560.391295193
-430627.76726763573 3249465.902019513 -5463073.501031321
-429921.27956494625 3250232.6799269887 -5462672.992200052
-429030.48791547556 3251792.794455006 -5461814.484433677
-427899.12240511796 3253287.8360899445 -5461012.872773157
-427157.03443094966 3255115.5365460515 -5459981.750122675
-425069.41021184006 3256830.242077861 -5459122.069599582
-423439.0454083771 3258964.034666035 -5457975.246882027
-421952.6181287988 3260885.6353650996 -5456942.5378249865
-421334.653233343 3263270.034469773 -5455564.754644233
-418998.18821469485 3264914.738944069 -5454760.605718511
-418163.9634874348 3267900.649088864 -5453036.332844763
-415894.3974436285 3270108.8719939757 -5451885.98702149
-416218.4852040308 3272657.120460679 -5450331.966446859
-414644.0852564066 3275349.663590158 -5448834.358262483
-415214.17585985444 3277098.6148973037 -5447739.242695377
-415458.1690160948 3279942.4758902555 -5446008.8931848705
-417322.0897717611 3281334.58067724 -5445027.699014969
-419368.00593172444 3284139.0051962174 -5443179.444970527
-422014.1549306802 3285236.6428079214 -5442312.49137628
-426004.52493607823 3287690.309146631 -5440519.605320554
-429397.9804205831 3288206.3824223625 -5439940.915212918
-434169.0011735724 3290739.6312359446 -5438030.062240651
-438544.127425537 3291116.8881667187 -5437450.65970482
-444484.6660334015 3291373.1813441655 -5436813.125608563
-449455.45305420127 3289644.5277560693 -5437450.65970482
-457022.76271040336 3291475.6775327446 -5435711.458362641
-458322.92774257547 3290720.149047705 -5436059.417864831
-464423.39513271424 3289960.5433251243 -5436001.428754159
-463835.93635635497 3289947.6028635316 -5436059.417864831
-467778.8042532412 3288430.933554457 -5436639.217893125
-468298.5076393051 3290848.559910545 -5435131.393395885
-469711.354503996 3290072.2435344337 -5435479.452244698
-472507.3805940863 3291588.4489740967 -5434319.024299587
-474017.8879215372 3291083.7811010773 -5434493.130707209
-478492.0941156546 3291202.9968022387 -5434028.813846019
-480631.0660121355 3290987.1595104947 -5433970.766789337
-484788.5052063274 3288939.2152798027 -5434841.298825063
-487889.7458088056 3288097.014070794 -5435073.37779292
-490765.5771220237 3285750.5745274695 -5436233.375261266
-493492.67982317595 3283998.761753663 -5437044.979376329
-495986.11640013254 3283431.156554788 -5437160.89632297
-497319.22807336686 3282557.625091429 -5437566.553463289
-499210.5985058863 3280350.404361392 -5438725.126621629
-500169.4880948021 3278571.824039886 -5439709.392770055
-501483.4059961526 3275297.105355449 -5441560.829868643
-501324.5410083712 3273495.724353147 -5442659.317578532
-501391.3550778309 3269736.7608372117 -5444912.23289072
-503068.74328762194 3266594.115864118 -5446643.528057342
-503346.1177150617 3263472.9497753563 -5448488.597020802
-503051.7742404617 3260053.8145899754 -5450562.268097749
-503594.7801210099 3256407.66747686 -5452691.298857179
-503445.16021097923 3254311.984201852 -5453956.131116233
-502950.27663555986 3251113.015023964 -5455909.290189308
-502717.32895351894 3249607.221556727 -5456827.759126745
-501914.4137108326 3247418.1683743093 -5458204.664633029
-502307.97969234746 3246586.1080728937 -5458663.420326032
-501008.68757630145 3244183.6938733654 -5460210.935062787
-499800.7615478874 3243116.419162459 -5460955.602320442
-496539.6625952343 3241495.7692639222 -5462215.167980286
-495532.50071134424 3240588.971703473 -5462844.648826524
-493368.80228845886 3240822.6494439347 -5462901.864373883
-491119.8729537039 3240874.9116125004 -5463073.501031321
-488235.7388856647 3242853.3090602257 -5462157.932465145
-486268.4557760414 3244787.503634879 -5461184.674150117
-484467.8750902523 3247465.7959045656 -5459752.538571273
-482565.9021107475 3249482.857915262 -5458720.757305223
-481524.703868891 3252237.368399474 -5457172.075273973
-481077.02516394586 3255095.3456444694 -5455507.326236774
-481296.1814769925 3257757.577502083 -5453898.656183797
-482665.78387921694 3260729.8685296285 -5452001.051499441
-482736.6990056726 3265143.087298742 -5449352.888086652
-482984.2552285583 3267605.859388032 -5447854.546231417
-484182.2271158887 3271368.6290627187 -5445489.497164548
-483529.3306473803 3274058.805993081 -5443930.50298246
-484564.8812841975 3279090.806551373 -5440808.888227586
-482531.89724557183 3282365.523085587 -5439014.666371076
-484721.4923235812 3285304.8514739466 -5437044.979376329
-483465.3396171525 3287120.3614762793 -5436059.417864831
-487524.4388734268 3289589.5295825815 -5434202.945084201
-487176.27667891997 3295966.7711684788 -5430368.617211404
-488304.91904446983 3297236.8133042483 -5429496.173958337
-489718.18796559185 3302007.4510022425 -5426468.823268164
-490862.5310993386 3300592.6818284662 -5427226.08007287
-495085.40122568945 3302834.898511443 -5425478.142861522
-495720.9056318399 3302356.5544440346 -5425711.287106979
-499478.16049985104 3303035.3310026247 -5424953.471628311
-503902.882508444 3301884.2918721233 -5425244.972172944
-506957.40079118666 3299883.781714354 -5426177.496263978
-508843.6225089431 3299880.9193677907 -5426002.680226426
-510166.5925291098 3297759.889699101 -5427167.839468299
-511964.1307467633 3296810.2827174817 -5427575.488981889
-512607.27608818054 3294505.105025677 -5428914.338379378
-515687.8106847501 3290858.8035940113 -5430833.768098501
-519273.0270173079 3289335.342152259 -5431415.057816919
-521324.83383852016 3288914.796352305 -5431473.177689282
-519234.6520430768 3287229.7980692773 -5432693.312787233
-520601.7350642323 3282500.347532626 -5435421.446575813
-518837.2010686342 3279513.603008397 -5437392.710341064
-518102.5430600788 3271170.7160025653 -5442485.911937848
-519707.48696758394 3267645.3351751324 -5444450.302050523
-518284.34548875305 3262000.448432496 -5447969.84312941
-520630.02201195504 3259508.27375878 -5449237.670856162
-518812.68662024254 3256523.060860915 -5451195.460656583
-517825.5830968132 3253982.319654465 -5452806.316830499
-514117.8571079812 3252257.4853719166 -5454186.014232099
-512206.9050926581 3248992.6858926434 -5456311.172705559
-508898.4971676796 3248644.9677987695 -5456827.759126745
-503823.23008320504 3246254.8955055308 -5458720.757305223
-500490.4274605642 3245709.956548229 -5459351.354326267
-495219.8232590911 3245747.185859621 -5459809.843953871
-492458.6373280264 3246649.168420358 -5459523.3004097
-486619.9069579374 3249841.531388195 -5458147.312689232
-481991.8414795773 3252649.5864171847 -5456885.149306997
-476850.41645598627 3257545.423946296 -5454415.870764925
-472201.31293657824 3260723.2186988173 -5452921.328159741
-467775.8412299859 3265109.8826534287 -5450677.408961248
-463183.7745322251 3269222.8122382956 -5448603.857407034
-460548.7168858233 3273243.6151396944 -5446412.774966845
-457492.6314383171 3277222.740106405 -5444277.050620138
-455248.1183007251 3280796.3815197926 -5442312.49137628
-454230.0458802799 3285251.5562173985 -5439709.392770055
-451275.1566644316 3290544.8005843814 -5436755.158026208
-451190.0420761066 3294195.2285995404 -5434551.162865557
-450329.85049347155 3298619.8253607377 -5431938.077103938
-450259.92184593185 3301116.8008004003 -5430426.766862124
-451163.1151979896 3304723.4035958573 -5428157.704894973
-451464.34169858583 3305638.404238684 -5427575.488981889
-451746.31613861874 3307703.0313905864 -5426294.032024501
-451918.960462378 3310259.8923968645 -5424720.241446862
-451441.7835667246 3313668.78730928 -5422678.349677615
-451118.59497064905 3315622.9174237307 -5421510.64581877
-450458.6963303454 3318576.9230857664 -5419757.851460061
-449612.00443328515 3320600.661378969 -5418588.496381602
-449755.20616102585 3322966.8248116043 -5417125.874089741
-449049.7630522372 3324302.4153964473 -5416364.902893091
-449698.62526324246 3325168.5928778397 -5415779.350691382
-449865.37953296263 3325527.56530597 -5415545.083616958
-449693.31009708374 3324692.3798824176 -5416072.147415109
-451401.46578245756 3324651.679484644 -5415955.033674983
-451071.5136120251 3325268.7958623683 -5415603.6528601125
-452072.29473308724 3324369.7349014967 -5416072.147415109
-452155.7936945908 3324549.174164676 -5415955.033674983
-452287.19129413186 3322909.3955667065 -5416950.290102889
-452687.33078802534 3322377.809103604 -5417242.921830251
-452913.39512413734 3321869.869434016 -5417535.512302947
-454028.4259313778 3320954.1536181355 -5418003.5712439995
-454795.161403573 3320085.6462921156 -5418471.524558282
-456501.08240432787 3318324.018471195 -5419407.114270053
-458481.55688801093 3316427.5580571536 -5420400.7152748965
-460368.5335147503 3313873.5664383257 -5421802.633719786
-462186.8092442682 3310849.218861703 -5423495.349248809
-463822.8125141891 3308230.528433495 -5424953.471628311
-465651.7502172236 3304913.3003584305 -5426818.361124093
-467577.98388393986 3302727.9265289465 -5427983.057482109
-469168.561459688 3299439.802344657 -5429845.195918729
-469845.19693548535 3298003.2636239193 -5430659.348922802
-471815.3947471217 3294944.833326589 -5432344.777222266
-473625.60604877846 3293248.189025551 -5433216.004428212
-474710.42549180676 3290600.6253234292 -5434725.249407779
-475526.98587693 3288949.1567854593 -5435653.45931683
-476490.32817077404 3286700.5353857675 -5436929.055804813
-477099.6771770955 3285653.2139523453 -5437508.607412235
-478218.6255640019 3283284.497884857 -5438840.947491722
-477481.5817218438 3282240.5979252094 -5439535.733539028
-477562.8628471365 3280789.589177135 -5440403.880556679
-477679.91296981304 3280388.7235989827 -5440635.323455322
-477531.88003166474 3278970.7874100776 -5441502.998149019
-477692.32531648595 3278467.5300369523 -5441792.140171023
-476811.71689379844 3277635.9019161942 -5442370.299887982
-478029.1921012508 3274770.352452414 -5443988.265067966
-478741.5914809087 3272457.4095186074 -5445316.335298904
-479895.29774891 3269982.7841155278 -5446701.212182154
-478185.2808233354 3267062.2648264747 -5448603.857407034
-478674.97862115636 3262856.767644741 -5451080.349680873
-478095.2198637838 3262076.328270609 -5451598.296763982
-475340.8740737938 3258343.252545371 -5454071.075996976
-473905.7902032494 3255666.015318399 -5455794.451655291
-469060.6657114642 3254250.852136613 -5457057.309874109
-467039.4308395962 3251076.9599091015 -5459122.069599582
-463105.97843670804 3250292.118561225 -5459924.44972959
-459421.5871003695 3247157.0334464703 -5462100.695286136
-455924.4750240355 3247361.094991371 -5462272.40183154
-451635.22715118306 3243531.6997310393 -5464903.360027145
-449221.5282700577 3240688.698208894 -5466788.616714557
-446776.48580722767 3237173.2105909553 -5469071.344969088
-444689.7758180958 3238327.6244675913 -5468557.963475649
-440126.0351688707 3235675.5037726187 -5470496.696594592
-438991.2639503619 3234095.1342485687 -5471522.304880516
-434093.7523098432 3231865.1014887425 -5473230.451934645
-432942.99718293565 3229706.056414048 -5474595.889228051
-428877.57708831585 3229766.4687216347 -5474880.234433648
-426578.972383033 3227564.517203755 -5476358.157353108
-423241.88049118215 3228774.971957177 -5475903.531935275
-419781.2701392038 3228166.5107821985 -5476528.614360068
-417245.55695562286 3230711.6608847966 -5475221.393644625
-412726.2534271169 3231677.4542763126 -5474993.960841801
-410787.53943135793 3233561.8431317606 -5474027.073744727
-407057.5523096676 3236729.321486731 -5472433.503345263
-405427.718923832 3238377.6318609617 -5471579.267285708
-402245.09928328457 3242334.3134803246 -5469470.548392289
-399930.2329399164 3244063.2937015146 -5468615.012527313
-399289.78094170097 3249141.379514463 -5465646.253350319
-396220.6613878195 3251823.1744992966 -5464274.538241899
-396842.57035134535 3256453.860740511 -5461470.976506709
-394686.4237387708 3261035.645415354 -5458892.758265797
-395942.3122907779 3265201.229931522 -5456311.172705559
-395624.9735330456 3269747.106762909 -5453611.25660168
-396162.1840093362 3273228.8868266335 -5451483.2090362925
-396264.78950153204 3276953.4667314724 -5449237.670856162
-397259.92637184984 3278940.3988562436 -5447969.84312941
-398622.48059486854 3281552.357397475 -5446297.388467093
-401155.07309575414 3282775.8041586066 -5445374.057579548
-402946.00399529707 3285524.294375898 -5443583.895645403
-404770.04954797175 3285682.9732249877 -5443352.79092292
-407435.51407669805 3287459.364148951 -5442081.240751412
-409791.9090818016 3288602.106382578 -5441213.814687598
-410883.167155255 3292675.9575696294 -5438667.213701477
-411804.06509939453 3293039.208394031 -5438377.624250382
-413827.0615600178 3296133.1939185346 -5436349.338579061
-412770.7587021013 3297030.5918286047 -5435885.44556513
-416091.672604528 3298334.2427011053 -5434841.298825063
-415592.13281659735 3300404.7105434565 -5433622.449688929
-418311.2556164155 3300156.769274064 -5433564.391045641
-418843.8717551553 3303434.3633065596 -5431531.295907125
-421193.34276332916 3302562.210532574 -5431879.970468241
-425341.7365951484 3305662.0485773534 -5429670.692381408
-426765.91839227814 3304427.347478702 -5430310.465906499
-430682.28673068125 3304779.3541635023 -5429787.029726957
-432541.01709939516 3303294.0118870675 -5430543.061200939
-438182.6285467815 3302932.822190935 -5430310.465906499
-441882.1417386236 3303396.0796833043 -5429728.861881177
-444905.326023799 3303181.5148737137 -5429612.521227666
-447978.6840897313 3304200.473052868 -5428739.755456918
-450624.87057713134 3304223.125746086 -5428506.955075411
-454348.1186043936 3304382.6512229927 -5428099.490744173
-457547.45973193215 3304993.1684698453 -5427459.025958695
-460221.4349529591 3305195.705351699 -5427109.597210519
-463934.4033655354 3305250.457879218 -5426760.108947426
-466520.71677071747 3305651.5997362793 -5426294.032024501
-469906.74646333867 3305458.9387707524 -5426119.2259043455
-471988.61953288934 3306023.2449119617 -5425594.718289712
-475552.3189445422 3305416.83865888 -5425653.003524719
-478996.5442599189 3305206.533927789 -5425478.142861522
-482015.7251292516 3304097.6933783293 -5425886.127937088
-487590.23862595827 3303949.7091403455 -5425478.142861522
-491173.1662727378 3304663.4053667723 -5424720.241446862
-495814.9663459217 3304161.637032845 -5424603.616441281
-500263.1443854551 3305884.665976841 -5423145.246222783
-502601.71242120734 3304572.4851752487 -5423728.718224571
-508483.76460441924 3304055.6075541866 -5423495.349248809
-513011.59799559106 3304696.5997288874 -5422678.349677615
-520305.9655107665 3303364.3732077833 -5422795.0837253155
-527329.8446094075 3303304.627549817 -5422152.9646988185
-532512.7367643168 3301706.185562233 -5422619.980175991
-538689.6187668195 3300416.333518758 -5422795.0837253155
-542195.3098616555 3300513.6033939826 -5422386.485651433
-547624.9260279055 3299712.992181231 -5422328.107890865
-551345.1161324641 3300724.417911098 -5421335.433260178
-555534.3805168545 3299925.96787501 -5421393.839097831
-561202.8437848202 3301557.7568780836 -5419816.301880165
-566185.9362684634 3303297.7790387175 -5418237.561105058
-570678.3351815066 3305595.026082655 -5416364.902893091
-575160.7192586645 3307792.1042401223 -5414549.15409848
-579457.9223830986 3310591.0931836893 -5412379.895195855
-584076.9028306536 3312464.720282106 -5410736.793493668
-587329.0491821 3315341.6143852267 -5408622.33548548
-591421.396922992 3317202.625613892 -5407035.090683429
-594559.798567992 3321050.6022806484 -5404328.130583684
-598557.3549829947 3324644.2662310153 -5401676.646728587
-601865.0558771321 3328357.3613032294 -5399021.830847938
-605150.8656678522 3330921.507776642 -5397072.84912965
-608535.0514911986 3334325.666972 -5394589.737661089
-612012.2727484892 3336560.470995138 -5392814.311785446
-615763.8742461717 3339602.0662166816 -5390504.047906338
-618859.6366389734 3340369.2466690745 -5389674.113158101
-623099.5376852407 3341111.857591197 -5388725.222276595
-626736.7096822462 3341196.9952276386 -5388250.61924726
-631208.9264784079 3340259.296801429 -5388309.950370858
-635800.673462215 3338047.94820623 -5389140.413748854
-640268.1405584302 3334895.026447829 -5390563.316645059
-644718.5697256065 3332312.451886446 -5391629.8731323825
-649272.4376601183 3331524.035750787 -5391570.633953494
-653082.672053405 3332792.6934963674 -5390326.231837996
-656888.4956141271 3331565.197318452 -5390622.583741721
-661857.5010468105 3331636.693964766 -5389970.555368146
-665508.9703644522 3332060.319178075 -5389259.025109421
-669952.5928024624 3332800.5922315223 -5388250.61924726
-673775.3215944573 3334044.4857493043 -5387004.286526505
-678825.5870174301 3334746.8294288013 -5385935.425348599
-684453.4405485115 3336762.418463343 -5383974.465991827
-688729.3448626784 3338952.26522876 -5382071.223985127
-692717.9719857607 3341484.087040212 -5379987.630779923
-696789.567946541 3344089.7551693614 -5377842.411913183
-700454.8911360996 3347925.724268101 -5374978.817657556
-702840.986806218 3351450.552706404 -5372470.078095289
-706715.0423396297 3353893.3237701175 -5370437.079205112
-709732.0326212904 3358332.3570300313 -5367264.221332537
-711836.7677072758 3361620.531540073 -5364926.5435855035
-713043.5696990594 3365001.2319993014 -5362646.415376834
-714370.7371711582 3367207.063822051 -5361084.968476103
-715050.8490459562 3370123.062201492 -5359161.672211084
-715809.7576183986 3372830.070220013 -5357357.063731887
-715212.8653313359 3376110.26602708 -5355370.298017785
-715459.4163636721 3379019.338501226 -5353502.324046502
-715977.9332388769 3382633.525317741 -5351150.066341951
-716620.3058608708 3384502.0646645557 -5349882.439036323
-716546.9911423179 3382990.3508377317 -5350848.315512569
-712649.1756503193 3387916.3547689915 -5348251.5764999045
-713894.1794993705 3390896.961329606 -5346196.208345011
-711309.1002081765 3391535.514114767 -5346135.72783738
-707723.5293319672 3394191.6354393656 -5344925.775718813
-706603.8087563149 3398616.361708141 -5342261.588819925
-704744.4603098633 3403381.4116884577 -5339472.9339360865
-703082.6938423477 3405532.895478848 -5338320.093758976
-699520.6728005637 3409309.4365036376 -5336377.141328366
-696713.489507603 3413780.735437478 -5333885.300969087
-694597.6657823757 3414971.836761895 -5333398.769716433
-693043.6073149487 3418326.3948331913 -5331451.605027152
-691315.7079756514 3422377.8163194163 -5329076.249620648
-690271.848864733 3426762.196531709 -5326393.397326754
-689597.1694479716 3430216.2362735625 -5324257.067074671
-690532.7019946447 3433629.198070265 -5321935.373305027
-691738.3455741055 3435281.30899387 -5320712.488881518
-694914.5995482611 3437103.183792452 -5319121.76992579
-697844.6658980635 3437077.846234315 -5318754.525375552
-701864.909877236 3437490.752140757 -5317958.628762525
-705081.6761234084 3437021.8820716916 -5317836.158829584
-709490.3432202779 3436872.6613178146 -5317346.214303087
-713145.6105383435 3436400.4029468372 -5317162.45837916
-720875.2150838296 3435356.1512365565 -5316794.9027999
-724870.3052550781 3434705.0727301766 -5316672.3713165745
-729224.459858777 3433972.9988158206 -5316549.833355045
-733817.6015341199 3433184.1793521247 -5316427.28891546
-739901.1890630816 3433491.704318679 -5315385.399648633
-744490.4328505702 3433828.407129708 -5314527.021832049
-749960.8927201595 3433871.958290063 -5313729.672599045
-755113.182617935 3434451.7141040913 -5312625.1989881685
-761407.5329717159 3434771.1310441745 -5311520.201042207
-766666.3383563372 3435500.6346452604 -5310291.810718438
-773141.8678672977 3434334.146419823 -5310107.496358759
-777359.048400081 3433762.136672999 -5309861.721233558
-781991.7305629401 3432519.9712926927 -5309984.612031187
-784584.0961162363 3431452.9985325704 -5310291.810718438
-787951.1812788164 3429920.5917693805 -5310783.244501483
-789544.071555812 3429173.798850573 -5311028.922567434
-791562.3517245296 3426995.882457253 -5312134.153516209
-792627.3441989657 3425607.683341452 -5312870.68288511
-793484.1864951357 3421696.2576997746 -5315262.793674977
-794396.6783508064 3417769.364051145 -5317652.441780926
-796041.0913660404 3413764.623405745 -5319978.4470277885
-796435.6209344772 3408999.2286941903 -5322974.3152178675
-800390.1800092929 3403395.3098032065 -5325966.29025703
-801852.1426602706 3401618.505010363 -5326881.422341049
-801928.284927428 3396631.8311766433 -5330051.053158023
-805535.3231245689 3392048.532506627 -5332425.395288548
-807597.5168974855 3386007.1746518766 -5335951.898575083
-813583.007276463 3381795.758566622 -5337713.099971915
-816008.9275182772 3378910.813554446 -5339169.611864312
-821082.3311233481 3373844.562198847 -5341595.049761664
-826335.5885410733 3371601.8365216963 -5342201.002496444
-830794.6619691633 3368681.0599114927 -5343351.86434855
-836637.9666140787 3366081.361949993 -5344078.421725559
-839796.4883496233 3364237.2105775825 -5344744.22672599
-844862.1493213238 3362295.3385160896 -5345167.818248285
-847398.3480763171 3361464.616249097 -5345288.829743707
-851339.2494857026 3358543.6348697064 -5346498.586454624
-854286.6245735112 3356639.6128017385 -5347224.127792381
-856698.0520481395 3353134.817282385 -5349036.954886884
-861564.9561063733 3352658.7036581985 -5348553.677695901
-863368.0015772226 3351423.630206573 -5349036.954886884
-868409.5077886501 3351374.494330433 -5348251.5764999045
-870890.8662153621 3352755.6294118157 -5346982.306739946
-875374.0568462267 3352455.928540657 -5346438.114089901
-879384.869318668 3354878.2455925997 -5344260.02444332
-882522.6410229532 3353957.750020958 -5344320.555426689
-887167.9967033629 3354950.829757893 -5342927.930969326
-888885.8324489219 3356232.3564622942 -5341837.450382325
-890691.7167559633 3358550.381987275 -5340079.456090091
-892681.6312832789 3362264.1010232447 -5337409.542103714
-894544.744577203 3366201.7969855824 -5334614.90286978
-898493.8520775937 3370159.2812554375 -5331451.605027152
-900121.9887927166 3373191.2648563036 -5329259.056941122
-903053.6723279493 3374718.1852555326 -5327796.189326372
-905487.0854917088 3375317.5824836562 -5327003.412368385
-908803.5450416612 3373559.506520556 -5327552.2871657
-912009.8805622896 3371634.486850825 -5328222.955623659
-914490.4486743155 3367974.8610009626 -5330111.964579074
-918129.1634262903 3364187.8877730686 -5331877.689428661
-921327.9832646118 3362734.3083860194 -5332242.841287066
-922639.1044985851 3360154.845096273 -5333642.048340524
-925344.7069423733 3357382.7904425836 -5334918.834600364
-926383.5443758043 3354294.5858388436 -5336680.837385906
-928881.3148147172 3350800.3733894867 -5338441.473003237
-930195.9816075703 3347824.34402489 -5340079.456090091
-931899.0776883421 3343770.163058798 -5342322.17351606
-935121.7285631009 3340449.4245442096 -5343836.261978039
-938774.0134269735 3335548.4985270184 -5346256.687224096
-941839.9848426656 3330610.599864693 -5348795.329326083
-943666.8973473624 3324657.713180018 -5352175.714328091
-945971.1618070793 3318659.1110205017 -5355490.75863921
-947188.5735801348 3310434.0141601344 -5360363.928314089
-949989.3249152433 3304081.221960484 -5363786.774400637
-951109.2474099632 3296058.914708389 -5368521.940931471
-953830.291827919 3288245.902078305 -5372828.646239959
-954219.9991146828 3281881.0353108714 -5376649.706216356
-954495.7909863775 3275152.252610252 -5380702.231791988
-953305.2083907075 3268942.952630508 -5384687.748802384
-951392.2596659397 3261959.6761033675 -5389259.025109421
-950266.2338767137 3256407.3583254036 -5392814.311785446
-948148.8836438517 3252317.5658837934 -5395654.28331807
-945694.5069848637 3246851.047323684 -5399375.998756871
-941756.2723744949 3241124.0591001622 -5403503.581655646
-938027.9111919121 3235034.7037961823 -5407799.46956794
-934005.2634102037 3227056.8182300217 -5413259.5965681495
-932036.902965587 3218573.1496466477 -5418646.9798173765
-931141.4572732882 3210656.4411695506 -5423495.349248809
-931538.1717587156 3201369.5102401446 -5428914.338379378
-932526.9318349065 3192095.3734249193 -5434202.945084201
-933514.9799995478 3183501.2749258513 -5439072.56935058
-935970.4904840655 3175652.4863383607 -5443237.228612768
-937256.56180885 3170219.6786779016 -5446181.995331191
-940670.1197634335 3162066.125385706 -5450331.966446859
-945018.2816169058 3154710.4201840926 -5453841.179590008
-947033.6751081974 3146648.3964997395 -5458147.312689232
-953287.8951774251 3142569.036328674 -5459408.671350447
-956870.4826189784 3138989.4609509036 -5460841.056424521
-963395.030613181 3138189.482510747 -5460153.641322629
-973418.1538263168 3142276.0663461746 -5456024.122075467
-982948.0904329072 3143896.6859004963 -5453381.307033112
-991794.7867462854 3147103.3288354753 -5449928.874638233
-996423.8853454837 3153917.631153891 -5445143.158504617
-1003616.8299737829 3161503.572615805 -5439419.952433428
-1009993.0176234907 3168735.7028699974 -5434028.813846019
-1018107.8746004746 3175794.9315146436 -5428390.544962881
-1024296.963599408 3183056.901712095 -5422970.172407741
-1028725.936988133 3186898.434817476 -5419874.7506492995
-1029321.6126859561 3189886.411715134 -5418003.5712439995
-1031948.9278521459 3192117.8501330162 -5416189.254555917
-1035032.1547171145 3194795.521457883 -5414021.70431319
-1035439.8447392917 3196053.923190678 -5413200.961352142
-1033621.8997960341 3198627.934170056 -5412027.9107751325
-1030553.6746524195 3205569.5156696388 -5408504.802981126
-1030805.3531196787 3211930.911649253 -5404681.40992342
-1035835.706253221 3218336.258590826 -5399907.139598837
-1041759.7014297742 3225927.612658054 -5394234.770786979
-1047656.5931733132 3232031.287299276 -5389436.9298377605
-1053738.8912334319 3238458.502217552 -5384390.576334242
-1060326.853232515 3242732.445749703 -5380523.603664999
-1067129.265125637 3247220.1144979936 -5376470.743853449
-1074426.5356579726 3248765.7184798764 -5374083.170728189
-1083686.377993608 3247270.652616307 -5373127.408019277
-1090260.2210512669 3243387.4000706687 -5374142.891983434
-1096042.6523246593 3238863.075077281 -5375695.069959425
-1102512.9498042045 3235278.5131360516 -5376530.399612208
-1107979.0736518514 3231724.107510448 -5377544.296915217
-1113112.1936377902 3228867.599231819 -5378200.095850453
-1115259.7101741706 3226139.9583345396 -5379391.949663033
-1115899.5763638134 3224527.6955669965 -5380225.857340233
-1119984.0487869408 3225397.359416501 -5378855.6965521835
-1125621.199463401 3227808.277221135 -5376232.104440927
-1129253.9139177245 3229520.930980001 -5374441.473703437
-1135211.2043732104 3231706.0746577466 -5371872.3335989425
-1142064.663577081 3234956.622812617 -5368462.065874114
-1148102.9356407654 3236397.101725311 -5366305.474823164
-1154415.2076648234 3234648.1245480594 -5366005.7807152895
-1160180.0349987948 3231191.7230659476 -5366844.821231588
-1165086.0871524604 3227135.2730868016 -5368222.549291595
-1168370.472027227 3221262.507822076 -5371035.21639867
-1174373.7507376925 3215385.673838952 -5373246.901273894
-1177354.332508927 3207900.529022456 -5377067.227738547
-1181876.7008375628 3199832.775962997 -5380880.845167477
-1188592.9735027216 3196542.4712645686 -5381357.075379942
-1192307.5109432572 3191348.2843055874 -5383617.736021762
-1198651.9672636224 3186259.9524725876 -5385222.555906528
-1205667.5917413882 3182305.21039028 -5385994.820471645
-1214314.6934659039 3178311.2364230733 -5386410.540393263
-1221081.51801033 3173904.404673711 -5387479.165283741
-1229978.656109687 3168449.667456854 -5388665.902642987
-1238098.0852875828 3164780.7938277964 -5388962.484395853
-1244840.8650450767 3158595.8735338934 -5391037.407439173
-1252054.6293971967 3154123.493626317 -5391985.273715014
-1257081.0128171074 3148982.058920622 -5393820.568002866
-1260571.5746718259 3145760.7611590796 -5394885.498199312
-1261434.7847612163 3145211.8179622395 -5395003.790911095
-1257954.2586174938 3143359.6962169376 -5396895.580185434
-1258688.564218289 3137888.9371702764 -5399907.139598837
-1258917.202845911 3135765.928611295 -5401086.975539199
-1259365.389162299 3137515.8051519967 -5399966.1470236555
-1257485.6218428593 3139487.9370792964 -5399257.949366011
-1260475.5219587255 3141233.053915716 -5397545.493975037
-1264508.2626661547 3143977.4092229 -5395003.790911095
-1271718.3019943472 3143505.5069429292 -5393583.844550124
-1280783.1507087806 3141754.4340377725 -5392459.0491782585
-1286785.8123284634 3140317.744988238 -5391866.813423915
-1292157.2354840382 3137806.0446341215 -5392044.501396833
-1296233.853074121 3134800.2483007885 -5392814.311785446
-1298954.170546923 3127149.8898492986 -5396600.099065547
-1302904.073746645 3120197.759304283 -5399671.093450686
-1305404.8165874898 3116086.739897004 -5401440.797997165
-1305880.5095020388 3110365.3094562264 -5404622.53414926
-1307173.6846961677 3107365.8416758943 -5406035.09829743
-1308403.350399673 3106950.6505122446 -5405976.260394089
-1316977.9128674953 3107731.623435404 -5403444.67295805
-1325430.4504133181 3110285.8397302735 -5399907.139598837
-1333706.74302895 3109822.0861469917 -5398136.152053919
-1344430.828139949 3111563.0840769983 -5394471.42194267
-1352072.7930499865 3112971.238162871 -5391748.346562989
-1359970.6967014302 3113738.694892317 -5389318.328327221
-1364741.623456507 3113396.4058467876 -5388309.950370858
-1371269.7200731796 3111143.311698226 -5387953.939009299
-1375965.8644547241 3110611.5392185044 -5387063.652114763
-1377640.8817438579 3104726.225753531 -5390029.83888459
-1384617.944649873 3099560.162118654 -5391215.164391099
-1392726.9308028063 3098813.3118202677 -5389555.524781436
-1400300.1463644651 3094262.7023350545 -5390207.679582469
-1405333.0591388473 3091153.375948361 -5390681.8491963055
-1410588.5248358406 3088965.545751856 -5390563.316645059
-1416105.5234976925 3088199.7007345925 -5389555.524781436
-1420544.5705007077 3084088.9052907764 -5390741.113008794
-1426503.9397778304 3079470.4936511037 -5391807.580814671
-1433597.8393467285 3078146.753448557 -5390681.8491963055
-1442254.2931973876 3078463.6125882464 -5388191.286482304
-1448431.4853686134 3080445.666611566 -5385400.795414107
-1453506.057773223 3080340.8577633053 -5384093.362861622
-1454821.9872856534 3080343.104439137 -5383736.652571751
-1462761.2199957492 3077933.3543711193 -5382963.577744726
-1475039.6407016611 3076027.0725641265 -5380702.231791988
-1482791.4018071657 3077301.033593325 -5377842.411913183
-1486542.3109179046 3072049.590689356 -5379808.94365183
-1491649.8291006156 3066753.5276321783 -5381416.596780042
-1496794.9340561589 3065081.8187613087 -5380940.37968111
-1502283.4504724473 3063023.085410049 -5380583.14801302
-1506012.5427705522 3061295.962729117 -5380523.603664999
-1509982.6294793151 3058711.2954282686 -5380880.845167477
-1512212.6430285545 3057714.172828711 -5380821.309014733
-1516617.3734313783 3055741.5197288566 -5380702.231791988
-1522900.270879659 3053664.544805903 -5380106.747337827
-1530820.4336392847 3050857.434972143 -5379451.525148976
-1539775.6936060674 3048766.623002005 -5378080.874424343
-1548613.3036661244 3045761.2800720716 -5377246.14096491
-1552982.656018348 3044483.9233918283 -5376709.357061706
-1557479.5148773373 3043450.854941604 -5375993.4388253
-1561325.1662050558 3041796.1833581277 -5375814.422418494
-1567281.0896060006 3039153.954969261 -5375575.710950235
-1573459.3343025995 3038495.4993943875 -5374142.891983434
-1579399.4733369825 3037103.5701749017 -5373187.155464969
-1585093.623265031 3035616.7176151043 -5372350.54228782
-1588736.6214800978 3032653.139082914 -5372948.155861785
-1596555.7917096333 3028650.0004156576 -5372888.4018692095
-1602420.8730130207 3024914.22749186 -5373246.901273894
-1611605.8255457897 3023856.136983019 -5371095.021119717
-1617905.1819138548 3022191.626660248 -5370137.949259868
-1625609.238210496 3017948.214303289 -5370197.778520665
-1631162.3178998008 3017400.939647298 -5368821.291687716
-1634050.7000051292 3021483.295571778 -5365646.09384494
-1641851.2142055163 3026306.5539969527 -5360544.210399441
-1648209.4214964774 3027428.7102585617 -5357958.763110485
-1651418.825847387 3025146.515355169 -5358259.551596144
-1651724.4784647769 3025831.993371712 -5357778.27043341
-1652690.9252454143 3025091.1213037116 -5357898.600516896
-1655715.280508511 3023223.6303617274 -5358018.924071945
-1657558.4077893407 3020079.9356196155 -5359221.800526144
-1660036.410715842 3015728.8647696297 -5360904.730480943
-1658547.5314848742 3013771.095475341 -5362466.304778315
-1657675.1907907974 3012434.8927015495 -5363486.737102171
-1664065.6452946637 3013828.0643375567 -5360724.477788557
-1668870.5137953872 3013202.1582630803 -5359582.536133111
-1677873.6741533084 3011945.6607849374 -5357477.416663748
-1684357.818190231 3013679.941698321 -5354466.635371505
-1689174.7025705655 3015374.272003586 -5351994.751859767
-1694762.3655863737 3019413.5803869017 -5347949.434574642
-1698929.5458111407 3028199.8431421514 -5341655.652357591
-1705644.612207786 3027525.717459043 -5339897.516523202
-1711997.3682507244 3022866.8247503024 -5340503.924811461
-1721381.2173056023 3022681.383164454 -5337591.681702387
-1729673.5095393457 3019446.9604660245 -5336741.571720551
-1730406.2437603201 3014623.567493752 -5339230.279531549
-1736794.6328553264 3008580.3328277613 -5340564.556693133
-1746146.893691434 3007904.0372649278 -5337895.215181458
-1753202.5637486286 3009403.338663302 -5334736.480437193
-1754736.647296792 3004195.7779364865 -5337166.6665434195
-1758615.7130776015 2998686.9110208214 -5338987.599104251
-1758378.1191327407 2990502.0712361997 -5343654.625075166
-1764409.642191606 2980010.295934813 -5347526.367458491
-1763827.4166953377 2976774.806132167 -5349520.127795637
-1767617.421558951 2966265.0887285657 -5354105.067552504
-1767695.2758986522 2959578.756586342 -5357778.27043341
-1765475.257191628 2948259.1181073105 -5364746.619248784
-1767260.401761282 2945988.328421223 -5365406.2699084105
-1763018.2843063632 2942524.618193661 -5368701.5562914
-1762446.5279279752 2937731.231998265 -5371513.608354407
-1757428.3725727852 2935053.6431416026 -5374620.603089801
-1757759.722897328 2928181.0585666858 -5378259.704106078
-1760660.28500492 2928956.9086273513 -5376888.2997706495
-1758693.609379467 2924991.509204055 -5379689.810705818
-1758876.440119746 2921484.0203654007 -5381535.634662406
-1760562.3933581456 2915640.511138537 -5384152.808836396
-1757336.5700943375 2913744.99209501 -5386232.384556975
-1753507.3681839907 2904300.443892821 -5392577.476618061
-1754481.9806176007 2900191.727719389 -5394471.42194267
-1749446.9794063142 2895861.6120161973 -5398431.419430748
-1753626.8820952107 2890797.6788294883 -5399789.119814502
-1752817.9438716848 2891398.454430873 -5399730.107455019
-1754685.802720721 2886405.0741512314 -5401794.561221702
-1756408.3274624338 2888557.059364138 -5400084.156938503
-1758369.965217082 2887694.400232127 -5399907.139598837
-1770036.4497599083 2891607.949837083 -5393998.093340442
-1776261.3297118386 2895077.8847630895 -5390089.120759138
-1788063.2934437785 2894217.2261420554 -5386648.058537106
-1793858.5930979704 2897373.8348061955 -5383023.054878087
-1800611.1414019014 2895505.56189307 -5381773.690755273
-1808192.1577990784 2897199.2531363457 -5378319.3107233895
-1815197.2535927722 2895917.448269691 -5376649.706216356
-1826530.3797565838 2895883.3039281066 -5372828.646239959
-1834242.6967361197 2896110.448885988 -5370078.118363234
-1844488.874825707 2894041.3250129884 -5367683.54132034
-1854182.394709652 2893848.6681349585 -5364446.712670591
-1864589.330828383 2892278.4370564306 -5361685.6556403395
-1873941.5227488508 2891468.984114528 -5358861.006148733
-1880150.6856046077 2888551.363079633 -5358259.551596144
-1885844.709019317 2884948.8650064263 -5358199.397163377
-1889555.3431145828 2880954.141232825 -5359041.410683497
-1896673.9549682008 2879408.654607285 -5357357.063731887
-1904269.281531142 2879547.883049066 -5354587.1449295245
-1910161.9254159143 2876876.3302366408 -5353924.261624881
-1915703.253728584 2874649.154918653 -5353140.599664761
-1917771.1578907243 2870798.1184081584 -5354466.635371505
-1920146.5841869172 2867522.8100826354 -5355370.298017785
-1920483.0071164519 2866509.958102338 -5355791.881643375
-1920342.2707012992 2864353.467377805 -5356995.965770231
-1919304.422416195 2865724.1766145546 -5356634.80906254
-1919322.3420445372 2866724.7705018613 -5356092.963860852
-1920552.4502662774 2870512.3728132765 -5353622.88579445
-1921791.5022577662 2875077.830614914 -5350727.603770956
-1924403.2122801696 2880181.7567210034 -5347042.764446277
-1927647.6145198992 2883512.0073762485 -5344078.421725559
-1930565.1535696331 2885150.772334238 -5342140.414545635
-1933619.957033309 2885573.55211809 -5340807.06795135
-1937642.311109923 2886017.8401317084 -5339108.9425706705
-1941286.0505313275 2884803.651781438 -5338441.473003237
-1944460.4582927513 2882889.713933764 -5338320.093758976
-1947536.2028694316 2881262.624183182 -5338077.315756859
-1951886.1292912539 2877079.162871013 -5338744.8926553745
-1956261.5746582646 2874556.7201229283 -5338502.160186103
-1959600.071614591 2871266.639013584 -5339048.271650644
-1962985.8708757896 2868049.5942253876 -5339533.593471026
-1959497.016815996 2862416.1902591656 -5343836.261978039
-1959118.200941446 2855549.9897124176 -5347647.251922416
-1959515.494368324 2849727.3525843224 -5350606.885509644
-1961362.4272933875 2841989.2157787704 -5354044.800540892
-1961409.0067108255 2840253.6560534965 -5354948.6344565805
-1961524.7258593442 2837560.5667476086 -5356333.800266878
-1963042.0492509548 2834464.2207233286 -5357417.241013799
-1964101.2412615588 2829974.493424318 -5359402.175676181
-1964034.798471058 2823982.228323464 -5362586.380144193
-1963023.5937788463 2817385.033942947 -5366425.341023752
-1961417.2903541983 2808908.529213918 -5371453.815086647
-1963292.7088691324 2800958.2646015673 -5374919.119322772
-1962378.935665978 2793115.3106548414 -5379332.372538433
-1963947.783401353 2783970.300748202 -5383498.812911997
-1966468.4215656752 2777240.1681044954 -5386054.213954026
-1969128.1248057778 2774317.538574134 -5386588.681462401
-1970180.700021229 2771493.949731971 -5387657.217739723
-1972798.109004709 2769746.888755603 -5387597.868562213
-1973903.5402375157 2768843.714978306 -5387657.217739723
-1976039.4267672831 2766626.482974986 -5388013.278339492
-1977477.9754322725 2766292.0237779203 -5387657.217739723
-1978948.5116330609 2764777.674378167 -5387894.598037841
-1981133.884361836 2765178.764353819 -5386885.55042708
-1982449.6043330035 2761921.079735038 -5388072.616028403
-1986723.9308698743 2755370.142003455 -5389851.9834096385
-1990307.7623360688 2752434.258455331 -5390029.83888459
-1994073.269037031 2747731.5133221224 -5391037.407439173
-1994810.1614618432 2743706.8389918488 -5392814.311785446
-1995674.6903340386 2740167.2324795285 -5394293.936040714
-1998080.5663732688 2738646.4913673536 -5394175.603890066
-2000366.4024538824 2736860.7004315103 -5394234.770786979
-2005076.3251172563 2735279.7887830366 -5393287.903267292
-2009769.964836807 2734169.5413798206 -5392103.727436141
-2020381.0067526263 2730786.9167125495 -5389851.9834096385
-2025522.9978167773 2730254.9781277766 -5388191.286482304
-2032272.5437145762 2728987.039285532 -5386291.771476502
-2036737.6486564472 2729409.9860644643 -5384390.576334242
-2037340.0796547676 2727435.4916793015 -5385163.139456445
-2037500.0374132572 2726259.983598212 -5385697.828450094
-2040623.1898337523 2724979.9923214717 -5385163.139456445
-2041187.4676767495 2727022.8880620277 -5383915.015096841
-2044304.3156796417 2726918.5978134717 -5382785.136506249
-2047262.970074246 2727987.156424199 -5381118.97338717
-2048652.28133817 2727061.4390871115 -5381059.443790975
-2049327.4053864724 2726671.620604212 -5380999.912555616
-2050228.221459503 2726581.8771347613 -5380702.231791988
-2048133.4456602205 2724984.0068659964 -5382309.221058609
-2049389.4239548128 2721805.423928569 -5383439.348897245
-2049500.2489708466 2720075.005320435 -5384271.695865604
-2051507.292304938 2716913.090209232 -5385103.721365948
-2053725.9881811414 2715118.510656395 -5385163.139456445
-2054550.172239996 2714730.6421036366 -5385044.301635055
-2054691.591094883 2715212.936486471 -5384747.178375276
-2060061.6152849335 2714916.380605913 -5382844.61855879
-2061547.2788920456 2716972.7835473903 -5381238.027661994
-2062475.7017420833 2717211.390574853 -5380761.771222898
-2060470.3432397393 2720381.7610394456 -5379928.070042706
-2055166.678997847 2724625.965401626 -5379808.94365183
-2051714.243414317 2730045.7693047924 -5378378.915702372
-2046998.6156333354 2738271.756656474 -5375993.4388253
-2043252.2431888706 2746331.5467563504 -5373306.645446036
-2041928.0738860157 2753271.5058111176 -5370257.606145605
-2040452.6287649998 2757513.466078531 -5368641.686140133
-2037542.1987618955 2760829.2719927626 -5368042.894684473
-2034538.8365839708 2762810.5822106097 -5368162.666057784
-2033234.5078097817 2765282.4547835835 -5367384.035218422
-2032895.279844217 2767856.547072949 -5366185.602083897
-2033285.9566230644 2770009.4585634787 -5364926.5435855035
-2034130.1400844571 2770551.247448088 -5364326.738600459
-2033729.194267172 2770613.2951574265 -5364446.712670591
-2033493.4653522107 2770089.4421502585 -5364806.59566191
-2033956.8492224494 2770213.8670403813 -5364566.680204308
-2034710.3583631087 2770125.159465912 -5364326.738600459
-2036117.4726820397 2773156.5986285657 -5362226.1344447
-2035680.2426593604 2778350.803155598 -5359702.768274652
-2035904.8192446048 2783749.520600835 -5356815.394759391
-2036558.187707423 2788828.9206880955 -5353924.261624881
-2040594.7799254053 2792821.099678384 -5350305.061333644
-2045287.755450373 2794940.727015453 -5347405.476478767
-2048304.5414012 2797935.9492883417 -5344683.707138821
-2049193.2115349171 2800175.0873478036 -5343170.188380296
-2050728.4369670432 2801246.9337654617 -5342019.233762109
-2053217.8261256835 2802081.3997842036 -5340625.186947978
-2054172.4164309127 2802768.4878711845 -5339897.516523202
-2053896.9405938978 2802392.621177143 -5340200.741001308
-2046137.3057724284 2802870.7159614377 -5342927.930969326
-2037778.3207599476 2802497.68818546 -5346317.164474619
-2033639.8133453778 2801120.738781436 -5348614.093047387
-2034417.5778359778 2797670.4358870406 -5350123.947270344
-2038455.705173103 2794498.358911154 -5350244.691608982
-2042852.8208842597 2790591.2113640024 -5350606.885509644
-2046705.1813154244 2787882.8519134047 -5350546.523934146
-2049455.8641608101 2786325.0728377798 -5350305.061333644
-2048175.7978351682 2787845.530070796 -5350003.196412741
-2045933.1510210086 2788565.2915797136 -5350486.16072878
-2045174.024798772 2791205.9872043026 -5349399.344345423
-2045796.504173537 2793180.1617362658 -5348130.724617182
-2049936.9992586493 2795352.0346969534 -5345409.834726057
-2053703.675965734 2796290.1838973984 -5343472.9735223595
-2058725.135398918 2795143.575588721 -5342140.414545635
-2060536.3100398171 2793924.526303908 -5342079.824967517
-2059059.2459858356 2793044.135178527 -5343109.626468942
-2054696.1758705168 2794982.236237064 -5343775.717971548
-2051793.498795731 2797576.432979961 -5343533.525667701
-2049902.2447310148 2800118.3745539365 -5342927.930969326
-2048674.4649259644 2802749.4434708226 -5342019.233762109
-2049995.1997828416 2802707.6993493247 -5341534.445538596
-2052447.1510664008 2801952.6933247475 -5340988.934312597
-2054089.4023976321 2799477.2045140746 -5341655.652357591
-2052901.20658625 2798267.4024995193 -5342746.22082177
-2053798.7094412576 2795294.573881037 -5343957.345107524
-2054238.0094227877 2793235.1390863997 -5344865.261016004
-2055293.1857367265 2788750.7599996976 -5346800.9238483235
-2058589.0244411598 2784461.9332274767 -5347768.129870394
-2059109.239715209 2781406.3745010477 -5349157.757890899
-2056848.380193553 2776224.100118967 -5352718.513691318
-2049253.192218818 2772542.75325257 -5357537.590681715
-2047147.9921283987 2769795.650976765 -5359762.881896443
-2042834.31945453 2768910.2125134184 -5361865.829941816
-2039283.3671882034 2765713.475701356 -5364866.570440822
-2039937.1058161315 2764882.243134971 -5365046.484972096
-2039566.6374371976 2760848.3677769694 -5367264.221332537
-2041258.2417252143 2758199.454722753 -5367983.006545009
-2040224.3901533242 2756400.033613745 -5369300.16785406
-2041752.2404631923 2758766.2620491907 -5367503.842564314
-2041892.341569822 2761575.3885723646 -5366005.7807152895
-2042037.4989870857 2762982.0290100332 -5365226.384794789
-2041676.4567389397 2765925.8846375034 -5363846.776958694
-2039012.8224529463 2765447.6049193693 -5365106.453213971
-2034170.5441130374 2764128.727211806 -5367623.643370063
-2030339.27674141 2762759.0491948584 -5369778.939343136
-2028609.895612344 2761819.7781713116 -5370915.602048262
-2030470.7651353271 2757891.1427530283 -5372230.999934305
-2036659.515549683 2753090.748322818 -5372350.54228782
-2039853.9572286247 2750374.5042094816 -5372529.84354421
-2041443.425527392 2751413.4586275965 -5371394.020182649
-2043226.2585751433 2751607.7959908023 -5370616.537541259
-2048409.8710329076 2749855.0583751956 -5369539.566683841
-2052353.840446805 2749836.3941207114 -5368042.894684473
-2056289.4539619589 2748298.81468177 -5367324.12909297
-2058721.366756083 2747648.148045529 -5366724.977917532
-2060645.522531508 2745619.8304172317 -5367024.573941366
-2066059.9989991859 2744244.7187053175 -5365646.09384494
-2064901.560764228 2741013.1214706358 -5367743.437635526
-2069029.6332399582 2732375.8703586427 -5370556.719731836
-2076593.3889592183 2727103.1471217456 -5370317.432134672
-2082975.5254070668 2720578.9484921107 -5371154.824204634
-2088547.3025090108 2717131.6081873327 -5370736.1682521375
-2089349.0749967746 2714740.929647461 -5371633.18998114
-2091679.1367716067 2715904.5997076933 -5370137.949259868
-2092563.3125091053 2716169.960539126 -5369659.256284872
-2095487.5873313162 2715453.5337716746 -5368881.156932728
-2096877.049865991 2713433.3625889206 -5369360.020014926
-2097907.4823434325 2710266.7240828285 -5370556.719731836
-2095638.9053890835 2707043.130558998 -5373067.658936838
-2092191.3489073229 2703661.9224717724 -5376112.774908428
-2089424.711988442 2702717.177080365 -5377663.547828811
-2086724.1476320892 2703024.264710421 -5378557.720809159
-2086218.0429421386 2702466.1941089877 -5379034.4623362245
-2086232.0039536618 2703166.9683419014 -5378676.916021704
-2086133.9035790644 2702649.741710524 -5378974.875380067
-2086757.2786828286 2702287.067920574 -5378915.286785381
-2086845.2793782023 2702693.5477393973 -5378676.916021704
-2091965.2137651367 2701226.1085478994 -5377425.039449249
-2094289.8685104565 2700136.843760803 -5377067.227738547
-2095943.1729194943 2696238.7607592065 -5378378.915702372
-2098340.3677467583 2696990.309486576 -5377067.227738547
-2100030.665938892 2693532.4604376787 -5378140.485956536
-2102357.9846904115 2693026.278903487 -5377484.669001271
-2096312.4899901422 2691668.7564994222 -5380523.603664999
-2093000.144791908 2685674.8140018866 -5384806.606307879
-2093069.6272678038 2679778.1153780185 -5387716.565276059
-2091713.5571772854 2671404.0195827344 -5392399.832994392
-2100865.169020051 2666848.951300774 -5391096.66139871
-2109294.066414508 2665947.2623384874 -5388250.61924726
-2114950.081361734 2660381.238076416 -5388784.540268704
-2121544.79195145 2658374.45028761 -5387182.378368281
-2124216.2583742253 2652024.4056070177 -5389259.025109421
-2126148.0196821615 2643355.4378784993 -5392755.105457673
-2127229.663872042 2634986.911071092 -5396422.79066669
-2129490.84938839 2625764.2833011704 -5400025.1528035505
-2129769.373077628 2619466.0639513247 -5402973.34412339
-2131124.3776871525 2611062.149004863 -5406505.742238849
-2135532.6974106533 2606604.0319314715 -5406917.469224824
-2136939.463526438 2603497.6104788445 -5407858.2564130025
-2138247.3430534266 2597778.929676163 -5410090.935691888
-2137507.725616186 2593004.2181704934 -5412673.170207227
-2135903.3883972047 2585628.6505683973 -5416833.225861139
-2135298.2112258314 2581957.8089594413 -5418822.42022094
-2131590.640118411 2577657.8968777573 -5422328.107890865
-2134167.496615444 2571712.922489795 -5424137.050323227
-2134971.645864003 2567844.7298658746 -5425653.003524719
-2144039.1501081283 2563241.8734236946 -5424253.701766816
-2150517.848507524 2561888.341366042 -5422328.107890865
-2153808.5682456843 2558998.7205108535 -5422386.485651433
-2155981.191037643 2558406.204042098 -5421802.633719786
-2152511.244444362 2553655.3731489386 -5425419.852668376
-2153454.286295622 2544303.1785571347 -5429437.997842785
-2154479.7644615583 2538588.540515683 -5431705.640633347
-2160106.9500946067 2531932.971562866 -5432577.140884961
-2166666.3379954314 2526821.7588867303 -5432344.777222266
-2176420.7950567757 2520429.327032216 -5431415.057816919
-2186049.9524302348 2516980.0265292185 -5429147.092456857
-2196578.5717029087 2509308.218966873 -5428448.750845946
-2210337.1616707384 2499474.19972517 -5427400.791967142
-2217344.825933377 2488693.2755721947 -5429496.173958337
-2224873.1812506597 2476616.4527152656 -5431938.077103938
-2234815.6244190447 2468032.1441952446 -5431763.752232928
-2244164.79117122 2460432.3239384955 -5431356.936290051
-2249315.3164725336 2454438.9040247956 -5431938.077103938
-2252761.574290328 2450374.769456078 -5432344.777222266
-2258232.902616626 2446623.7343466096 -5431763.752232928
-2263592.0015704413 2443088.1352844676 -5431124.433637898
-2265359.870399185 2437049.76225278 -5433099.862315128
-2267283.018278539 2430852.9558639308 -5435073.37779292
-2269034.8724598 2426101.1604744415 -5436465.295272831
-2274686.32439958 2421193.796304257 -5436291.357748158
-2277714.61317812 2418996.8184141107 -5436001.428754159
-2280614.6020574532 2414044.3654641425 -5436987.018418671
-2284828.7996118013 2410317.6326986444 -5436871.091534772
-2286001.9333448214 2408943.4037126293 -5436987.018418671
-2285801.742905921 2407301.5621503713 -5437798.321103554
-2283112.877618644 2405142.226741742 -5439883.037087809
-2285774.5108555467 2402481.7844294934 -5439940.915212918
-2282495.0719037475 2402979.065598569 -5441098.1297004875
-2279008.683901005 2401574.0564376027 -5443179.444970527
-2277803.3027700232 2404418.727434213 -5442428.106741845
-2279948.713836677 2403824.695240347 -5441792.140171023
-2285081.469051002 2404188.941503686 -5439477.843814707
-2287185.643793115 2403628.9186798395 -5438840.947491722
-2290848.907143075 2403023.5665300386 -5437566.553463289
-2291698.0074872966 2402738.4288679003 -5437334.759320984
-2291587.6205922547 2403630.4496937916 -5436987.018418671
-2290307.0419714684 2409434.23821134 -5434957.3416201575
-2296514.971492474 2414783.187111449 -5429961.523340179
-2305826.5068824585 2418734.5656411396 -5424253.701766816
-2313260.1614072607 2420011.9030109113 -5420517.578140629
-2320359.063683173 2420155.3290240257 -5417418.48106457
-2322515.005242991 2419528.258667454 -5416774.691265162
-2324151.2763004163 2418612.134796016 -5416481.993534974
-2329128.406650861 2416183.372600651 -5415427.94018166
-2334846.2514610738 2412237.0935067167 -5414724.941005631
-2337814.0863321745 2406462.7725861063 -5416013.591369952
-2335181.131585041 2398470.1373239225 -5420692.860055306
-2329624.6634866353 2391593.626339142 -5426119.2259043455
-2327292.800259898 2385531.8135936367 -5429787.029726957
-2329687.951753541 2379082.0712605817 -5431589.412470428
-2332525.5385554065 2374838.5644660047 -5432228.585462127
-2333490.2439845116 2371097.6765145794 -5433448.268793609
-2334022.4426114135 2368576.9946366185 -5434319.024299587
-2330780.8249470713 2366443.694771857 -5436639.217893125
-2329236.737326326 2362235.5819187937 -5439130.470673248
-2325182.562297922 2361831.423288227 -5441040.284720742
-2315418.3084908123 2364097.143682502 -5444219.296826476
-2307714.511618977 2365380.996804859 -5446931.932089628
-2305458.0151421283 2366784.1353268865 -5447277.962173574
-2308632.1910116086 2369132.58023732 -5444912.23289072
-2311189.686235329 2368364.065269366 -5444161.541374411
-2314282.6142045464 2366405.1660025506 -5443699.4380574515
-2313584.2907989896 2362966.962451809 -5445489.497164548
-2308017.9953794563 2361895.431975427 -5448315.693993714
-2302749.7790867225 2362518.4787845644 -5450274.386883426
-2302569.39180149 2366544.1472721575 -5448603.857407034
-2306406.7123933434 2372227.0504971 -5444508.049210393
-2312958.1725597684 2372743.2674278556 -5441502.998149019
-2320291.367509045 2372217.920288583 -5438609.299124613
-2325663.908866855 2360424.3054534825 -5441445.164771817
-2323985.8101536436 2353539.2364681046 -5445143.158504617
-2324121.9396688705 2347522.8477145815 -5447681.588438134
-2324107.596376443 2341779.09437607 -5450159.2227758365
-2323556.3521112325 2335754.42707491 -5452978.831332788
-2328395.9711377705 2329046.272757017 -5453783.701334885
-2336254.347349983 2323323.6427055965 -5452863.823325639
-2343736.137507408 2318753.529045706 -5451598.296763982
-2352136.149879793 2316608.0225312263 -5448891.979326863
-2357213.105105881 2314971.6405506143 -5447393.29226039
-2360223.192643138 2313804.2578525357 -5446585.842273388
-2361520.698334388 2313702.5798644875 -5446066.595559283
-2365445.9243046395 2311729.6323085865 -5445200.885761422
-2377408.741786961 2308298.7660301584 -5441445.164771817
-2384978.2693866626 2304031.790914751 -5439940.915212918
-2389968.304194207 2299676.8765907856 -5439593.621606371
-2389370.5157735944 2296051.7124247975 -5441387.329737057
-2388762.661128246 2292021.8895881344 -5443352.79092292
-2392343.75832723 2288970.9521032344 -5443063.872711798
-2394723.593758361 2284692.1981156156 -5443814.973836517
-2400006.954903181 2279831.3481575777 -5443526.121952053
-2403685.4921047273 2275676.2618917204 -5443641.667680542
-2407021.475053246 2271039.9830904203 -5444103.784263959
-2409092.6687438916 2266485.8653608733 -5445085.429589127
-2406865.5721569285 2257747.8551280987 -5449698.499938338
-2411442.4330813508 2246582.8500836487 -5452288.683630455
-2415620.2018861524 2235088.304476692 -5455162.720893944
-2421085.8450551783 2224665.4024613076 -5456999.924680697
-2425604.5655950382 2217056.041223174 -5458089.959082787
-2429366.924767972 2210243.8093742593 -5459179.393275712
-2431032.748937162 2205717.9469016464 -5460268.227139671
-2427291.8165657558 2203173.5171158765 -5462959.078257147
-2420543.5434614825 2200672.4552812804 -5466959.913770467
-2417621.304947015 2195088.6356623396 -5470496.696594592
-2413162.6043214803 2190195.26409542 -5474425.262092668
-2410206.9419927387 2183067.1492437436 -5478572.92720128
-2407162.2118720873 2179162.424556483 -5481465.334482759
-2404413.776693648 2173927.032928959 -5484749.460635963
-2402160.244828991 2171280.0131891384 -5486785.057070169
-2398167.6865209825 2169268.829110384 -5489326.506446548
-2395672.660473726 2169598.1481117513 -5490285.72840875
-2394763.139984354 2171743.279786289 -5489834.390040866
-2396770.485864004 2168385.3113601436 -5490285.72840875
-2395889.0828448823 2167359.7785680247 -5491075.3129920075
-2395489.883240733 2166086.554103735 -5491751.8388418015
-2395858.9025575384 2165964.242671424 -5491639.101261534
-2398700.7000839743 2162530.390999013 -5491751.8388418015
-2400610.8867964987 2158259.677797525 -5492597.1573917065
-2402596.4546941165 2153608.0666081063 -5493554.729984198
-2402586.5255957944 2149594.353285287 -5495130.854069768
-2406832.383054218 2145992.369461443 -5494680.666799011
-2409544.2018830213 2145543.4614747106 -5493667.353789728
-2409376.2825756213 2139670.8148545446 -5496030.907211292
-2407852.2154397033 2133436.3501995867 -5499121.570600998
-2405975.4132769667 2125559.8698911457 -5502991.78176881
-2405556.893738146 2115863.908494623 -5506909.927692548
-2407868.496530167 2110900.6479704008 -5507804.349994261
-2411882.1547824363 2106021.2387406984 -5507916.122583488
-2417185.269696787 2103301.868844945 -5506630.332651197
-2425610.8829434607 2102538.378699715 -5503215.897149686
-2434095.420799143 2104912.899388745 -5498560.008623304
-2446691.931341407 2103818.4917545146 -5493385.781725203
-2462284.92766854 2104030.741427501 -5486332.8894722
-2473835.820013773 2103315.57592361 -5481408.662350757
-2485322.6384235076 2101301.639986678 -5476983.092974535
-2493768.880150776 2102851.164736413 -5472547.373148838
-2504460.327120052 2099927.979448563 -5468786.149687222
-2514382.781831962 2097880.38199617 -5465017.6696203435
-2522219.944878295 2097112.4876516878 -5461699.988446224
-2528404.773819956 2093090.9938053617 -5460382.806303542
-2531135.9890038995 2088140.3230087569 -5461012.872773157
-2531692.361199081 2082517.2288522788 -5462901.864373883
-2532691.1952045155 2084154.228305575 -5461814.484433677
-2535238.4006900163 2087957.7590795646 -5459179.393275712
-2537791.5636869324 2085604.1889660337 -5458892.758265797
-2540725.80015985 2080374.6635367556 -5459523.3004097
-2544345.9341624826 2075191.85502817 -5459809.843953871
-2544446.3067506296 2070692.8224239168 -5461470.976506709
-2542814.090816669 2065899.4923972907 -5464045.825837921
-2539010.3612125656 2063471.331397672 -5466731.514365339
-2533317.8037043745 2059579.2370029422 -5470838.626018942
-2531162.037472021 2057386.3839667765 -5472661.236284282
-2530572.4157671044 2052656.4959616857 -5474709.632313383
-2528406.9692585347 2048194.3628495135 -5477380.674172314
-2528088.908149375 2041440.9269112188 -5480048.030302651
-2524062.299886155 2034698.41337591 -5484409.984027358
-2520540.6269852514 2031133.8337439138 -5487350.116143269
-2519398.804699118 2033769.9225361685 -5486898.082256302
-2521583.280954319 2030450.1300074474 -5487124.112571575
-2526601.2890560133 2026652.1392726875 -5486219.830860036
-2529708.3872120907 2021392.1891607663 -5486728.541970037
-2533243.557222947 2014960.723990832 -5487463.107899932
-2535625.5745961727 2009495.907077136 -5488366.8012345955
-2538924.1055842754 2002388.7401078024 -5489439.381172961
-2539798.2405829527 1998337.0413401246 -5490511.357454762
-2538160.485807427 1994682.6351323049 -5492597.1573917065
-2536397.554908543 1994443.1808326459 -5493498.415571276
-2532454.4258639608 1994491.758356327 -5495299.646677215
-2531590.745578599 1993883.1393977555 -5495918.424005777
-2532245.993715415 1992895.8058815314 -5495974.6664456185
-2533498.1894522724 1992234.884811856 -5495637.186694619
-2534048.661147083 1995102.469618176 -5494342.956046895
-2536107.5782592073 1994501.7078861012 -5493611.042723687
-2540303.9450800596 1987131.6886277462 -5494342.956046895
-2542277.8928736234 1977114.7841462188 -5497042.954690867
-2542914.140313589 1968153.7235277211 -5499963.599475652
-2543053.222508305 1960749.0054181374 -5502543.470545408
-2543362.022722866 1954836.5390837237 -5504504.040041594
-2544343.1751346644 1950086.4337214422 -5505735.346723564
-2546079.5086161746 1945287.2577926854 -5506630.332651197
-2547296.724605398 1939887.82509551 -5507972.0063614
-2547363.5935775414 1932013.002402841 -5510708.255810869
-2549000.0279884585 1922832.8436144616 -5513161.86165728
-2549803.6692542834 1912638.0249007635 -5516335.562124652
-2552757.480671006 1900480.613206135 -5519170.561208075
-2557830.429911787 1891866.0480078545 -5519781.458374274
-2561111.815284488 1884008.9751867803 -5520947.151624063
-2574616.897760381 1867480.9379040098 -5520281.13200151
-2579206.012094766 1862783.66897714 -5519725.930675025
-2581345.0489746747 1857345.0712140773 -5520558.669606792
-2588436.9367304575 1853412.1787273958 -5518559.460612381
-2592202.743245631 1850297.5180812173 -5517836.988575534
-2595387.7084636986 1843832.5285674937 -5518503.895926137
-2602399.4016931737 1842601.4856291218 -5515612.216175496
-2602536.5957119153 1838405.7301156477 -5516947.402274032
-2603563.308495939 1832939.4580643335 -5518281.62037101
-2601344.6887369114 1828391.327841083 -5520836.165170615
-2602641.605717408 1821171.0124030404 -5522611.141097262
-2601873.951124238 1817726.5926503018 -5524107.437118966
-2603792.341960208 1813459.6106808356 -5524605.9298721645
-2606403.520147081 1813927.417714242 -5523220.891239951
-2609727.1704129586 1813537.4451800163 -5521779.335589056
-2614111.369884209 1815163.646103638 -5519170.561208075
-2616025.795112505 1816628.3160400456 -5517781.402037189
-2617783.830323808 1815615.2290497178 -5517281.04755757
-2621235.1748618456 1815706.2093969462 -5515612.216175496
-2625462.833836936 1815517.1537141409 -5513663.335089533
-2628407.7401891197 1816333.244167066 -5511991.227990795
-2630101.304184658 1817435.7397128276 -5510819.85386391
-2629229.409054388 1818189.5867239006 -5510987.238353241
-2629921.3312868024 1820908.0513177216 -5509759.401270526
-2628240.933154155 1826198.86693869 -5508810.061681635
-2628827.2698140563 1829397.028551984 -5507468.9919605665
-2631417.5681746206 1830722.4769573328 -5505791.295923336
-2635678.4163038796 1830821.073025958 -5503720.0586870285
-2635490.6342582894 1830417.877179729 -5503944.086892389
-2630479.928415372 1831228.6325170365 -5506071.016764463
-2632286.992914915 1828124.7614362189 -5506238.829142332
-2633350.7143430267 1830635.4260436457 -5504895.907479366
-2632885.50705954 1833995.0705284735 -5504000.089752278
-2634533.15701753 1839858.8835349663 -5501253.97825375
-2634128.0046691466 1843956.7220067545 -5500075.841511992
-2635600.5648480016 1848210.8539632768 -5497942.096990949
-2635836.2564938315 1848376.1323684424 -5497773.5404655645
-2637714.49484294 1847702.3647652755 -5497099.163644063
-2638124.7098459797 1845108.4285366002 -5497773.5404655645
-2641632.55965837 1844611.073443021 -5496255.853531945
-2641983.0231242613 1844444.2553553637 -5496143.383720059
-2645808.7352156127 1842311.2737121454 -5495018.317295211
-2651212.4332469506 1842434.7773778406 -5492371.775918437
-2657425.226706 1842559.8145216077 -5489326.506446548
-2662476.602294032 1843173.7384577803 -5486672.025198553
-2665164.1234021555 1840633.9024390732 -5486219.830860036
-2667886.6575214653 1837360.8727202339 -5485993.693581472
-2674944.413680425 1832327.088238923 -5484240.22316909
-2683911.3402775037 1827341.6283862835 -5481522.004945012
-2690675.0308671636 1824876.1137785476 -5479026.925251279
-2695616.325278917 1820133.461553443 -5478175.5912916185
-2699868.084489639 1817247.1795863046 -5477039.8952937955
-2701910.972549804 1813350.8181210512 -5477323.8818637235
-2705411.5722881313 1811046.8124600027 -5476358.157353108
-2709149.7620206927 1809238.6390440126 -5475107.680578839
-2717841.254906246 1808944.7627997296 -5470895.60842364
-2723824.5951450504 1809773.259984055 -5467644.9521095995
-2731538.15703909 1806252.1581881216 -5464960.515656105
-2740422.488025262 1805946.5044235177 -5460611.944671212
-2746398.3624800425 1801714.4759599243 -5459007.417258508
-2753865.945643459 1798306.229797026 -5456368.577845384
-2763016.0088983458 1788775.2149424597 -5454875.504076973
-2769690.736189147 1788092.691011734 -5451713.377849062
-2779663.2055243338 1784375.0466087195 -5447854.546231417
-2787710.7435144433 1785558.793220153 -5443352.79092292
-2792598.4250195655 1784087.5496173233 -5441329.493044755
-2796271.1901880037 1782038.7836580458 -5440114.5396455685
-2797781.112026379 1779844.1826593687 -5440056.666491816
-2799565.924806505 1778098.2410630572 -5439709.392770055
-2799539.9801789364 1778493.2193176912 -5439593.621606371
-2801375.787145032 1778081.4846377054 -5438783.037885049
-2804268.5483625815 1779368.3268783672 -5436871.091534772
-2805285.1087458464 1778296.9763446357 -5436697.188787723
-2809910.538894928 1776488.9905240634 -5434899.3210503915
-2810433.1029356946 1777437.345185148 -5434319.024299587
-2811275.92225484 1778588.6659597121 -5433506.330747196
-2811671.554099516 1778495.4116241545 -5433332.139921085
