-3696607.9593310747 783378.4315517826 5129429.678627987
-3692640.5974428933 781796.9316322223 5132527.640043163
-3689290.050461582 780751.1856027842 5135095.667048963
-3686130.1067832727 777058.2220330512 5137924.323638562
-3684544.792276998 772829.276106839 5139698.977926298
-3680070.4700746136 769678.2409081825 5143376.103373863
-3676350.9819193534 762874.8888899682 5147048.315456319
-3671166.8068728507 758658.5119431247 5151369.96714187
-3666236.4494139897 753170.4396382684 5155684.783405925
-3660316.304965199 750223.3022511803 5160318.841347426
-3656765.7757225344 746902.2967478172 5163316.959147212
-3653961.0840485417 744867.9941061346 5165595.906341795
-3651655.929448096 743535.1583819474 5167417.676284404
-3648676.4862864553 740077.1022436288 5170018.063909932
-3648191.4522861047 741105.7622493628 5170212.991417994
-3645377.891135716 739540.517508426 5172421.179078739
-3645574.7736433647 740839.2172078956 5172096.55981227
-3643688.9524341 741051.9926373421 5173394.800526818
-3643444.2119663344 744512.5595693113 5173070.299438485
-3640056.321371753 746203.1896914438 5175211.278482827
-3639197.5269461754 749932.8901860333 5175276.129839457
-3634993.053567682 751976.946408223 5177933.6778859245
-3634788.953770082 753853.3899588303 5177804.102899082
-3631593.8738444536 755901.6313863797 5179747.065168612
-3631790.5800603256 758059.0745731562 5179293.834302353
-3629259.7794739213 763085.1139117635 5180329.676962575
-3628028.366260421 764545.4924287499 5180976.873487916
-3626938.218167982 765770.3693985646 5181559.215423833
-3624340.26068988 770178.9624648878 5182723.515731755
-3623267.1540230783 770876.2835023608 5183370.128218811
-3622226.4701036587 770985.2839188088 5184081.219585686
-3621862.390735644 769652.4105483431 5184533.63278818
-3620942.4137438815 769192.7129765562 5185244.411467447
-3621065.667090341 767303.6089329247 5185438.227029428
-3622137.5690807016 763106.0319981859 5185309.018234316
-3619405.2196821715 761145.029890619 5187504.708355478
-3616001.5792326783 764120.5409505389 5189440.565020881
-3613592.9659262015 766313.2727057242 5190794.818203059
-3612067.825081306 766516.8812868559 5191826.1621239465
-3611694.845176128 766964.7442063515 5192019.494038198
