2845966.7045401162 -971729.2407032602 5616569.842832129
2837017.5983043946 -976365.0522835575 5620292.112656645
2831651.917919563 -979883.2660539804 5622385.365718882
2826693.143396019 -983694.9326807619 5624214.714295332
2820548.8931547985 -985808.3132839336 5626928.728070361
2814724.6100388477 -989951.1598392356 5629117.432668695
2808094.617087661 -995446.5522648842 5631459.11670033
2803680.1666983007 -1001986.2033802149 5632498.75020832
2800555.910730629 -1003130.2232302952 5633849.247726964
2797607.2592981555 -1008138.3458870215 5634420.262837557
2796221.3109750166 -1013708.5967683586 5634108.825793754
2791840.1968680373 -1021999.9550712274 5634783.5279615
2788220.000781929 -1020729.9066766665 5636805.893842315
2780180.866623166 -1015201.4238698942 5641772.896690809
2774040.3257841594 -1010764.8472781206 5645590.818898422
2773602.4450388146 -1007645.2071104269 5646363.574324815
2772051.315247624 -1005274.7485208937 5647547.714328775
2769235.4525572527 -1006386.967086916 5648730.944272141
2767152.8863494764 -1010663.1190301286 5648988.047730324
2764380.3486580066 -1014793.836274338 5649604.920506659
2762878.9716207674 -1019444.221707376 5649502.125586219
2759294.502039793 -1024582.9610392667 5650324.292194297
2754267.93473576 -1028189.9488751255 5652121.245401463
2747642.613662923 -1028722.8554183495 5655248.036498797
2747817.193073411 -1024306.7644902043 5655964.756402728
2745417.5969784907 -1020848.0238989056 5657755.078677633
2742112.3896235796 -1014991.11531612 5660411.087412486
2738114.846331849 -1012696.4552395435 5662756.747189691
2735432.466931469 -1015668.1706196353 5663520.847145121
2733511.1744617024 -1023649.6079240292 5663011.4903017795
2731703.38519997 -1026779.7990463277 5663317.125109401
2734175.3037032927 -1032831.5613224258 5661023.350469002
2738913.032267347 -1038173.3339734442 5657755.078677633
2743472.4605913903 -1043407.8324536586 5654582.208541227
2752641.2136132605 -1042882.4652360028 5650221.545463593
2761022.9300082736 -1044129.7509863392 5645899.9675050685
2772207.726651558 -1042943.2243707756 5640636.023626457
2783749.862387756 -1040469.1738534188 5635406.072495303
2792232.7950990996 -1032324.2889713099 5632706.594557624
2796018.9900093004 -1024027.7533373039 5632342.848930836
2795548.3790393765 -1015562.8978863048 5634108.825793754
2790796.583645564 -1011356.2268087497 5637220.415347214
2785289.8011600235 -1005457.6186697215 5640997.846180494
2781601.624745807 -1002041.4955763852 5643425.04533856
2781947.1884788433 -999917.5006959942 5643631.440155933
2782192.9685564423 -996607.5956729227 5644095.727923307
2783874.6746670604 -991019.4475583525 5644250.459565779
2784831.2761968914 -988622.6378998074 5644198.8840709375
2784224.811523943 -989447.1062828135 5644353.605397436
2780157.3748083026 -990297.5752758606 5646209.054197494
2779472.3821985284 -987812.8440633476 5646981.500031599
2776227.2607928035 -988406.2687166008 5648473.797796411
2769197.8219878064 -993425.2585812912 5651043.326529242
2762324.1073725056 -993299.903939559 5654428.514594764
2760432.364420684 -986584.5285054689 5656527.656572756
2760893.3912959094 -977629.3976824234 5657857.319046291
2760919.0484289713 -971623.1693445764 5658879.343546287
2761810.569925281 -961602.0550842149 5660155.904523021
2762888.0507161906 -956087.7697377356 5660564.176455172
2762836.675092879 -947439.1212208571 5662043.23706045
2763318.9720055154 -936837.2468943818 5663571.773341073
2760284.4831781453 -927276.0597012804 5666624.187382717
2755864.245326605 -918036.3119363381 5670278.881262962
2754432.4662631345 -910408.1542134691 5672204.137858334
2753857.288760014 -902972.9161022551 5673671.7340650875
2755694.716073733 -896389.8967948655 5673823.471410385
2752812.0605114675 -890832.2287566348 5676097.664743895
2750300.786198928 -878896.6847474639 5679174.869906145
2750536.9161011116 -870303.08134813 5680383.809194669
2751859.218720948 -860481.9290255738 5681239.538178351
2748272.2295671296 -853992.3442672474 5683954.418195403
2747491.3599934457 -846446.1535076557 5685460.503422169
2749786.251120877 -838280.5927354174 5685560.853688029
2756692.088474169 -827099.7060002802 5683853.957103241
2756989.29829022 -817076.177570015 5685159.411059708
2754021.54530831 -806428.0911800597 5688117.44443918
2750317.3746003318 -797843.9651228 5691119.428222243
2749214.824720087 -782978.8168974567 5693716.099335227
2747783.950196084 -770866.7844124225 5696059.055499202
2742011.939319774 -760839.5290574697 5700187.254437473
2741356.4612685028 -752367.8509793374 5701626.817766502
2741943.182229552 -745688.9620094093 5702222.071908653
2739807.091889558 -744440.4604169416 5703411.829784511
2739144.8280261066 -744979.2748755504 5703659.570057081
2740772.7266397118 -749225.0311244727 5702321.256615103
2741283.2304609604 -750753.0945845753 5701874.87072149
2741372.2539173504 -753812.9755396463 5701428.344139754
2737872.8893067264 -753775.9766440167 5703114.484124757
2737241.6938132388 -752317.4774816865 5703610.025477375
2737281.5023606177 -748784.1314677113 5704055.86414584
2738855.251397788 -746800.356488975 5703560.47916025
2736934.912853749 -742480.3924837102 5705046.112835502
2736740.987536837 -740530.7429276322 5705392.535655628
2734930.83150207 -737684.9352992941 5706629.064792268
2735410.181446794 -742015.5055565041 5705837.811290376
2736473.219887291 -747587.7609368633 5704600.586941832
2742535.4392024027 -749192.48368463 5701477.96515161
2740184.080090032 -740384.6460412337 5703758.654004177
2743390.1444243 -729190.663936317 5703659.570057081
2742455.234553499 -721823.4804234569 5705046.112835502
2740492.1237197653 -726525.9347848383 5705392.535655628
2734224.4121323572 -722566.4107142624 5708901.43952468
2732632.2519929726 -717657.3425139886 5710282.822602009
2723417.8245791118 -707164.3150004968 5715991.163775068
2724817.153813734 -698144.2529757837 5716433.073195146
2722826.456003794 -684078.2971230589 5719081.567340252
2722716.3477816624 -674207.6349419856 5720306.001824414
2722529.3732730276 -660711.7563779935 5721969.484945676
2727127.950291678 -652712.200489668 5720697.590859864
2725910.797472372 -648347.84342861 5721773.885618429
2730526.136173616 -654382.1576151474 5718885.556773079
2730634.4631261677 -655214.5052752827 5718738.53055589
2735325.751612882 -657047.0671607221 5716285.785726507
2735047.5821830193 -653497.44978755 5716825.763158781
2739235.771093 -651416.1136419976 5715057.780744836
2737790.082119013 -647135.6975665042 5716236.686421048
2737286.2763267453 -643184.0751601598 5716923.918235542
2733697.299229853 -630872.480244639 5720012.236862207
2737136.7176041515 -622565.574721322 5719277.550033315
2740015.102016604 -618443.9128725579 5718346.383995273
2746977.604432267 -622484.8109707736 5714566.274080496
2747177.7251320123 -631913.2490362221 5713435.1481600795
2748221.447695695 -634931.6296603867 5712598.506816506
2748363.7416149476 -632539.6117225987 5712795.408850041
2759687.385430908 -616863.2151609999 5709049.510073875
2767439.1835041414 -597835.9617224454 5707321.046557425
2772704.504657535 -580258.3211476029 5706579.624485299
2776347.1575302063 -573993.766330276 5705442.017678204
2776668.5278083794 -560479.7976257249 5706629.064792268
2775038.669417681 -552392.3216159443 5708210.236690332
2782992.0868105576 -540858.0476075846 5705442.017678204
2796762.2181042605 -544598.0502673219 5698348.450123911
2809974.489992458 -545389.4127007452 5691769.035555252
2824550.932204883 -550520.880040127 5684054.87236184
2841999.6022742214 -539056.5987879094 5676451.113501849
2862562.4986459278 -533077.1909595948 5666675.008311718
2874806.073173156 -528299.9210683323 5660921.323869987
2886812.6739944955 -534517.9695665785 5654223.5652187625
2899243.6644718037 -539960.4524204764 5647341.842304394
2911034.5759846596 -539055.4103155838 5641359.584535567
2915685.309945215 -535549.222962343 5639291.374202445
2918802.6139858714 -533278.5802553938 5637893.778391895
2919014.0593443913 -529369.625671848 5638152.6868971735
2918465.330918567 -527428.8938163943 5638618.614004143
2910971.7109681247 -524605.73604723 5642754.072228353
2907080.3279488133 -520081.14167830657 5645178.524451074
2906101.3381029433 -519958.3434547587 5645693.875313119
2914692.7918243567 -529479.2514491858 5640377.527397607
2922789.304972087 -538805.4407723882 5635302.332238694
2933929.597845647 -535830.6878102593 5629794.275893752
2947594.0021451437 -537528.8719303254 5622489.956448058
2958755.0198645056 -541378.5629040087 5616254.889519758
2971719.49375747 -541821.261044994 5609363.062906649
2978956.188838515 -539219.975524355 5605774.062783499
2987885.10373953 -540405.3502408453 5600905.789627467
2993486.248003471 -542929.2856977324 5597669.950412033
2999484.892004494 -541043.7641219111 5594640.562890666
3003465.073766674 -537108.1312132279 5592884.175990809
3006841.7715397836 -536520.5994352975 5591125.93377265
3007311.678524297 -534438.3715595473 5591072.624748864
3005839.5631613503 -533797.9352631506 5591925.364741806
3002697.733440423 -530267.2081161895 5593948.874416749
3000691.41209948 -526457.2426998971 5595385.136070729
2995137.305567469 -517350.045091688 5599209.091616571
2986786.3337692595 -518592.2154353128 5603553.382497491
2981559.6942888945 -520097.3566570955 5606196.708017853
2980539.4155017543 -521956.5361725737 5606566.432941572
2975101.9334994773 -520094.5617196612 5609626.648196589
2977311.774258179 -518820.9233826909 5608572.0507384
2972840.789079142 -515957.06917810073 5611207.262751257
2969930.0437521497 -514971.3344009066 5612838.948336545
2964948.4240107527 -509844.2582091351 5615939.874618257
2962846.175444173 -505277.7569817716 5617461.876057131
2959782.0901116314 -497528.3223336369 5619768.3713415
2958527.9666508106 -492540.207289919 5620868.030362199
2950876.7549602226 -487085.9118412519 5625363.51638907
2947306.7296678023 -483379.4908013519 5627554.380823654
2936431.354999963 -479859.25977826066 5633537.697413423
2930383.5088124266 -476613.264738034 5636961.352285106
2921255.8313003317 -473872.75319094793 5641927.86039285
2922429.198299224 -478304.2691037179 5640946.162399116
2922328.9591586078 -484364.86350171757 5640480.931043729
2923857.564838735 -494900.9335668228 5638773.8921231795
2920601.732501806 -501116.48520827555 5639912.125943094
2914245.838834779 -505525.5380530959 5642805.695858249
2896493.362256643 -505779.48650821485 5651915.9860555865
2885606.5184582844 -499831.2879804931 5658010.666673121
2889267.988392343 -485415.90817527403 5657397.183099454
2896103.5937553584 -474981.8084306476 5654787.109688326
2903600.0898256204 -470696.65951144096 5651300.042741442
2912026.7223454947 -467369.4686048897 5647238.8959704675
2919357.141039597 -467082.6715882984 5643476.646621571
2921561.519591551 -461370.9635766045 5642805.695858249
2921957.153327046 -456312.4010641411 5643012.1731887115
2919061.1946269847 -442091.8692758019 5645642.347965651
2921598.4150584554 -432466.24100767786 5645075.433642726
2928419.5561089953 -426009.72106675664 5642031.160934422
2933471.5976137654 -428888.458727266 5639187.891528699
2931311.932818507 -421834.06052070006 5640842.789681383
2935115.5794796175 -420969.74051832967 5638929.154783199
2930568.003728664 -415203.13158498495 5641721.238686277
2937102.5718733813 -412573.7506067891 5638515.086669984
2934095.6213393947 -405625.8443703358 5640584.327817095
2939235.401287656 -402207.0798128334 5638152.6868971735
2935321.936804059 -398853.6420527926 5640429.230079755
2937596.4804649497 -394516.3395912709 5639550.050824573
2934446.809194641 -394301.90176072874 5641204.564122388
2939164.1012036274 -394674.6463336654 5638722.134467815
2936387.213587025 -401243.0446143473 5639705.236183114
2936262.205428432 -397781.01779826503 5640015.5605150545
2934169.9487580853 -402922.5971044071 5640739.410090455
2934610.043707672 -401887.2132255692 5640584.327817095
2928778.444883065 -410257.76535289694 5643012.1731887115
2923101.1815085504 -398076.4277931343 5646827.041826123
2922674.5713337464 -402643.4253818549 5646724.061088506
2918750.2771500815 -394215.543902683 5649347.920298575
2917944.388257573 -403029.70598391583 5649142.289155997
2909734.567246783 -392429.0491889128 5654121.0801964495
2910812.6059607523 -401319.86633115995 5652942.007297431
2907729.7662633634 -395466.2095333695 5654940.767461964
2916972.3629408944 -410005.6471664232 5649142.289155997
2915063.3446401968 -406572.9503575561 5650375.662977875
2927596.8579433267 -419995.6609733151 5642908.937961337
2926919.9958917424 -415676.41465966776 5643579.844030274
2937650.1037727427 -426828.97444443614 5637168.60616912
2938353.985239564 -426774.14702780213 5636805.893842315
2943104.878968995 -433707.67813183577 5633797.326965036
2942799.2828662894 -424902.73784474365 5634627.853206784
2955830.2093426753 -439009.6113148625 5626720.122301305
2945449.7912019095 -431952.48249741254 5632706.594557624
2958516.369120714 -438300.3560614428 5625363.51638907
2951964.5264912173 -438962.06127370906 5628752.858591308
2959750.0326522803 -447303.0791594272 5624005.75209426
2947887.0310846004 -445615.4910005484 5630366.763022065
2955133.3434933675 -444337.16489127994 5626667.966574009
2953022.2000525976 -441859.04991684476 5627971.345520791
2961049.365419876 -448556.7099437401 5623221.899721813
2952495.054863848 -457070.38329708384 5627033.02067059
2953268.710649974 -461043.82090508565 5626302.8284923555
2948927.5770700783 -463371.7834455924 5628388.200497728
2948004.907491266 -465441.41451120895 5628700.769721661
2943075.492584789 -468296.4613147368 5631043.071160697
2939600.8209133213 -470111.0861411144 5632706.594557624
2936518.624781693 -475033.6928547205 5633901.166772722
2941706.3720375444 -476821.2992797313 5631043.071160697
2951195.8227455374 -482113.35756799125 5625624.492113193
2957175.0573305376 -485687.0026361246 5622176.16370854
2962708.136560258 -489516.93006216624 5618930.029173006
2966743.404160414 -494546.52279023 5616359.880800622
2972227.5698822117 -501540.8386845242 5612838.948336545
2976512.0031296737 -503813.38230577484 5610364.45973295
2982749.1266981307 -506261.51083166554 5606830.470937389
2988659.1394815426 -507103.6238402465 5603606.290834638
2995108.1027350086 -511747.99885043007 5599739.497387684
2999476.0042581507 -516913.46878102625 5596926.403453267
3008301.4326672903 -518596.5891801798 5592031.926581126
3018387.4848053907 -521528.80755207624 5586321.302472988
3025559.535763001 -528643.248745614 5581770.938609829
3029395.4653488756 -536072.4498448683 5578981.129475255
3035828.0518341577 -540490.0109264189 5575056.913412238
3042908.9783698376 -539559.2633254208 5571285.466632989
3048000.2224874003 -537005.8742851252 5568748.542958286
3050267.1408851384 -537021.0470932799 5567505.704012816
3053028.753681106 -536463.5055901763 5566045.57440615
3056899.632790546 -539123.906798761 5563663.455688443
3060120.775183483 -539306.5124332581 5561874.71334419
3064759.16553116 -541502.8624194982 5559106.664499633
3070444.633999547 -549417.8770449861 5555191.332971958
3064930.7907185284 -563515.4320631505 5556823.787554557
3064968.872653648 -556833.4655142972 5557476.342850913
3073974.9778827303 -565788.4204914559 5551594.5726060225
3078496.1405647807 -580129.8785306667 5547607.757994768
3078455.1608558395 -592761.3031922799 5546295.0570662785
3076460.5447572256 -595941.8541223399 5547060.917554205
3078393.5893697743 -604235.7961958208 5545090.892990185
3080241.8111459813 -615325.3302009464 5542844.587653638
3087870.3980188295 -628851.724337318 5537078.91526182
3093381.554320358 -638525.5127024357 5532894.064503553
3100205.8232596316 -647440.8622381889 5528036.286361672
3106231.1343265027 -652547.463904142 5524052.040621356
3110917.370063419 -658352.2552490615 5520725.171990196
3114131.1449850253 -658521.3176015957 5518892.813427211
3118263.0746339704 -658997.0720363965 5516502.44778535
3119588.8741837195 -658310.3798927556 5515834.814404309
3123165.4282653686 -658609.6393917628 5513774.755155332
3123557.8248783117 -659546.5453183806 5513440.474803374
3121889.3822373375 -662780.8284158311 5513997.575131694
3117363.055228817 -663241.528760605 5516502.44778535
3115053.267868713 -665762.6321100281 5517503.444133622
3111021.697052447 -667570.0116151049 5519559.3374889195
3111369.234560769 -671906.0922524158 5518837.258827518
3109512.240945302 -682248.3745042698 5518615.023617575
3105795.6075712284 -692804.8391644441 5519392.729170628
3104624.9786791876 -701536.6500552908 5518948.366345753
3104988.4991297917 -710795.0974676206 5517559.039075859
3108633.7423417065 -715570.4974949494 5514888.586280726
3112677.5545587023 -719018.8024344994 5512158.5067097
3115802.2394969696 -723006.4634993242 5509871.056393595
3118156.81259796 -729003.4158942333 5507748.461182979
3123943.8881946313 -734210.1701384273 5503776.068253205
3131937.7533025765 -737127.2954285421 5498840.810550185
3136421.475881077 -741938.8370015521 5495637.186694619
3138413.689044716 -745592.075562864 5494005.185042566
3140971.774704582 -748922.3035993762 5492090.011432856
3141351.2192904996 -750635.39655248 5491639.101261535
3142703.5089615923 -753220.2124350874 5490511.357454762
3143072.4560084557 -757834.7512398149 5489665.110559501
3145150.073383404 -762286.5669783284 5487858.526392673
3145531.9059353876 -766798.0235459368 5487011.100756817
3146198.2687466554 -771732.4563634717 5485937.1550839655
3146262.0664886255 -775882.7416390567 5485315.121321782
3146535.696971377 -779563.1287619277 5484636.308449245
3146413.997835082 -784022.501939393 5484070.447275468
3144081.680066376 -788222.1489020183 5484806.0342232045
3142020.0409827894 -791319.9619973386 5485541.338811242
3139292.9698838177 -798970.4895816601 5485993.693581472
3140158.845358323 -812158.767055296 5483561.029387118
3143430.889175779 -814409.9843477121 5481351.988549023
3147227.0915433406 -815393.5164245242 5479026.92525128
3150743.6747884434 -814016.4066828248 5477210.2922410965
3152869.7158033126 -811513.9478545106 5476358.157353108
3151910.0220972192 -808334.808607646 5477380.674172314
3149293.248536571 -804676.780660881 5479424.085922463
3145356.1383696264 -798818.6957872512 5482541.787718656
3141125.4784187446 -795643.6545051596 5485428.233408426
3133793.4005408753 -797279.6308434559 5489382.944645835
3129013.39273008 -802055.3569784903 5491413.606026949
3125020.722967909 -807952.5553190258 5492822.512094723
3124759.380434413 -812017.2962946616 5492371.775918438
3125111.8083419898 -814088.8975412237 5491864.569730536
3126331.7640328696 -814348.4276606931 5491131.699346291
3126224.80681216 -814378.8326709452 5491188.08402788
3126956.2168091843 -811947.3373271876 5491131.699346291
3126075.787329117 -810379.367711856 5491864.569730536
3125268.9691126095 -810053.7919152986 5492371.775918438
3124209.070482995 -811466.8326462536 5492766.175928741
3121078.6915480914 -812456.6042503834 5494399.245356529
3118599.814611408 -817393.1030378981 5495074.586519437
3114481.346733488 -824742.6234573519 5496312.085926511
3114346.0432052976 -831224.9040548244 5495412.166712389
3113821.3123276867 -836151.8663192724 5494962.046397107
3113888.2327363165 -841066.1530603665 5494174.0780760255
3111896.735010118 -845483.6302188218 5494624.385857997
3109150.938987549 -850450.796073641 5495412.166712389
3104793.0132063213 -851472.4111663505 5497717.351607644
3102308.8569331453 -853993.967554719 5498728.494804441
3092906.9069974944 -857738.9978026053 5503439.985708554
3085851.6838138034 -855492.4160038141 5507748.461182979
3078191.27295835 -856840.9455079986 5511823.934160453
3075501.1667232146 -851062.4560177439 5514220.3682335
3074195.0531109977 -850007.9024822369 5515111.271873454
3068777.339442549 -846838.1557454222 5518615.023617575
3067256.5800349913 -843653.8407773214 5519948.031383423
3060742.063901297 -840080.9731401828 5524107.437118966
3055518.038904959 -834691.547021957 5527815.168333369
3049731.466143 -833167.9994757806 5531239.469510138
3047910.1843630774 -828098.8691765938 5533004.316908155
3047877.3261889806 -826376.5176170064 5533279.918423999
3043819.7525523417 -822881.5957421713 5536033.6156278
3044626.6006757542 -817286.2217792347 5536418.796853019
3043400.2471822035 -817754.3052865763 5537023.914670819
3046316.4729024004 -815460.2931601332 5535758.435589713
3048213.1596120023 -811351.6561566017 5535318.059842646
3045668.4782881816 -802084.9625502954 5538068.637459493
3042888.985568809 -796300.5729216468 5540430.76114743
3037420.117569654 -790056.5830305082 5544324.181087656
3033071.337716596 -784462.0604692937 5547498.403425307
3029402.8580001304 -775789.8675590494 5550721.521147801
3026511.7289110995 -771448.1662227676 5552903.338038136
3021947.8992978805 -772082.5495521491 5555300.2106642425
3019231.41772456 -775263.0395947134 5556334.211120072
3013921.9964315207 -777601.505390967 5558889.376326888
3009375.7606294597 -779678.5590387991 5561061.038678773
3007015.2873084857 -782204.0836552744 5561983.174498649
3006640.713961011 -784796.5105014485 5561820.480225586
3007695.0903765894 -783445.888855835 5561440.800957918
3008656.046224648 -784761.6938891746 5560735.462087732
3006396.0675434484 -785349.1950220445 5561874.71334419
3004793.290648518 -788404.8698849463 5562308.517298852
3000791.3125277115 -787970.6249276422 5564530.060383298
2998595.8965738225 -786387.2266894209 5565937.367483608
2990437.315807514 -785698.1444272554 5570422.253839427
2987579.8975944575 -780489.6214162661 5572687.260770245
2981192.348762588 -778765.3252286396 5576348.065526482
2972622.3186408817 -774199.312623498 5581556.501107142
2964672.4255787428 -774560.4391383753 5585733.124231305
2952146.8046688777 -773490.0219812506 5592511.370536387
2944347.6928155106 -774357.853745927 5596501.36944091
2938758.724099674 -771791.2919636416 5599792.528583283
2937651.858194282 -774844.8257758043 5599951.611935245
2934287.565283559 -777244.9132539281 5601382.671184248
2930216.8858171348 -780382.3870562649 5603077.130652808
2923932.756786039 -781168.6310243426 5606249.530987463
2919603.2724636886 -782960.7584553633 5608255.538234534
2912332.8353515333 -781719.3709667706 5612207.5229974
2909154.2414205354 -781846.0500904721 5613838.201585689
2899831.2707947833 -782163.0509756826 5618615.537889127
2892674.923226329 -779312.1481451206 5622699.117353781
2887093.3264589855 -771704.386882442 5626615.8091327315
2881166.224046495 -764950.0716191148 5630574.888707508
2879054.1556861033 -754070.5791907507 5633122.200895832
2879202.146072141 -744129.8106715824 5634368.360954354
2878486.698546253 -731470.3431624171 5636391.262444982
2880228.531117963 -721753.5260872787 5636754.070927225
2883307.2834912497 -711410.5750750658 5636494.93059629
2886217.222457488 -711113.2672791166 5635042.95155675
2886126.4422259675 -711892.4058125267 5634991.0702707
2887095.0055369665 -709191.9784630147 5634835.416113519
2885812.7018357287 -709464.4852747673 5635457.940048651
2883773.054573107 -708696.1857791358 5636598.5918796975
2882302.114598583 -701457.134620916 5638256.2382770395
2879058.922811902 -698964.8743065873 5640222.409042284
2877988.344429785 -693760.1502970832 5641411.254569734
2883409.2078620032 -694374.6860389927 5638566.851195866
2887284.8438525177 -698027.6569908898 5636132.062020491
2887907.269371396 -700472.5771092081 5635509.805885341
2884836.293327629 -703940.7674111555 5636650.4199459
2881343.966253343 -708685.84477173 5637841.991538574
2880126.68130279 -716067.651363693 5637531.234354118
2874544.424541188 -726197.2587682235 5639084.401983773
2872348.4465964898 -724842.5689505165 5640377.527397607
2870805.157461834 -730531.8941377176 5640429.230079755
2869326.7093385397 -733142.4535354774 5640842.789681383
2873192.760006504 -736695.0039671692 5638411.552465466
2876489.2161425734 -735721.3397786766 5636857.715040335
2882527.8290593773 -735925.9691846342 5633745.404486955
2886608.2283326816 -737826.414945585 5631407.117011751
2887606.86027947 -737491.0973960336 5630939.042622334
2886304.559736405 -737426.8046722575 5631615.105473358
2884753.11795477 -732365.9865040181 5633070.256109206
2885098.5726811155 -730202.9099233609 5633174.143966512
2880865.4650969645 -730094.6351004535 5635354.203225312
2880198.232576342 -727518.6289758693 5636028.369832536
2878446.922397979 -724404.6604282112 5637324.028551799
2878281.9998613787 -721425.9189920354 5637790.202967868
2879701.8425334473 -719805.6571502839 5637272.222808112
2880221.255790864 -721377.7324225049 5636805.893842315
2884453.61851167 -718640.3555495616 5634991.0702707
2889749.477505165 -725425.971225198 5631407.117011751
2888822.704276692 -726694.2143817374 5631719.089411297
2894183.688107075 -730352.7334881587 5628492.397097228
2897008.36053757 -731603.3908037323 5626876.579199147
2902354.598627581 -731283.271952166 5624162.476314875
2901180.8941844064 -730718.3002406501 5624841.436424034
2893873.467325665 -727159.2502482999 5629065.355801695
2893786.9394071028 -723058.042785361 5629638.107026088
2895868.4663401954 -722021.1012091456 5628700.769721661
2900231.277660929 -721979.9048693549 5626459.326525172
2903508.534989043 -722634.2947050146 5624684.7790220175
2904465.272067419 -721634.3861571996 5624319.185116529
2906633.297483829 -723896.8686376194 5622908.250855151
2908786.448514869 -727830.8025270196 5621286.749475526
2912604.0321591417 -730352.7290585071 5618982.438396396
2916708.8051549857 -733330.1872124855 5616464.865238123
2918831.058338999 -734134.5959150492 5615257.131063215
2923848.150496974 -733063.7803091507 5612786.338961628
2925402.4636635142 -726023.2821034836 5612891.556001695
2928337.967726229 -720677.9568138565 5612049.628196068
2930132.4029412842 -716240.0462415072 5611681.147160225
2929916.698018664 -712990.7863940406 5612207.5229974
2930407.2468805495 -707640.9272538751 5612628.500578426
2931272.6294517447 -703628.0780517006 5612681.115082553
2934795.2184941964 -699004.4575206691 5611417.895137541
2941148.6126453914 -696830.0938857908 5608361.04923615
2945292.3552985857 -691625.6299384314 5606830.470937389
2950397.3836403997 -689565.194461012 5604399.711048082
2952287.5448985617 -684032.0379424015 5604082.389053999
2953240.6140102907 -681212.1432984724 5603923.705010875
2949897.9026897424 -676104.5029213277 5606302.352249312
2947427.331539892 -674617.8622508539 5607780.654164686
2942655.856984735 -673525.7498415879 5610417.147739886
2940941.730915176 -674429.9739848432 5611207.262751257
2938074.100009137 -676849.6807199132 5612418.025465036
2936716.7040296732 -677940.4862316429 5612996.766202622
2933881.2373619443 -680199.0295411081 5614206.1919087805
2932509.664823127 -680474.330194864 5614889.380180593
2931518.316279363 -679543.3747435759 5615519.758950254
2932439.0703204446 -681644.6587097918 5614784.293106065
2932222.223019239 -679544.7658544612 5615152.0679347515
2932737.5583725167 -682091.7144480369 5614574.098432805
2931197.763524719 -680924.7447016184 5615519.758950254
2934013.668990502 -685249.9709379371 5613522.714615703
2933042.8385637663 -688965.2079687237 5613575.300052403
2934378.2017099448 -693549.4612146785 5612312.7776504345
2933183.018023578 -699431.9849631389 5612207.5229974
2934688.123392953 -706181.6527333644 5610575.201506449
2931302.3581613307 -713924.1085656714 5611365.239604934
2929584.2885002866 -717244.0733563183 5611839.077860974
2927914.2306855093 -721169.8666477042 5612207.5229974
2925320.0547621856 -725948.6290078213 5612944.161957058
2924343.320327486 -728253.3439394091 5613154.56868035
2922583.28301314 -731662.4469725206 5613627.883779109
2921265.3549423404 -731278.3255688902 5614363.876394792
2916975.7206748202 -733072.5300588211 5616359.880800622
2914211.1831495888 -732810.3820060039 5617829.04012129
2913793.9470166806 -734868.6839890957 5617776.593245862
2911660.2096243645 -733303.676098906 5619087.251708237
2911095.092277101 -733539.5788073069 5619349.255033307
2906201.9341235585 -734086.9884325052 5621809.994255461
2905446.3074434046 -734273.7492182432 5622176.16370854
2902739.7657734556 -735368.6404535578 5623430.96470784
2903454.7303548157 -736142.9938688276 5622960.529948444
2902248.5271228924 -738101.8121078279 5623326.435640753
2904575.617203574 -736912.7819225403 5622280.768138999
2904351.7890295666 -735399.4293256648 5622594.5403264
2904553.4419795894 -733400.9540430652 5622751.403298321
2904750.967869492 -733019.4065440984 5622699.117353781
2905713.3034690456 -730403.8975209699 5622542.249243591
2907198.5951199867 -730129.9316024466 5621809.994255461
2907130.227180055 -726769.4314088782 5622280.768138999
2907935.7561120307 -725568.9188246191 5622019.244218293
2906080.317873655 -723274.3680812627 5623274.168537757
2905441.41711569 -720961.7059463388 5623901.26071464
2902660.4303459935 -720755.6691295669 5625363.51638907
2900884.0818464463 -721389.7132821266 5626198.487901101
2897672.3477391615 -722094.846043998 5627762.876886739
2894601.2296996154 -723851.9532659046 5629117.432668695
2891738.517058952 -725978.9393372353 5630314.727312895
2886382.8177871266 -729134.4047810358 5632654.63604399
2884048.726017 -731544.2281787061 5633537.697413423
2880779.6721748314 -736015.2418602315 5634627.853206784
2878975.105005971 -737909.865106165 5635302.332238694
2876340.3507987326 -741837.2906720665 5636132.062020491
2873277.3806264354 -739924.2641497308 5637945.563527815
2871822.088976234 -739656.3928817956 5638722.134467815
2868392.359896259 -735997.732743422 5640946.162399116
2864666.8855576375 -734668.801592608 5643012.1731887115
2861622.4443514626 -731865.6449974664 5644920.784533331
2858204.5852874187 -731310.4173783571 5646724.061088506
2858204.7869462916 -728122.2698940544 5647135.942755551
2857910.153033369 -726082.2071698308 5647547.714328775
2855761.832301409 -721717.3286273718 5649193.699522922
2853298.738003672 -720194.2533004021 5650632.491077413
2849429.0465964335 -717789.374979032 5652890.722593154
2850152.9284065804 -712472.5107175655 5653198.404988738
2853457.861028327 -703253.2410016656 5652685.56655651
2857170.991123843 -695974.9280307109 5651710.699162957
2855752.7891855715 -692620.6147488159 5652839.436166908
2852938.504143734 -689987.6364277349 5654582.208541227
2849197.1454510363 -686556.7391867423 5656885.757219332
2845082.420716005 -679578.617772091 5659798.576062555
2843387.7379602413 -673039.2350204679 5661431.3878859645
2841976.1099491185 -664800.4866392994 5663113.37547136
2840647.188058493 -658740.1257677791 5664488.149840092
2842350.9843408945 -648688.4155325899 5664793.484441438
2846642.827966533 -644077.2826225981 5663164.315468534
2849473.099001347 -637350.45325811 5662501.960953245
2850111.9969359045 -633577.0640416624 5662603.880622622
2850538.705912748 -625688.5359657757 5663266.19028757
2851862.5756127294 -624727.0982604617 5662705.793392289
2851551.479182311 -620591.8965115236 5663317.125109401
2852260.9001389565 -620120.6481391541 5663011.4903017795
2851256.0374727943 -615421.6533453818 5664030.031467751
2853274.042153436 -613564.3651427984 5663215.253740609
2852909.428461957 -614788.4603167103 5663266.19028757
2851674.7697929614 -614886.9835924486 5663877.29428656
2851362.9285794287 -613517.8797501698 5664182.753120683
2851018.3483917094 -612298.4382268019 5664488.149840092
2850600.4314355473 -613301.7603473761 5664589.934942712
2849256.3899231674 -611555.882905409 5665454.829628931
2850957.8018179997 -608330.480946669 5664946.128446789
2854802.4357828205 -604984.5369424687 5663368.058206087
2857150.8304311 -599596.6597009175 5662756.747189691
2856439.4363767244 -591384.1944630449 5663979.120799362
2851466.784110503 -583662.5968844604 5667284.72481422
2849667.9665517905 -574128.0439723331 5669163.11897383
2848600.01872254 -572412.7050558422 5669873.24623969
2845461.5181803755 -562332.8264216105 5672457.275368702
2845701.4535809867 -563670.5203838939 5672204.137858334
2846324.6713770647 -563071.2253139772 5671950.957151663
2844036.3447556524 -560349.3488095189 5673368.212710828
2843157.728383705 -566313.0623867053 5673216.428702699
2839345.834899328 -563647.7215918398 5675390.513064644
2839580.585580822 -569053.6187475875 5674733.568810323
2835514.333639435 -564121.7638611112 5677258.678205842
2836943.9352705 -569606.8647788446 5675996.663822904
2832115.4944075146 -565963.9221302845 5678771.66869595
2832966.944156991 -567265.3828449711 5678217.086263922
2829254.5912640737 -562568.3972155785 5680534.856531157
2830182.8078545043 -565012.6647288055 5679829.83572755
2822499.149020052 -563990.9831635229 5683753.489085476
2821079.4373437637 -567036.2517790444 5684155.319602427
2814432.5281689633 -566364.6284988279 5687516.299050917
2818830.8634135793 -569656.0677684001 5685008.841498991
2815215.449464878 -572506.2180749542 5686513.835678216
2819964.501180187 -576035.102733704 5683803.723960051
2815338.229648211 -577854.7360141522 5685912.025062231
2819800.1718189153 -582259.0052441712 5683251.045116878
2818898.6085536573 -592904.7539499368 5682597.609143007
2822139.276952486 -597239.1859352884 5680534.856531157
2822830.790494925 -605883.9711579094 5679275.652909244
2829058.131779895 -608976.9504699124 5675845.149473902
2831385.1468851613 -621121.785965069 5673368.212710828
2834002.881602827 -626726.6823446052 5671444.466157118
2835614.9789609937 -633159.550787771 5669923.956662758
2838595.9063320947 -635697.8855152824 5668148.064306902
2842909.503526845 -639061.2428251315 5665607.406331252
2845184.0242038416 -639311.7048639567 5664437.254700521
2847840.679149548 -638760.0505548653 5663164.315468534
2848077.76307909 -635890.1577673807 5663368.058206087
2849665.5696933693 -636035.8090648704 5662552.921650389
2848751.9365096665 -634683.6536702662 5663164.315468534
2848381.0710336864 -632253.2807411712 5663622.697811801
2847365.1954820026 -627232.204693339 5664691.713143203
2849191.690525254 -623985.6755753495 5664131.847628428
2848202.236099351 -620175.3876020239 5665047.882488844
2849620.428590771 -619702.8337240661 5664386.357835464
2848721.1690620636 -617320.6421833051 5665098.7569213705
2850847.79255054 -616375.110132693 5664131.847628428
2852200.673375089 -616198.6634552291 5663469.919223962
2853574.645927928 -613576.8994812139 5663062.433749103
2853806.050859732 -609667.3366413831 5663368.058206087
2852912.2647241037 -604844.1244876573 5664335.459244937
2849454.701695728 -600162.648908005 5666573.364727561
2844527.3267801264 -597154.847683828 5669366.047018733
2841321.1345988275 -593634.6658439881 5671343.147226266
2839540.8184193526 -591504.35302459 5672457.275368702
2842724.427820822 -589320.8673929932 5671089.819666582
2844824.7115255333 -586494.5345398771 5670329.577868338
2851869.6614262313 -585145.4147694712 5666929.0870639
2857528.637154825 -586098.6324749197 5663979.120799362
2863888.4693827066 -586569.7321937435 5660717.249979099
2868723.3476774124 -586099.4052512299 5658317.315391092
2871026.2621581885 -584690.9302716441 5657294.911709664
2873664.031520399 -584601.3242169046 5655964.756402728
2871841.0768138333 -584648.0644745402 5656885.757219332
2872579.6703388337 -583493.1968592631 5656629.979658824
2870684.971224595 -584882.334666819 5657448.316209343
2870578.2319683596 -582930.1514341227 5657703.955908121
2868323.737925095 -588051.9473658394 5658317.315391092
2865961.8159379386 -586785.9141771862 5659645.409432375
2865027.103005933 -592797.1224046815 5659492.227285956
2863297.3592618667 -589938.2143350146 5660666.227195456
2866039.1455498496 -594728.1164036585 5658777.172122511
2864326.02506008 -593746.9213607035 5659747.522243215
2866710.8319068085 -599252.6247454651 5657959.552521019
2864424.684053078 -599087.808226469 5659134.741939074
2866921.8343451777 -603057.8290470527 5657448.316209343
2865324.972598682 -603453.0761494118 5658215.106046091
2868551.3829660034 -605858.2335873641 5656322.989723821
2868847.226661183 -608274.807293159 5655913.573322254
2871480.048929625 -612028.3195963062 5654172.323568786
2872242.188571529 -614130.1045612933 5653557.289429494
2873922.040918449 -618529.292387118 5652223.864744056
2873847.185041173 -623080.5622946424 5651762.023468567
2873232.1509662517 -632825.1495071616 5650991.978122521
2869907.914646784 -638713.6212588291 5652018.619171931
2872232.580449598 -642335.86182981 5650427.0320402505
2873189.4279403766 -648871.3712610406 5649193.699522922
2871546.7907562866 -651661.5966316588 5649707.708543226
2871429.281469261 -658383.5645889648 5648988.047730324
2870199.2428495605 -665909.923013753 5648730.944272141
2868646.9488082184 -675582.3800902419 5648370.927161645
2870446.723705898 -680396.5594724437 5646878.529614759
2872389.1006196593 -681174.6751092854 5645796.924848709
2876175.3103926904 -681860.4746871149 5643786.218217959
2878028.228023374 -680018.8238100515 5643063.788223968
2880520.7169488687 -676309.5953947802 5642237.741393509
2882438.61891945 -673734.9670404952 5641566.254361344
2883191.5310984994 -676565.0132111774 5640842.789681383
2883552.6123697856 -677180.7531815603 5640584.327817095
2883198.8872393323 -675239.5693447671 5640997.846180494
2882949.536592662 -672846.2129447432 5641411.254569734
2881653.9370906074 -667984.5151842652 5642650.81981193
2880601.207208041 -664668.5106779245 5643579.844030274
2881856.776992031 -660086.2488660527 5643476.646621571
2882077.7226476185 -656908.2567603841 5643734.627249792
2881664.842992774 -652054.1824828888 5644508.3112496175
2882894.6260868586 -647045.3121869063 5644456.744351618
2885725.9180772486 -639327.3205339293 5643889.394996692
2891142.796119028 -638092.763533532 5641256.239311878
2896270.6674911934 -641345.3142887728 5638256.2382770395
2895863.8567302166 -645445.1480256589 5637997.346946319
2897338.686640992 -647419.5509459587 5637013.168331823
2897816.081617946 -651138.1069770236 5636339.425793907
2898855.12489005 -654135.8963100187 5635457.940048651
2898345.580868652 -658168.7869874235 5635250.459535464
2898352.567055865 -661682.1218330283 5634835.416113519
2896952.2477529882 -664714.6610009477 5635198.5851156395
2894862.068984016 -668970.214591478 5635769.109318356
2889739.9246971044 -673633.3172104392 5637841.991538574
2885138.6946385824 -679466.2783526438 5639498.318935894
2876849.0812922465 -685415.1856444188 5643012.1731887115
2869885.994908804 -691224.051461211 5645848.447036801
2860004.540284227 -698093.0275108217 5650016.031348441
2855338.995835947 -695159.1410513136 5652736.858148569
2850215.095807811 -696177.9438567315 5655196.829299285
2844955.32173787 -693577.9553392299 5658163.998788196
2841102.2939244695 -693952.1007309797 5660053.81929785
2835068.5437310697 -691167.6358440679 5663418.989577613
2830841.9489607587 -690555.9914507337 5665607.406331252
2824931.8293183255 -686816.220599991 5669010.904807378
2822426.148255797 -682451.751473417 5670785.76958721
2818595.3986257506 -676372.7183509511 5673418.803923811
2819296.343701217 -670455.273255333 5673772.894023611
2817636.411607296 -664140.0893249861 5675339.98926374
2819464.7310916726 -662857.155684023 5674581.924801919
2819890.4860393764 -655379.0206107787 5675238.936475527
2821459.9694285137 -656937.6855431378 5674278.59011396
2820740.411270632 -651271.0918306516 5675289.46373403
2822408.6638902803 -652849.7650848995 5674278.59011396
2817654.113981891 -646571.2254062921 5677359.592666077
2818021.2892133943 -645413.0339690195 5677309.1363006625
2811566.4979817597 -640733.4843013643 5681038.235175118
2809138.2011932116 -640231.6701240416 5682295.9246388385
2799386.4332035724 -638368.925908875 5687315.861812999
2798156.102402121 -633928.1926264943 5688417.923569178
2790436.2175224405 -637865.1596015354 5691769.035555252
2785646.465257625 -635184.532354774 5694414.401890237
2776772.5624796594 -636526.9050112033 5698597.076075568
2771194.4737249548 -632805.1091407951 5701726.044159047
2766581.3260443723 -628856.5331103188 5704402.530252141
2769774.0119631384 -620133.0630448246 5703808.193371536
2768403.1961666965 -617593.9779236353 5704749.111213084
2771603.909222965 -604003.3475090357 5704650.0967699895
2778654.553019135 -600614.0899271353 5701577.201965
2781682.8332714154 -596950.5249499559 5700485.214948381
2783137.8960273974 -595382.9999132709 5699938.90626123
2780966.402463822 -589337.3391303673 5701626.817766502
2779475.6943646693 -588210.4453830696 5702470.020647043
2776901.7207428236 -584982.50575466 5704055.86414584
2773768.074508596 -583917.9051237135 5705689.401721128
2769701.06719967 -580992.2637738376 5707963.295939101
2769850.600814463 -577844.7394512353 5708210.236690332
2768756.996257911 -576255.194740922 5708901.43952468
2765622.016525328 -576156.7016199433 5710430.747053046
2763686.7981772544 -570269.8600767443 5711958.3829251425
2763144.250670281 -568951.3092523654 5712352.340121169
2761888.014957826 -561661.475142375 5713681.123424129
2765786.417370932 -562504.5283936297 5711712.103128372
2765845.840234364 -558194.7227853817 5712106.1299237795
2771043.219483263 -558136.3868313126 5709592.301508989
2769783.2180936295 -558335.3420660793 5710184.197604037
2772235.1158574247 -558779.2472225693 5708950.798113463
2771462.5284337723 -562097.5752639762 5709000.1549632
2773474.3014763235 -562203.2173740638 5708012.687566897
2771233.3110977034 -565224.2673055942 5708802.717130039
2771606.8375903335 -563889.7842062011 5708753.353324208
2769190.7752490495 -565764.2336667622 5709740.299013522
2769800.760538593 -563270.6223385142 5709690.968251278
2766168.894977745 -567108.5811991262 5711071.572094672
2763470.1805453454 -562887.3580553812 5712795.408850041
2757682.800694935 -563814.2062024216 5715499.987895694
2750562.374225608 -555759.7909720931 5719718.409173045
2745809.076631839 -556595.2770341561 5721920.587728344
2743095.2591564795 -548821.5812419741 5723972.769952378
2742634.172315617 -548579.9790042073 5724216.872506
2740896.6871673632 -542463.5968331083 5725631.8076161565
2737718.7211359767 -543076.0842123874 5727093.990035271
2739742.7678633817 -526450.7993514626 5727678.423393069
2745867.105989149 -521021.253545649 5725241.6271805065
2744231.630522192 -505294.73163181636 5727434.940025652
2748465.502306706 -499926.83365745854 5725875.613704788
2753151.6805129717 -495915.8728376142 5723972.769952378
2761068.377515936 -499282.49671589717 5719865.330858294
2764516.3647408774 -498162.219001514 5718297.357836454
2770032.073984656 -504099.3761872778 5715106.921836534
2774663.570343258 -499790.7365790791 5713238.336621338
2779660.8340208847 -504648.8384804736 5710381.440642177
2783306.1839099242 -505210.2962198539 5708555.880711182
2787629.0670550405 -507050.41476223926 5706282.946139219
2788011.4841431244 -506617.2907366119 5706134.583499827
2791590.06776223 -505858.41566000617 5704452.0470310915
2790248.8843472092 -510445.4737820752 5704699.604860413
2791396.20659451 -507483.9806956935 5704402.530252141
2793783.033627118 -508824.6672319075 5703114.484124757
2796178.864896078 -503414.28778751986 5702420.434373448
2800310.749632104 -504612.3201593992 5700286.581553442
2801737.942817381 -499469.1580767825 5700038.250740735
2805184.650790363 -500538.2606474903 5698248.987592428
2808002.970551449 -492600.44155703817 5697552.555470818
2813402.6697047013 -500890.04176978953 5694165.047147327
2815856.7776327846 -505232.0904116487 5692568.150024889
2811933.458323334 -503464.416571705 5694663.713267702
2814354.0878969575 -498374.0056876646 5693915.64904087
2811300.4205902973 -499655.2396674107 5695311.7198852
2807925.4499883135 -489001.00254541443 5697900.814055779
2799694.547736561 -484648.0431506147 5702321.256615103
2795792.659774109 -476788.7903950957 5704897.619844444
2790228.5860683206 -480953.1912422532 5707271.630588566
2783743.3871949934 -482787.57248356135 5710282.822602009
2779523.2965892246 -486104.3230892664 5712056.88266422
2776625.7506064707 -484149.3451276978 5713631.931852233
2773914.20400404 -482279.85734505934 5715106.921836534
2770495.797684038 -480390.4121872704 5716923.918235542
2768522.174862528 -477161.89021530875 5718150.268908698
2763307.2911716145 -469759.9907958178 5721284.765295755
2761005.0600725305 -464808.37769794185 5722800.470947392
2755656.1467713173 -462275.9343442793 5725583.04116599
2750908.5180305084 -461578.22215772164 5727921.863141719
2743496.3912492916 -458611.6190861017 5731713.87405559
2742784.178572326 -457410.05041786033 5732150.73035855
2738485.9724017046 -455809.04348749854 5734332.890130647
2736425.80540185 -452325.42236010294 5735592.081365061
2736238.3477474293 -445428.62262761954 5736221.234093092
2735049.9391279654 -440238.5418489474 5737188.584729182
2734816.8934377744 -437899.8273007652 5737478.653608859
2731272.292310481 -435963.39904791146 5739314.295274972
2730526.0472815237 -434280.55513134634 5739796.9393134415
2727533.6157836807 -432682.0924696587 5741340.225211016
2728523.559975549 -428983.1834889109 5741147.412403036
2725930.8968586456 -427405.5775874414 5742496.514391503
2725164.031905699 -425823.4876506723 5742978.004186721
2715779.9396084207 -422220.9314949988 5747687.3440217655
2715521.1560292514 -417327.9750584481 5748166.943677886
2714740.9251145483 -409790.55846693035 5749077.700614209
2720275.353904813 -410091.8413529506 5746439.565556553
2714877.271885832 -408211.99242112326 5749125.617677989
2710451.6360618104 -399084.6387349114 5751853.994991153
2704610.082192784 -386897.7977444627 5755435.291739594
2710399.1957917456 -373110.0086873136 5753622.000172484
2710516.553228865 -367054.2995988116 5753956.217752994
2711974.144567429 -355352.94041249086 5754003.956110733
2716218.305162188 -348389.26282388857 5752427.664929902
2721285.9196504676 -345949.97697644384 5750179.349980495
2732040.4295041203 -341649.5473293714 5745334.775134046
2731023.295361161 -340893.02986347274 5745863.268681666
2732056.7565778964 -339085.14455258724 5745478.93074031
2727894.685034999 -341663.03099112737 5747303.538235279
2741021.514768058 -340100.63898285694 5741147.412403036
2744381.4762805128 -343922.56788520125 5739314.295274972
2752015.1017484316 -335223.7091426429 5736172.848213103
2753882.7686732044 -338914.93638180086 5735059.490737836
2756520.979019777 -332989.9272427358 5734139.063589121
2757370.578632483 -345745.8721627711 5732975.517475578
2758158.2867124933 -340223.0315645491 5732927.014556546
2756149.099334283 -344224.709542758 5733654.37496707
2751119.38957789 -337600.02797412046 5736463.1372824535
2750219.968887424 -340803.31949919695 5736704.99678615
2746302.244186725 -335743.96960525075 5738879.766160698
2746708.9106656867 -339005.4093883641 5738493.399183721
2742593.0780007816 -337185.39561367204 5740568.806092916
2747961.7538503977 -343543.13334370276 5737623.664454461
2750539.008585313 -343914.09149391577 5736366.381248887
2752258.7881809566 -341446.16269282805 5735688.893312035
2749374.671199756 -339480.5747291106 5737188.584729182
2743869.7161928606 -344782.6646501975 5739507.373870724
2743863.290705409 -340793.6332666126 5739748.682777341
2739608.2644224013 -350514.5228718838 5741195.618228347
2739870.5954209818 -342045.9365004072 5741581.201870355
2742661.4442139035 -349542.98429600464 5739796.9393134415
2744072.5459791515 -350355.5659313735 5739072.907693751
2736764.3793661995 -348257.4809863823 5742689.131301586
2744250.9291842645 -357584.92915184196 5738541.701174156
2734908.082286146 -360251.7234101065 5742833.575616306
2740799.5938461307 -361563.11341948394 5739941.69843103
2734650.679512108 -365997.6664589483 5742592.826345132
2741285.0632854584 -365522.0412920322 5739459.106844281
2739702.230467704 -375730.95891252893 5739555.639148815
2744643.0141494223 -375822.9212460946 5737188.584729182
2744405.2299959487 -376083.14774240524 5737285.281346488
2740497.9368271087 -379495.5169037259 5738928.0541662425
2739564.942587684 -380389.72830098786 5739314.295274972
2741257.0887049166 -385648.8787437053 5738155.236306244
2748139.557546063 -389894.8636526178 5734575.134004946
2750866.614806436 -395572.8230951299 5732878.509891164
2755834.9336534864 -393342.1274856969 5730645.407735512
2760886.045087424 -396866.0628420924 5727970.545857035
2768691.9828583663 -393106.5353835915 5724460.931467217
2772710.8889413537 -390370.00935500645 5722702.734035922
2779785.4233551384 -389535.5099329309 5719326.54135114
2784249.4267441607 -385702.66488014726 5717414.5891284775
2790223.702748968 -381072.08142854 5714812.049173058
2792687.379800777 -370243.0700360994 5714320.455469023
2800443.9477878027 -364012.3777944398 5710923.715486936
2806409.0892169448 -358264.7433124396 5708358.380275347
2814100.815375989 -356202.2167332038 5704699.604860413
2819477.85271853 -355732.9430438023 5702073.281821543
2821414.7058197246 -360230.3982207035 5700832.756534956
2821475.01154977 -362890.8912368278 5700634.171761732
2819660.917150862 -366059.8872689341 5701329.096905791
2820206.2377749034 -355524.81456847105 5701726.044159047
2822112.9929947993 -351512.7551028607 5701031.313523013
2824825.5596563746 -342491.79017291625 5700236.918863654
2828455.313490812 -343132.2421381247 5698398.178785934
2831453.6593929348 -334823.9658335111 5697403.27575764
2836505.4678182257 -336124.1514627144 5694813.279277977
