-608031.946850165 -5437002.474698598 -3264803.5533138784
-610923.6923402551 -5437939.382505396 -3262702.639581822
-610626.252288032 -5437858.181143112 -3262893.6516214577
-608234.4482733783 -5439672.804003641 -3260314.6537284916
-610038.5207092589 -5441187.820018911 -3257448.251396899
-616439.2666735152 -5440809.659641079 -3256874.863739679
-619164.2118740279 -5438554.115704366 -3260123.588039188
-618835.9805904174 -5439049.556379867 -3259359.2855606866
-621536.3908975597 -5440801.786481131 -3255919.1382793537
-627348.1203098932 -5440306.333613169 -3255632.4012996424
-630723.4510477738 -5437053.830274497 -3260410.1850834345
-629915.0307172324 -5435886.860501126 -3262511.6235666825
-632319.7176261907 -5435894.271052317 -3262034.0661375294
-635750.5412401514 -5434806.112288219 -3263180.1622263305
-638350.0488755842 -5432378.486171623 -3266713.0571998893
-635148.2714155184 -5432122.227969749 -3267763.1146879126
-635510.0838230398 -5433572.318704519 -3265280.9665888213
-637125.9166599454 -5431775.776027795 -3267954.021291896
-632026.8225210814 -5430073.254180745 -3271771.3168626013
-624356.1298844988 -5431018.063210203 -3271675.9039000394
-619120.868403577 -5433111.0422884375 -3269194.8171485057
-613448.9914053534 -5433065.203268121 -3270340.0177933923
-604863.4739484398 -5433568.228189684 -3271103.405196882
-595346.4945018128 -5435193.466329122 -3270149.160979913
-581486.3778335487 -5435717.711815909 -3271771.3168626013
-573229.9308138487 -5434756.312922884 -3274824.005280897
-570480.889831002 -5438720.231288844 -3268717.6078864713
-573336.4846564552 -5441228.859505555 -3264039.640360648
-573016.2618921562 -5441835.33996879 -3263084.659685356
-569287.4530641921 -5444744.59878717 -3258881.5642428054
-568442.0264613633 -5447690.190768814 -3254102.9866852313
-571786.908211495 -5449337.836778444 -3250756.507684444
-574182.4111249312 -5449257.093599271 -3250469.610166012
-573570.1864710273 -5448922.213504253 -3251139.023845567
-573005.0371100821 -5450863.602365342 -3247982.7918040436
-578892.3393952149 -5451950.950359666 -3245112.554945031
-584016.9228596314 -5450378.793275501 -3246834.8038707264
-585522.4728890111 -5450958.040770331 -3245590.9895584825
-587699.8992003669 -5454196.019296318 -3239752.399732435
-596137.1511834888 -5457371.356894655 -3232856.2247530622
-605004.9600014563 -5457360.229827559 -3231227.215822206
-608152.40014449 -5454455.162766332 -3235538.677804702
-605788.140510831 -5453126.684839885 -3238220.358144825
-609385.8245221162 -5452555.200430727 -3238507.6351812617
-610765.7482241623 -5447674.2653205525 -3246452.1095744427
-604514.8334840313 -5444262.436295597 -3253338.184209952
-599517.5859233146 -5444300.804474388 -3254198.582534293
-601684.3008906877 -5443890.338416228 -3254485.3641336486
-600980.9676495979 -5440135.426302151 -3260887.8269599024
-593149.9207220819 -5438818.099399172 -3264517.093414487
-587671.3563311632 -5440558.61825844 -3262607.132071175
-585164.1746311506 -5437791.091354934 -3267667.6598927807
-573785.1491917734 -5438200.517281914 -3269003.936431049
-571662.7518115726 -5441748.6189553505 -3263466.6638850104
-572345.07984144 -5440932.212630258 -3264708.0676752254
-568202.5512081048 -5439876.279891966 -3267190.3709868737
-561464.2097650863 -5442466.735526015 -3264039.640360648
-559954.3716247954 -5446455.528072901 -3257639.3726780782
-560652.7349305456 -5447640.729924892 -3255536.8203229224
-557060.0500986661 -5449151.26494917 -3253624.9925716594
-556154.9224708839 -5451582.643811279 -3249704.506552409
-556408.0372421469 -5454063.744019435 -3245495.304613003
-558807.9968885218 -5454956.859254276 -3243581.398128951
-558793.5418319561 -5453876.794784222 -3245399.6186788883
-554711.7579223979 -5454407.329830063 -3245208.2438448737
-551641.5964226282 -5457335.618622773 -3240805.531778711
-553395.980977859 -5457555.924408342 -3240135.3706586026
-553139.0845057983 -5455022.427759926 -3244442.7049692674
-545912.6656713497 -5453928.401489955 -3247504.4808099675
-540967.8366988748 -5456413.5810523275 -3244155.6115829363
-540160.928381948 -5457005.533929226 -3243294.2780628707
-535148.5514315773 -5455906.124606441 -3245973.7194534745
-525263.6477672781 -5456069.685176353 -3247313.1494874083
-520972.3478212371 -5459439.406956669 -3242337.1469627023
-520668.89406846743 -5458274.2138316175 -3244347.008162099
-513115.54784463573 -5456656.206727718 -3248269.766528017
-503220.50999625894 -5457691.498632226 -3248078.4510347997
-498483.38108109444 -5460515.599040695 -3244059.9118110007
-497365.3981014767 -5460901.791323774 -3243581.398128951
-491167.65061930404 -5459301.600145887 -3247217.4823423317
-480424.5810659966 -5460541.935749149 -3246739.131780147
-474383.95203805884 -5463968.708212374 -3241858.544373082
-473339.8197056001 -5464116.051856917 -3241762.8208924616
-465794.999343112 -5463514.721581895 -3243868.5093025686
-456416.4093985988 -5463908.4570518695 -3244538.4007881223
-451613.49553159566 -5467373.414782406 -3239369.4130161065
-452688.9448386769 -5468758.915858664 -3236879.6146037355
-451375.89342889795 -5469150.858460995 -3236400.7307851464
-451647.8360493774 -5471280.962712549 -3232760.4085751795
-455355.9520625427 -5471935.849707283 -3231131.382907456
-459916.3291276925 -5471271.452160688 -3231610.537638034
-459507.04499339155 -5469833.651560745 -3234101.745439541
-457865.2572377378 -5469744.73996561 -3234484.949081253
-459043.8705152103 -5470042.466813214 -3233814.3323639366
-463783.83060289343 -5468112.642241808 -3236400.7307851464
-465895.9654044648 -5464698.996989229 -3241858.544373082
-463753.6774362177 -5462096.759374151 -3246547.784631976
-461398.95568127 -5462637.331574705 -3245973.7194534745
-466109.0228719179 -5462692.269648608 -3245208.2438448737
-467281.42760701897 -5458437.841294558 -3252190.8615788748
-460892.73895230953 -5456644.083502863 -3256110.2913068286
-458940.3597133903 -5457378.859420424 -3255154.486499399
-461735.4843731695 -5456401.729485458 -3256397.013408957
-461747.616414563 -5453146.811325005 -3261843.036209958
-459063.150637123 -5452001.821120631 -3264135.132960099
-461113.31330167665 -5451314.179733936 -3264994.521607607
-464169.05012011115 -5448937.620471098 -3268526.7172114956
-465781.4136964508 -5446508.505577896 -3272343.773707551
-464027.45070102764 -5443904.925614329 -3276922.1360703628
-462524.72596954834 -5443114.205585322 -3278447.7459343565
-461510.0603110469 -5441304.393963213 -3281593.50871925
-458080.31449151627 -5440329.299707674 -3283690.079197116
-454343.70224728034 -5440240.017517096 -3284357.0682911174
-458693.34781720024 -5440795.2102049 -3282832.449772553
-459934.1521436863 -5438504.229196044 -3286453.000532431
-458674.5192354061 -5437171.0103575885 -3288834.1535460874
-456584.24182002625 -5435041.481715358 -3292642.695792388
-456569.8089389207 -5434869.677039847 -3292928.271790667
-456435.0416935669 -5433265.448286891 -3295593.2123315902
-454186.85012703395 -5432645.607294077 -3296925.387496669
-451028.76023937186 -5431406.901024166 -3299398.904792206
-451284.5336970358 -5431038.922403589 -3299969.620009117
-452447.802638954 -5427818.779916672 -3305104.427740682
-450120.20018011035 -5425058.0989789255 -3309951.272767166
-447884.8755221593 -5423387.333082439 -3312991.091693343
-449687.13922504097 -5422135.492704239 -3314795.495286634
-453516.868769293 -5420074.076130452 -3317643.811351714
-455433.00388541876 -5417936.773969705 -3320870.803304256
-458749.0376626452 -5416609.719544215 -3322578.7374541997
-465650.014847877 -5414914.652478484 -3324381.2010727623
-474274.59180121066 -5411193.480653174 -3329217.584734943
-475918.7681449589 -5408247.35729239 -3333767.065718187
-479076.64638386783 -5407384.3249536855 -3334714.5798605857
-483701.9072922099 -5405920.463158252 -3336419.849312846
-486511.82316271425 -5404381.6318770535 -3338503.620329445
-489377.9825177951 -5403479.178951283 -3339545.321277551
-493044.2167719715 -5401974.986862287 -3341439.0076166154
-497261.9675664696 -5402349.581266968 -3340208.1577944425
-502959.24055285705 -5401236.56192268 -3341154.980615561
-505912.2146427918 -5399261.555319726 -3343900.1911423206
-508109.34227629757 -5397354.554371393 -3346644.5450178795
-510286.9337058763 -5397266.449343722 -3346455.3067503637
-516669.9100336454 -5396424.451284455 -3346833.77920761
-519410.3426096304 -5394282.655531618 -3349860.971476414
-520926.5028302398 -5393255.192019583 -3351279.608209806
-524736.885035497 -5393355.877686209 -3350523.030529841
-529154.8329860902 -5390925.464103604 -3353738.0343740038
-527492.3975354807 -5388498.988756328 -3357896.874341781
-523882.0453355058 -5387496.4525899235 -3360070.025446802
-524004.4570037399 -5387779.132167907 -3359597.6473405627
-526098.5391673369 -5384922.199379666 -3363848.128812306
-519757.7289369924 -5383118.218378867 -3367718.9832537677
-513248.30914378545 -5385454.337958846 -3364981.24020347
-514197.4525569261 -5383475.03990788 -3368002.1488224748
-507294.11011443456 -5381648.666859971 -3371965.49690644
-502132.28971525177 -5383196.407582171 -3370267.140898438
-501673.4309505561 -5383357.340101977 -3370078.41413942
-500149.73133767926 -5382258.232372194 -3372059.8402615283
-495503.41253903933 -5382215.099627097 -3372814.5501210466
-493710.63856461376 -5385392.495528557 -3368002.1488224748
-496823.97099021485 -5387289.231776406 -3364509.128392357
-498538.05564527336 -5387366.758696649 -3364131.420495309
-496018.2149081431 -5388837.21335797 -3362148.185075674
-499223.4011641055 -5392721.202797833 -3355439.6171924835
-502881.41733087256 -5393263.392533404 -3354021.6545011112
-502425.1751381302 -5394481.425268555 -3352130.680003386
-504127.38518238947 -5396436.921503929 -3348725.8967760196
-508349.13420590985 -5395864.743135717 -3349009.6792241465
-514060.28763673943 -5394971.315111481 -3349577.216575121
-520235.21539179946 -5393968.2028271025 -3350239.2970587052
-524153.03878769197 -5392237.253955398 -3352414.352222169
-528325.1476801853 -5391183.273787224 -3353454.405052434
-533236.9746898018 -5389934.93662481 -3354683.39903708
-538929.2273503878 -5387956.061075221 -3356951.857240479
-540898.477036706 -5386757.44878744 -3358558.325453409
-542261.5062762842 -5388033.870113673 -3356290.284423988
-547604.4083566297 -5388258.775694839 -3355061.516290863
-553661.1271463698 -5386167.644850611 -3357424.378575254
-554291.0296929842 -5383981.106000237 -3360825.7771914247
-556484.8723111751 -5384992.796867067 -3358841.7891556947
-561632.8195931028 -5385165.491845313 -3357707.8791035903
-566999.7630225198 -5382893.470635803 -3360447.909508321
-569131.0926253586 -5381488.653920382 -3362337.0841028495
-571830.028959053 -5380966.467277146 -3362714.8698662515
-577671.2539226431 -5380519.59521242 -3362431.5320801116
-582346.5935821343 -5378952.800553235 -3364131.420495309
-584413.141575326 -5379614.389892128 -3362714.8698662515
-589267.1976838392 -5380560.3730302565 -3360353.440028345
-595036.7093912918 -5381164.154730326 -3358369.34453646
-599829.3043933213 -5379806.188957506 -3359692.1250087097
-600742.21588917 -5379468.302178431 -3360070.025446802
-603763.8548388861 -5380132.9791358635 -3358463.8355064574
-607193.8332876082 -5378507.831759536 -3360447.909508321
-608887.7205429614 -5375835.790861717 -3364414.702955356
-610229.8621154851 -5374264.79134499 -3366680.6305160737
-612816.7280384004 -5372787.287831682 -3368568.452258405
-615643.2223219898 -5370924.971737228 -3371022.006866531
-615990.3023767297 -5367328.910282599 -3376681.405792148
-614404.0350335521 -5365908.5021605585 -3379226.927593873
-617728.1858727491 -5365111.220681164 -3379886.7552182027
-619731.5505785273 -5362741.332146704 -3383279.3573252154
-619468.4502210408 -5361285.159844023 -3385634.5452539604
-620664.4830663064 -5360968.36639489 -3385917.124498671
-625242.1697881629 -5360376.908418503 -3386011.3155174614
-626986.9263369429 -5358268.258882664 -3389024.8833629256
-626357.1146040316 -5357746.310469745 -3389966.4065640448
-627219.3369173232 -5357824.143409136 -3389683.960445154
-629432.7582133607 -5356492.06925393 -3391378.497736233
-625756.3891168812 -5355849.8477719715 -3393072.7003116743
-622208.349153426 -5357931.862346038 -3390437.1294422904
-621389.0434973084 -5359039.408634947 -3388836.566333512
-620307.4328738768 -5359521.9299792405 -3388271.590471021
-622489.9194470386 -5361173.118709644 -3385257.7584892884
-628426.7427678485 -5363274.579767074 -3380829.2785940096
-633994.1012004262 -5363807.328149996 -3378944.128885157
-639638.651856827 -5363374.692008624 -3378567.0495303445
-643006.0583969118 -5363743.943195348 -3377341.4279133948
-648096.3358706934 -5363428.121915405 -3376869.988684487
-653050.2357464969 -5362767.816224582 -3376964.2785876906
-657766.0517304516 -5361716.343239764 -3377718.560778348
-661717.5563573386 -5360636.021422807 -3378661.320912875
-665047.4657618678 -5358381.077640914 -3381583.2231461513
-665924.426287771 -5357796.318305309 -3382337.101772586
-666964.9277701606 -5356238.684822512 -3384598.3419506894
-664532.0392276829 -5354992.850311829 -3387047.348642927
-659721.8306440525 -5355230.181760477 -3387612.4050034587
-657399.7261828968 -5357183.008123466 -3384975.157587995
-658205.443121948 -5358333.694357186 -3382996.6914794818
-658802.5849531672 -5358557.733418978 -3382525.5611265805
-658327.7611722448 -5358556.6079113055 -3382619.7892580284
-659227.2568423888 -5359694.797827044 -3380640.782156806
-663603.2199886146 -5360521.752655146 -3378472.777118643
-669079.0026530463 -5359484.471994296 -3379038.396150719
-670953.5773984522 -5357763.702116421 -3381394.7431880767
-673244.0109748578 -5358606.204295228 -3379603.9781274926
-677041.3996296788 -5357830.449441039 -3380075.268130862
-678328.312876559 -5357489.271148235 -3380358.029777556
-681461.7822772807 -5358221.302925373 -3378567.0495303445
-684929.3055017663 -5357838.607193493 -3378472.777118643
-686429.0293925275 -5356933.184073893 -3379603.9781274926
-687783.0184518334 -5357116.298613318 -3379038.396150719
-690960.1229578377 -5355220.322192368 -3381394.7431880767
-690962.9373135568 -5354505.770618267 -3382525.5611265805
-692195.5598756031 -5353751.2063832255 -3383467.7960693897
-691708.2535906346 -5352920.8485524785 -3384880.9552252805
-690483.9275151775 -5351529.614976223 -3387329.881466472
-688558.2963897253 -5350585.237406297 -3389213.196262915
-685027.7639635443 -5350441.951905659 -3390154.6988134724
-679846.6424875144 -5350744.851951326 -3390719.550776034
-673227.6948157876 -5350925.46962619 -3391755.0161293726
-665863.7640162417 -5351966.121625091 -3391566.758999063
-665691.3234180965 -5355920.853691569 -3385351.9567273404
-673588.6807439465 -5358325.078456252 -3379981.012189332
-679913.490504554 -5358001.867977874 -3379226.927593873
-680421.2318136266 -5359007.284067755 -3377529.9964035805
-681435.3355463067 -5362500.16750317 -3371776.807114814
-686586.2073199368 -5362614.247909352 -3370550.223337079
-689412.5262004024 -5361658.434024302 -3371493.7647241824
-688259.5973838541 -5361569.234597665 -3371871.1525241924
-688753.5547190347 -5360971.730227494 -3372720.214984268
-685460.4386714817 -5357532.884323264 -3378849.86059031
-675510.6744459873 -5356239.093272077 -3382902.467469827
-667845.7160995635 -5357973.55772953 -3381677.461580069
-665950.3153444435 -5361062.373203422 -3377152.8553080224
-665761.3314175127 -5359541.0065241605 -3379603.9781274926
-656694.8924078858 -5356852.764848815 -3385634.5452539604
-645189.717052645 -5356643.069222704 -3388177.4242146616
-637587.1262822838 -5359696.101555129 -3384786.7518314715
-637829.0968239908 -5364124.566732035 -3377718.560778348
-640080.1037163333 -5364687.453125107 -3376398.523739242
-636952.0899397829 -5365534.434461138 -3375644.1263458356
-635900.5501927373 -5368682.7413467495 -3370833.296535165
-641353.6159752775 -5370580.269167225 -3366775.0313478233
-645646.637168916 -5369118.691458753 -3368285.305157613
-643453.5176475787 -5369855.5767777 -3367530.2010785853
-645411.0149243557 -5372696.669219635 -3362620.424961841
-649708.0111770643 -5372828.9164123675 -3361581.463415018
-649970.3186009038 -5371851.401968068 -3363092.6392401885
-643024.8223880002 -5372628.104502329 -3363187.0790226036
-639586.5253078078 -5370909.349602707 -3366586.228658775
-629640.4590187488 -5368768.836813691 -3371871.1525241924
-618763.4845003447 -5370803.278042516 -3370644.5820965413
-619515.7645678385 -5374857.797273445 -3364036.990959043
-626764.2548544556 -5373426.171626018 -3364981.24020347
-629111.8265189189 -5371554.677610351 -3367530.2010785853
-631768.8253689472 -5373135.720997231 -3364509.128392357
-643347.0327948045 -5371347.684072471 -3365170.0777528933
-643284.5083684059 -5364482.200339255 -3376115.6324297483
-632798.6797325948 -5368160.459975991 -3372248.5238901116
-642768.8514874582 -5376851.852414194 -3356479.310341054
-663368.057088993 -5370922.975367636 -3361959.2819518247
-665776.0264890281 -5374995.794282839 -3354966.9885103605
-680379.9074705184 -5376705.083098091 -3349293.4524907726
-689124.3157763976 -5372760.531918067 -3353832.575438019
-688336.933582142 -5372566.374848741 -3354305.265432977
-696431.2113950899 -5374708.508165369 -3349198.8624221114
-713666.2236273501 -5371562.45216634 -3350617.6063123355
-723875.702917374 -5368011.692790385 -3354116.1925001307
-735758.3152321465 -5366986.7255292535 -3353170.766537179
-745456.9696300183 -5368777.409757271 -3348158.3043383774
-756980.3859680832 -5372587.012782243 -3339450.6262772013
-760833.2527988268 -5373455.047991563 -3337177.6411587005
-759368.2330546405 -5377306.096054985 -3331303.053754997
-765563.5778340917 -5381823.477383026 -3322578.7374541997
-775912.6328598934 -5383795.037434031 -3316979.2855954235
-782374.2069661104 -5384029.509140591 -3315080.3678006777
-782400.1062685639 -5388172.632956409 -3308335.94895841
-788967.2647030154 -5391703.450438745 -3301015.8372467654
-796894.8980596412 -5391352.63733157 -3299684.266923798
-798255.7041190977 -5390801.981442272 -3300254.9640473826
-796409.5074241319 -5393926.053934963 -3295593.2123315902
-801496.3490432189 -5395787.599657608 -3291309.8884565057
-805905.2949296158 -5395014.682147159 -3291500.301537429
-804109.6410477124 -5393946.275781082 -3293689.763648288
-800457.4052308198 -5397219.015414221 -3289215.079933553
-805255.6563714951 -5399695.025526736 -3283975.937668169
-810011.3024897986 -5397998.150347312 -3285595.632253881
-805722.7463891758 -5397015.84662555 -3288262.7339103837
-803916.4613675647 -5401053.18860171 -3282070.0445050765
-813237.6575621188 -5401510.415638146 -3279019.783727372
-819106.63203511 -5397611.264825633 -3283975.937668169
-817555.8194784976 -5396280.5732721565 -3286548.258669325
-823148.6206455565 -5396938.350427339 -3284071.2218245137
-831378.5141109639 -5393413.626197574 -3287786.5233346564
-833069.8281951789 -5390014.754914181 -3292928.271790667
-831006.638306757 -5389751.634241658 -3293880.126580121
-832782.5859657404 -5388779.336270102 -3295022.2198796417
-832951.2981837977 -5384267.455863623 -3302347.2104825377
-826188.2541039292 -5381573.974718171 -3308430.9760695873
-821181.7835473076 -5381522.270485995 -3309761.2497933013
-819064.6888683225 -5378979.7291849675 -3314415.651131621
-812032.8945071795 -5376298.136293555 -3320491.217865927
-805080.8968864896 -5378573.781061764 -3318498.128844342
-803126.9524895152 -5380914.48306533 -3315175.3232857343
-803912.584885715 -5382317.670176226 -3312706.1525543034
-804245.6115640745 -5381975.599370514 -3313181.046073444
-805449.6035041894 -5381678.602101825 -3313370.996416534
-806508.1408067597 -5381052.215094542 -3314130.7574141584
-806455.7606874554 -5379421.725659924 -3316789.411999505
-801623.0897210019 -5374693.595802097 -3325614.255031706
-794229.9376412343 -5373971.39783684 -3328553.923460752
-788993.9977867879 -5374860.052043881 -3328364.2968279873
-785896.7696411642 -5375959.484720495 -3327321.277861719
-778704.5812261603 -5377240.678812586 -3326941.967828798
-774209.3670088187 -5381289.453152297 -3321440.1511133183
-770682.261509652 -5383434.779610817 -3318782.8831472234
-770217.4603269679 -5385548.238965949 -3315460.1836816305
-769375.6643574873 -5386369.878410548 -3314320.6875687237
-767461.6862709551 -5389095.490019439 -3310331.30661544
-765488.3590039532 -5391417.572026753 -3307005.4635985387
-766971.5438499148 -5393071.489931406 -3303963.612907006
-768146.3766887042 -5392554.768637195 -3304534.038442979
-766796.2241913497 -5392513.885655826 -3304914.3020016416
-764801.4650395148 -5394020.21971747 -3302917.73865964
-765907.8776159919 -5395725.566163426 -3299874.5033192
-766763.529714212 -5395662.211046069 -3299779.3856240837
-764613.6698052331 -5396083.616430136 -3299589.1472183694
-761978.9594521078 -5397154.090992102 -3298447.6323627615
-762538.5140287118 -5397714.506214311 -3297401.1166411773
-762506.8833851649 -5395450.935949932 -3301110.9418720314
-757317.3223182292 -5395425.319169467 -3302347.2104825377
-755942.9598563402 -5395210.610479647 -3303012.823167884
-754731.3429444014 -5394099.213187154 -3305104.427740682
-750058.4890033903 -5392245.093804079 -3309191.1566755697
-742605.0148449468 -5390359.451104688 -3313940.823221426
-733895.237520594 -5389040.611605254 -3318023.518122478
-721285.7222346901 -5389281.602571957 -3320396.3189775744
-715449.3872858183 -5395080.854632545 -3312231.233807463
-723136.4189293461 -5397377.768370874 -3306815.3781416174
-722380.4374788458 -5398177.632050593 -3305674.780793859
-718788.2274809452 -5401448.975366476 -3301110.9418720314
-723144.584690078 -5403887.922874171 -3296164.1686433153
-726419.3415493473 -5401822.725210678 -3298828.153393338
-722543.6944899987 -5400831.634023414 -3301301.1481058067
-719419.2474925373 -5402585.199573885 -3299113.533615125
-720319.4155475982 -5401419.362821504 -3300825.6249796217
-716260.3127249847 -5399749.555092156 -3304438.970036695
-708199.5595498249 -5401161.640278593 -3303868.5384616177
-705138.7108086266 -5403422.11862048 -3300825.6249796217
-705183.4360264727 -5403764.844424163 -3300254.9640473826
-700657.4273401672 -5402145.208162824 -3303868.5384616177
-691025.3639430945 -5404025.117285981 -3302822.6531452695
-686098.2908378824 -5408252.317023428 -3296925.387496669
-681499.6747551502 -5410572.874463162 -3294070.4854984595
-673748.4266922937 -5411485.622198421 -3294165.6634524968
-667187.1285857172 -5415829.038727221 -3288357.973020659
-668445.1166284208 -5420583.227212078 -3280259.0755796577
-671624.0297668546 -5422208.357926849 -3276922.1360703628
-670109.8277402318 -5423951.046312665 -3274347.090027218
-667189.2365596399 -5428337.460688107 -3267667.6598927807
-670425.1968591178 -5431957.163958284 -3260983.352355343
-672907.1862821669 -5432567.6388243325 -3259454.826845807
-669600.5022016616 -5434637.731482896 -3256683.7265834897
-667970.5731650272 -5438614.284136249 -3250373.975679529
-671241.4017297418 -5441695.190509585 -3244538.4007881223
-670594.234991125 -5443485.90592062 -3241667.0964243445
-667891.0977618236 -5446609.295365459 -3236975.38840954
-667243.271204968 -5449987.10525269 -3231418.878698814
-670221.7943404334 -5451439.1127111 -3228351.800345605
-672935.5449187995 -5452296.648796714 -3226338.4828478503
-673135.4892971119 -5453916.649511566 -3223557.4747829875
-673975.4651454081 -5456022.519497185 -3219816.196481039
-679401.7958581004 -5457669.896955281 -3215881.449253523
-684157.2697283502 -5457019.2364176735 -3215977.4382985523
-684863.9476355703 -5458796.468636041 -3212809.2827361734
-690127.0658758539 -5460618.837193304 -3208583.417621432
-697440.6381478598 -5460254.021551721 -3207622.729746777
-702641.2309569381 -5458514.462436482 -3209447.9531425773
-705925.2129362912 -5457695.315564374 -3210120.314911505
-711031.3120098363 -5457484.390360716 -3209351.897550453
-717940.2129873411 -5456240.802594042 -3209928.2164378087
-724839.710526281 -5454932.863108593 -3210600.54398271
-732981.8630236448 -5453505.499559005 -3211176.786593675
-742077.3140318079 -5451256.898479391 -3212905.303114331
-750662.1615312017 -5450251.168032859 -3212617.2390438537
-761198.2908167215 -5447940.228490766 -3214057.4713047184
-770389.7040167853 -5445741.391169993 -3215593.476240868
-776749.2229604437 -5444100.818633634 -3216841.2956163916
-784978.1020060403 -5444678.0647696955 -3213865.453062202
-794916.3990117719 -5443632.735615771 -3213193.3583764452
-801191.6126706783 -5442089.051449542 -3214249.4856310044
-805985.1325445374 -5442345.031465334 -3212617.2390438537
-810606.1323633724 -5442735.469710144 -3210792.6287653632
-817281.3851349154 -5443209.890228555 -3208295.2215203033
-822852.577576552 -5442143.936314872 -3208679.481033733
-824260.5251204213 -5441817.5832921425 -3208871.6049260474
-824827.7089244768 -5442354.635396762 -3207814.875139426
-827233.4853567905 -5442838.737679476 -3206373.6894379845
-828409.4491795277 -5442263.592093201 -3207046.270119418
-826205.3159920925 -5443108.107540952 -3206181.51473811
-824427.9852431645 -5444848.5239597475 -3203682.888221189
-825609.8620537932 -5446873.745249126 -3199933.7116564265
-827477.5711467488 -5446364.345000929 -3200318.310848418
-826440.3083348767 -5446578.332065203 -3200222.162512656
-827354.3764397644 -5444913.563468943 -3202817.8253122517
-827725.2862860382 -5442877.175262578 -3206181.51473811
-826696.2067455994 -5441221.492356626 -3209255.8409807035
-824424.7275725581 -5439695.695347995 -3212425.191437057
-821617.7541397673 -5436544.678415094 -3218472.80952921
-817791.4857687384 -5432400.8849255415 -3226434.364939779
-811151.2459244011 -5428836.022240883 -3234101.745439541
-805105.828598545 -5427908.976045943 -3237166.933063003
-805723.014220862 -5432723.271834457 -3228926.9542718306
-813674.6978187013 -5434043.671870426 -3224708.3369406653
-818104.1906567019 -5433833.844040661 -3223941.111215934
-820919.9978216749 -5436422.831079126 -3218856.653984155
-828333.962543035 -5439215.2100577 -3212233.139916019
-836096.7238008477 -5439784.942034081 -3209255.8409807035
-840088.6466919098 -5441718.581554281 -3204932.2839751565
-844944.1033627236 -5445433.399893995 -3197337.2592692645
-850625.7335820234 -5448780.02817575 -3190121.16790587
-854228.4450747166 -5451876.047189399 -3183862.8000759915
-852528.4819653872 -5455345.262852335 -3178371.320426922
-847794.9071004734 -5458775.576413205 -3173744.4764582384
-843532.4747152429 -5464026.15947483 -3165835.1335272514
-841775.8923429293 -5467201.841997206 -3160816.09176058
-835765.1003668187 -5470689.2500158595 -3156373.999824759
-828543.9465496842 -5475905.920512321 -3149223.7580607035
-826066.5317338038 -5480222.480834424 -3142358.452771784
-825780.6113435897 -5482870.462824623 -3137811.159042925
-825652.4203117013 -5485269.629096707 -3133649.019424909
-824589.9072567819 -5487971.755612001 -3129194.544040876
-825346.2352192348 -5490396.770767243 -3124738.0516705825
-826604.6200934718 -5492246.887200914 -3121152.0200195294
-830466.8035820299 -5493151.127097033 -3118534.3645726983
-833138.9030450921 -5493957.198508302 -3116400.9480796326
-838176.4528914636 -5494181.007504375 -3114655.083728614
-843382.0368556145 -5494209.109315832 -3113199.961939517
-848742.253966162 -5494592.767404302 -3111065.3973712567
-853078.1461916469 -5494690.373360507 -3109706.7992641362
-858736.7189941684 -5495071.884521969 -3107474.413633571
-864859.4682821324 -5495264.155978668 -3105435.7111585503
-872038.5564199522 -5495281.553470747 -3103396.591510847
-879044.2510600291 -5495426.420609215 -3101162.7916554953
-886984.7868900031 -5495246.553569864 -3099219.9507786203
-893357.6674403128 -5494488.106288691 -3098734.18154538
-897995.2571903489 -5495758.509884713 -3095138.756032335
-904064.926110973 -5496131.421941615 -3092708.6836819923
-908999.8217938214 -5494989.099768847 -3093291.9547628127
-912767.8598632573 -5495130.473434655 -3091930.936151465
-917687.3368530907 -5495076.858210202 -3090569.732936337
-922544.8599920215 -5494646.263868636 -3089889.0621277527
-926995.1186457215 -5492967.218751222 -3091542.0397807094
-930685.4133866822 -5491467.317692833 -3093097.5348379724
-934529.3691900681 -5489718.897398374 -3095041.56444924
-938553.6010521816 -5487881.085593108 -3097082.389659888
-939825.6358312791 -5485523.256659271 -3100871.3896072186
-942040.8584236627 -5484648.980429344 -3101745.570245208
-945448.1301994047 -5482688.759795414 -3104173.4481686857
-946406.1664097935 -5480818.274202832 -3107183.195974419
-946427.9858121759 -5480374.185549704 -3107959.757466613
-949760.2193059766 -5480843.376116758 -3106115.32501627
-954687.5556760366 -5479712.085840371 -3106600.7351013557
-957234.6530014486 -5478496.962220685 -3107959.757466613
-960344.9352408986 -5477126.339598248 -3109415.6469401536
-964724.5070794831 -5475695.244734049 -3110580.2050802642
-967805.3527084441 -5473055.307849056 -3114267.072120525
-967177.9647586545 -5471178.018482937 -3117758.629938251
-965078.9702890096 -5470443.207826966 -3119697.852524458
-964890.4975556176 -5468816.989203478 -3122605.9735942157
-964702.8646763416 -5466080.863422184 -3127450.939249895
-963646.5254949153 -5463438.209179047 -3132390.3505763826
-960855.4038836262 -5460985.342015292 -3137520.834531903
-959227.107049895 -5459547.208873918 -3140520.4395414623
-957857.0093129289 -5457337.497859184 -3144776.3647309104
-953269.368225709 -5455241.070986928 -3149803.703251989
-948254.0783781469 -5454607.89580577 -3152413.029070362
-944687.0195537095 -5453830.2965009725 -3154828.4473255975
-940618.5815813172 -5452408.95753812 -3158498.732585153
-934955.2148994129 -5450808.311466269 -3162939.8504844564
-928777.9881953439 -5450183.515806445 -3165835.1335272514
-924725.6892331751 -5448797.729278134 -3169404.787193595
-920061.5519489087 -5446667.737822249 -3174419.3633468854
-914312.107334894 -5445612.264991627 -3177889.4615378906
-908654.7932320649 -5443914.333712854 -3182417.979136638
-902902.01898591 -5442787.059818665 -3185981.476026134
-897640.2931712938 -5441063.082539773 -3190409.916593499
-892350.2867726219 -5438544.461589143 -3196183.0524885287
-883365.9219597507 -5438427.906143448 -3198875.9834667537
-873603.1534282975 -5439495.6993910745 -3199741.40621178
-864859.0497213966 -5440836.279234165 -3199837.5594214667
-854248.3930638832 -5445167.398785719 -3195317.3053937755
-846915.5911043786 -5449977.64424445 -3189062.3478978956
-842023.1542097975 -5452987.093213941 -3185211.102739779
-836761.2433363437 -5456157.70399133 -3181165.6245512078
-832336.9961937824 -5461658.136703485 -3172876.69513767
-834365.0063353992 -5467277.1356104985 -3162650.2744744946
-838691.5076529701 -5470018.432404801 -3156760.349494797
-841587.1901751313 -5471690.707148399 -3153089.4066992425
-841519.0820595062 -5474427.379980787 -3148353.775522444
-843911.1105631569 -5477891.333074391 -3141681.3301951117
-846610.8188613458 -5479526.4625964165 -3138101.4749514596
-847372.3131770396 -5480018.2839297475 -3137036.941232389
-846504.6062629295 -5482643.686045937 -3132680.82693342
-847300.0770844731 -5484621.9025446465 -3129000.8254233785
-848490.9324218157 -5485984.433006735 -3126288.364563599
-848720.1026578912 -5486832.173101918 -3124738.0516705825
-845854.831785894 -5488598.466110777 -3122412.1254810183
-844266.5105959089 -5490386.1765854405 -3119697.852524458
-845610.4182055149 -5492106.483541126 -3116303.9636832317
-847088.505793269 -5493418.947652925 -3113588.0152840964
-851027.1254392834 -5494129.444843785 -3111259.4676540676
-852223.7317637319 -5493614.222032915 -3111841.6557557015
-853953.7644588077 -5494005.009363199 -3110677.245433655
-857918.4789307211 -5493607.078477608 -3110289.07833499
-860914.2376482586 -5492039.1097204285 -3112229.7621987625
-859168.4992550011 -5492807.225021322 -3111356.5013738717
-858411.6738227102 -5495506.882364032 -3106794.8925113245
-856614.2521992048 -5498474.31599982 -3102036.946785047
-853372.4760908497 -5498485.208278498 -3102911.025374905
-848332.3113114508 -5498936.272756662 -3103493.701902108
-846912.2417688994 -5501838.522427232 -3098734.18154538
-847916.4435801544 -5502613.867641903 -3097082.389659888
-847257.9271437505 -5502168.3012596 -3098054.0649746787
-842296.6901968495 -5503148.763852399 -3097665.4061717596
-837243.7694308157 -5506761.13293635 -3092611.46853769
-838667.4402655022 -5509653.807729331 -3087068.6489957077
-842746.7339034552 -5509303.831146876 -3086582.2909174813
-841519.6274454714 -5509000.867026883 -3087457.718531719
-838910.5660934903 -5511251.030990447 -3084150.1480154046
-842987.0189523913 -5512805.785664519 -3080257.498233153
-847513.3053575604 -5510860.266970821 -3082495.955417329
-846545.690096704 -5509048.361469003 -3085998.6301964526
-842921.094003501 -5508514.016536057 -3087944.03429041
-842670.0322624447 -5507516.203134796 -3089791.819675639
-841842.9798963533 -5504038.394570642 -3096207.8012128742
-840099.9213945604 -5499706.773805155 -3104367.652877884
-840420.1226702272 -5495377.388838016 -3111938.683788423
-842151.2161190754 -5492582.949760297 -3116400.9480796326
-843709.4450037369 -5489314.577767045 -3121733.6271254313
-842920.514828109 -5486732.675792011 -3126482.1365359114
-840112.9567341033 -5484400.945382882 -3131325.1971347257
-836384.7314941495 -5484362.521983702 -3132390.3505763826
-834266.6256851008 -5482028.76922507 -3137036.941232389
-829419.3821068403 -5479105.771468137 -3143422.4077667426
-823818.9258404867 -5478285.472790561 -3146323.5142049408
-820470.2770554502 -5478121.556371248 -3147483.71530167
-815062.6752934346 -5476594.604742617 -3151543.3315516324
-809251.771559205 -5474952.44791294 -3155891.041103986
-805524.2363395412 -5474833.911666877 -3157050.101650584
-803754.4117991044 -5472753.461979731 -3161105.7226708415
-798348.2833775476 -5469805.239714156 -3167571.8867965234
-791053.902514357 -5468573.249412838 -3171526.6574826576
-784447.2525661205 -5467342.676387375 -3175287.0054366416
-778402.1532237529 -5468654.377620378 -3174515.77189185
-773645.0753874525 -5469441.295240802 -3174322.9538349365
-767259.5475313244 -5469725.223099486 -3175383.405277434
-761783.3398436516 -5470938.187651058 -3174612.179469802
-760022.4223012961 -5471574.626598119 -3173937.306117896
-756532.4271257432 -5470267.86835778 -3177022.0545535497
-751391.0894189049 -5468960.420548802 -3180491.211937637
-747118.7542200871 -5467583.765923015 -3183862.8000759915
-740435.187374406 -5467034.330672894 -3186366.6393781197
-732212.4915449439 -5466569.967396879 -3189062.3478978956
-722904.3933831931 -5468875.091458884 -3187233.2001357954
-715435.0863530677 -5473388.24736458 -3181165.6245512078
-711765.9186236277 -5476552.117241053 -3176540.1279109325
-706997.2822750693 -5478008.091073138 -3175094.2028533425
-700246.2777404361 -5479936.312036235 -3173262.3853909974
-694662.1429250055 -5482655.647984182 -3169790.616557186
-691144.3704979413 -5484827.982461939 -3166800.0350403395
-688191.0013815594 -5486090.38147854 -3165256.146327828
-684689.1359644977 -5486862.535664699 -3164677.1244174875
-681384.9114850664 -5487663.415553236 -3164001.5549931508
-679518.2987892841 -5486725.965017021 -3166028.1215457576
-674036.6252433412 -5484839.319507111 -3170465.780767762
-666288.666240761 -5483443.26379411 -3174515.77189185
-658955.0677968477 -5483827.080435118 -3175383.405277434
-655902.6588691201 -5481847.239126083 -3179431.3247771445
-647687.13387385 -5480475.6322341105 -3183477.5358249974
-639019.7106037682 -5480989.492374363 -3184344.3585676616
-632616.3386113131 -5481788.2056658 -3184248.048809224
-627527.9147946397 -5480526.138074208 -3187425.7585140546
-620960.4166949367 -5480714.185584044 -3188388.4921439355
-617741.3104115018 -5480517.863449619 -3189351.128649949
-611658.9376666582 -5478958.260043398 -3193200.7028489024
-606487.1289468829 -5476839.738638068 -3197818.1373706465
-600699.0461726014 -5475230.3568861615 -3201664.2851741286
-594464.74933325 -5472141.011710248 -3208103.085899656
-583207.0538597892 -5470760.273564766 -3212521.21572975
-573476.5415357271 -5472803.335711436 -3210792.6287653632
-567182.869665965 -5475429.9980895575 -3207430.580445736
-563874.2566384798 -5477065.623059154 -3205220.5826438917
-561896.6997840342 -5478505.621483354 -3203106.1883969917
-564334.6072681501 -5479659.517939709 -3200702.8944424465
-569620.0553349437 -5480291.676332338 -3198683.656581674
-575885.8286786274 -5479187.658070445 -3199452.940734656
-580620.01290746 -5478238.723456121 -3200222.162512656
-586069.1149756628 -5478557.005050594 -3198683.656581674
-593162.9523897865 -5478860.113726183 -3196856.356818767
-601571.0836556623 -5477887.155925174 -3196952.5392566198
-607125.4957361484 -5476488.2174467165 -3198298.991119251
-614262.5612240372 -5475411.415205932 -3198779.8205114156
-624582.9473410295 -5473400.702712492 -3200222.162512656
-632840.206446087 -5470314.298921885 -3203875.113689053
-632711.6457822602 -5469203.011695745 -3205797.153618688
-632031.4671503879 -5470013.725765573 -3204547.872082419
-634124.1236795811 -5468870.435240778 -3206085.4259231696
-633762.8957560712 -5465755.1008172855 -3211464.8946941174
-629379.2488284925 -5464624.690247712 -3214249.4856310044
-628571.3559828748 -5464322.352092797 -3214921.504929303
-628156.1363502865 -5462392.2448554635 -3218280.8814192032
-624982.7176858009 -5459983.945981419 -3222981.9906755984
-620490.9449454348 -5459533.553091834 -3224612.4371628254
-619411.0522753278 -5459372.950778648 -3225091.926228709
-618401.4537008157 -5457276.828630645 -3228831.0977429245
-616617.7996385762 -5455152.026288334 -3232760.4085751795
-613679.8975266082 -5453892.856851926 -3235442.8892118116
-613096.1469336549 -5453844.856690843 -3235634.465411991
-613985.1548905186 -5452323.58651452 -3238028.8351883944
-613896.949249538 -5449829.543714106 -3242241.4284200068
-614334.4658921899 -5448583.999462729 -3244251.310366645
-620051.6882304011 -5447195.345465185 -3245495.304613003
-624715.2974170039 -5443352.701470623 -3251043.3962907433
-625871.868259143 -5440018.7403705735 -3256397.013408957
-629548.6985681045 -5437705.4756782735 -3259550.3671380403
-635057.7756322345 -5435460.428532688 -3262225.092090411
-638933.78995237 -5431620.843580588 -3267858.5684876274
-640264.6237850856 -5429050.5910623325 -3271866.728828526
-640217.8016047049 -5428653.567743181 -3272534.5846816744
-642837.725389378 -5427250.850370426 -3274347.090027218
-641784.3234912188 -5424841.850398295 -3278543.0880633756
-639669.3575653848 -5423189.339827705 -3281688.8178757927
-638400.3118353826 -5421377.062426556 -3284928.7342107887
