33.441 188.549
33.483 188.593
33.492 188.671
33.474 188.688
33.496 188.677
33.523 188.716
33.55 188.752
33.565 188.803
33.561 188.872
33.493 188.908
33.486 188.829
33.553 188.867
33.527 188.912
33.51 188.892
33.569 188.855
33.623 188.942
33.58 188.973
33.606 188.941
33.676 188.965
33.676 189.073
33.639 189.053
33.697 189.053
33.733 189.137
33.696 189.187
33.692 189.162
33.747 189.182
33.753 189.283
33.703 189.275
33.759 189.248
33.787 189.326
33.774 189.38
33.748 189.358
33.794 189.357
33.78 189.431
33.747 189.434
33.739 189.422
33.773 189.46
33.738 189.524
33.719 189.499
33.761 189.516
33.765 189.59
33.719 189.614
33.737 189.595
33.773 189.643
33.739 189.706
33.703 189.667
33.759 189.668
33.767 189.746
33.717 189.793
33.695 189.755
33.74 189.805
33.704 189.885
33.656 189.88
33.676 189.856
33.703 189.93
33.649 189.977
33.643 189.948
33.674 189.992
33.635 190.07
33.57 190.02
33.599 189.961
33.622 190.014
33.578 190.03
33.552 189.977
33.582 189.959
33.585 190.001
33.543 190.001
33.557 189.944
33.593 189.955
33.579 189.997
33.551 189.986
33.557 189.972
33.551 189.997
33.512 190.012
33.497 189.997
33.5 189.997
33.484 190.024
33.465 190.037
33.446 190.039
33.46 190.048
33.442 190.089
33.435 190.099
33.436 190.128
33.445 190.166
33.415 190.215
33.368 190.213
33.35 190.188
33.38 190.211
33.342 190.239
33.336 190.229
33.345 190.236
33.358 190.261
33.346 190.285
33.337 190.321
33.329 190.343
33.345 190.385
33.317 190.453
33.283 190.467
33.265 190.493
33.243 190.521
33.192 190.539
33.154 190.517
33.129 190.518
33.115 190.524
33.071 190.546
33.044 190.532
33.029 190.541
33.005 190.56
32.974 190.588
32.957 190.583
32.949 190.611
32.912 190.631
32.889 190.631
32.859 190.66
32.795 190.677
32.717 190.636
32.688 190.578
32.67 190.59
32.592 190.579
32.551 190.516
32.581 190.516
32.54 190.575
32.47 190.537
32.48 190.488
32.485 190.503
32.454 190.511
32.437 190.491
32.431 190.483
32.424 190.485
32.41 190.501
32.388 190.5
32.371 190.503
32.356 190.503
32.34 190.515
32.353 190.5
32.372 190.552
32.349 190.619
32.29 190.627
32.298 190.584
32.338 190.597
32.33 190.663
32.292 190.669
32.305 190.652
32.333 190.711
32.3 190.769
32.26 190.759
32.3 190.728
32.346 190.826
32.293 190.885
32.286 190.864
32.314 190.896
32.32 190.98
32.258 190.999
32.265 190.967
32.306 190.994
32.281 191.07
32.223 191.041
32.254 191.007
32.273 191.05
32.229 191.1
32.178 191.039
32.235 191.02
32.244 191.078
32.209 191.109
32.219 191.076
32.259 191.118
32.223 191.168