-3464308.7164336173 -1407907.4016929527 5158100.703311274
-3466940.7879644 -1413138.535577437 5154900.780035911
-3467279.410816092 -1416594.4377465432 5153724.351018045
-3470129.418684288 -1422213.357130901 5150257.46777579
-3472618.631045744 -1425853.441627629 5147572.515886749
-3474785.8713774187 -1431210.1951843696 5144622.5833656825
-3479602.814461466 -1435538.8772393363 5140158.88718688
-3483971.6790386834 -1439761.197112861 5136016.942626311
-3489088.243082231 -1443800.9929657618 5131407.499380305
-3494669.5620561196 -1446467.7700350236 5126856.409369039
-3500852.078538773 -1447667.1275319282 5122297.883963232
-3507529.4555927254 -1447418.4440401152 5117798.156043465
-3512593.347969991 -1447786.5032274667 5114219.707137087
-3518555.640660772 -1448304.5973576591 5109972.700205642
-3523534.759274215 -1446040.948115797 5107182.136614942
-3528666.409062358 -1445269.3932790163 5103856.459032314
-3533938.302076612 -1442965.02838631 5100860.025914254
-3537089.29198968 -1439716.00918305 5099593.920440527
-3542118.658317911 -1438449.269159382 5096459.566252926
-3545770.883388788 -1432512.4408279164 5095592.01166906
-3547989.80661245 -1430816.4261218184 5094523.89207413
-3550759.399584044 -1426316.4305507683 5093856.115577517
-3552646.922719476 -1423043.6336813814 5093455.3751977375
-3555711.8707008227 -1418009.7319066492 5092720.539434231
-3557359.040001615 -1413631.7284538487 5092787.350442523
-3559076.5340897026 -1409784.821397294 5092653.726874608
-3560866.989081188 -1404529.7405418681 5092854.159899463
-3561660.772591327 -1399601.5923587594 5093655.7523699
-3562598.4498571856 -1396238.7946875985 5093922.900210063
-3562586.540123362 -1391143.8080516644 5095325.01902002
-3562622.11944232 -1386645.0179439727 5096526.290354193
-3563529.4493575282 -1382345.087862612 5097060.027272952
-3562216.7942578318 -1376616.9241761176 5099527.267774861
-3561598.9860712383 -1373521.1409743854 5100793.402767137
-3559606.7186672795 -1366547.562775102 5104056.109320527
-3557207.6712566065 -1363347.5201457916 5106583.801609984
-3555598.14146906 -1357324.282843039 5109308.529300848
-3550867.586686618 -1353956.5306255464 5113490.206795627
-3547117.590926478 -1350258.0108469292 5117069.581340832
-3542666.897492151 -1345874.42154473 5121305.916936127
-3538301.0310488665 -1343014.5905428308 5125073.523693841
-3531095.186919817 -1340561.5456046646 5130682.461754745
-3525695.0150563447 -1336610.8300945892 5135424.72923912
-3519811.3336355602 -1336699.4266017934 5139436.138189976
-3514661.110181895 -1333831.1725140542 5143704.1792666055
-3508123.6254167636 -1334853.6587064345 5147900.090195107
-3504987.454833572 -1333240.1684763427 5150453.824142146
-3498715.3472283357 -1333790.9623873143 5154574.045226513
-3496372.8241110686 -1335134.9521799367 5155815.42864803
-3491099.5036232052 -1334308.2754602924 5159601.4072639365
-3487878.35468201 -1337683.8293977736 5160905.691398403
-3484448.416482762 -1337066.017832134 5163382.098666464
-3482525.807078626 -1342817.3211961016 5163186.675390217
-3480400.0360229057 -1342067.4273592145 5164814.770122273
-3480549.166838786 -1345684.9207854022 5163772.902751303
-3479164.5486343764 -1346266.5048267343 5164554.341035377
-3478721.1102837236 -1349656.2537420017 5163968.283558826
-3477789.7400153293 -1350063.153785089 5164489.229830571
-3476449.933038618 -1352266.7094188966 5164814.770122273
-3474888.2891233037 -1353544.8727445863 5165530.82031078
-3474018.002603869 -1356768.5830561363 5165270.460451812
-3472083.956458044 -1355524.3733648884 5166897.296494327
-3469740.7353309696 -1359287.5348689859 5167482.716674986
-3467774.3291355222 -1356144.1013532605 5169628.166372649
-3465721.866857042 -1365323.8987364094 5168588.16246063
-3470161.8381852517 -1363645.878867073 5166051.464498936
-3465657.3415450566 -1370891.524415769 5167157.498981413
-3471512.6813391424 -1373978.5164321475 5162404.840738901
-3465188.5595411034 -1376234.5414114024 5166051.464498936
-3466633.836017635 -1391329.354951477 5161036.085228233
-3472469.447849435 -1395642.175369661 5155946.06760793
-3473390.0147421444 -1405386.0952555414 5152678.209315225
-3480228.2538320813 -1414589.4841102532 5145540.680304996
-3485292.6232581064 -1419767.6537210946 5140684.403823087
-3491058.532399286 -1427945.2481533976 5134503.256561268
-3500864.8543212553 -1431171.8163450442 5126922.420310047
-3506583.0659821704 -1434438.1208322498 5122099.518641777
-3515444.99443703 -1438493.0286714623 5114882.72568895
-3522400.8603715166 -1435385.832222273 5110968.664696504
-3528618.5137976753 -1437847.726850763 5105985.340605119
-3537450.6727511724 -1435043.4674859229 5100660.151811553
-3541614.291405451 -1433062.6016314605 5098327.254180329
-3549244.098777116 -1431034.1778824565 5093588.961530769
-3554320.9804360103 -1424362.1238180676 5091918.686336702
-3559300.6541943015 -1421961.5902972883 5089110.44179346
-3563368.7711949702 -1414867.80129861 5088240.668966129
-3567145.3377436292 -1408949.0028993895 5087236.759444433
-3569072.5510156164 -1403089.469752416 5087504.5027456
-3573619.1408303934 -1394158.1813217478 5086768.149006231
-3572469.1790940487 -1387319.5644187194 5089444.900045991
-3576326.8467229065 -1377838.7405809301 5089311.121395837
-3573362.9310515816 -1366464.4163408992 5094457.121407596
-3572878.31346225 -1356495.6345209007 5097460.264751152
-3567765.366292999 -1341816.6288449091 5104921.098864846
-3559688.477481698 -1345804.2266787435 5109507.796915242
-3564448.2633101554 -1336452.0147824993 5108644.202757617
-3550341.305242786 -1329325.4925728838 5120313.598900247
-3548849.129494212 -1334066.0735881734 5120115.093178004
-3543874.3512657816 -1324154.409104602 5126130.185948205
-3533136.2288496746 -1332383.7524127443 5131407.499380305
-3536625.032584185 -1329470.8506376147 5129759.413091789
-3524494.262777449 -1326595.937283662 5138844.657199839
-3522989.4020732082 -1334389.728914175 5137858.573788132
-3518975.972662677 -1328517.1647168307 5142129.05778098
-3510175.870283507 -1337037.414237301 5145934.056379761
-3510971.8323906697 -1339235.49342242 5144819.344283812
-3504160.8367468915 -1340702.4059355778 5149079.033082313
-3502171.5846001515 -1350392.4812396104 5147900.090195107
-3502616.92489613 -1350985.542837535 5147441.475186984
-3496483.203097241 -1355634.8371368102 5150388.373588919
-3500266.2967138756 -1361530.7794782387 5146261.826668199
-3497110.801625545 -1361216.963168813 5148489.625155655
-3497788.6577216163 -1371331.807005606 5145343.971107155
-3500142.4976827325 -1370492.974383505 5143966.611777407
-3498199.494470444 -1376426.0289176386 5143704.1792666055
-3503096.0779728354 -1380400.6582431335 5139304.708928364
-3502836.1820568563 -1379592.004172508 5139698.977926298
-3504470.862920861 -1385466.75475154 5137003.683317441
-3508805.003193806 -1384985.5290586965 5134174.084880656
-3509853.3168451604 -1387453.0043533724 5132791.136890516
-3514094.2393501457 -1390122.378606809 5129165.86293158
-3518678.0959322485 -1389237.5238071135 5126262.240624536
-3522016.350879337 -1390768.690202542 5123553.871532035
-3528392.0174295316 -1388732.5034362848 5119718.039622802
-3530715.4664273555 -1386729.8910190833 5118658.955672361
-3534919.630707519 -1386529.9093606714 5115810.689899198
-3539557.9506702684 -1380798.8806243557 5114153.396713224
-3544962.9301429293 -1377492.379551692 5111300.575018992
-3544453.3080864423 -1373379.6389219007 5112760.517977526
-3544976.5017549233 -1373511.2021693843 5112362.4264639765
-3547588.5015293392 -1370963.8276620856 5111234.196068396
-3550697.7430562503 -1368605.2737384797 5109707.050521632
-3551356.2171515585 -1363166.8117081819 5110703.1084143715
-3551998.537306937 -1362488.7784188427 5110437.527223292
-3554143.754823482 -1355632.062824251 5110769.499820169
-3551672.0386091755 -1352346.5882668581 5113357.550119562
-3549482.821474614 -1349314.5832715605 5115678.142282537
-3547030.469575146 -1352493.4262869528 5116539.590363403
-3551345.9501903914 -1350945.136952983 5113954.456094558
-3552018.249513142 -1344392.533179836 5115214.176538056
-3547248.2290147496 -1345135.832065553 5118327.91007425
-3550298.3030083156 -1343387.3628755661 5116672.097459687
-3544130.029815685 -1338225.586253852 5122297.883963232
-3543260.4793451456 -1338250.5576443297 5122892.895667002
-3537393.1724826996 -1336316.7324859758 5127450.451613431
-3538601.8217884814 -1339950.0962310953 5125667.945394582
-3535817.2553886473 -1333394.7964169765 5129297.773904731
-3530873.513412858 -1339631.3664317324 5131077.960268368
-3529694.664145614 -1336929.4563495829 5132593.516600237
-3522212.304251418 -1339721.8522376074 5137003.683317441
-3521041.8789664856 -1344555.148203536 5136543.248139115
-3519309.658307124 -1344315.9759976733 5137792.822372621
-3514883.1081157476 -1348603.7789454514 5139698.977926298
-3515636.389101167 -1351145.8390016858 5138516.001860472
-3513610.5181139093 -1351915.878781914 5139698.977926298
-3512565.6397509966 -1356372.4451893626 5139238.991949266
-3513962.713427642 -1356489.0890936467 5138253.049413793
-3511701.509028539 -1358856.717027169 5139173.273404665
-3516198.639440541 -1364620.2500994238 5134569.086205294
-3517892.843839681 -1364712.6209005672 5133383.913328154
-3520740.017367363 -1371971.3283487842 5129495.628645855
-3525998.854601491 -1371044.2713711304 5126130.185948205
-3528776.964404889 -1375741.6970400424 5122959.000276188
-3535984.6755334646 -1375211.3333308422 5118129.264005639
-3536714.1232768083 -1377769.5732674147 5116937.0929485615
-3544962.9301429293 -1377492.379551692 5111300.575018992
-3547945.3681800286 -1375231.2826353293 5109839.87847673
-3553298.650135293 -1374738.8725348483 5106251.338828546
-3556755.571173495 -1371724.6008698442 5104654.976224619
-3560813.1552972826 -1369863.7806142604 5102325.342000744
-3563898.6533410153 -1365055.9337915124 5101459.564314381
-3565753.9497859883 -1361700.3373334808 5101059.886032658
-3567320.6691621165 -1358091.1530954158 5100926.6475075595
-3568655.4974316466 -1353324.8263555763 5101259.732166216
-3570986.4899542476 -1346657.4938293702 5101392.955152293
-3572240.3690956887 -1340796.0106738335 5102058.976841039
-3572538.331695593 -1337209.9986127208 5102791.421190547
-3572643.896972687 -1332346.4822937853 5103989.560779214
-3570761.8320955085 -1329231.5101173513 5106118.342827658
-3569571.7611040175 -1325526.5110897922 5107913.263821821
-3565354.297155823 -1323818.781995116 5111300.575018992
-3563069.9054366034 -1321767.7860451953 5113423.879236414
-3557827.691593432 -1319469.923893673 5117665.701945662
-3555023.8794005467 -1319065.355337915 5119718.039622802
-3550560.6409940408 -1316704.3452898222 5123421.688844174
-3549206.5083222915 -1313666.0457123197 5125139.576794494
-3548339.053981258 -1304901.7824888001 5127978.3829545295
-3544971.8624946238 -1301346.1036835604 5131209.78060233
-3543255.487327372 -1299523.179950414 5132857.00719356
-3540201.0415036674 -1297701.98275862 5135424.72923912
-3537831.5466702003 -1297393.7940381162 5137135.222142446
-3536043.475758322 -1295757.9456492742 5138778.929262648
-3533420.026029426 -1295356.2366948652 5140684.403823087
-3532141.600240639 -1293628.9203642427 5141997.7569274325
-3531936.3152894736 -1291316.9916257039 5142719.834083728
-3531965.2885448555 -1289930.071916082 5143047.98831207
-3532628.7556790034 -1289683.2435936704 5142654.198538292
-3531650.7365849786 -1288697.538474777 5143572.953609955
-3530610.3980471785 -1289714.6110984255 5144032.215987802
-3530486.854968097 -1288482.3123927955 5144425.808343278
-3528243.0129391127 -1288082.107636982 5146065.169197899
-3527335.8914852957 -1285588.528350543 5147310.428215216
-3527459.8220035797 -1285773.1860702927 5147179.374971609
-3526860.981354016 -1283742.1278890094 5148096.615962601
-3527047.0462981723 -1284019.0008596242 5147900.090195107
-3526330.104583479 -1282573.1775800325 5148751.5999182295
-3527159.0846641464 -1283711.2030516798 5147900.090195107
-3527119.461023013 -1283557.3556568036 5147965.600352439
-3529140.253866422 -1284571.7602903387 5146327.376023044
-3529489.663550172 -1285187.302412936 5145934.056379761
-3529958.276985106 -1288359.2190951372 5144819.344283812
-3528569.173553141 -1289806.6631692816 5145409.542407157
-3527660.689802543 -1293594.0878987801 5145081.670233736
-3525627.95594658 -1295222.6799342788 5146065.169197899
-3522892.2801219756 -1300571.7614014738 5146589.557765614
-3520069.0275502787 -1304837.6530458045 5147441.475186984
-3518489.015367486 -1310122.334213571 5147179.374971609
-3517984.8732404476 -1310703.7176378183 5147375.95248509
-3515278.6125272955 -1317176.7041652158 5147572.515886749
-3516670.549845232 -1317558.275810796 5146524.014681532
-3512993.9884705474 -1321217.419535561 5148096.615962601
-3515819.5908000944 -1323400.9055389117 5145606.246902793
-3512938.7609716873 -1325187.2765761334 5147113.845997914
-3513747.602395987 -1329907.5928979793 5145343.971107155
-3512779.2783110966 -1330943.1262531118 5145737.375396043
-3513621.8488332713 -1335050.6116828793 5144097.818631236
-3512927.1813753643 -1336119.9460442339 5144294.617159567
-3511886.2771357554 -1338601.423077153 5144360.213534952
-3510476.708672267 -1340029.299483296 5144950.510393257
-3510357.8861455196 -1341598.6679703323 5144622.5833656825
-3508416.6901589492 -1342400.9057157119 5145737.375396043
-3507340.917059613 -1343954.599637811 5146065.169197899
-3502675.7387507358 -1341816.4458462663 5149799.248011857
-3499335.1133944783 -1344250.030302377 5151435.394159235
-3494112.815412019 -1340284.7584328726 5156011.384732004
-3488504.964686651 -1343584.3937350984 5158949.029431098
-3484701.16862553 -1338419.1030308001 5162860.938474141
-3480251.371843391 -1337685.932844698 5166051.464498936
-3481619.290980679 -1332356.5942694172 5166506.945546284
-3479896.3387844246 -1333577.6032551166 5167352.634319735
-3479660.23215794 -1326109.3835992843 5169433.196344497
-3478092.9619279727 -1322870.9679113254 5171317.312875362
-3479826.1964026084 -1314222.7281791787 5172356.258376585
-3479926.160820614 -1310375.5588191883 5173265.004819064
-3483930.5674343095 -1298916.3079221619 5173459.696016845
-3486089.9792403677 -1295703.4486610577 5172810.670203166
-3491100.3957344657 -1290496.832286621 5170732.728807481
-3491485.5804087627 -1287107.8786773214 5171317.312875362
-3495232.654737369 -1282671.6951810562 5169888.10436347
-3496284.1362725142 -1278489.679982503 5170212.991417994
-3499775.2933260947 -1274713.375900555 5168783.193898198
-3502167.511498795 -1269979.6800104086 5168328.098501777
-3506853.8623524345 -1261784.5968405027 5167157.498981413
-3506563.0430417387 -1257257.7882390206 5168458.133630008
-3511091.8820236237 -1251555.6893939464 5166767.1858071415
-3509803.199888036 -1247645.3442094636 5168588.16246063
-3515879.3589565265 -1244002.3956905997 5165335.552776751
-3514407.7615700504 -1236791.064051264 5168068.009353121
-3518635.22083657 -1234553.0828432546 5165726.073683214
-3519660.0245429887 -1226157.473626184 5167027.400885804
-3523899.8587972755 -1225221.1540720107 5164359.002701399
-3528565.3605762906 -1216704.9154228081 5163186.675390217
-3533115.2000871715 -1212618.8642294107 5161036.085228233
-3536281.4094267245 -1204192.762053719 5160840.492125325
-3540339.045860102 -1202610.1535551362 5158427.014015462
-3548526.40651696 -1189042.257520797 5155946.06760793
-3552153.5036714054 -1183297.0029174178 5154770.090822831
-3563986.1236764244 -1166680.552440119 5150388.373588919
-3569078.354385737 -1151886.6847361017 5150192.0125159295
-3578020.569915179 -1139002.7352869695 5146851.714424329
-3581249.7126136143 -1119207.4538528027 5148948.064522037
-3587534.0393691338 -1102573.030683928 5148162.121415393
-3591545.49529748 -1086335.3681740959 5148817.089687925
-3598688.3098353087 -1074115.1346157955 5146392.923810228
-3604296.3662002776 -1063742.0642802871 5144622.5833656825
-3611049.062946953 -1053482.1938424932 5141997.7569274325
-3613565.968036723 -1045462.2934283201 5141866.449808515
-3619342.449940966 -1039675.8088822085 5138976.108378055
-3623906.6291252454 -1029904.0265084422 5137727.069392048
-3624823.361262506 -1024696.7333155806 5138121.563799164
-3626199.832982064 -1019483.6759196885 5138187.307389069
-3630413.5461996156 -1013083.2792714122 5136477.465426186
-3637465.161769185 -1003086.0682592038 5133449.769558457
-3641477.816078409 -994897.7856664372 5132198.233806333
-3649860.2558390223 -986243.1553628672 5127912.397003931
-3654526.74834975 -974033.7477307257 5126922.420310047
-3661084.483305157 -963951.4321080911 5124148.616369257
-3665163.3564536986 -954020.4807432753 5123091.204812913
-3669828.942365218 -946349.4091423604 5121173.628143698
-3673363.311203132 -940494.645741066 5119718.039622802
-3679026.8294719094 -933465.2510045493 5116937.0929485615
-3680277.3371844585 -927426.9180595652 5117135.823198853
-3681923.368880534 -923810.5518811059 5116605.844690848
-3681187.428058606 -921235.9947232443 5117599.472558354
-3682407.3821896007 -920038.9439597906 5116937.0929485615
-3680953.468995847 -918856.6690011602 5118195.480920941
-3680378.8686846877 -920419.354367445 5118327.91007425
-3679559.7196039753 -921852.3555228636 5118658.955672361
-3680613.8937805267 -923891.7068057972 5117533.241612136
-3682146.7136245123 -924754.6874443523 5116274.557467953
-3683842.7128461823 -927163.0480070617 5114617.536964063
-3686384.3542485056 -926571.3629526692 5112893.202689438
-3688242.0552334595 -924301.2243795636 5111964.2788871
-3688524.107413513 -921703.9824955115 5112229.716834061
-3689512.809458354 -917368.5718855778 5112296.072427666
-3690127.045245006 -912667.3437812977 5112694.173285407
-3690766.9472541595 -907837.1607865596 5113092.218076182
-3689586.7259243904 -900652.3857885683 5115214.176538056
-3688351.594414911 -896668.3994506277 5116804.59832146
-3691508.157194791 -889319.6896939911 5115810.689899198
-3693043.3700057017 -883690.4502310873 5115678.142282537
-3695529.1266884934 -881353.5160833283 5114286.016003069
-3695004.2983773323 -878161.809188456 5115214.176538056
-3696838.053803536 -876621.0349042905 5114153.396713224
-3700514.6727990257 -871151.0412292368 5112428.778942972
-3699861.053086198 -871201.633233105 5112893.202689438
-3700812.0291616106 -871834.60440306 5112097.000975048
-3701648.077162977 -871008.7517216273 5111632.446416699
-3703268.546792773 -865662.1443263565 5111366.952412597
-3701780.229284595 -866540.825303891 5112296.072427666
-3702565.3387183985 -867883.461974932 5111499.702528751
-3703751.786590472 -866729.6073157773 5110835.889669137
-3706493.450281106 -860073.4306885256 5109972.700205642
-3706257.1318848105 -858723.4747653385 5110371.128033651
-3706592.1299379957 -860437.213636557 5109839.87847673
-3707064.991976065 -861160.6881885248 5109374.953395392
-3710968.9356546956 -856949.3503780755 5107248.610503747
-3711191.5769563 -853999.3271620107 5107580.95661101
-3709345.5947577897 -856847.2579025482 5108444.874448178
-3708225.3329513273 -859315.8896689444 5108843.517061419
-3708365.8931598146 -859894.0702667942 5108644.202757617
-3706560.3450605185 -862543.6114697 5109507.796915242
-3704868.7368534342 -868218.7375498081 5109773.465277444
-3705359.3833666034 -868470.1639739281 5109374.953395392
-3704982.7696687314 -866949.4694936435 5109906.290119468
-3703451.8235713197 -869182.3474752962 5110636.715451765
-3702351.4833665863 -870355.9539374087 5111234.196068396
-3706459.2588791368 -864156.8808282012 5109308.529300848
-3706925.292315393 -858605.6040988392 5109906.290119468
-3708770.1479728622 -860124.2311261711 5108311.981127912
-3708791.4935423383 -859242.4699420574 5108444.874448178
-3710391.0071332636 -858657.8130940114 5107381.553614064
-3712047.9213028904 -853855.3006853407 5106982.70561419
-3710111.402866263 -855114.5237898232 5108179.081583323
-3706295.9579390828 -857369.3877026609 5110570.32093237
-3704998.1988410624 -860203.5023964618 5111035.049874864
-3704243.360024968 -858325.0148648752 5111897.915507326
-3699693.550562579 -862919.8796158849 5114418.62906131
-3695266.7959763124 -870460.188819051 5116340.818029625
-3689753.659104336 -875145.1926959718 5119519.491790933
-3685608.1651937 -880211.2651008607 5121636.611616162
-3676748.722453325 -892556.4345413813 5125866.0578576
-3669612.1699632546 -908884.8984014039 5128110.35016949
-3668882.688347447 -919585.7338657234 5126724.382801853
-3664186.550723976 -925412.7215796231 5129033.945708697
-3664365.769623602 -931992.0777762707 5127714.429779909
-3661069.007465681 -933330.8881251323 5129825.355296787
-3662527.4265756477 -933770.7666283781 5128704.125309961
-3660075.639626142 -935050.8288818634 5130220.975710756
-3658391.4428493287 -940540.4555154283 5130418.764820824
-3656605.0280880504 -941374.0166418265 5131539.304083408
-3653788.0637752768 -945478.1489127548 5132791.136890516
-3649764.5911676497 -948856.0847191759 5135029.849918132
-3647441.9998975396 -953147.1674668114 5135885.350602507
-3645231.642646388 -948832.3727821376 5138253.049413793
-3637850.871838526 -948335.0173624546 5143572.953609955
-3630064.3424916044 -945087.3639837932 5149668.313960537
-3627463.5987094166 -945086.3164931496 5151500.819607383
-3625306.5840388467 -931157.7551421379 5155554.131881774
-3605328.4912721682 -951761.1113148408 5165791.154993578
-3598248.154254114 -957352.5587929646 5169693.153232543
-3594463.520769039 -959637.9974215776 5171901.769346102
-3593313.6870133383 -969146.7677277194 5170927.60434001
-3587200.9106604275 -946506.8732208869 5179358.586302228
-3581454.0261371783 -937773.2199817282 5184921.353940761
-3577289.307508259 -931147.3822571818 5188988.99236669
-3581797.568272448 -930719.0381645861 5185954.999025307
-3574636.616775726 -918608.7556327049 5193050.357167849
-3568327.566010178 -923828.9900036543 5196462.198350018
-3558389.4137712945 -922382.6824860758 5203529.1838338105
-3553725.069286833 -923358.2741830316 5206542.867337215
-3541538.2407292924 -925406.4339333563 5214477.041994415
-3536180.6022259234 -927897.5143455948 5217669.398429952
-3532613.4460889627 -930718.8278494822 5219582.905175273
-3535543.607831172 -929247.5064463968 5217860.813483558
-3529132.5750847487 -928550.3108385069 5222323.10257776
-3524111.816128946 -933282.2703386629 5224869.482704028
-3522505.7762543405 -933646.4835118543 5225887.321793377
-3524353.2687068735 -933082.9161197608 5224742.2241676785
-3522320.046218944 -935768.8197981485 5225632.900223451
-3516962.452054098 -946974.0343671149 5227222.617133892
-3519333.9333431656 -949391.488254862 5225187.601191802
-3520839.3361784224 -951511.7784463624 5223787.5822334625
-3524110.0625016857 -949888.1625616563 5221877.224332224
-3519322.26656101 -955717.0070843961 5224042.188426269
-3519279.6867588013 -955177.8420642952 5224169.481974744
-3522328.5951695503 -952639.9186238992 5222577.855149232
-3517480.410458628 -956930.933413357 5225060.358571607
-3522508.9976466605 -955460.2696605736 5221940.925996622
-3523745.932937569 -957512.663634536 5220730.32238646
-3530449.3551920853 -955762.0517353087 5216520.607731412
-3527187.004579291 -959439.3801978482 5218052.214232102
-3532947.3962961254 -956636.8654512494 5214668.695388427
-3529688.436620533 -956481.7923166141 5216903.595175408
-3526837.759652865 -955511.088224364 5219009.003380531
-3516011.3850089787 -959893.395096947 5225505.679887498
-3512813.827463407 -962249.3047572405 5227222.617133892
-3509114.2486380017 -965385.1410078653 5229128.9637497915
-3508585.0824240525 -968336.1995802257 5228938.393591373
-3506060.052431679 -971987.0208416079 5229954.602102988
-3505394.6981543843 -974042.9493347775 5230018.101594137
-3504631.783607228 -975082.9875593218 5230335.575152173
-3502211.8766278625 -979680.3022714828 5231097.349175219
-3500161.336310418 -982598.6928765825 5231922.345424758
-3498599.337523299 -985454.7177880418 5232429.901553467
-3498746.0036460585 -983584.9283924797 5232683.641365098
-3494959.7721758923 -987590.532427141 5234459.105880235
-3492946.0576114617 -988667.4906845834 5235599.815826262
-3490923.2059628507 -991781.2757513653 5236360.002056682
-3493357.3682226418 -990232.8845674001 5235029.5254378375
-3490255.4010612215 -996794.4213916644 5235853.236755728
-3491503.70168708 -997414.5675798941 5234902.776698421
-3492644.0851750975 -997081.0453383095 5234205.544618826
-3496227.03469146 -992167.122455461 5232747.072333137
-3492823.503531516 -998780.7100006443 5233761.751026544
-3493404.588175489 -999738.4034451515 5233191.044476723
-3493666.837453795 -999153.788374345 5233127.624666992
-3497965.4618626554 -992396.5920448523 5231541.611390828
-3495607.892579992 -996013.9490296522 5232429.901553467
-3497536.233290227 -995243.5390767233 5231287.756828911
-3500526.13881508 -992066.9447964437 5229891.101018705
-3506599.190195203 -985330.4013988442 5227095.476400019
-3505389.8246461684 -988952.4195789236 5227222.617133892
-3507230.5563835925 -988810.9169500995 5226014.52302704
-3509691.4659155463 -986463.6839065095 5224805.854231637
-3515799.5115106557 -979181.9077976919 5222068.324553318
-3512272.6180557003 -984015.0256248234 5223532.9505805485
-3511390.328721209 -986147.7054230882 5223723.92670707
-3511474.610307015 -985510.2013031989 5223787.5822334625
-3515328.656428977 -979513.5780436328 5222323.10257776
-3511007.1824612413 -983462.2324613638 5224487.687996564
-3508763.5879291994 -986731.5263120806 5225378.453184424
-3509281.601513197 -985225.0965415612 5225314.837445265
-3513848.1253552893 -978374.0931445308 5223532.9505805485
-3511574.1296836087 -979061.8632655322 5224933.109584833
-3508704.663170253 -982553.1098450749 5226205.312937972
-3508920.862810757 -980764.6529234991 5226396.0885209665
-3512002.157533443 -975482.8010040977 5225314.837445265
-3510939.1174260657 -974197.5322377966 5226268.906390989
-3508415.1770001724 -976465.5049863193 5227540.441102934
-3510958.262937337 -972421.1935503357 5226586.849775499
-3515737.609480521 -966415.2623259344 5224487.687996564
-3517887.0402182215 -962714.9681046536 5223723.92670707
-3516392.7590169073 -965407.2745510557 5224233.126361932
-3519009.4377015545 -962758.0596326438 5222959.936279406
-3520882.3481815807 -961091.1380110928 5222004.626070327
-3522385.823423318 -959388.0052339149 5221303.837774597
-3518671.2302789786 -965372.4351010375 5222705.221889717
-3521736.457694796 -965222.084990642 5220666.59050256
-3521007.6620903467 -967533.4332288626 5220730.32238646
-3523291.714342473 -968161.0651823421 5219072.776606077
-3519024.584975386 -974721.4326428723 5220730.32238646
-3524962.566275137 -970671.6997055738 5217477.969071809
-3526205.463599285 -970616.704498199 5216648.276569123
-3533327.207041732 -966675.2266855462 5212559.721872846
-3528513.153819575 -968403.743256044 5215499.02822059
-3533889.305669847 -963581.332719186 5212751.518201055
-3528684.518457902 -964676.9151749214 5216073.716745587
-3527811.9934009877 -963379.6852031169 5216903.595175408
-3517218.7865923913 -967218.5765126474 5223341.960133416
-3516609.6125593605 -965994.8520326614 5223978.539265021
-3511700.671645655 -969393.9534143821 5226650.433676151
-3509384.865368692 -972974.7187643175 5227540.441102934
-3504336.0240386524 -977505.2395147601 5230081.599492131
-3504435.6962081157 -976807.9279231172 5230145.09579695
-3500120.9648496313 -979358.8880050179 5232556.774647138
-3493508.0980869317 -988694.85954816 5235219.636586805
-3487763.326309323 -992199.4010385995 5238386.042306388
-3486295.3510460546 -990006.1947612916 5239777.9971682895
-3486212.3450104888 -984593.1083031903 5240853.069546821
-3481567.2940113717 -989911.3142083746 5242938.657591999
-3480515.871815396 -990597.2984070174 5243507.152510601
-3479712.493607322 -991747.4834194644 5243822.927117607
-3478729.8754019844 -992189.5874501431 5244391.220774935
-3477803.216038286 -993435.1105227406 5244770.011325036
-3475719.188755793 -995727.395383906 5245716.736061599
-3480747.3100919994 -987774.2516093017 5243886.077247006
-3475657.1966357334 -993281.3956132142 5246221.508915049
-3475150.2844145307 -994055.0831436581 5246410.77236713
-3473254.367655219 -995021.2710507027 5247482.993561827
-3478737.248183113 -986810.2135965435 5245401.201094625
-3474895.1195087405 -991948.4746628671 5246978.476421297
-3474398.8520725635 -995349.1440536848 5246663.101262406
-3472716.5195467495 -997228.6627123876 5247419.93451372
-3477397.783940577 -993188.0115405907 5245085.626181637
-3475087.8972150944 -996268.5065269003 5246032.231080156
-3472078.122802446 -1002754.7112889981 5246789.256120772
-3471235.0867224336 -1003692.8245962351 5247167.682336932
-3473236.684531322 -1001381.9683546264 5246284.598330526
-3472972.736123827 -1001305.86839374 5246473.856988219
-3469742.2802424044 -1006871.3677587054 5247546.051011459
-3470445.57181773 -1006090.4594597975 5247230.747778744
-3472079.392998847 -1003739.9582470633 5246600.021435876
-3472463.4784428733 -1001749.8631530863 5246726.179490712
-3468423.066382559 -1007473.1194539688 5248302.6157190185
-3470322.11990315 -1005529.4202453423 5247419.93451372
-3470603.5653219884 -1005545.3107342396 5247230.747778744
-3472237.017267083 -1003194.5529104768 5246600.021435876
-3467067.3138060695 -1010820.5817186966 5248554.75279733
-3467033.245534621 -1007988.1163253674 5249121.9676917875
-3462456.9163393746 -1010919.0814705861 5251578.402081825
-3463654.6201545927 -1008120.4818457747 5251326.572054416
-3457242.1249744827 -1014375.2485098384 5254346.84280668
-3457999.17930632 -1014400.7283748871 5253843.720381232
-3455811.5130661083 -1016641.876785194 5254849.862795931
-3456195.7450874355 -1017934.7853015825 5254346.84280668
-3451525.5376111525 -1024026.8075965247 5256232.639499675
-3452846.107672404 -1024090.7727896015 5255352.780339177
-3452173.9918032032 -1024743.661211825 5255667.051775989
-3450055.7722333204 -1025753.1161225026 5256860.918194862
-3445418.528251929 -1026534.5979971745 5259748.937382191
-3446677.3369150707 -1024879.6050286827 5259246.916659484
-3448155.3005815903 -1020866.4572226553 5259058.632453982
-3446828.2787783155 -1022436.8278434464 5259623.441814399
-3445662.5718726795 -1023138.005031783 5260250.855563386
-3445945.720468808 -1022829.4183360568 5260125.385631889
-3447627.211606823 -1020710.1103433026 5259435.186446462
-3444491.050872452 -1025145.638459463 5260627.226900527
-3443171.4325618483 -1028286.4423083934 5260878.109075969
-3440879.2917465204 -1031462.33631513 5261755.994760048
-3441219.196318205 -1030647.8882453921 5261693.299057481
-3436425.3868235904 -1037976.1194972134 5263385.520380191
-3434423.96332726 -1041101.1252558052 5264074.608809659
-3431704.430314803 -1041519.428140519 5265765.1850195145
-3432106.8968225205 -1039875.5103548713 5265827.776498913
-3425522.98066554 -1047614.3588929275 5268580.213299749
-3422002.153564018 -1051568.6373617817 5270080.232968024
-3419972.063286198 -1051598.0965452017 5271391.991654999
-3422326.842760935 -1046114.3789759346 5270954.817432773
-3416196.8489769436 -1051350.991836724 5273888.620458716
-3412406.1366304285 -1055206.755437748 5275572.391879912
-3411681.6972088674 -1053808.5543328722 5276320.358710688
-3416532.2056726636 -1046495.1348856874 5274637.107921461
-3412236.9307322856 -1050132.3079733045 5276694.255336135
-3408647.3901625327 -1054891.8611872448 5278064.714527386
-3406995.8029856854 -1055553.7009238726 5278998.672371858
-3411243.0674340976 -1050543.4244546853 5277254.991775349
-3407790.873791877 -1052671.8994583397 5279060.923364264
-3403664.7557431334 -1057582.5013988162 5280741.092237629
-3403149.268331998 -1056445.4497785352 5281300.887953045
-3407453.4797890107 -1049701.9313151508 5279870.0399221005
-3404920.8239597934 -1048531.3318916735 5281736.194529829
-3399826.9189121076 -1053462.7101920424 5284035.790915447
-3398241.2458869857 -1051411.4593123563 5285464.159180264
-3400545.4023458273 -1045819.5341736171 5285091.623474993
-3399064.6604124373 -1045299.2042314068 5286146.99076449
-3393367.851523238 -1052175.3902376944 5288442.357861785
-3391968.2529057814 -1052325.4823041193 5289310.300083811
-3394090.0740022436 -1049218.4381108652 5288566.368940419
-3394648.4562261165 -1046470.8264900127 5288752.373475899
-3388393.0083552273 -1053874.9445282964 5291292.982081496
-3387455.949313833 -1053778.0235349499 5291912.231752629
-3387632.440959995 -1052276.8008565186 5292097.97522066
-3389037.1021625767 -1048369.275880567 5291974.147854007
-3382289.992080335 -1056380.8823993753 5294696.860139806
-3383108.5633790456 -1057479.0854291085 5293954.6118446635
-3382289.87625462 -1059167.4944797198 5294140.195690237
-3385214.6363881095 -1057553.7201690262 5292593.220203152
-3378657.9545794134 -1066713.2154575957 5294944.224628374
-3380860.790937154 -1067408.6971209904 5293397.773227917
-3380762.5366951744 -1068026.582800354 5293335.894207943
-3385306.321004868 -1064980.005505584 5291045.237081026
-3381732.0857759155 -1070475.3899573954 5292221.796139051
-3385459.3341754046 -1070940.1920001195 5289744.152773683
-3386701.2203059033 -1072828.7867553069 5288566.368940419
-3391901.080284338 -1072912.8200015672 5285215.808483342
-3392471.3474708353 -1077523.9876665445 5283911.544735832
-3394310.4566950495 -1077521.1927647975 5282730.884941365
-3394222.8102410003 -1078406.3838367113 5282606.571167298
-3391007.871944323 -1081817.3975453784 5283973.668630435
-3392885.7963338667 -1079872.5402268437 5283165.932459431
-3396142.1559349983 -1076015.126086195 5281860.553357584
-3395302.233601116 -1079271.2883686076 5281736.194529829
-3393562.8387225475 -1081392.744988587 5282420.08843744
-3393739.1207131487 -1080535.5379950819 5282482.250956535
-3397953.0709970454 -1073652.9706543237 5281176.500166122
-3394071.738535041 -1077054.1807773428 5282979.4931788035
-3394705.718991698 -1077190.1494643996 5282544.4118664935
-3395346.121635203 -1077915.195982806 5281984.905749555
-3401622.5121651283 -1073049.6543696197 5278936.419771377
-3396549.8332498986 -1081430.4431940438 5280492.252317318
-3395685.750405379 -1084746.4871692054 5280367.822705908
-3393708.271651721 -1087902.0062533887 5280989.906420248
-3401091.639452752 -1081438.3778659978 5277566.455756209
-3391922.3283733292 -1091051.8566223201 5281487.45756756
-3387927.9819026315 -1094728.034526088 5283290.217266491
-3383635.536610602 -1098104.1738637516 5285339.987051816
-3391027.175282292 -1088413.2996050182 5282606.571167298
-3383775.681258381 -1095278.1321094013 5285836.636923934
-3379909.5647686976 -1100612.7747348084 5287201.892691031
-3377206.0699477596 -1103841.0928157822 5288256.329161746
-3384336.997762748 -1094742.0452269474 5285588.324868533
-3380386.5620854413 -1098549.8608894744 5287325.9682009285
-3374641.6158500277 -1105741.5708840548 5289496.246618574
-3372523.345544821 -1107459.708000372 5290487.716544752
-3377243.735199138 -1101048.7246544545 5288814.371765658
-3376925.667436768 -1099641.1169258978 5289310.300083811
-3370627.2157418253 -1108792.562156615 5291416.844910887
-3372937.8063951735 -1105900.4233843056 5290549.669717555
-3374584.4485360244 -1103244.9796481924 5290053.999212095
-3367282.9583105636 -1113035.612428216 5292655.118571189
-3368537.5031036334 -1111298.587534016 5292221.796139051
-3370618.1673713787 -1109115.5668715986 5291354.914302112
-3376480.4988805936 -1102495.1993847536 5289000.356968473
-3371420.792945625 -1111401.6572705724 5290363.80536444
-3372122.998975604 -1112220.4268832714 5289744.152773683
-3373320.970230698 -1112419.7134055153 5288938.363511965
-3377007.4225536324 -1109781.081074204 5287139.852520212
-3370018.6694723084 -1120337.4536276867 5289372.283873307
-3372143.715331611 -1118038.1714938902 5288504.364206587
-3372181.775690762 -1119096.0945244306 5288256.329161746
-3376613.083306306 -1114812.3411907214 5286333.183745946
-3372165.9247085233 -1122947.0511227648 5287450.03726838
-3374518.3274863022 -1119086.9658390363 5286767.577674304
-3373993.353295558 -1118324.6278280276 5287263.931251276
-3376427.502113076 -1113313.4790463222 5286767.577674304
-3370584.7598511614 -1119219.2110042903 5289248.3146831
-3369054.218822858 -1120604.5569507 5289930.065470925
-3367141.5666705244 -1122840.965010316 5290673.571228361
-3366421.160051235 -1122666.0201767439 5291169.112804826
-3362927.089316158 -1125545.9994250978 5292778.91047054
-3359258.7316953763 -1127187.669964364 5294758.703681281
-3359901.000590743 -1123815.9236826855 5295067.89719514
-3359267.858405045 -1123669.3409874942 5295500.700369278
-3356749.4107341818 -1125368.0220708558 5296736.845307312
-3354045.5100773503 -1126741.147007553 5298157.614111727
-3349379.5785654597 -1128427.3915368414 5300749.858342499
-3347303.76460305 -1127923.197949305 5302168.213759542
-3344946.2379809152 -1126803.7586068509 5303893.7540835785
-3341592.246505655 -1125738.8483109165 5306233.532695004
-3339970.4245716883 -1126490.817834761 5307094.968089453
-3339862.9944478455 -1126519.5072091229 5307156.487064913
-3344986.3733368283 -1119995.8431220194 5305310.214641584
-3341183.4900088813 -1125211.5596363435 5306602.758088533
-3339424.135980807 -1126371.4823874927 5307464.057692058
-3337323.7162731625 -1127090.433215163 5308632.457437183
-3341130.6090681707 -1121299.482499974 5307464.057692058
-3336138.422017706 -1128571.6183513368 5309062.7733517205
-3333203.738438126 -1132897.7262110247 5309984.612031187
-3332547.4575650143 -1133388.4277217826 5310291.810718438
-3337978.96725104 -1126597.8339718648 5308325.040413368
-3334695.947230926 -1130808.5231598099 5309493.010021839
-3330781.867660376 -1135123.3121194616 5311028.922567434
-3329816.6697276277 -1134794.3747354466 5311704.403774065
-3333690.939259143 -1127419.4651494499 5310844.666444654
-3330131.0751662743 -1129260.5570724884 5312686.572389929
-3324542.278681434 -1134745.764354172 5315017.562298353
-3322486.4814567915 -1135598.1519408482 5316120.899475989
-3326358.276490163 -1129988.241614045 5314894.936895685
-3324949.162559701 -1130674.78702926 5315630.592165889
-3318693.410810286 -1137796.027358501 5318019.86129909
-3317684.718125838 -1138162.0677527967 5318570.881227679
-3320704.5015100553 -1134212.4071020316 5317529.955649208
-3321534.49960502 -1134366.4313551951 5316978.687877929
-3315378.2348368103 -1142870.9252272411 5318999.3615567
-3315800.9144603754 -1143923.1868233462 5318509.663271437
-3318908.353237174 -1142597.4145285375 5316856.16611219
-3323226.837123851 -1141165.5202257326 5314465.696988526
-3318727.900627615 -1148239.637287867 5315753.178709189
-3319406.7229220043 -1147696.1205308514 5315446.700206731
-3319343.9469312304 -1149296.1393393122 5315140.181224833
-3321857.8800419057 -1145428.9202461806 5314404.370526124
-3314922.981553044 -1151848.8892246694 5317346.214303087
-3312822.001889281 -1149693.4289191302 5319121.76992579
-3315969.3515420626 -1147414.819520416 5317652.441780926
-3308706.4372126856 -1154739.3692079922 5320590.164779511
-3310148.436866492 -1154270.5691364547 5319794.900100541
-3306801.002139873 -1158219.6226759527 5321018.270772532
-3308425.644961274 -1158075.6143418502 5320039.626095779
-3301527.244392316 -1166214.748521483 5322546.572352961
-3303339.738159122 -1163030.3455827031 5322118.750042374
-3303231.8222951596 -1163057.1500229244 5322179.872379094
-3299584.0619796207 -1166694.414002542 5323646.322048952
-3300680.948893573 -1164425.7162970982 5323463.066917719
-3301889.7422043364 -1163232.3799897626 5322974.3152178675
-3300087.9071472236 -1164151.7356117566 5323890.639520386
-3299276.105401435 -1165613.875710659 5324073.860595655
-3302326.638702491 -1164228.6296646204 5322485.459743892
-3297700.754117745 -1169785.4385870232 5324134.931043824
-3298418.4289942137 -1168873.5285301618 5323890.639520386
-3297151.385057023 -1168554.0684706653 5324745.546322116
-3295780.2155653127 -1166579.1269127666 5326027.310420001
-3296771.163882997 -1162658.2191115653 5326271.374847688
-3294086.8774673315 -1161323.7183759715 5328222.95562366
-3300372.701659453 -1151830.893427955 5326393.397326754
-3292049.0512103443 -1158990.5740425913 5329990.140113347
-3289773.624829503 -1157608.719678327 5331695.091572741
-3284711.3425335633 -1161048.6288801841 5334067.723380235
-3283617.453003222 -1160790.9134093693 5334797.266783329
-3282037.1973891477 -1161070.0762820325 5335708.866956332
-3279139.2882939256 -1162556.8809761538 5337166.66654342
-3285805.2808381477 -1154021.5269406529 5334918.834600364
-3281050.0368112563 -1158273.0173990834 5336923.764970423
-3277193.6813503867 -1159678.400043794 5338987.599104251
-3275260.846848626 -1158994.4409493692 5340322.019405654
-3279718.5669149915 -1151112.2101524475 5339290.945572363
-3277196.0172547502 -1152668.6833444294 5340503.924811461
-3271374.87353662 -1154600.660274388 5343654.625075166
-3271662.1512494804 -1150978.9568965656 5344260.02444332
-3272328.9589619003 -1148518.6132417696 5344381.084782084
-3273073.8367899233 -1147240.362968425 5344199.4918319965
-3266271.619129829 -1150556.2042219574 5347647.251922416
-3260781.5424460433 -1151245.8628892046 5350848.315512569
-3257259.7762022745 -1152240.7262004719 5352778.8165792655
-3259750.3133063167 -1148834.6578010593 5351994.751859767
-3252770.573909497 -1153719.6352285089 5355189.594850651
-3252711.5593714407 -1148843.6368357143 5356273.593612774
-3252037.3686891524 -1145414.5355885043 5357417.241013799
-3256580.5457970276 -1138396.8158267403 5356153.175409743
-3251851.7763577695 -1141714.049170354 5358319.704396692
-3252361.391337957 -1137431.5659631547 5358921.142626082
-3250785.554351096 -1138536.3022533809 5359642.653020202
-3252624.804185794 -1134975.8181959628 5359281.927208694
-3246379.814287027 -1141766.2143465513 5361625.594273296
-3249052.5015831375 -1136974.4774712892 5361024.890777439
-3248553.828926774 -1138964.2186092804 5360904.730480943
-3251453.470950718 -1135776.738825986 5359822.993885557
-3248076.4557294464 -1140324.869694199 5360904.730480943
-3249227.103201198 -1137608.4976517495 5360784.563652347
-3249809.6001525475 -1136793.7759852838 5360604.301162086
-3247520.5695860432 -1139365.7748665097 5361445.400372774
-3248187.192039792 -1137180.7669247016 5361505.466639495
-3249001.881570726 -1137402.331627079 5360964.811445712
-3247929.090301658 -1137917.7279430388 5361505.466639495
-3246392.4871982792 -1138906.3623234453 5362226.1344447
-3246346.1245225826 -1138190.1830063453 5362406.264645116
-3248235.813133709 -1137325.0727462268 5361445.400372774
-3246228.5159767997 -1140503.4953931903 5361985.937976244
-3246413.7557647927 -1140823.2001127033 5361805.773474618
-3247000.521365099 -1141411.424166789 5361325.262939782
-3250601.7457141606 -1140191.918107415 5359402.175676181
-3247438.3564710994 -1144113.2555601457 5360484.118003881
-3247384.869111611 -1141164.4593357528 5361145.044541689
-3247235.785893349 -1139329.5123216675 5361625.594273296
-3250007.958597181 -1136226.5598979483 5360604.301162086
-3245502.2338031316 -1140311.9663039967 5362466.304778315
-3244694.5199347977 -1138374.2786829725 5363366.710745976
-3244489.1216983176 -1138111.4282126431 5363546.747829561
-3248864.5276828585 -1134108.9737901334 5361745.715374119
-3244499.7761653294 -1140341.4716521124 5363066.616264748
-3244230.8088950263 -1138847.5501414859 5363546.747829561
-3244533.2540362924 -1139398.9801353063 5363246.677854682
-3250049.3879469987 -1135540.861943745 5360724.477788557
-3246795.439822311 -1141148.3265307138 5361505.466639495
-3246401.277592826 -1139163.9881644216 5362166.087777681
-3246829.5565215503 -1137659.7531671438 5362226.1344447
-3246582.357916061 -1138082.1247363088 5362286.1794782905
-3242618.714423293 -1138917.3666176738 5364506.697254511
-3242070.9368610806 -1138216.4702724626 5364986.515095933
-3247371.624156322 -1133842.174527127 5362706.448975921
-3244886.520909529 -1139523.03863111 5363006.59246738
-3241369.9492071224 -1141339.3726827076 5364746.619248784
-3240190.570175696 -1141305.4899730182 5365466.2283441825
-3243544.0296874917 -1138542.8785923515 5364026.774829267
-3243392.4128061202 -1141797.0156231995 5363426.724740971
-3240925.5288411854 -1143726.633255074 5364506.697254511
-3240045.5149062057 -1142843.7781420562 5365226.38479479
-3242927.5439852285 -1140297.6380650206 5364026.774829267
-3244260.872447904 -1141020.9730807487 5363066.616264748
-3238950.3682303648 -1145382.2452114166 5365346.309838242
-3238153.66507016 -1143701.8516117625 5366185.602083897
-3239871.7312243353 -1142210.2773620472 5365466.2283441825
-3242310.108957004 -1142052.0637300012 5364026.774829267
-3237793.120764161 -1148089.2211105928 5365466.2283441825
-3239404.828870724 -1146624.413586028 5364806.59566191
-3241117.1834593783 -1146275.7767632385 5363846.776958695
-3245681.743336326 -1143749.1017731086 5361625.594273296
-3241868.177883726 -1148642.536481915 5362886.539971664
-3243160.846844367 -1144706.4429838804 5362946.567036346
-3239232.8443006156 -1147390.6447513355 5364746.619248784
-3241696.9505814193 -1144635.153182422 5363846.776958695
-3237059.213148468 -1149037.5456216522 5365706.045742945
-3237932.411655252 -1146294.017106075 5365765.996006462
-3235402.357303911 -1149784.8474178137 5366545.200685511
-3235795.512823106 -1149797.351743684 5366305.474823164
-3240695.8761627674 -1146063.139268089 5364146.765239799
-3239721.256701215 -1151892.876880224 5363486.737102171
-3242232.146036354 -1151256.0673499461 5362106.039477253
-3241581.390323329 -1155040.2677006982 5361685.6556403395
-3245619.8235033588 -1151502.2232994982 5360003.320056653
-3242031.768934936 -1156284.921895424 5361145.044541689
-3238506.4637987465 -1158086.7166687022 5362886.539971664
-3240415.2006052947 -1154688.4678576095 5362466.304778315
-3241550.7377860174 -1156240.9062044758 5361445.400372774
-3237600.6964036874 -1159228.8780981912 5363186.658958419
-3236456.348689552 -1159647.6800269554 5363786.7744006375
-3237938.7837674683 -1158839.8949298498 5363066.616264748
-3242532.9636687506 -1156272.303907758 5360844.647883148
-3235355.0307562035 -1162439.9245855007 5363846.776958695
-3236868.1948360326 -1158775.3983433205 5363726.770208677
-3235495.2682108525 -1160386.671276468 5364206.757994056
-3242236.2941754176 -1154317.1278090244 5361445.400372774
-3233973.092985257 -1162963.1840643552 5364566.680204308
-3235389.935801718 -1158182.487594981 5364746.619248784
-3232507.911446556 -1161225.8756642728 5365825.944635473
-3232340.040968878 -1163076.78855132 5365526.18514554
-3232265.2880599555 -1162731.3117007033 5365646.09384494
-3233898.9958501183 -1164275.2793801664 5364326.738600459
-3233416.533024106 -1161743.4362137187 5365166.419821543
-3231303.357624956 -1163468.2073555668 5366065.722806095
-3233011.194493979 -1163700.695675396 5364986.515095933
-3231581.115774432 -1163249.657924207 5365945.836989906
-3232685.579421748 -1162946.2240808196 5365346.309838242
-3237112.375190539 -1158926.5525628484 5363546.747829561
-3237014.373378209 -1161696.7055536958 5363006.59246738
-3232726.714711349 -1165319.346417124 5364806.59566191
-3234908.447376269 -1163682.1260135768 5363846.776958695
-3238497.2138640108 -1160889.1959059483 5362286.1794782905
-3241403.3057644516 -1161101.0421179705 5360484.118003881
-3237198.3354692217 -1165335.4702560385 5362106.039477253
-3239378.859613375 -1162034.7391901652 5361505.466639495
-3237963.6227009706 -1162930.5332444452 5362166.087777681
-3240710.79300818 -1159704.371107307 5361205.118974175
-3234725.616707027 -1164190.2498858008 5363846.776958695
-3235833.5177198653 -1159998.0863675075 5364086.770851531
-3236070.510511653 -1159891.8330520527 5363966.777173027
-3230666.5050226534 -1165787.3767610544 5365945.836989906
-3230605.62275126 -1165128.1802126486 5366125.663262305
-3233516.9385492173 -1160632.6652392892 5365346.309838242
-3232736.761016082 -1160034.1841799133 5365945.836989906
-3231957.7158370726 -1160264.0315511727 5366365.408740802
-3230144.3651519096 -1163369.3365402678 5366784.900391968
-3233637.1934251357 -1159465.5052286603 5365526.18514554
-3231452.68513211 -1164159.12813898 5365825.944635473
-3231831.6268664016 -1162830.1396130966 5365885.89162996
-3230456.5116010704 -1165265.5537008392 5366185.602083897
-3233491.3807153706 -1162088.9401969058 5365046.484972096
-3232835.171440354 -1164465.9446415433 5364926.5435855035
-3232198.162057872 -1164300.2261851865 5365346.309838242
-3233051.8133416027 -1163587.8415862564 5364986.515095933
-3235116.4486653856 -1160888.110504553 5364326.738600459
-3234744.5775727173 -1161646.9200765819 5364386.726452568
-3231580.5844571097 -1162421.3058257068 5366125.663262305
-3231733.7499238844 -1160056.2825148685 5366545.200685511
-3231925.5608844045 -1157578.7353840317 5366964.658006305
-3230158.135023242 -1158345.2924602944 5367863.225360557
-3223548.0129168406 -1163155.0787597883 5370795.981153557
-3223316.2393767014 -1161863.5316324374 5371214.625653404
-3223723.6601420385 -1162391.8530686463 5370855.792418938
-3225953.7091487804 -1161732.8168832199 5369659.256284872
-3220279.850246455 -1167505.2942742547 5371812.550148995
-3221765.2144463034 -1164227.9739281323 5371633.189981141
-3222809.725531986 -1164923.4009394727 5370855.792418938
-3227174.7881151685 -1162490.7098361088 5368761.424807267
-3221933.1907383534 -1168995.5339659068 5370496.900286447
-3223921.769695683 -1165707.0955970497 5370018.285830779
-3224552.152515219 -1166444.1514025389 5369479.719429834
-3228517.8000130085 -1163738.465136346 5367683.54132034
-3221787.9099180596 -1171043.1543819555 5370137.949259868
-3221506.483303756 -1168522.5864619848 5370855.792418938
-3220142.0613249517 -1169808.6958267896 5371394.020182649
-3224131.8630985986 -1166228.4818762012 5369778.939343136
-3218278.213164237 -1173011.6234437544 5371812.550148995
-3218446.2970014643 -1170082.9389822423 5372350.542287821
-3217752.8872118252 -1171166.2721692377 5372529.84354421
-3222043.059206999 -1167317.4604368792 5370795.981153557
-3217835.8208701564 -1173677.5440147114 5371932.115412525
-3217370.5917338193 -1172489.9724164703 5372470.078095289
-3217335.8869287022 -1172859.0029650119 5372410.311009819
-3221200.4544101995 -1169365.934832833 5370855.792418938
-3218167.652803443 -1173862.2171709512 5371692.978340075
-3216268.700134505 -1173869.2374700003 5372828.646239959
-3215373.4264833513 -1173860.4639294706 5373366.387981374
-3217304.5516158636 -1171575.4460546542 5372709.130071502
-3216153.974589536 -1173636.5392034177 5372948.155861785
-3215311.9588856515 -1174028.8188792095 5373366.387981374
-3216407.7065574047 -1172393.4483291644 5373067.658936838
-3215666.35567211 -1173331.403740617 5373306.645446036
-3215713.495481082 -1173475.7998916428 5373246.901273894
-3211180.1911015417 -1176586.9675027411 5375277.284771435
-3213619.321990661 -1172648.0387607538 5374680.309610874
-3210724.071061207 -1174831.0763962788 5375933.768327295
-3209998.6253394363 -1174629.1562625272 5376411.086456923
-3214065.1755818087 -1169506.4284791655 5375098.209415171
-3207870.7329562367 -1176072.9682721673 5377365.408259169
-3211186.0469242055 -1171379.1023671126 5376411.086456923
-3206338.2379846857 -1177797.0365803624 5377902.029998294
-3213293.5515230866 -1172719.8190349129 5374859.419350693
-3207340.2934509926 -1181597.0474293008 5376470.743853449
-3211282.855456738 -1176306.7346869395 5375277.284771435
-3208471.9954621242 -1180424.2617289748 5376053.107685684
-3210497.0985863665 -1181169.3144717568 5374680.309610874
-3212601.2466035984 -1177616.4569906914 5374202.611601623
-3212177.3512664293 -1180132.828765736 5373903.997140288
-3218585.252132542 -1174905.7068215567 5371214.625653404
-3215471.2388913394 -1182043.6824102595 5371513.608354407
-3212714.09931413 -1182748.9734929402 5373007.908217668
-3211716.8879399244 -1185183.3462416271 5373067.658936838
-3216158.7232299764 -1181531.8498283022 5371214.625653404
-3215731.959700731 -1185134.7885405605 5370676.353714699
-3210624.8190859277 -1187327.6755049306 5373246.901273894
-3212198.1431878065 -1185233.5443166313 5372768.88897405
-3212963.6089260154 -1184241.9212069553 5372529.84354421
-3215426.3623732794 -1184066.122417971 5371095.0211197175
-3207558.6872194726 -1190204.6520575043 5374441.4737034375
-3212425.886198226 -1185699.7958633401 5372529.84354421
-3211923.3601689637 -1187871.6172973723 5372350.542287821
-3218189.0522095202 -1184700.7772940553 5369300.16785406
-3209118.6286504157 -1194353.1882040193 5372589.607356564
-3214064.310315319 -1189109.8090513404 5370795.981153557
-3211309.2793611526 -1193573.4684886641 5371453.815086648
-3217908.665158429 -1188170.1991602853 5368701.5562914
-3208372.296366091 -1197965.89736746 5372230.999934305
-3212481.939276277 -1192031.486130598 5371095.0211197175
-3209910.7211331395 -1195987.6225930422 5371752.7650627
-3216432.815200884 -1189730.8078710083 5369240.314057615
-3208481.0440357593 -1197942.697021515 5372171.226302827
-3208896.668582607 -1194143.0550951608 5372768.88897405
-3208947.360682615 -1194544.5108625637 5372649.369532335
-3212370.921351992 -1193138.5750727803 5370915.602048262
-3211387.725835591 -1198197.812279164 5370377.256487847
-3214234.922419457 -1196193.474912869 5369120.601558048
-3213382.2410077113 -1198750.3129133936 5369060.742854964
-3210890.053283648 -1198459.0407738031 5370616.537541259
-3212474.706125995 -1196623.6940563596 5370078.118363234
-3209827.2176235407 -1196211.7137214257 5371752.7650627
-3209300.085658074 -1196015.2665642998 5372111.451034891
-3205753.7138253506 -1198008.2825514285 5373784.539896733
-3208370.9038376934 -1195286.3596439979 5372828.646239959
-3203716.153492222 -1197565.4666843142 5375098.209415171
-3204810.6703727595 -1195170.396553345 5374978.817657556
-3200147.0242824364 -1198268.7725866705 5377067.227738548
-3204063.933567743 -1193681.7874267066 5375754.747007734
-3198276.353091709 -1198714.0932705735 5378080.874424344
-3198175.727571698 -1197912.5207923674 5378319.31072339
-3203200.865240067 -1193041.9298366574 5376411.086456923
-3197255.1243708543 -1199031.4436717099 5378617.319234642
-3200127.383609165 -1194569.162675389 5377902.029998294
-3197280.0163852256 -1197895.1926157048 5378855.6965521835
-3202631.5983555857 -1192957.2072949975 5376769.006269217
-3197049.938692705 -1199845.628999478 5378557.72080916
-3199744.3390676933 -1196399.0398438717 5377723.1708284225
-3198991.9297151766 -1199746.464350452 5377425.039449249
-3204502.0470128627 -1196265.8949534968 5374919.119322772
-3199809.3307265844 -1203175.439025037 5376172.440493516
-3200631.559607524 -1201253.5332354726 5376112.774908429
-3200710.273322689 -1202111.6620937574 5375874.096191687
-3204896.100565016 -1198962.9096344935 5374083.170728189
-3200397.121397191 -1204544.18243197 5375516.028989391
-3199385.396518944 -1204035.898019664 5376232.104440927
-3201136.198547671 -1202845.425290648 5375456.3453910705
-3204619.2061829194 -1200772.4648231685 5373844.269336994
-3202145.7295080996 -1204691.8995035505 5374441.4737034375
-3198909.084349023 -1205832.9492660633 5376112.774908429
-3201533.311479648 -1203122.1779373556 5375157.902837966
-3203438.287335949 -1202051.8092237413 5374262.329582736
-3202552.553820259 -1204143.1338030403 5374322.045926754
-3201260.2493109587 -1203848.5518287201 5375157.902837966
-3202285.399773673 -1203787.5248851897 5374560.894931525
-3203840.995105367 -1204180.8422454577 5373545.6057663895
-3197426.8444318203 -1209227.4118979722 5376232.104440927
-3201542.192358121 -1205230.3348455494 5374680.309610874
-3200538.0376320714 -1205234.9901535707 5375277.284771435
-3202256.826702242 -1203330.2893719776 5374680.309610874
-3194400.0579925193 -1208210.174053421 5378259.704106078
-3197699.447005413 -1203720.0023830873 5377305.775431051
-3196646.9820378693 -1204916.5276405762 5377663.547828811
-3201296.303139207 -1201885.5000993698 5375575.710950236
-3193781.964308197 -1207721.53572872 5378736.511170326
-3197139.877555697 -1202808.6281578396 5377842.411913183
-3195480.3828316517 -1204285.7169615624 5378498.120745275
-3199158.9684614474 -1200637.143113421 5377126.867118641
-3191723.5340752397 -1207325.1909542987 5380047.189878304
-3194993.1803804263 -1202382.959955875 5379213.213373338
-3193562.8219575416 -1204581.6268412506 5379570.671204819
-3198397.211578698 -1200797.0734808717 5377544.296915218
-3192331.2192473416 -1207045.5735168746 5379749.377998207
-3195042.9780702395 -1202783.6857802602 5379094.047653834
-3193872.1584138097 -1204825.656047024 5379332.372538433
-3197513.6243119948 -1201547.909190222 5377902.029998294
-3193166.850470094 -1205896.679170787 5379511.098996243
-3194771.5356791336 -1202172.236709429 5379391.949663033
-3194863.3393534333 -1202461.414352006 5379272.793775196
-3193096.3941561794 -1205551.6908909648 5379630.241774684
-3192764.526147742 -1203771.3257010768 5380225.857340234
-3193073.952195309 -1204015.2941166693 5379987.630779924
-3191039.6226815376 -1203820.757472191 5381238.027661994
-3191910.6838020426 -1203640.2901102144 5380761.771222898
-3191073.9166164445 -1203197.52574065 5381357.075379942
-3193942.641633882 -1202242.1728458814 5379868.507666669
-3188146.559562559 -1206162.9581234297 5382428.209758153
-3191463.5523496615 -1202962.7303848022 5381178.5013441825
-3189803.5996913533 -1204435.7166132543 5381833.200680081
-3196530.8363923323 -1200160.0211083903 5378796.1046804935
-3187862.432186238 -1207709.410111432 5382249.724249511
-3192288.6610306427 -1202637.4624139273 5380761.771222898
-3189038.900937078 -1205927.9568799937 5381952.215611476
-3197589.9352068678 -1199475.3011894918 5378319.31072339
-3186772.7821975145 -1209523.2020292513 5382487.701648562
-3190411.12571843 -1204156.1616961285 5381535.6346624065
-3186688.8178200866 -1208155.2842383701 5382844.61855879
-3195773.0604870412 -1200575.5937814175 5379153.631332878
-3185506.463813023 -1211269.326557115 5382844.61855879
-3187588.1732906895 -1206842.143952718 5382606.680510562
-3185609.8223094875 -1209145.4157222921 5383260.947013723
-3186782.851528813 -1210290.6700910116 5382309.221058609
-3185139.0936841685 -1208267.192983534 5383736.652571751
-3185838.4165901216 -1208278.0651054785 5383320.415948089
-3190575.3713849024 -1203454.7888012547 5381595.151144632
-3187714.8588558873 -1208098.8719659704 5382249.724249511
-3182766.7205909938 -1208956.0958235383 5384984.880263784
-3186610.6579261385 -1205709.0409946984 5383439.348897245
-3187835.75835637 -1204328.4304521976 5383023.054878088
-3189434.8599225157 -1204614.5082312487 5382011.720618028
-3181279.935660855 -1208899.6549243396 5385876.028584902
-3187025.255389683 -1202751.1392555246 5383855.562561821
-3185305.844969479 -1204643.399339565 5384450.014108302
-3190765.548975526 -1201618.5254293627 5381892.708965488
-3187842.5627041054 -1201915.5927113509 5383558.275286843
-3183908.411217413 -1206211.4444891976 5384925.457252151
-3189870.0861723307 -1200264.2958452154 5382725.65281402
-3180091.8309010146 -1208321.1360556374 5386707.433970945
-3186251.6757976874 -1200807.679628979 5384747.178375276
-3182698.914428217 -1205689.7105554251 5385757.230135632
-3188421.236858754 -1199846.188112489 5383677.195116737
-3181255.1026307573 -1207111.396893548 5386291.771476502
-3185874.8074996946 -1200475.1477505085 5385044.301635055
-3186507.2567143957 -1200395.9141899815 5384687.748802384
-3185522.9995723027 -1200342.582380199 5385281.9707161775
-3185274.7655421593 -1202598.6395460665 5384925.457252151
-3184856.8527223975 -1201043.8458834353 5385519.613550089
-3183331.183704017 -1202690.1426409297 5386054.213954026
-3183688.3277540966 -1200412.782272615 5386351.156755271
-3185200.424600743 -1200665.4521040998 5385400.795414107
-3182309.7420023195 -1201669.5771122193 5386885.55042708
-3183612.9355634293 -1199813.2134473175 5386529.302746846
-3182125.750995514 -1199760.1772546598 5387419.811182817
-3184312.121857063 -1198490.217287787 5386410.540393263
-3179016.46980292 -1202137.996871342 5388725.222276595
-3181819.4528094945 -1198439.7232058612 5387894.598037841
-3180491.8296851097 -1200095.2462370084 5388309.950370858
-3184512.4886259693 -1197423.6010847667 5386529.302746846
-3177896.915182512 -1203236.384661095 5389140.413748854
-3181362.856030141 -1198584.767669469 5388131.952076013
-3179909.4337996384 -1200572.9616597914 5388547.258451344
-3184160.4912022897 -1197291.2448688182 5386766.807763899
-3176818.9881021907 -1204223.1363544194 5389555.524781436
-3180168.9745812993 -1199085.8067338576 5388725.222276595
-3179565.8068981115 -1200950.4857808265 5388665.902642987
-3184512.4886259693 -1197423.6010847667 5386529.302746846
-3177203.3737140195 -1205066.5222132264 5389140.413748854
-3179963.882329811 -1199896.035817587 5388665.902642987
-3180521.153243086 -1200550.2297069645 5388191.286482304
-3184395.7844983977 -1198267.9074435697 5386410.540393263
-3176867.7417744715 -1207540.280832807 5388784.540268704
-3178461.305638939 -1204401.5825265716 5388547.258451344
-3179566.2603156953 -1205201.065595284 5387716.565276059
-3183971.6622868627 -1203122.633564723 5385579.020157305
-3177806.078262136 -1210627.212972633 5387538.517743547
-3177824.2904001377 -1208729.1385819418 5387953.9390092995
-3180000.402376889 -1208032.345698967 5386826.179915951
-3184143.646529548 -1205855.7331680856 5384866.032600177
-3179115.9013492013 -1212206.4907139426 5386410.540393263
-3177467.883466509 -1211514.5766223888 5387538.517743547
-3180284.9463209417 -1209665.082875805 5386291.771476502
-3183153.4061517552 -1208467.2953180426 5384866.032600177
-3180572.9855874125 -1213397.9475962776 5385281.9707161775
-3176939.425206981 -1214743.799482135 5387123.016062029
-3181211.1125765615 -1211987.98697634 5385222.555906528
-3183387.3990404317 -1211290.3564463921 5384093.362861622
-3182656.095372026 -1214001.7663933095 5383915.015096841
-3176811.3750018408 -1216919.6803655801 5386707.433970945
-3181593.1205635737 -1212833.058522713 5384806.606307879
-3182450.080500065 -1213223.350388426 5384212.253171063
-3183869.9043304 -1213191.8500377391 5383379.883242602
-3176553.639414419 -1217329.5916456394 5386766.807763899
-3181414.3183618058 -1212510.5254194415 5384984.880263784
-3179855.4568886426 -1213696.431206595 5385638.425123978
-3181861.770387304 -1211599.9727572964 5384925.457252151
-3172826.04143852 -1216282.1572428513 5389199.720249959
-3177683.5057549844 -1209627.9583618562 5387835.255425136
-3175178.6012891196 -1211974.8464702868 5388784.540268704
-3179367.631285835 -1208109.4682727102 5387182.378368281
-3178189.9147369214 -1208296.7873260607 5387835.255425136
-3174958.522128343 -1213605.3008293542 5388547.258451344
-3179810.183614508 -1210119.816945566 5386469.922390461
-3175842.6889262474 -1216294.3694963804 5387419.811182817
-3178822.749061674 -1213238.701232837 5386351.156755271
-3174021.535577347 -1217630.0554632314 5388191.286482304
-3179369.715555256 -1211540.6316547734 5386410.540393263
-3176121.51836686 -1215829.109587273 5387360.455440791
-3176245.652767075 -1213398.4562690922 5387835.255425136
-3174343.854627728 -1215212.1362230042 5388547.258451344
-3178186.251193288 -1209628.816023998 5387538.517743547
-3177105.0643810057 -1212201.9701965773 5387597.868562213
-3173064.7334338804 -1212500.596578539 5389911.270209823
-3173966.1735503017 -1211194.733769879 5389674.113158101
-3176045.1292281537 -1208115.86282316 5389140.413748854
-3178365.707677697 -1208363.620980207 5387716.565276059
-3170307.731602823 -1212334.9314565207 5391570.633953494
-3173907.1905583083 -1208444.1485155392 5390326.231837997
-3174047.5888139233 -1207546.2742237954 5390444.777525575
-3180003.8820741493 -1203780.3125972198 5387775.911171203
-3168996.960222257 -1210756.054425135 5392695.897487172
-3174267.7954308763 -1203256.0667002776 5391274.413423914
-3172451.6156777157 -1204594.4716542712 5392044.501396833
-3180905.297594976 -1197398.128203422 5388665.902642987
-3168419.536691173 -1206987.9612481755 5393879.744758467
-3173253.803594698 -1198756.2443312488 5392873.516470474
-3171333.913794512 -1203030.2644026177 5393051.120668907
-3181636.152954818 -1195454.8004436244 5388665.902642987
-3170653.425066529 -1207205.298847572 5392518.263719487
-3174180.800052558 -1200562.6932396924 5391926.044390702
-3173219.894631973 -1203365.5997283973 5391866.813423915
-3173415.4805941745 -1204706.974569248 5391452.150668636
-3173115.9419959337 -1199653.5296540668 5392755.105457673
-3173924.9271782045 -1199642.8244428334 5392281.395698823
-3175681.1973162047 -1200053.2684081367 5391155.913716025
-3172511.902917828 -1198855.6286373266 5393287.903267292
-3176189.9247247465 -1196572.552427766 5391629.8731323825
-3177555.2700373167 -1195883.803832764 5390978.151837434
-3178182.085719923 -1197956.5289670664 5390148.40099177
-3171451.9959165407 -1200859.454525277 5393465.472965804
-3177733.813906708 -1194874.7195457835 5391096.66139871
-3175587.025898149 -1197104.969184066 5391866.813423915
-3178952.8082240834 -1194573.2055974912 5390444.777525575
-3170592.558595703 -1200470.760776381 5394057.265166781
-3177494.0551399635 -1192569.6193033995 5391748.346562989
-3178085.103903971 -1192601.6096790528 5391392.906562702
-3177008.1645549606 -1191185.46514038 5392340.615167908
-3176395.134127532 -1192283.6721294362 5392459.0491782585
-3169753.2275681198 -1198698.3564018903 5394944.6453769
-3175349.3811675557 -1190247.4759592037 5393524.659579445
-3171716.20633312 -1195898.68223984 5394412.261618577
-3170529.1439862717 -1195577.5072392968 5395181.217653134
-3175769.7916565896 -1189393.7204841883 5393465.472965804
-3174319.100278092 -1193527.5018485254 5393406.28470922
-3173849.34060104 -1191833.7062140056 5394057.265166781
-3173065.963030959 -1192045.0797256937 5394471.42194267
-3175105.98569011 -1187944.6679168479 5394175.603890067
-3174592.4655642803 -1189584.6163554608 5394116.435349995
-3171075.1269912086 -1190918.2444035995 5395890.776704467
-3173518.650704915 -1187350.7771489937 5395240.356613571
-3175359.4448371646 -1186460.2953181092 5394353.099651253
-3177423.0354212546 -1185777.992056304 5393287.903267292
-3172403.6724799075 -1189522.2127811161 5395417.763633907
-3175064.5249501904 -1182941.0945587466 5395299.493930525
-3174750.587488301 -1181625.353546339 5395772.533298561
-3177534.2121986044 -1179000.6022178647 5394708.0468063615
-3171465.2131748702 -1183428.4795955925 5397309.184705258
-3175019.23108369 -1176302.5360093769 5396777.392669318
-3175542.967319303 -1176244.4552290072 5396481.895110177
-3178511.7041704464 -1174190.7745908822 5395181.217653134
-3171666.8001492904 -1180729.688535271 5397781.776937834
-3174539.900658203 -1174612.915038743 5397427.342628448
-3175571.554796509 -1175624.8003223697 5396600.099065547
-3179484.700536728 -1173730.4327551392 5394708.0468063615
-3172767.4324301933 -1181013.3279933326 5397072.84912965
-3174491.0161442067 -1175287.774596496 5397309.184705258
-3175822.2498840042 -1176032.746523151 5396363.684579358
-3179341.27858411 -1174118.8713302617 5394708.0468063615
-3172157.8192732874 -1182110.342157306 5397191.02020561
-3172876.848561231 -1176390.586869149 5398018.033592497
-3174359.88022107 -1176184.2722357737 5397191.02020561
-3178131.5130752083 -1173861.2141601024 5395476.896020301
-3171669.442501667 -1181802.2626357311 5397545.493975037
-3171502.5590573936 -1176573.6842053377 5398785.686015688
-3173620.1634850446 -1175469.245228898 5397781.776937834
-3177372.016799337 -1172383.436267798 5396245.467473234
-3172473.1349687553 -1179643.1021166048 5397545.493975037
-3171927.2762556695 -1175157.007733573 5398844.724690641
-3174290.2210804014 -1173386.9011810082 5397840.843567933
-3177904.1480893763 -1170122.7670332137 5396422.79066669
-3174232.2789298915 -1175443.9673784345 5397427.342628448
-3172367.186737589 -1171795.049162713 5399316.974883804
-3174836.9392660675 -1167546.369761727 5398785.686015688
-3176556.1501561473 -1165598.778481936 5398195.208818089
-3174333.9190577143 -1168367.811091345 5398903.761721014
-3170408.35856344 -1167299.93818334 5401440.797997165
-3172394.78340072 -1162438.669214265 5401322.863759143
-3172342.8320625075 -1163675.8305140047 5401086.975539199
-3171344.505141892 -1164754.1952867499 5401440.797997165
-3166488.3474072577 -1166484.260430244 5403915.896449774
-3169797.432443054 -1160483.019427414 5403267.936989434
-3169301.6427552267 -1163752.805560642 5402855.495455969
-3170998.688133425 -1161864.3328595753 5402266.153373497
-3166501.6250333316 -1166175.332580117 5403974.791978857
-3172775.518067273 -1159752.5236618144 5401676.646728587
-3169923.691386379 -1165613.9086445658 5402089.318658263
-3173369.9741376997 -1163612.7577513563 5400497.139823293
-3174457.970422118 -1163383.2033053383 5399907.139598837
-3170394.5790688316 -1171695.29134984 5400497.139823293
-3173653.7246913784 -1168306.1415930968 5399316.974883804
-3170079.2115225247 -1173906.052821107 5400202.160273511
-3176985.725857829 -1166889.0010052263 5397663.638744881
-3172831.3283382184 -1175428.9701177573 5398254.263937875
-3173094.7968953094 -1172000.8739740555 5398844.724690641
-3168741.208684262 -1176430.1809355805 5400438.147203436
-3169240.0404395834 -1175356.7843772525 5400379.152938511
-3167667.053974659 -1170373.091804822 5402384.03495556
-3165421.5870518154 -1169920.1963229196 5403798.100453245
-3170222.1367064966 -1161517.04321616 5402796.568653542
-3167547.182448798 -1164426.2559291224 5403739.199985836
-3162560.7739156107 -1162405.230250256 5407093.898942124
-3162213.8049835013 -1158144.7443168801 5408210.942888874
-3163935.903348279 -1152328.9868897514 5408446.034257654
-3163500.6664086203 -1152420.6263649722 5408681.099266325
-3151522.379611099 -1154104.3007106977 5415310.790147825
-3153457.3246507444 -1149634.8387005883 5415135.052725134
-3154494.2264465056 -1147892.6094941332 5414900.713068007
-3161605.586829357 -1144360.4241945134 5411499.822864891
-3149238.1942861914 -1152644.502959724 5416950.29010289
-3151941.8437689836 -1148272.2156488877 5416306.355097261
-3152216.941974876 -1148621.7152399844 5416072.14741511
-3150234.322564668 -1149643.4924362856 5417008.819748628
-3154514.3015964185 -1142852.3938961977 5415955.033674983
-3155603.575255867 -1145116.5214346952 5414842.124029997
-3163897.911609051 -1136890.592105465 5411734.545087921
-3153987.32743834 -1148456.2505044565 5415076.470285124
-3156287.552179327 -1144616.6807317073 5414549.15409848
-3156897.314425393 -1147644.1049971983 5413552.747913234
-3164036.7905795565 -1141244.7324710337 5410736.793493668
-3157140.506067023 -1150290.9538695184 5412849.115428659
-3156590.8553598532 -1147657.4455902213 5413728.618931676
-3159205.753422459 -1148483.3044208295 5412027.9107751325
-3163967.608886687 -1144216.1705514197 5410149.658277902
-3161126.927861555 -1149556.5147482483 5410678.087388718
-3157882.673204615 -1148251.9217825248 5412849.115428659
-3162420.2325732564 -1145716.6421699447 5410736.793493668
-3164540.3173833755 -1144298.3761903981 5409797.298042057
-3164491.4653355307 -1144155.807895004 5409856.028867932
-3160075.715326137 -1143869.0587478965 5412497.210146644
-3164689.137476453 -1136364.2122185887 5411382.451862682
-3164494.039822223 -1132429.829357991 5412321.235247392
-3163741.530495755 -1129482.8363472952 5413376.862053228
-3161621.72612202 -1126424.6686894181 5415252.212656504
-3166420.454577125 -1116563.7164422597 5414490.5551640075
-3163287.323493525 -1121173.0191754997 5415369.36598955
-3164821.2514683623 -1115130.4004635399 5415720.786397343
-3160548.7191484943 -1116726.4425065026 5417886.56641089
-3166190.9716147566 -1104939.4454135364 5417008.819748628
-3165068.236891825 -1110438.0548053943 5416540.536380992
-3168696.3796118977 -1103208.7894736645 5415896.474330219
-3170374.910343168 -1102986.718988825 5414959.3004565425
-3172371.124640702 -1094627.0040743926 5415486.512724134
-3171955.7134710215 -1093802.2358342651 5415896.474330219
-3176685.4169397335 -1084092.9769935913 5415076.470285124
-3176467.7328006644 -1090274.00078992 5413963.090535227
-3179151.646248238 -1085058.514838139 5413435.492322261
-3177940.4946630183 -1082168.6678298044 5414724.941005631
-3179028.8713686788 -1081610.594837052 5414197.535751778
-3178454.9182844856 -1080363.1886896717 5414783.533342534
-3176659.943946597 -1073880.749800767 5417125.874089741
-3176966.1280032047 -1073860.6874611557 5416950.29010289
-3176660.3806636054 -1078887.4115627322 5416130.701810437
-3175454.10114763 -1081260.1399351656 5416364.902893091
-3174877.485871172 -1071179.289431604 5418705.461602536
-3175590.4345013355 -1071728.5103101307 5418179.066115483
-3177349.280789897 -1074793.5455730276 5416540.536380992
-3175647.6330354083 -1079223.5031071992 5416657.617123093
-3175814.6404798715 -1068100.9844784888 5418763.941737063
-3176382.5398113946 -1068785.6787852047 5418296.054444143
-3177450.192025602 -1071244.3543636468 5417184.398785081
-3175608.832541572 -1076985.0541912885 5417125.874089741
-3174172.7725940375 -1063480.3892418602 5420634.434401628
-3176894.242091847 -1064885.5892976867 5418763.941737063
-3175499.5727065257 -1073179.7081417756 5417945.069652645
-3176039.5942642586 -1060284.6391021232 5420166.969729789
-3177473.2648262703 -1058976.0536536414 5419582.4902941035
-3179911.5266901 -1060035.331793252 5417945.069652645
-3179276.1512269466 -1070562.404540041 5416247.805651531
-3179979.781392112 -1056236.004902977 5418646.9798173765
-3179471.281465637 -1054465.3722901768 5419290.188666427
-3181103.1874476443 -1055253.1062822766 5418179.066115483
-3180889.1604854213 -1054997.2327495634 5418354.546132721
-3181871.598079378 -1053535.7260781343 5418062.071184937
-3184557.304958598 -1055350.1752220464 5416130.701810437
-3185676.927074872 -1057078.936054617 5415135.052725134
-3185668.4354411243 -1055903.522740612 5415369.36598955
-3188749.9778612857 -1057419.083832176 5413259.5965681495
-3188509.303222599 -1067107.8157319364 5411499.822864891
-3189674.8083700226 -1062424.0350969513 5411734.545087921
-3189303.0777568053 -1059950.8398248067 5412438.55349561
-3192276.327393344 -1061186.4709394046 5410443.246487225
-3191199.484793571 -1067698.4791363638 5409797.298042057
-3192562.61476174 -1064809.8623355343 5409562.358259554
-3191815.661679899 -1060476.5909647774 5410854.200758937
-3193700.640587809 -1062588.529611175 5409327.392111498
-3192275.333868833 -1064775.959991608 5409738.565568265
-3193059.4011895177 -1065409.0739142133 5409151.150198753
-3192436.0391630665 -1059507.3244222526 5410678.087388718
-3192630.9344673664 -1059819.4496890956 5410501.959184816
-3193048.737156741 -1061257.5783041469 5409973.485575855
-3190858.0269096866 -1060962.3812730473 5411323.763888966
-3188054.4413548494 -1054409.9286671756 5414256.142932813
-3188192.3715328113 -1055196.3738213328 5414021.70431319
-3188144.7761339033 -1045373.1198097226 5415955.033674983
-3186500.978091179 -1046743.8920224586 5416657.617123093
-3184450.2067715353 -1049950.9543177572 5417242.921830251
-3185285.1166044753 -1040127.2201293652 5418646.9798173765
-3184603.3206000193 -1054008.5052461624 5416364.902893091
-3184106.589579384 -1042818.2029040407 5418822.42022094
-3181654.5706992717 -1043921.5711010693 5420050.0870507015
-3184500.348864338 -1037042.4043140074 5419699.399389004
-3183960.86833381 -1050529.0048061737 5417418.481064571
-3183582.066786903 -1043507.8205692722 5418997.845768495
-3180531.636966221 -1040664.0314408141 5421335.433260178
-3183294.825492666 -1036772.7252940655 5420459.147533346
-3182750.7615290415 -1048159.0036188543 5418588.496381603
-3181520.36028245 -1045846.0826743335 5419757.851460061
-3178231.6753696655 -1038867.6329600811 5423028.531998043
-3181439.752795563 -1037274.155236986 5421452.243284036
-3182032.317275251 -1043983.9968552734 5419816.301880165
-3181899.4541745516 -1045601.4988614216 5419582.4902941035
-3177609.2597990315 -1031916.0305354984 5424720.241446862
-3181228.724932027 -1032416.3176162847 5422503.23621729
-3183171.636691098 -1034705.1331324272 5420926.546157467
-3184521.80779958 -1042461.8764083987 5418646.9798173765
-3180435.87905083 -1029644.0238853031 5423495.349248809
-3183550.662113458 -1033538.3703192853 5420926.546157467
-3185314.6669470514 -1033619.446317737 5419874.7506492995
-3185696.943226395 -1045555.841420022 5417359.962970014
-3182561.132303044 -1031068.52509402 5421977.806641633
-3183568.2428259375 -1034096.8862601202 5420809.706408933
-3185063.229653098 -1030098.1215676494 5420692.860055306
-3186771.909147205 -1042274.8345229332 5417359.962970014
-3185006.683650003 -1027194.6431671863 5421277.025771091
-3186827.1503309924 -1029869.9598375078 5419699.399389004
-3190457.111687784 -1025080.8534120017 5418471.524558282
-3192597.6028808737 -1024600.7121357515 5417301.443225235
-3195390.463158719 -1027342.7610597487 5415135.052725134
-3201737.822038754 -1026116.6294989026 5411617.187273352
-3202765.2191117085 -1029713.8021673186 5410325.816147716
-3207149.8766143853 -1032729.5327215939 5407152.705553725
-3210308.949334032 -1035231.146831397 5404799.156532643
-3212534.367632977 -1036320.1908092553 5403267.936989434
-3211386.8158958014 -1035269.3476363401 5404151.468689164
-3211494.0682095387 -1035551.4337424003 5404033.685861794
-3211925.4230034878 -1035442.9808549379 5403798.100453245
-3214083.021820389 -1034281.0642927076 5402737.64020533
-3213560.356851386 -1035289.0070383424 5402855.495455969
-3213200.7373383157 -1035482.667289655 5403032.26598835
-3211589.4894731827 -1030943.0901386555 5404858.02736767
-3212287.577303246 -1033703.2963092852 5403915.896449774
-3212775.6266376413 -1029406.7805471391 5404445.896948797
-3213493.7001156705 -1027472.7421467871 5404387.014589376
-3212739.3928825064 -1027973.2756131717 5404740.284051221
-3211553.8689912693 -1028891.7047201903 5405270.077112261
-3211355.9226023806 -1027963.1353270587 5405564.348962574
-3211336.8922074675 -1026474.2479002952 5405858.57964716
-3211334.581172274 -1024620.5740649697 5406211.602126748
-3211474.635266074 -1022627.6576452369 5406505.742238849
-3211649.0595864328 -1020522.8049850448 5406799.841178055
-3211857.6339730457 -1018305.9987606509 5407093.898942124
-3212100.126558668 -1015977.2182262159 5407387.915528819
-3212233.2135927402 -1013676.2341754027 5407740.681075566
-3212472.310042409 -1011347.7868701903 5408034.607064156
-3212709.7006854415 -1009019.4761094758 5408328.491868205
-3212837.7351409076 -1006719.1535348202 5408681.099266325
-3213054.201179573 -1004447.2620498332 5408974.893456512
-3213234.0581321907 -1002287.6823238985 5409268.646455001
-3213304.8401143667 -1000156.2906386278 5409621.095676994
-3213429.5138257477 -998165.3522092975 5409914.758045871
-3213500.771773852 -996342.8542781002 5410208.37921589
-3213446.0511349333 -994604.8009935186 5410560.670234273
-3213428.6007551667 -993063.1631361924 5410854.200758937
-3213233.6115241493 -991774.2880265004 5411206.382996402
-3213041.8857033243 -990793.8775796272 5411499.822864891
-3212746.171675632 -990150.0713867601 5411793.221522452
-3212204.569868899 -989983.1527947072 5412145.245509955
-3211472.8425757387 -990432.8001198766 5412497.210146644
-3209489.8835637835 -994608.0952856768 5412907.760538132
-3209924.41515048 -1002116.0337208709 5411265.074266868
-3208412.3971522585 -999984.948107493 5412555.865148936
-3206974.5355248214 -998247.3486343332 5413728.618931676
-3205459.2744198577 -996119.0351647651 5415017.886195589
-3203921.343705035 -993740.5406137161 5416364.902893091
-3202342.8354816134 -991168.2063161759 5417769.55497625
-3200779.095151678 -988542.0580397641 5419173.25645956
-3199212.7804469117 -985918.0172369385 5420576.00709673
-3197643.8936340273 -983296.0865327452 5421977.806641633
-3196184.942738241 -980954.9387455989 5423261.953839586
-3194875.897857622 -979089.0358914962 5424370.3466011165
-3193808.2562180064 -977725.3266771231 5425244.972172944
-3192903.9508889904 -976473.3865155337 5426002.680226427
-3191964.9874968505 -975333.3986546056 5426760.108947426
-3191297.2889695102 -974276.8547741872 5427342.556322308
-3190827.379071324 -973220.2536395047 5427808.395188125
-3190628.949424729 -972246.7925767066 5428099.4907441735
-3191024.8646739796 -971271.9653019177 5428041.27493988
