-37.554 24.791
-37.342 24.854
-37.148 24.923
-37.009 25.054
-36.904 25.144
-36.846 25.191
-36.796 25.249
-36.743 25.28
-36.716 25.309
-36.693 25.346
-36.677 25.381
-36.677 25.409
-36.711 25.465
-36.742 25.53
-36.825 25.545
-36.954 25.616
-37.066 25.69
-37.194 25.715
-37.316 25.789
-37.434 25.832
-37.586 25.87
-37.709 25.946
-37.827 25.969
-37.948 26.018
-38.03 26.049
-38.101 26.067
-38.17 26.091
-38.228 26.122
-38.267 26.141
-38.31 26.134
-38.351 26.154
-38.363 26.176
-38.38 26.2
-38.377 26.193
-38.381 26.201
-38.384 26.217
-38.4 26.231
-38.456 26.259
-38.477 26.35
-38.455 26.408
-38.457 26.47
-38.484 26.558
-38.519 26.686
-38.546 26.83
-38.581 26.997
-38.624 27.16
-38.674 27.341
-38.726 27.512
-38.799 27.707
-38.851 27.907
-38.919 28.097
-38.994 28.301
-39.069 28.498
-39.148 28.679
-39.215 28.855
-39.273 29.027
-39.335 29.2
-39.377 29.381
-39.45 29.59
-39.519 29.821
-39.592 30.018
-39.708 30.21
-39.833 30.393
-39.983 30.546
-40.138 30.711
-40.282 30.858
-40.408 30.991
-40.484 31.096
-40.546 31.147
-40.618 31.182
-40.68 31.211
-40.724 31.222
-40.77 31.22
-40.822 31.239
-40.839 31.254
-40.88 31.262
-40.912 31.309
-40.916 31.362
-40.916 31.417
-40.905 31.453
-40.89 31.478
-40.895 31.486
-40.917 31.538
-40.9 31.558
-40.904 31.553
-40.909 31.579
-40.887 31.599
-40.875 31.575
-40.887 31.598
-40.863 31.599
-40.866 31.586
-40.869 31.603
-40.857 31.609
-40.86 31.6
-40.864 31.643
-40.845 31.65
-40.866 31.648
-40.879 31.683
-40.875 31.706
-40.878 31.725
-40.876 31.751
-40.843 31.762
-40.821 31.75
-40.798 31.757
-40.772 31.747
-40.765 31.736
-40.754 31.739
-40.749 31.736
-40.756 31.728
-40.764 31.729
-40.769 31.711
-40.802 31.702
-40.834 31.701
-40.885 31.708
-40.94 31.747
-40.935 31.812
-40.909 31.837
-40.9 31.858
-40.874 31.853
-40.899 31.824
-40.923 31.841
-40.929 31.84
-40.953 31.847
-40.966 31.887
-40.95 31.92
-40.938 31.945
-40.894 31.99
-40.842 31.967
-40.838 31.958
-40.824 31.977
-40.792 31.979
-40.816 31.946
-40.822 31.954
-40.832 31.951
-40.812 31.985
-40.751 31.931
-40.775 31.878
-40.79 31.897
-40.78 31.911
-40.793 31.931
-40.783 31.983
-40.744 32.001
-40.728 32.013
-40.711 32.038
-40.717 32.074
-40.696 32.174
-40.601 32.223
-40.541 32.214
-40.529 32.255
-40.467 32.317
-40.418 32.328
-40.383 32.377
-40.338 32.405
-40.29 32.424
-40.246 32.452
-40.179 32.479
-40.123 32.507
-40.059 32.548
-39.982 32.581
-39.891 32.572
-39.824 32.586
-39.717 32.609
-39.602 32.592
-39.478 32.595
-39.339 32.589
-39.197 32.573
-39.075 32.559
-38.941 32.568
-38.812 32.539
-38.7 32.514
-38.564 32.523
-38.437 32.546
-38.373 32.619
-38.35 32.707
-38.337 32.777
-38.329 32.825
-38.314 32.865
-38.282 32.945
-38.255 33.103
-38.271 33.339
-38.307 33.547
-38.375 33.741
-38.451 33.951
-38.567 34.122
-38.712 34.277
-38.892 34.438
-39.132 34.546
-39.368 34.619
-39.582 34.649
-39.75 34.706
-39.902 34.762
-40.032 34.831
-40.165 34.891
-40.309 34.989
-40.446 35.105
-40.602 35.207
-40.748 35.351
-40.895 35.492
-41.053 35.647
-41.181 35.778
-41.261 35.925
-41.319 36.07
-41.364 36.222
-41.382 36.375
-41.394 36.539
-41.375 36.726
-41.317 36.92
-41.235 37.132
-41.134 37.339
-41.013 37.479
-40.904 37.604
-40.782 37.729
-40.639 37.858
-40.519 37.931
-40.404 38.034
-40.223 38.172
-40.015 38.254
-39.787 38.296
-39.587 38.365
-39.359 38.443
-39.165 38.521
-38.99 38.625
-38.804 38.745
-38.643 38.849
-38.523 39.002
-38.452 39.169
-38.417 39.264
-38.385 39.363
-38.332 39.465
-38.287 39.605
-38.261 39.758
-38.249 39.965
-38.268 40.197
-38.374 40.463
-38.516 40.586
-38.64 40.672
-38.732 40.725
-38.811 40.787
-38.882 40.855
-38.992 40.979
-39.125 41.079
-39.293 41.142
-39.433 41.182
-39.544 41.199
-39.624 41.202
-39.69 41.216
-39.739 41.245
-39.795 41.292
-39.82 41.351
-39.892 41.386
-39.95 41.477
-40.014 41.552
-40.093 41.654
-40.176 41.774
-40.288 41.88
-40.385 41.984
-40.468 42.072
-40.521 42.199
-40.538 42.278
-40.59 42.374
-40.615 42.5
-40.634 42.606
-40.649 42.733
-40.655 42.864
-40.653 43.014
-40.654 43.144
-40.676 43.316
-40.681 43.505
-40.726 43.671
-40.79 43.855
-40.853 44.041
-40.953 44.216
-41.031 44.366
-41.116 44.454
-41.22 44.57
-41.28 44.691
-41.375 44.799
-41.467 44.933
-41.538 45.047
-41.619 45.143
-41.682 45.257
-41.728 45.366
-41.758 45.422
-41.789 45.482
-41.802 45.578
-41.824 45.645
-41.837 45.742
-41.825 45.812
-41.836 45.889
-41.798 45.983
-41.783 46.043
-41.744 46.182
-41.695 46.28
-41.67 46.372
-41.632 46.486
-41.563 46.556
-41.536 46.601
-41.493 46.75
-41.376 46.842
-41.3 46.948
-41.221 47.053
-41.176 47.111
-41.159 47.182
-41.128 47.257
-41.092 47.292
-41.081 47.324
-41.068 47.368
-41.051 47.426
-41.025 47.458
-41.02 47.533
-40.938 47.614
-40.889 47.626
-40.868 47.683
-40.813 47.745
-40.779 47.75
-40.775 47.796
-40.74 47.832
-40.741 47.86
-40.737 47.93
-40.74 47.973
-40.752 48.016
-40.764 48.058
-40.776 48.115
-40.787 48.145
-40.818 48.203
-40.824 48.257
-40.84 48.321
-40.859 48.394
-40.872 48.47
-40.863 48.497
-40.899 48.51
-40.906 48.581
-40.899 48.596
-40.922 48.636
-40.925 48.716
-40.94 48.787
-40.965 48.9
-40.943 48.975
-40.962 48.987
-40.998 49.091
-40.966 49.189
-40.952 49.216
-41.002 49.282
-40.995 49.381
-41.003 49.455
-41.015 49.541
-40.995 49.625
-40.981 49.682
-40.973 49.74
-40.92 49.795
-40.909 49.837
-40.896 49.948
-40.859 50.027
-40.831 50.067
-40.85 50.139
-40.84 50.213
-40.848 50.259
-40.862 50.291
-40.88 50.356
-40.879 50.391
-40.897 50.425
-40.885 50.486
-40.865 50.545
-40.856 50.6
-40.862 50.679
-40.862 50.783
-40.89 50.872
-40.901 50.978
-40.896 51.083
-40.874 51.155
-40.867 51.258
-40.87 51.381
-40.873 51.523
-40.867 51.653
-40.863 51.795
-40.852 51.936
-40.795 52.102
-40.781 52.28
-40.762 52.527
-40.729 52.725
-40.701 52.884
-40.649 53.084
-40.606 53.255
-40.557 53.415
-40.51 53.606
-40.454 53.762
-40.392 53.938
-40.326 54.132
-40.265 54.358
-40.193 54.599
-40.137 54.83
-40.091 55.081
-40.076 55.339
-40.096 55.59
-40.163 55.823
-40.266 56.012
-40.412 56.156
-40.595 56.252
-40.8 56.316
-41.011 56.33
-41.219 56.321
-41.419 56.314
-41.57 56.261
-41.759 56.211
-41.911 56.196
-42.035 56.17
-42.171 56.15
-42.282 56.155
-42.386 56.144
-42.489 56.169
-42.558 56.249
-42.6 56.295
-42.66 56.36
-42.676 56.454
-42.69 56.521
-42.735 56.647
-42.758 56.783
-42.774 56.93
-42.792 57.108
-42.789 57.302
-42.782 57.504
-42.773 57.734
-42.745 57.94
-42.721 58.129
-42.685 58.313
-42.639 58.479
-42.611 58.641
-42.601 58.806
-42.6 58.958
-42.616 59.117
-42.634 59.243
-42.69 59.357
-42.766 59.464
-42.878 59.564
-42.999 59.673
-43.146 59.779
-43.281 59.854
-43.471 59.928
-43.662 60.026
-43.848 60.08
-44.037 60.144
-44.19 60.246
-44.439 60.416
-44.619 60.602
-44.777 60.873
-44.861 61.191
-44.868 61.525
-44.805 61.844
-44.698 62.16
-44.517 62.481
-44.324 62.757
-44.131 63.024
-43.971 63.295
-43.819 63.563
-43.692 63.864
-43.64 64.137
-43.618 64.369
-43.568 64.571
-43.45 64.728
-43.506 64.885
-43.47 65.019
-43.452 65.141
-43.463 65.273
-43.451 65.393
-43.396 65.485
-43.343 65.618
-43.25 65.746
-43.154 65.844
-43.134 65.985
-43.089 66.272
-43.075 66.543
-43.144 66.745
-43.277 66.851
-43.381 66.977
-43.431 67.099
-43.409 67.172
-43.442 67.201
-43.505 67.299
-43.508 67.463
-43.479 67.62
-43.414 67.849
-43.305 68.071
-43.201 68.273
-43.019 68.366
-42.839 68.38
-42.68 68.399
-42.509 68.479
-42.345 68.54
-42.271 68.627
-42.219 68.824
-42.175 69.073
-42.191 69.218
-42.274 69.331
-42.352 69.433
-42.416 69.465
-42.508 69.482
-42.598 69.483
-42.697 69.409
-42.821 69.343
-42.931 69.264
-43.04 69.197
-43.171 69.189
-43.258 69.244
-43.333 69.284
-43.439 69.355
-43.52 69.422
-43.613 69.51
-43.65 69.586
-43.667 69.671
-43.684 69.699
-43.693 69.737
-43.7 69.779
-43.758 69.832
-43.826 69.927
-43.939 70.007
-44.03 70.162
-44.011 70.249
-44.046 70.274
-44.073 70.357
-44.043 70.501
-44.009 70.647
-44.004 70.833
-43.961 70.992
-43.9 71.115
-43.878 71.258
-43.865 71.402
-43.86 71.5
-43.873 71.599
-43.89 71.731
-43.875 71.84
-43.913 71.944
-43.964 72.061
-44.023 72.146
-44.036 72.225
-44.019 72.271
-43.895 72.313
-43.784 72.36
-43.708 72.45
-43.649 72.589
-43.591 72.74
-43.541 72.837
-43.507 72.967
-43.498 73.095
-43.505 73.234
-43.524 73.326
-43.565 73.407
-43.606 73.512
-43.582 73.669
-43.562 73.766
-43.549 73.879
-43.427 73.984
-43.306 74.041
-43.208 74.152
-43.078 74.246
-42.972 74.302
-42.883 74.382
-42.782 74.442
-42.706 74.489
-42.65 74.547
-42.614 74.599
-42.608 74.663
-42.617 74.772
-42.598 74.882
-42.528 74.901
-42.503 74.931
-42.474 74.979
-42.479 75.038
-42.511 75.109
-42.535 75.206
-42.554 75.302
-42.592 75.451
-42.492 75.589
-42.422 75.703
-42.386 75.788
-42.374 75.902
-42.337 75.999
-42.319 76.118
-42.268 76.23
-42.26 76.316
-42.269 76.443
-42.297 76.569
-42.329 76.714
-42.369 76.879
-42.403 77.042
-42.406 77.161
-42.37 77.268
-42.39 77.41
-42.418 77.554
-42.479 77.669
-42.553 77.826
-42.612 77.973
-42.68 78.113
-42.733 78.267
-42.7 78.389
-42.672 78.423
-42.676 78.524
-42.599 78.686
-42.502 78.795
-42.419 78.911
-42.343 79.005
-42.306 79.114
-42.27 79.266
-42.165 79.388
-42.063 79.489
-41.985 79.602
-41.896 79.702
-41.84 79.787
-41.809 79.853
-41.783 79.935
-41.783 80.043
-41.8 80.152
-41.815 80.279
-41.772 80.361
-41.731 80.414
-41.704 80.468
-41.703 80.513
-41.75 80.586
-41.774 80.689
-41.779 80.737
-41.831 80.795
-41.882 80.945
-41.817 81.113
-41.732 81.265
-41.659 81.418
-41.597 81.542
-41.559 81.639
-41.546 81.727
-41.528 81.791
-41.523 81.865
-41.523 81.944
-41.523 82.014
-41.488 82.063
-41.422 82.028
-41.394 81.97
-41.4 81.979
-41.398 81.984
-41.424 82.023
-41.413 82.074
-41.372 82.08
-41.327 82.04
-41.292 81.997
-41.271 81.98
-41.264 81.99
-41.254 82.018
-41.25 82.042
-41.224 82.083
-41.214 82.103
-41.232 82.133
-41.237 82.17
-41.229 82.21
-41.132 82.225
-41.035 82.2
-40.956 82.202
-40.85 82.191
-40.79 82.173
-40.733 82.204
-40.676 82.218
-40.667 82.267
-40.636 82.348
-40.622 82.394
-40.636 82.418
-40.66 82.458
-40.657 82.484
-40.6 82.463
-40.551 82.466
-40.515 82.526
-40.503 82.59
-40.522 82.606
-40.541 82.64
-40.525 82.669
-40.522 82.659
-40.539 82.68
-40.493 82.751
-40.42 82.69
-40.431 82.636
-40.423 82.659
-40.384 82.637
-40.387 82.596
-40.407 82.601
-40.379 82.61
-40.378 82.563
-40.402 82.608
-40.363 82.683
-40.276 82.627
-40.234 82.549
-40.184 82.507
-40.117 82.416
-40.08 82.361
-40.013 82.336
-39.95 82.274
-39.915 82.251
-39.867 82.247
-39.827 82.234
-39.786 82.215
-39.759 82.194
-39.748 82.179
-39.738 82.199
-39.705 82.212
-39.688 82.214
-39.674 82.216
-39.664 82.227
-39.634 82.235
-39.637 82.223
-39.639 82.246
-39.636 82.285
-39.591 82.337
-39.538 82.378
-39.475 82.435
-39.406 82.452
-39.351 82.434
-39.323 82.423
-39.289 82.42
-39.269 82.386
-39.272 82.373
-39.262 82.379
-39.231 82.37
-39.221 82.354
-39.196 82.358
-39.169 82.33
-39.168 82.299
-39.15 82.281
-39.15 82.243
-39.152 82.227
-39.144 82.21
-39.131 82.181
-39.133 82.156
-39.125 82.13
-39.117 82.11
-39.112 82.094
-39.112 82.093
-39.118 82.11
-39.138 82.137
-39.154 82.165
-39.159 82.191
-39.154 82.208
-39.16 82.23
-39.15 82.267
-39.156 82.31
-39.126 82.367
-39.092 82.378
-39.079 82.411
-39.047 82.424
-39.026 82.4
-39.031 82.385
-39.038 82.39
-39.054 82.401
-39.09 82.434
-39.13 82.467
-39.183 82.503
-39.237 82.538
-39.252 82.586
-39.22 82.579
-39.196 82.518
-39.171 82.463
-39.149 82.406
-39.113 82.332
-39.098 82.269
-39.075 82.221
-39.081 82.172
-39.089 82.132
-39.111 82.086
-39.113 82.046
-39.125 82.012
-39.115 81.965
-39.103 81.904
-39.081 81.877
-39.051 81.83
-39.029 81.802
-39.005 81.802
-38.947 81.79
-38.898 81.758
-38.809 81.737
-38.72 81.744
-38.63 81.809
-38.561 81.885
-38.52 81.96
-38.464 81.992
-38.414 82.017
-38.375 82.036
-38.354 82.085
-38.319 82.141
-38.284 82.205
-38.243 82.243
-38.232 82.291
-38.227 82.359
-38.238 82.428
-38.26 82.499
-38.269 82.569
-38.272 82.611
-38.287 82.662
-38.297 82.717
-38.311 82.763
-38.33 82.769
-38.376 82.795
-38.395 82.88
-38.41 82.926
-38.439 82.995
-38.462 83.093
-38.456 83.172
-38.412 83.185
-38.38 83.19
-38.353 83.218
-38.315 83.237
-38.294 83.237
-38.291 83.27
-38.267 83.305
-38.267 83.334
-38.286 83.364
-38.313 83.405
-38.362 83.454
-38.424 83.504
-38.478 83.56
-38.441 83.581
-38.4 83.516
-38.451 83.461
-38.484 83.481
-38.494 83.427
-38.584 83.369
-38.642 83.37
-38.688 83.324
-38.767 83.328
-38.798 83.404
-38.79 83.363
-38.8 83.318
-38.83 83.341
-38.832 83.388
-38.869 83.406
-38.924 83.511
-38.886 83.629
-38.846 83.627
-38.893 83.663
-38.908 83.778
-38.897 83.807
-38.953 83.842
-38.972 83.971
-38.873 84.023
-38.852 84.007
-38.853 84.077
-38.829 84.127
-38.849 84.145
-38.9 84.24
-38.874 84.374
-38.818 84.385
-38.84 84.412
-38.833 84.554
-38.772 84.625
-38.779 84.659
-38.774 84.779
-38.719 84.83
-38.721 84.844
-38.732 84.936
-38.692 85.013
-38.674 85.064
-38.66 85.144
-38.619 85.205
-38.581 85.249
-38.554 85.294
-38.541 85.352
-38.529 85.397
-38.53 85.444
-38.524 85.498
-38.53 85.562
-38.522 85.623
-38.533 85.709
-38.512 85.8
-38.453 85.802
-38.459 85.762
-38.448 85.812
-38.397 85.814
-38.385 85.769
-38.402 85.836
-38.337 85.903
-38.304 85.91
-38.293 85.968
-38.252 86.037
-38.2 86.017
-38.227 86.04
-38.199 86.133
-38.161 86.13
-38.196 86.14
-38.202 86.242
-38.141 86.288
-38.146 86.301
-38.14 86.415
-38.085 86.481
-38.072 86.532
-38.027 86.581
-37.959 86.554
-37.932 86.52
-37.901 86.539
-37.826 86.545
-37.773 86.543
-37.721 86.55
-37.665 86.558
-37.615 86.537
-37.601 86.533
-37.57 86.552
-37.545 86.549
-37.531 86.55