-13.927 162.927
-13.919 162.951
-13.934 162.977
-13.916 163.041
-13.901 163.106
-13.848 163.19
-13.794 163.249
-13.748 163.242
-13.719 163.241
-13.675 163.236
-13.657 163.259
-13.636 163.244
-13.612 163.278
-13.546 163.295
-13.516 163.339
-13.456 163.324
-13.442 163.33
-13.374 163.301
-13.368 163.295
-13.329 163.263
-13.333 163.25
-13.268 163.207
-13.249 163.183
-13.241 163.175
-13.216 163.183
-13.158 163.203
-13.103 163.192
-13.097 163.178
-13.085 163.176
-13.069 163.201
-13.055 163.223
-13.046 163.245
-13.025 163.254
-12.991 163.275
-12.97 163.29
-12.964 163.322
-12.921 163.361
-12.833 163.364
-12.763 163.348
-12.729 163.323
-12.679 163.317
-12.631 163.285
-12.585 163.285
-12.563 163.239
-12.559 163.241
-12.564 163.19
-12.576 163.207
-12.559 163.213
-12.559 163.235
-12.568 163.213
-12.584 163.233
-12.595 163.232
-12.626 163.232
-12.647 163.247
-12.653 163.296
-12.605 163.328
-12.585 163.342
-12.563 163.344
-12.545 163.347
-12.531 163.368
-12.552 163.356
-12.556 163.381
-12.569 163.401
-12.542 163.443
-12.539 163.455
-12.528 163.502
-12.518 163.523
-12.483 163.55
-12.476 163.526
-12.466 163.541
-12.484 163.545
-12.495 163.57
-12.494 163.578
-12.474 163.618
-12.438 163.615
-12.411 163.608
-12.386 163.557
-12.387 163.517
-12.405 163.479
-12.44 163.486
-12.451 163.501
-12.475 163.554
-12.456 163.584
-12.455 163.609
-12.461 163.596
-12.499 163.616
-12.508 163.621
-12.512 163.643
-12.477 163.624
-12.495 163.627
-12.493 163.641
-12.491 163.656
-12.457 163.666
-12.463 163.679
-12.425 163.69
-12.399 163.696
-12.364 163.695
-12.339 163.712
-12.309 163.724
-12.305 163.744
-12.28 163.754
-12.297 163.783
-12.3 163.803
-12.321 163.836
-12.313 163.869
-12.31 163.91
-12.277 163.96
-12.259 163.957
-12.244 163.946
-12.289 163.94
-12.341 163.965
-12.384 164.007
-12.403 164.059
-12.418 164.112
-12.442 164.124
-12.473 164.118
-12.5 164.119
-12.576 164.152
-12.601 164.19
-12.624 164.214
-12.606 164.236
-12.616 164.23
-12.627 164.209
-12.667 164.169
-12.649 164.15
-12.684 164.152
-12.711 164.186
-12.715 164.191
-12.712 164.248
-12.698 164.267
-12.665 164.292
-12.644 164.269
-12.643 164.312
-12.639 164.322
-12.676 164.367
-12.731 164.402
-12.756 164.473
-12.737 164.541
-12.745 164.604
-12.738 164.662
-12.714 164.713
-12.733 164.72
-12.782 164.742
-12.862 164.781
-12.909 164.866
-12.947 164.955
-12.934 165.026
-12.937 165.056
-12.936 165.078
-12.996 165.11
-13.075 165.163
-13.138 165.261
-13.168 165.413
-13.15 165.544
-13.109 165.653
-13.05 165.745
-13.014 165.772
-13.002 165.812
-13.058 165.824
-13.121 165.908
-13.17 166.006
-13.184 166.127
-13.173 166.198
-13.167 166.23
-13.192 166.225
-13.247 166.224
-13.315 166.242
-13.37 166.282
-13.426 166.309
-13.45 166.369
-13.423 166.427
-13.404 166.43
-13.362 166.382
-13.326 166.308
-13.315 166.217
-13.334 166.165
-13.37 166.089
-13.425 166.05
-13.445 166.031
-13.465 166.008
-13.456 165.991
-13.492 165.913
-13.491 165.863
-13.511 165.799
-13.575 165.744
-13.68 165.698
-13.781 165.713
-13.808 165.75
-13.83 165.776
-13.789 165.762
-13.819 165.706
-13.85 165.673
-13.912 165.641
-13.979 165.602
-14.002 165.603
-14.023 165.593
-14.023 165.575
-14.046 165.508
-14.097 165.425
-14.115 165.432
-14.222 165.354
-14.229 165.389
-14.292 165.314
-14.359 165.294
-14.414 165.253
-14.523 165.167
-14.57 165.133
-14.637 165.063
-14.686 165.023
-14.793 164.988
-14.842 164.993
-14.895 164.984
-14.907 164.976
-14.954 164.953
-14.988 164.911
-15.031 164.892
-15.077 164.862
-15.178 164.855
-15.223 164.924
-15.227 164.973
-15.226 165.007
-15.249 165.014
-15.285 165.037
-15.322 165.086
-15.377 165.158
-15.413 165.295
-15.412 165.426
-15.389 165.55
-15.362 165.636
-15.367 165.746
-15.417 165.832
-15.514 165.924
-15.583 166.072
-15.653 166.194
-15.698 166.331
-15.732 166.414
-15.809 166.455
-15.892 166.488
-16.025 166.579
-16.086 166.679
-16.148 166.724
-16.215 166.782
-16.297 166.82
-16.351 166.909
-16.433 166.937
-16.489 167.038
-16.548 167.071
-16.578 167.119
-16.664 167.145
-16.704 167.196
-16.739 167.217
-16.76 167.26
-16.796 167.259
-16.814 167.305
-16.802 167.347
-16.764 167.344
-16.743 167.348
-16.728 167.359
-16.702 167.416
-16.669 167.383
-16.61 167.376
-16.552 167.316
-16.471 167.281
-16.403 167.231
-16.366 167.214
-16.34 167.205
-16.274 167.189
-16.247 167.142
-16.228 167.123
-16.211 167.085
-16.158 167.053
-16.103 166.977
-16.057 166.968
-16.039 166.945
-16.026 166.921
-16.031 166.851
-16.051 166.758
-16.067 166.674
-16.106 166.595
-16.13 166.555
-16.162 166.498
-16.227 166.422
-16.283 166.4
-16.329 166.371
-16.381 166.327
-16.419 166.267
-16.448 166.215
-16.495 166.171
-16.551 166.152
-16.606 166.15
-16.609 166.15
-16.656 166.129
-16.667 166.115
-16.716 166.074
-16.724 166.06
-16.742 166.033
-16.761 166.015
-16.808 165.99
-16.847 165.957
-16.901 166.0
-16.914 166.024
-16.982 166.033
-17.034 166.048
-17.072 166.093
-17.122 166.112
-17.19 166.156
-17.239 166.218
-17.265 166.24
-17.293 166.261
-17.306 166.272
-17.404 166.318
-17.501 166.393
-17.611 166.49
-17.729 166.566
-17.807 166.697
-17.842 166.842
-17.856 166.947
-17.852 167.07
-17.821 167.14
-17.774 167.216
-17.789 167.239
-17.799 167.3
-17.812 167.359
-17.755 167.478
-17.695 167.504
-17.646 167.528
-17.613 167.53
-17.619 167.539
-17.643 167.594
-17.627 167.668
-17.549 167.771
-17.494 167.771
-17.468 167.805
-17.439 167.822
-17.405 167.869
-17.354 167.841
-17.324 167.83
-17.277 167.794
-17.265 167.755
-17.244 167.734
-17.217 167.719
-17.182 167.701
-17.169 167.66
-17.154 167.622
-17.15 167.576
-17.138 167.541
-17.134 167.507
-17.108 167.486
-17.088 167.465
-17.088 167.46
-17.089 167.465
-17.08 167.472
-17.065 167.495
-17.024 167.503
-16.996 167.467
-16.982 167.405
-17.018 167.378
-17.021 167.349
-17.047 167.352
-16.988 167.399
-16.943 167.387
-16.892 167.362
-16.873 167.32
-16.85 167.303
-16.889 167.323
-16.865 167.397
-16.889 167.439
-16.853 167.473
-16.863 167.482
-16.869 167.454
-16.943 167.443
-16.968 167.466
-16.977 167.476
-16.95 167.49
-16.937 167.467
-16.915 167.45
-16.952 167.441
-16.968 167.493
-16.982 167.531
-16.964 167.567
-16.957 167.57
-16.991 167.587
-17.05 167.61
-17.112 167.675
-17.158 167.797
-17.151 167.887
-17.139 167.951
-17.156 167.993
-17.21 168.008
-17.301 168.07
-17.372 168.105
-17.439 168.149
-17.468 168.175
-17.489 168.162
-17.517 168.134
-17.549 168.11
-17.611 168.224
-17.611 168.223
-17.611 168.223
-17.611 168.223
-17.611 168.223
-17.611 168.223
-17.611 168.223
-17.611 168.223
-17.611 168.223
-17.611 168.223
-17.611 168.224
-17.586 168.088
-17.587 168.057
-17.585 168.034
-17.595 167.994
-17.609 167.959
-17.625 167.907
-17.655 167.872
-17.677 167.836
-17.688 167.837
-17.68 167.811
-17.7 167.835
-17.678 167.834
-17.68 167.852
-17.68 167.825
-17.72 167.859
-17.695 167.855
-17.696 167.862
-17.66 167.84
-17.629 167.839
-17.607 167.785
-17.614 167.776
-17.582 167.741
-17.541 167.735
-17.479 167.658
-17.471 167.635
-17.434 167.588
-17.432 167.558
-17.42 167.514
-17.37 167.491
-17.338 167.449
-17.312 167.404
-17.288 167.331
-17.276 167.31
-17.246 167.27
-17.216 167.245
-17.18 167.19
-17.151 167.137
-17.128 167.097
-17.116 167.056
-17.078 167.031
-17.02 166.977
-17.028 166.891
-17.02 166.845
-17.006 166.813
-16.963 166.773
-16.946 166.709
-16.925 166.65
-16.92 166.603
-16.912 166.58
-16.92 166.572
-16.887 166.523
-16.811 166.454
-16.756 166.379
-16.737 166.305
-16.71 166.264
-16.679 166.205
-16.639 166.15
-16.619 166.073
-16.598 165.997
-16.56 165.938
-16.54 165.846
-16.542 165.764
-16.517 165.7
-16.527 165.618
-16.51 165.597
-16.492 165.586
-16.409 165.587
-16.393 165.492
-16.359 165.47
-16.377 165.406
-16.345 165.373
-16.331 165.316
-16.274 165.31
-16.253 165.256
-16.231 165.245
-16.237 165.24
-16.173 165.261
-16.178 165.234
-16.151 165.3
-16.162 165.265
-16.151 165.286
-16.146 165.254
-16.123 165.274
-16.091 165.226
-16.086 165.207
-16.101 165.155
-16.109 165.151
-16.106 165.117
-16.054 165.114
-16.004 165.053
-16.002 164.996
-15.992 164.937
-15.979 164.918
-15.959 164.877
-15.936 164.84
-15.886 164.749
-15.857 164.643
-15.844 164.54
-15.855 164.449
-15.849 164.374
-15.838 164.313
-15.799 164.241
-15.747 164.141
-15.724 164.028
-15.696 163.915
-15.689 163.817
-15.683 163.735
-15.653 163.66
-15.643 163.587
-15.603 163.491
-15.594 163.376
-15.577 163.309
-15.569 163.24
-15.52 163.183
-15.468 163.094
-15.42 162.996
-15.433 162.92
-15.465 162.898
-15.459 162.9
-15.388 162.9
-15.33 162.846
-15.321 162.782
-15.348 162.73
-15.407 162.715
-15.43 162.716
-15.423 162.73
-15.386 162.751
-15.309 162.722
-15.257 162.669
-15.262 162.607
-15.267 162.568
-15.295 162.538
-15.251 162.544
-15.231 162.509
-15.191 162.493
-15.19 162.421
-15.152 162.381
-15.176 162.315
-15.194 162.287
-15.205 162.261
-15.169 162.248
-15.14 162.218
-15.128 162.161
-15.098 162.108
-15.076 162.036
-15.091 161.979
-15.101 161.933
-15.097 161.89
-15.078 161.836
-15.039 161.768
-15.021 161.731
-15.023 161.677
-15.023 161.682
-14.997 161.66
-15.002 161.638
-15.012 161.597
-15.038 161.599
-15.034 161.587
-15.068 161.54
-15.106 161.535
-15.147 161.549
-15.165 161.585
-15.169 161.602
-15.144 161.579
-15.161 161.546
-15.133 161.525
-15.121 161.464
-15.165 161.429
-15.2 161.447
-15.219 161.499
-15.19 161.518
-15.15 161.506
-15.147 161.503
-15.17 161.484
-15.18 161.478
-15.18 161.455
-15.219 161.461
-15.233 161.465
-15.249 161.466
-15.28 161.456
-15.338 161.465
-15.365 161.494
-15.352 161.556
-15.304 161.571
-15.287 161.562
-15.283 161.547
-15.279 161.519
-15.261 161.49
-15.28 161.479
-15.277 161.474
-15.28 161.46
-15.275 161.458
-15.303 161.453
-15.319 161.457
-15.365 161.448
-15.391 161.455
-15.4 161.455
-15.377 161.477
-15.342 161.434
-15.326 161.392
-15.342 161.342
-15.357 161.331
-15.353 161.289
-15.393 161.256
-15.371 161.23
-15.352 161.227
-15.317 161.179
-15.324 161.136
-15.342 161.119
-15.364 161.118
-15.365 161.093
-15.389 161.066
-15.408 161.041
-15.416 161.007
-15.42 160.956
-15.456 160.899
-15.518 160.873
-15.55 160.891
-15.575 160.874
-15.595 160.854
-15.611 160.837
-15.612 160.816
-15.623 160.779
-15.657 160.718
-15.689 160.708
-15.72 160.701
-15.754 160.727
-15.771 160.747
-15.792 160.811
-15.779 160.871
-15.788 160.878
-15.788 160.867
-15.827 160.861
-15.866 160.864
-15.88 160.88
-15.872 160.877
-15.845 160.873
-15.871 160.855
-15.888 160.851
-15.907 160.863
-15.913 160.868
-15.923 160.869
-15.934 160.874
-15.944 160.887
-15.962 160.892
-16.007 160.922
-16.054 160.938
-16.098 160.927
-16.15 160.913
-16.168 160.908
-16.171 160.911
-16.145 160.885
-16.134 160.855
-16.156 160.845
-16.164 160.84
-16.177 160.814
-16.164 160.782
-16.162 160.751
-16.18 160.676
-16.266 160.636
-16.297 160.639
-16.32 160.652
-16.285 160.647
-16.263 160.607
-16.229 160.548
-16.267 160.468
-16.307 160.386
-16.379 160.401
-16.422 160.398
-16.434 160.446
-16.383 160.411
-16.34 160.375
-16.327 160.284
-16.326 160.253
-16.332 160.213
-16.349 160.153
-16.311 160.167
-16.239 160.102
-16.164 160.012
-16.136 159.887
-16.134 159.811
-16.111 159.772
-16.065 159.699
-16.022 159.678
-15.98 159.611
-15.937 159.575
-15.927 159.488
-15.906 159.426
-15.905 159.356
-15.906 159.301
-15.859 159.236
-15.825 159.21
-15.792 159.191
-15.753 159.18
-15.738 159.154
-15.725 159.115
-15.745 159.071
-15.785 159.034
-15.808 158.995
-15.812 158.957
-15.809 158.889
-15.823 158.848
-15.823 158.764
-15.854 158.697
-15.882 158.682
-15.87 158.679
-15.85 158.666
-15.805 158.619
-15.762 158.559
-15.728 158.459
-15.731 158.356
-15.744 158.266
-15.762 158.21
-15.753 158.161
-15.734 158.119
-15.692 158.045
-15.682 157.945
-15.705 157.831
-15.728 157.747
-15.76 157.643
-15.789 157.589
-15.809 157.518
-15.811 157.434
-15.835 157.323
-15.87 157.254
-15.93 157.184
-15.97 157.129
-15.978 157.065
-16.007 156.989
-16.04 156.894
-16.084 156.795
-16.145 156.693
-16.193 156.649
-16.234 156.582
-16.285 156.589
-16.292 156.528
-16.3 156.473
-16.332 156.385
-16.433 156.335
-16.504 156.329
-16.552 156.336
-16.554 156.352
-16.565 156.304
-16.591 156.234
-16.629 156.14
-16.689 156.084
-16.73 156.021
-16.77 155.98
-16.761 155.934
-16.776 155.861
-16.779 155.813
-16.794 155.745
-16.846 155.72
-16.889 155.714
-16.876 155.73
-16.829 155.717
-16.801 155.696
-16.773 155.655
-16.77 155.585
-16.81 155.526
-16.879 155.498
-16.943 155.509
-16.971 155.506
-16.969 155.483
-16.951 155.445
-16.976 155.436
-16.977 155.434
-16.993 155.417
-16.987 155.389
-17.023 155.347
-17.03 155.306
-17.063 155.265
-17.044 155.236
-17.074 155.164
-17.126 155.101
-17.16 155.01
-17.203 154.915
-17.275 154.795
-17.35 154.673
-17.402 154.579
-17.457 154.497
-17.499 154.436
-17.513 154.374
-17.522 154.314
-17.502 154.249
-17.525 154.174
-17.503 154.121
-17.443 154.072
-17.383 153.995
-17.379 153.875
-17.41 153.8
-17.366 153.788
-17.284 153.724
-17.223 153.651
-17.239 153.558
-17.257 153.522
-17.307 153.481
-17.342 153.455
-17.346 153.428
-17.342 153.472
-17.254 153.498
-17.223 153.443
-17.236 153.427
-17.192 153.446
-17.114 153.459
-17.058 153.425
-17.033 153.391
-17.007 153.363
-16.978 153.357
-16.946 153.337
-16.895 153.328
-16.861 153.317
-16.805 153.32
-16.772 153.325
-16.731 153.324
-16.721 153.304
-16.707 153.311
-16.706 153.314
-16.655 153.307
-16.611 153.298
-16.566 153.316
-16.525 153.335
-16.463 153.352
-16.424 153.335
-16.396 153.344
-16.366 153.347
-16.343 153.36
-16.305 153.343
-16.289 153.35
-16.245 153.331
-16.194 153.32
-16.138 153.258
-16.098 153.24
-16.053 153.234
-15.983 153.242
-15.897 153.211
-15.822 153.196
-15.759 153.158
-15.649 153.166
-15.556 153.157
-15.466 153.16
-15.385 153.15
-15.301 153.149
-15.223 153.137
-15.134 153.125
-15.045 153.091
-14.95 153.064
-14.87 153.013
-14.803 152.962
-14.736 152.918
-14.667 152.855
-14.577 152.794
-14.51 152.731
-14.444 152.66
-14.414 152.581
-14.381 152.501
-14.351 152.443
-14.286 152.37
-14.253 152.309
-14.221 152.248
-14.212 152.209
-14.194 152.194
-14.176 152.186
-14.129 152.188
-14.069 152.148
-14.03 152.111
-13.985 152.053
-13.956 151.999
-13.926 151.934
-13.91 151.875
-13.881 151.789
-13.862 151.676
-13.86 151.571
-13.845 151.464
-13.83 151.349
-13.819 151.219
-13.85 151.087
-13.886 150.964
-13.922 150.831
-13.981 150.681
-14.032 150.554
-14.125 150.407
-14.223 150.307
-14.307 150.194
-14.408 150.091
-14.46 150.027
-14.53 149.937
-14.613 149.846
-14.69 149.79
-14.779 149.741
-14.858 149.714
-14.924 149.665
-14.95 149.661
-14.991 149.602
-15.021 149.571
-15.064 149.481
-15.109 149.449
-15.133 149.38
-15.192 149.335
-15.198 149.285
-15.23 149.201
-15.239 149.169
-15.272 149.1
-15.3 149.066
-15.317 149.023
-15.348 148.977
-15.324 148.949
-15.294 148.864
-15.273 148.755
-15.269 148.634
-15.279 148.525
-15.298 148.445
-15.296 148.41
-15.279 148.345
-15.25 148.278
-15.207 148.206
-15.163 148.119
-15.122 148.048
-15.089 147.971
-15.06 147.924
-15.011 147.887
-14.952 147.854
-14.875 147.797
-14.82 147.712
-14.771 147.638
-14.761 147.518
-14.77 147.406
-14.8 147.354
-14.8 147.328
-14.775 147.309
-14.725 147.274
-14.672 147.213
-14.618 147.116
-14.592 147.02
-14.567 146.916
-14.52 146.834
-14.456 146.749
-14.37 146.666
-14.288 146.581
-14.221 146.5
-14.147 146.434
-14.076 146.374
-14.026 146.31
-13.981 146.241
-13.933 146.182
-13.89 146.103
-13.866 146.033
-13.858 145.957
-13.868 145.9
-13.862 145.873
-13.831 145.831
-13.795 145.77
-13.755 145.691
-13.727 145.602
-13.688 145.504
-13.681 145.405
-13.673 145.329
-13.646 145.273
-13.589 145.208
-13.521 145.119
-13.461 145.008
-13.396 144.886
-13.334 144.755
-13.258 144.634
-13.175 144.519
-13.077 144.425
-12.951 144.33
-12.81 144.235
-12.682 144.153
-12.561 144.108
-12.419 144.078
-12.251 144.062
-12.08 144.043
-11.907 144.02
-11.76 143.932
-11.661 143.898
-11.617 143.885
-11.585 143.86
-11.506 143.787
-11.443 143.741
-11.405 143.727
-11.349 143.695
-11.285 143.657
-11.212 143.598
-11.19 143.612
-11.131 143.559
-11.093 143.545
-11.028 143.476
-11.029 143.515
-10.975 143.432
-10.952 143.432
-10.881 143.324
-10.868 143.364
-10.797 143.268
-10.752 143.268
-10.687 143.159
-10.679 143.195
-10.638 143.143
-10.576 143.141
-10.523 143.047
-10.489 143.036
-10.481 143.021
-10.437 142.952
-10.393 142.922
-10.384 142.826
-10.362 142.889
-10.338 142.772
-10.322 142.792
-10.276 142.688
-10.286 142.748
-10.242 142.627
-10.215 142.647
-10.147 142.549
-10.142 142.572
-10.096 142.444
-10.079 142.429
-10.021 142.325
-9.998 142.316