-4181677.2923868913 -6203.647696805386 -4806576.488218105
-4183656.9641040964 -17816.64337252924 -4804824.447773532
-4186531.235613678 -28643.39860700254 -4802267.877674802
-4195385.447352181 -41445.73001010601 -4794440.968414302
-4204706.384832062 -45647.866886752556 -4786230.4049848225
-4207862.594928999 -47224.58205610248 -4783440.521324271
-4209950.4430526355 -54082.4122270713 -4781530.441158837
-4212479.731090972 -58379.92011488627 -4779251.751066804
-4212997.890800153 -62946.94940517381 -4778737.014491805
-4217748.94829045 -68393.03368564024 -4774469.3110478865
-4220058.459161947 -69830.28355583064 -4772407.289068506
-4221957.855269772 -75611.01122532987 -4770638.934493718
-4225395.238576017 -78844.75515096558 -4767542.300012063
