-11.231 60.001
-11.262 60.0
-11.297 59.994
-11.325 60.003
-11.347 60.013
-11.355 60.021
-11.376 60.017
-11.407 60.012
-11.434 60.011
-11.455 59.999
-11.483 59.99
-11.512 59.966
-11.546 59.953
-11.554 59.93
-11.587 59.913
-11.595 59.894
-11.617 59.887
-11.623 59.858
-11.634 59.837
-11.637 59.823
-11.649 59.823
-11.626 59.805
-11.639 59.785
-11.651 59.763
-11.668 59.757
-11.654 59.728
-11.67 59.686
-11.687 59.666
-11.71 59.636
-11.711 59.611
-11.726 59.575
-11.75 59.531
-11.758 59.508
-11.744 59.457
-11.751 59.417
-11.766 59.368
-11.765 59.333
-11.765 59.304
-11.741 59.218
-11.781 59.186
-11.791 59.128
-11.793 59.108
-11.782 59.016
-11.808 58.968
-11.823 58.923
-11.837 58.877
-11.829 58.834
-11.834 58.743
-11.847 58.702
-11.863 58.643
-11.874 58.613
-11.873 58.573
-11.86 58.522
-11.859 58.481
-11.858 58.42
-11.877 58.381
-11.871 58.336
-11.877 58.319
-11.864 58.276
-11.87 58.251
-11.861 58.217
-11.862 58.195
-11.865 58.168
-11.886 58.128
-11.9 58.101
-11.91 58.081
-11.922 58.069
-11.921 58.017
-11.931 57.988
-11.935 57.933
-11.95 57.898
-11.952 57.833
-11.955 57.777
-11.971 57.72
-11.984 57.691
-11.97 57.637
-11.969 57.588
-11.96 57.553
-11.962 57.497
-11.94 57.467
-11.938 57.362
-11.955 57.36
-11.955 57.295
-11.947 57.303
-11.928 57.229
-11.931 57.222
-11.915 57.154
-11.926 57.122
-11.923 57.092
-11.93 57.066
-11.927 57.042
-11.921 56.984
-11.917 57.0
-11.909 56.913
-11.926 56.927
-11.902 56.852
-11.927 56.855
-11.903 56.787
-11.936 56.765
-11.917 56.727
-11.934 56.712
-11.922 56.684
-11.929 56.637
-11.928 56.61
-11.931 56.573
-11.938 56.553
-11.929 56.528
-11.927 56.502
-11.9 56.476
-11.897 56.447
-11.879 56.42
-11.873 56.37
-11.86 56.345
-11.853 56.299
-11.856 56.288
-11.846 56.257
-11.831 56.257
-11.798 56.228
-11.792 56.21
-11.762 56.176
-11.745 56.131
-11.714 56.088
-11.716 56.039
-11.727 55.994
-11.737 55.96
-11.729 55.951
-11.729 55.911
-11.717 55.895
-11.678 55.832
-11.684 55.817
-11.643 55.754
-11.665 55.71
-11.651 55.659
-11.697 55.641
-11.691 55.652
-11.687 55.637
-11.631 55.613
-11.621 55.558
-11.609 55.55
-11.591 55.45
-11.618 55.439
-11.618 55.378
-11.644 55.405
-11.62 55.344
-11.631 55.345
-11.596 55.292
-11.595 55.26
-11.559 55.206
-11.58 55.1
-11.599 55.076
-11.615 55.006
-11.622 54.968
-11.643 54.91
-11.63 54.86
-11.653 54.791
-11.659 54.731
-11.69 54.7
-11.69 54.642
-11.709 54.606
-11.723 54.55
-11.726 54.535
-11.738 54.478
-11.75 54.446
-11.756 54.379
-11.772 54.333
-11.788 54.298
-11.809 54.257
-11.83 54.228
-11.847 54.209
-11.844 54.186
-11.854 54.163
-11.841 54.143
-11.84 54.104
-11.837 54.064
-11.846 54.019
-11.861 54.005
-11.872 53.963
-11.891 53.938
-11.907 53.926
-11.913 53.924
-11.891 53.904
-11.886 53.86
-11.882 53.838
-11.893 53.792
-11.901 53.778
-11.921 53.741
-11.934 53.738
-11.949 53.723
-11.933 53.713
-11.928 53.681
-11.931 53.65
-11.943 53.637
-11.941 53.595
-11.957 53.566
-11.988 53.547
-12.014 53.538
-12.007 53.536
-12.004 53.494
-12.018 53.451
-12.044 53.413
-12.06 53.396
-12.073 53.364
-12.098 53.339
-12.096 53.305
-12.114 53.294
-12.115 53.25
-12.128 53.238
-12.116 53.156
-12.142 53.121
-12.162 53.059
-12.199 53.05
-12.204 52.997
-12.252 52.992
-12.267 52.966
-12.279 52.967
-12.261 52.905
-12.292 52.873
-12.306 52.853
-12.321 52.808
-12.321 52.777
-12.347 52.735
-12.38 52.727
-12.399 52.697
-12.393 52.682