-3267968.3696145695 -1880987.10753085 5135358.919929689
-3263184.703432632 -1886051.444494491 5136543.248139115
-3270104.075969835 -1883204.2852215092 5133186.335255016
-3265910.2104330524 -1880789.1004545935 5136740.586889738
-3267833.5522404574 -1884631.898997812 5134108.245852576
-3269311.9237145917 -1880089.5938471258 5134832.389140404
-3268339.0377895217 -1881959.9489064855 5134766.565752815
-3273135.8777276194 -1878109.884421609 5133120.47276996
-3273377.4710926483 -1877868.8227957936 5133054.6087212665
-3273670.4196111257 -1871587.4361687591 5135161.482615554
-3273460.143732133 -1875562.9810975066 5133844.874101071
-3277648.7225398426 -1872571.7270294197 5132264.118180493
-3275103.468231473 -1872330.8793775311 5133976.563104621
-3278574.0173893543 -1873479.877437858 5131341.59468407
-3279235.4740615473 -1867258.3520251086 5133186.335255016
-3277757.604584168 -1871116.6290147845 5132725.265023934
-3281925.7771624033 -1866515.352746629 5131736.999414339
-3278393.282469264 -1866021.1551856229 5134174.084880656
-3283102.354412783 -1865895.5270593865 5131209.78060233
-3282034.8152520955 -1861425.74584933 5133515.624225021
-3282254.7790050623 -1863216.5519561658 5132725.265023934
-3285515.5519157285 -1858552.4794970877 5132330.000991276
-3282475.113648051 -1857740.139865138 5134569.086205294
-3285787.343397047 -1857343.8904319755 5132593.516600237
-3284390.055005981 -1853076.2010849884 5135029.849918132
-3284256.9035416935 -1854588.3345162221 5134569.086205294
-3287422.126713364 -1850251.1398899257 5134108.245852576
-3287753.2688005236 -1850210.8444384036 5133910.719384785
-3286966.8279409576 -1846672.5058011613 5135687.95083325
-3287848.689498179 -1847847.4767636724 5134700.740801088
-3290761.384045118 -1844122.2788680098 5134174.084880656
-3288691.9769660486 -1843415.166521679 5135753.752320782
-3292182.173990098 -1843786.086194806 5133383.913328154
-3292757.3176818816 -1838902.5428443607 5134766.565752815
-3292130.533707423 -1841493.407219364 5134239.922344776
-3296309.842762062 -1837868.701570904 5132857.00719356
-3293502.8195755207 -1836831.1348346267 5135029.849918132
-3297623.417675475 -1837167.8792193495 5132264.118180493
-3295961.791297113 -1833152.7992877637 5134766.565752815
-3296613.4795369445 -1835851.346084167 5133383.913328154
-3297693.3140031905 -1831328.5307753312 5134305.758244918
-3296812.298337024 -1833098.4941717826 5134239.922344776
-3298433.4664670313 -1831287.6551641042 5133844.874101071
-3298134.524926257 -1831272.2999258854 5134042.405260558
-3298404.6212989963 -1830970.3994564987 5133976.563104621
-3299414.815736656 -1830627.306995523 5133449.769558457
-3298680.7244257345 -1829918.835479322 5134174.084880656
-3300605.0688807387 -1829404.654883297 5133120.47276996
-3299406.0038204924 -1827686.3325841816 5134503.256561268
-3300375.7222965113 -1828524.6258424886 5133581.477327828
-3300315.9800383584 -1825857.533020684 5134569.086205294
-3300972.570306492 -1826521.7807270046 5133910.719384785
-3301793.365523673 -1823740.6396416354 5134371.592581061
-3301494.37915356 -1823725.901390442 5134569.086205294
-3301768.1616196553 -1822673.948390605 5134766.565752815
-3301712.804450836 -1821290.26819121 5135293.109055936
-3301996.909564109 -1821146.3303893795 5135161.482615554
-3303121.9957797932 -1819662.1881659538 5134964.031223082
-3303544.396283936 -1820195.5197568012 5134503.256561268
-3305229.9589909436 -1819921.2219286624 5133515.624225021
-3307229.3215698935 -1819818.737068434 5132264.118180493
-3308428.77563893 -1819124.900980196 5131736.999414339
-3309547.840236322 -1818762.3995620413 5131143.871216867
-3309332.4307526 -1817666.5145696418 5131671.102533884
-3310200.7380501023 -1817015.5509729965 5131341.59468407
-3308150.3510833997 -1813861.9445699002 5133779.027253498
-3306330.6075340384 -1816618.7170609192 5133976.563104621
-3307687.9394926736 -1815636.240648149 5133449.769558457
-3306854.2926755045 -1815479.0739636673 5134042.405260558
-3304603.980633092 -1815294.6254980816 5135556.343164945
-3304682.319504358 -1819243.8778305345 5134108.245852576
-3306372.796717669 -1817844.1255957494 5133515.624225021
-3304138.558256094 -1820973.969202059 5133844.874101071
-3304547.796783402 -1820973.9356757957 5133581.477327828
-3308300.7157140733 -1822515.1015187004 5130616.539865558
-3307901.8854172574 -1820640.1311352365 5131539.304083408
-3310096.3126668744 -1822224.3077064692 5129561.57710119
-3310188.824876917 -1819641.2397047773 5130418.764820824
-3311761.8470488163 -1819753.3415493718 5129363.727047605
-3311356.3946441966 -1819003.8811109576 5129891.29593915
-3313091.599710026 -1818075.6902341086 5129099.905101345
-3311738.9844096974 -1817935.1331622815 5130023.172535896
-3315297.3802435994 -1817404.3934147747 5127912.397003931
-3313067.834099381 -1816257.3855189746 5129759.413091789
-3315848.3742151097 -1817330.140903974 5127582.443820572
-3314522.4999166853 -1814347.318803408 5129495.628645855
-3315462.0312547795 -1815613.729607002 5128440.2408695845
-3315661.8336227443 -1812264.3848954625 5129495.628645855
-3316116.8039411684 -1812738.5708885011 5129033.945708697
-3317068.7333828094 -1809501.0485604384 5129561.57710119
-3318299.1658691373 -1807617.995540697 5129429.678627987
-3316539.1962799244 -1804858.2022380843 5131539.304083408
-3317169.023563416 -1803325.3629143008 5131671.102533884
-3314178.7082318943 -1803573.6263707012 5133515.624225021
-3318286.2798572998 -1802582.4120860011 5131209.78060233
-3313310.565590014 -1799729.686999936 5135424.72923912
-3314066.281731887 -1799840.5605297987 5134898.210963832
-3315610.9568312564 -1803378.09480545 5132659.391593833
-3315985.950775279 -1799309.5850706531 5133844.874101071
-3316208.430391795 -1801528.6275609422 5132922.875933046
-3317920.2542413725 -1798185.9607981627 5132988.743108956
-3317199.317637091 -1800642.5187752366 5132593.516600237
-3317828.4782202453 -1800234.4153014116 5132330.000991276
-3318568.758054414 -1800935.9864856966 5131605.204090235
-3318504.484893065 -1799551.7629963127 5132132.347868815
-3320362.2168880766 -1800259.210587287 5130682.461754745
-3320598.375465058 -1800387.2528385834 5130484.691398577
-3321585.5663883085 -1797248.4798744656 5130946.133682343
-3321683.8763941852 -1800075.6976168083 5129891.29593915
-3323396.241026515 -1797853.2898593226 5129561.57710119
-3323585.106497046 -1797880.4776406582 5129429.678627987
-3324323.299200466 -1797080.0058165248 5129231.819199382
-3323677.929348908 -1796956.0185858337 5129693.469324176
-3325236.2460348574 -1797273.5570428092 5128572.1862142775
-3325138.4459364754 -1795571.29077844 5129231.819199382
-3325915.0973155196 -1798840.7509481616 5127582.443820572
-3326167.557358214 -1799502.5710298168 5127186.448456382
-3329138.474303393 -1797581.2095248746 5125932.092222445
-3327048.4466680256 -1799378.6760410112 5126658.367175716
-3329110.2306664926 -1800643.9591242573 5124875.3550248435
-3328024.532152553 -1800206.886474497 5125733.98444365
-3328733.2393231643 -1802468.099774469 5124478.97553698
-3329220.8548177746 -1802506.7148855329 5124148.616369257
-3328023.279089899 -1806217.1945378482 5123619.96053489
-3327378.5282703927 -1806092.8144421706 5124082.539852916
-3325344.436676216 -1809273.8935261664 5124280.764719201
-3324978.000310918 -1811256.239328471 5123818.218178909
-3321152.131184477 -1812480.8077417505 5125866.0578576
-3320915.422980608 -1812727.762057382 5125932.092222445
-3319240.0625320687 -1815047.873243535 5126196.214067135
-3318522.1327606672 -1813376.4507288379 5127252.451588441
-3315792.615963068 -1815569.0915520827 5128242.311136004
-3316076.3754280745 -1815423.5618203154 5128110.35016949
-3315762.337564297 -1815251.6382357352 5128374.26585391
-3314941.2884009047 -1816005.4828396162 5128638.156543256
-3315676.3626241526 -1817085.3635224777 5127780.420416601
-3315400.071012282 -1815354.1527539624 5128572.1862142775
-3315338.088637089 -1815094.5851554843 5128704.125309961
-3312184.6460393984 -1816750.7001607674 5130155.042881864
-3312865.439233052 -1815695.271923412 5130089.108490238
-3309776.4716716656 -1816857.8378583514 5131671.102533884
-3312669.112962763 -1817542.949905081 5129561.57710119
-3313710.949585708 -1816760.384071911 5129165.86293158
-3316118.7275791923 -1816650.5126659248 5127648.437581226
-3314341.9949013777 -1816354.0918923684 5128902.022236242
-3315001.6758671678 -1816640.3822235258 5128374.26585391
-3312157.356602045 -1815683.071883984 5130550.6164134955
-3310673.3322414085 -1816899.0210888928 5131077.960268368
-3309619.4434258523 -1816771.6392882627 5131802.894731577
-3309264.1155000073 -1814998.507918828 5132659.391593833
-3307501.7929129614 -1814858.0381241129 5133844.874101071
-3309759.9461045675 -1812416.0641563314 5133252.1961764125
-3306395.4233695446 -1810723.686644765 5136016.942626311
-3309654.181346086 -1810556.5026783438 5133976.563104621
-3308368.462520244 -1807303.2196497587 5135951.1473966595
-3310097.15056831 -1809372.9227741146 5134108.245852576
-3310668.0149021787 -1805709.4826005185 5135029.849918132
-3310666.796632945 -1807208.5297590543 5134503.256561268
-3312650.661738163 -1806565.818536912 5133449.769558457
-3312572.002313464 -1806522.9213399307 5133515.624225021
-3313766.389426914 -1808074.8339655837 5132198.233806333
-3313546.0131480936 -1808104.6926755267 5132330.000991276
-3316426.2611244894 -1807873.952172259 5130550.6164134955
-3313293.521808408 -1808567.3333518223 5132330.000991276
-3315792.8315852843 -1810156.9362907228 5130155.042881864
-3314520.472614375 -1808936.7351910756 5131407.499380305
-3315664.736694894 -1811138.770410959 5129891.29593915
-3313920.424243821 -1810035.7723214258 5131407.499380305
-3313434.049736191 -1809244.575558096 5132000.5713037895
-3311046.244711328 -1804641.3252623477 5135161.482615554
-3308085.660490224 -1806698.952960453 5136345.8953063665
-3310554.6676815324 -1808722.5805187498 5134042.405260558
-3312692.1054074415 -1810415.93594883 5132066.460367962
-3311948.8031815966 -1811961.9922177065 5132000.5713037895
-3312745.3209498944 -1814050.8477706437 5130748.382081038
-3310983.1924492815 -1813912.2725727332 5131934.680676322
-3310226.92597486 -1814174.0433254794 5132330.000991276
-3309712.995315377 -1812315.2676528962 5133318.055534132
-3308931.8930192874 -1809636.1630412978 5134766.565752815
-3309330.038042208 -1802357.6584856112 5137069.453512364
-3303343.0141148446 -1799096.9506375042 5142063.408137388
-3305896.8130125594 -1801161.2026736455 5139698.977926298
-3304381.686971855 -1792863.6138025695 5143572.953609955
-3304590.9029028094 -1794171.7874866093 5142982.360599645
-3298432.808396529 -1794407.8238295577 5146851.714424329
-3302109.0447305194 -1796482.4538022028 5143769.789744649
-3300784.3622906357 -1788004.694441536 5147572.515886749
-3297590.1686083926 -1788806.2629392953 5149340.951380712
-3299183.765641951 -1783787.5923740705 5150061.097289711
-3294758.501332232 -1784219.9302784733 5152743.604944463
-3297347.237197609 -1787557.378617642 5149930.175788301
-3295568.3961431896 -1785179.2532935995 5151893.339341597
-3295683.2086752593 -1785911.0915799984 5151566.243486294
-3296517.079086947 -1785693.1461659581 5151108.243380641
-3291962.0165805384 -1785604.5010213007 5154051.187883514
-3294875.906473179 -1785324.8358451826 5152285.802578979
-3293684.920276096 -1783935.937169344 5153528.230059634
-3294015.359003688 -1786346.2487032267 5152482.013010013
-3297523.8755673664 -1788174.4414731164 5149602.84458185
-3297317.4456054675 -1785159.1534392915 5150781.0533741135
-3295929.224661026 -1790735.4698326038 5149733.781770546
-3295562.0622329395 -1789716.5972814593 5150322.921466793
-3299678.4393348643 -1790609.9521578779 5147375.95248509
-3296752.337818268 -1788277.3043554716 5150061.097289711
-3299007.043950165 -1792034.843286836 5147310.428215216
-3299823.7209875807 -1788080.3063708947 5148162.121415393
-3298089.330775958 -1791089.07771782 5148227.625299965
-3299298.390529727 -1790180.0976059656 5147769.065176045
-3297283.2005402045 -1790502.2547570597 5148948.064522037
-3295528.8660034956 -1792977.1099860452 5149209.995368591
-3295530.263538206 -1793350.6052013154 5149079.033082313
-3293093.7415345437 -1795005.6556036558 5150061.097289711
-3293282.914215414 -1795034.2145602447 5149930.175788301
-3293321.5807492193 -1797591.0079734419 5149013.549586414
-3293553.28684918 -1795852.690583442 5149471.901118519
-3292156.2457276937 -1797849.968686758 5149668.313960537
-3293415.697879842 -1797418.5675946884 5149013.549586414
-3291794.923131092 -1798323.986644119 5149733.781770546
-3292506.881212815 -1799832.3253863773 5148751.5999182295
-3292694.6438877247 -1799113.9989511922 5148882.5778892
-3291150.936723201 -1799314.9298781788 5149799.248011857
-3292413.782497992 -1800751.8053529358 5148489.625155655
-3289686.669379593 -1799931.619384229 5150519.273126455
-3290541.9034844665 -1803983.1333441436 5148555.121198827
-3290695.7754119025 -1800334.4940808879 5149733.781770546
-3287800.555688986 -1804495.7651422722 5150126.555687229
-3289437.351678674 -1801884.525970293 5149995.637323395
-3284774.6115630358 -1803655.6723806888 5152351.2076254925
-3286334.902287986 -1803989.8996664628 5151239.108399569
-3284190.686797986 -1802663.6794170272 5153070.559546031
-3283844.2172934893 -1802921.020157077 5153201.3303987915
-3280803.106876947 -1803785.907322116 5154835.436214497
-3281922.3977271826 -1804177.5147993865 5153985.8236503685
-3280092.7898616223 -1802649.9116729246 5155684.783405925
-3278643.9490423324 -1804164.0491322968 5156076.700285465
-3279303.6587682003 -1801843.638305858 5156468.560622299
-3276544.35563339 -1801444.4454221874 5158361.755017239
-3278874.6141899214 -1799820.202802304 5157447.964061835
-3276125.374155468 -1797343.9276060099 5160057.978231688
-3277309.6320624575 -1797993.6337419956 5159079.517570348
-3275171.5680400766 -1794961.9101796413 5161492.414109137
-3274984.8788342583 -1795677.2849861225 5161362.042289983
-3273682.251986651 -1793179.933750769 5163056.385342038
-3273202.9939605673 -1791803.545938818 5163838.031260145
-3272831.4870390096 -1790041.4705559646 5164684.55872533
-3273567.5301069254 -1786437.905460775 5165465.732706254
-3270842.991625435 -1787100.2219297886 5166962.349477038
-3273382.7546192384 -1787152.7547979418 5165335.552776751
-3269605.382644084 -1785979.4468707084 5168133.03400176
-3270096.2711919243 -1788842.0726296222 5166832.241937688
-3269866.47114874 -1784936.6731327726 5168328.098501777
-3267897.410305984 -1787787.4377529593 5168588.16246063
-3268773.1235765675 -1786562.002141908 5168458.133630008
-3265666.716501121 -1786789.251424233 5170342.935215383
-3266421.584119909 -1788980.5193022394 5169108.214803852
-3267158.650444581 -1785753.662198569 5169758.138517657
-3263960.377824221 -1788965.760931891 5170667.767146421
-3266520.6964014014 -1787108.346296294 5169693.153232543
-3263046.9576608296 -1786688.0974675668 5172031.631232366
-3264553.4418615066 -1787883.292338525 5170667.767146421
-3261964.423433154 -1785281.4282372124 5173200.104601378
-3260062.133030227 -1786311.2381622507 5174043.684508052
-3260031.925909007 -1782227.8585966513 5175470.674450393
-3255981.8141152305 -1779275.6552908383 5179034.810526017
-3255684.347912568 -1776236.326828777 5180264.948630613
-3251296.779438079 -1772002.0786563857 5184469.007068422
-3253287.7889454137 -1772129.9178712026 5183176.161050718
-3250833.013342406 -1765278.7116601488 5187052.803810909
-3251230.782652508 -1770420.8153009177 5185050.581689825
-3253117.1921316944 -1763726.3245484217 5186148.76245872
-3251328.2631243495 -1765694.6056058365 5186600.821843075
-3254423.411703131 -1763405.6966621326 5185438.227029428
-3252943.918482901 -1761575.9604500658 5186988.2396984035
-3254814.3137191935 -1760972.9162517216 5186019.588416203
-3256129.1495742374 -1758159.5419474416 5186148.76245872
-3256522.0089947204 -1757050.5501661985 5186277.930182073
-3259077.893919121 -1754979.3921555711 5185373.623421649
-3256643.489332154 -1753008.6588176019 5187569.2598268995
-3257453.7700378303 -1755131.7009470304 5186342.511674014
-3255234.2376664313 -1753715.8872037213 5188214.6876255525
-3258449.7898458363 -1760147.1632196575 5184016.5828113835
-3257886.8490285464 -1759475.8290977909 5184598.25692864
-3263386.013734074 -1755756.6482009154 5182400.150283951
-3259169.9093611 -1755762.7878597863 5185050.581689825
-3263330.3845534744 -1757195.8432116783 5181947.3723543035
-3261933.32216272 -1753874.0659794335 5183951.94445794
-3262858.9266278422 -1756354.3475407828 5182529.501199159
-3264813.533013337 -1754247.590359099 5182012.059651374
-3263489.5941234957 -1753462.8097334679 5183111.502170224
-3265432.5578747704 -1755388.2046598645 5181235.707909114
-3265260.9928338816 -1755516.358053282 5181300.412568725
-3269210.15474371 -1751025.5286835288 5180329.676962575
-3265634.1337792207 -1753293.1846847637 5181817.993024649
-3270265.559411722 -1752692.7360499406 5179099.568836587
-3266336.560135069 -1751027.321455061 5182141.4295099005
-3267723.9348475565 -1754562.1298346985 5180070.754166812
-3267238.4271923173 -1752024.7141423041 5181235.707909114
-3266608.6897142087 -1753963.313375454 5180976.873487916
-3268034.373149838 -1751496.9359282274 5180912.160937027
-3271140.5138483196 -1747800.455608895 5180200.218720652
-3273975.7055692608 -1744983.8720858253 5179358.586302228
-3273441.0133736194 -1742718.6077616347 5180459.128892423
-3278164.422072866 -1739803.0890246078 5178451.914740168
-3277981.878793959 -1736481.1657133226 5179682.322635368
-3281105.621872681 -1736376.2565520953 5177739.313039777
-3281366.658309991 -1733949.3865849406 5178387.140654243
-3283223.6304186275 -1735077.263617414 5176832.089409375
-3285101.3476826726 -1733649.81301878 5176119.054008846
-3286403.781507553 -1733310.6190830008 5175405.82782326
-3286880.7080568015 -1734148.7995424895 5174822.137238087
-3290509.1495413245 -1732687.4286286824 5173005.394493316
-3290137.670968305 -1733005.273952014 5173135.202807845
-3295755.8401985257 -1731631.5025554113 5170018.063909932
-3293328.808836019 -1730429.6575826884 5171966.7010769695
-3297378.6234555035 -1733585.844374513 5168328.098501777
-3301722.0402706605 -1730356.6013514304 5166637.068824409
-3308411.9760192037 -1727096.9375364343 5163447.23661286
-3306812.6413988797 -1726849.6208926819 5164554.341035377
-3309926.1613865667 -1729063.7574456844 5161818.316141765
-3309856.980368204 -1728807.0278728292 5161948.665948296
-3310644.5961923692 -1732161.3127353403 5160318.841347426
-3311964.9591530575 -1731968.6926105772 5159536.176552995
-3312834.598306558 -1734191.0155220458 5158231.232306831
-3312749.349523331 -1733188.8946609986 5158622.781581974
-3311051.948955614 -1734877.904661722 5159144.759282664
-3311005.3527781162 -1734190.6669108302 5159405.710416078
-3307090.217300309 -1735451.3400641447 5161492.414109137
-3307351.041601091 -1738828.8100468197 5160188.4129333235
-3306197.310882592 -1739474.5529098534 5160710.088862944
-3308624.9515920626 -1742595.496436898 5158100.703311274
-3309201.305216509 -1743046.610211085 5157578.524480747
-3310814.9791093655 -1745003.976239205 5155880.748913266
-3310063.214692146 -1745272.1857303283 5156272.63752199
-3310860.9763282733 -1746652.9817662402 5155292.809987973
-3309148.938618066 -1747005.091459368 5156272.63752199
-3310195.371287081 -1747335.9145206767 5155488.803763982
-3306495.066903861 -1747596.948015757 5157774.353325903
-3307431.485967596 -1747944.1783133054 5157056.245100571
-3301797.8722260594 -1748580.913219575 5160449.263473837
-3304277.9122426063 -1753514.3390328286 5157186.8243715875
-3302252.8758478127 -1751184.160101799 5159275.23799258
-3302194.4728981447 -1757434.699125131 5157186.8243715875
-3304863.65880047 -1755673.7332184797 5156076.700285465
-3306232.778442922 -1759806.0464126507 5153789.7215310475
-3305064.903585653 -1759702.644017883 5154574.045226513
-3308072.14404432 -1764194.8743758523 5151108.243380641
-3310770.042100028 -1761998.634715185 5150126.555687229
-3309345.8503095964 -1765245.0899361637 5149930.175788301
-3311918.259638354 -1765577.8694517585 5148162.121415393
-3309226.516981964 -1764513.7786152654 5150257.46777579
-3309090.650310623 -1766296.1373784547 5149733.781770546
-3310186.730103767 -1764432.222567864 5149668.313960537
-3308134.5473684096 -1765414.8747510891 5150650.166388241
-3309702.810379039 -1767439.4291810568 5148948.064522037
-3307553.1194396247 -1765549.6238709975 5150977.3720852425
-3307186.727314967 -1769286.9001879815 5149930.175788301
-3309187.236002224 -1765160.4831468018 5150061.097289711
-3306323.9908835497 -1768231.6186703355 5150846.494513534
-3309707.3284421326 -1766476.858405385 5149275.4741589315
-3306852.389184814 -1764953.1030911712 5151631.665795947
-3308456.2876130445 -1765957.5330605812 5150257.46777579
-3308533.8958112686 -1763328.762665636 5151108.243380641
-3306970.9272483555 -1764348.993572843 5151762.5057074055
-3308464.0769718247 -1764033.0775523619 5150911.934083917
-3307574.776091554 -1761113.0588838388 5152482.013010013
-3307812.701331547 -1764872.2666895594 5151042.80851749
-3308949.7920547924 -1761400.4596470979 5151500.819607383
-3305830.42406682 -1765149.0585038888 5152220.39596299
-3309911.9361432754 -1762654.0727992607 5150453.824142146
-3306132.3552264753 -1762863.9395901014 5152808.999004088
-3308156.1447294247 -1764610.486594941 5150911.934083917
-3305581.7239865893 -1762940.8358166995 5153135.945757278
-3307632.428650174 -1765591.958594522 5150911.934083917
-3306815.753636151 -1763302.4592867645 5152220.39596299
-3304974.368688824 -1763506.0933367696 5153332.094972532
-3301312.2517502904 -1763106.82664391 5155815.42864803
-3302693.398436549 -1765104.0716157702 5154247.27116279
-3301785.0924873916 -1764322.296018698 5155096.802078437
-3302548.4840715844 -1766138.3411181325 5153985.8236503685
-3301147.3377557006 -1766278.2566673206 5154835.436214497
-3302390.0105663454 -1767388.0012473024 5153658.978935129
-3301310.476151272 -1766736.1297972694 5154574.045226513
-3302394.3651167382 -1767761.0809223154 5153528.230059634
-3300327.7374510057 -1766284.3046070861 5155358.142817061
-3299966.4300642717 -1766387.3170076893 5155554.131881774
-3296639.172962915 -1766309.2095257957 5157709.078615305
-3294574.0792592065 -1771869.099040096 5157121.535521554
-3294795.8151132837 -1778666.4220241362 5154639.395328819
-3300972.97966566 -1782745.208587737 5149275.4741589315
-3304690.6518181292 -1782667.5295299322 5146917.249669506
-3305100.3102328097 -1785123.2646127266 5145802.937291457
-3305840.3881087 -1785075.8379801589 5145343.971107155
-3304462.453580389 -1786492.5850195165 5145737.375396043
-3304242.085126112 -1786522.5014228106 5145868.49761937
-3299314.4367936673 -1787133.969265443 5148817.089687925
-3300484.432196481 -1791196.4721558995 5146655.099281954
-3299421.595690735 -1789576.149611638 5147900.090195107
-3298812.268460932 -1794838.1079392335 5146458.47002973
-3300317.631320782 -1792821.358611653 5146196.275745714
-3297380.4255726584 -1795401.8522094584 5147179.374971609
-3298612.310231763 -1796520.4713272857 5145999.613572611
-3300284.576552751 -1797580.6120676254 5144556.9932586625
-3300099.7422168707 -1799795.8583938405 5143901.00600007
-3301170.6131382384 -1799707.1628340192 5143244.862049291
-3297531.6935438067 -1799440.8392472211 5145671.811933149
-3298480.7864154885 -1802948.3889405392 5143835.39865581
-3296887.9031867245 -1800807.4593514972 5145606.246902793
-3294055.217113464 -1805610.171122163 5145737.375396043
-3296276.0004961556 -1806228.9890560478 5144097.818631236
-3295093.6657676375 -1807825.1092628126 5144294.617159567
-3296036.2337178937 -1809839.3808787742 5142982.360599645
-3295736.419407645 -1810198.8409313625 5143047.98831207
-3295387.3606052664 -1811579.6347517264 5142785.4680626
-3295619.7968409327 -1813205.74159819 5142063.408137388
-3293749.380253767 -1811577.6029785064 5143835.39865581
-3289383.0612427625 -1812991.6314130959 5146130.723255607
-3289014.301742106 -1815333.8619279636 5145540.680304996
-3286432.3736223476 -1814806.8925880753 5147375.95248509
-3282305.378809639 -1814472.0611358318 5150126.555687229
-3279441.869593799 -1812590.1997884572 5152612.81211639
-3278706.1534998007 -1809271.1313436339 5154247.27116279
-3279807.750623626 -1810625.8385677447 5153070.559546031
-3281068.015587791 -1810948.00008332 5152154.987777543
-3280012.3524054545 -1810813.4839215744 5152874.391494076
-3281256.4658989813 -1811350.8840210435 5151893.339341597
-3280312.7936957465 -1810083.0296776288 5152939.78241441
-3280216.9396439837 -1811001.1320042599 5152678.209315225
-3279652.61069166 -1808300.2745104048 5153985.8236503685
-3278785.8259518063 -1808195.487167995 5154574.045226513
-3277777.580849445 -1807042.6476284487 5155619.458429095
-3275239.772488838 -1806612.6616722506 5157382.681495796
-3272480.8109681434 -1805835.8333944015 5159405.710416078
-3270241.918565614 -1805791.8509329688 5160840.492125325
-3268144.33295702 -1804931.3268268104 5162470.002276055
-3265984.574206895 -1807534.2211246046 5162926.089002831
-3263019.2227878342 -1805446.730351387 5165530.82031078
-3261615.03038373 -1804818.4929860595 5166637.068824409
-3261465.583605726 -1800054.398239404 5168393.1168530835
-3257590.908567939 -1803334.4597816793 5169693.153232543
-3259717.6921426435 -1801539.8469173796 5168978.211165253
-3254905.6555866227 -1801476.888212027 5172031.631232366
-3258487.1656701514 -1801528.0126585208 5169758.138517657
-3257081.766598938 -1800899.455096753 5170862.647404295
-3256251.962915937 -1805192.8269210437 5169888.10436347
-3255983.3734541754 -1804746.7675999787 5170212.991417994
-3253522.457206724 -1805090.4045087392 5171642.026668319
-3253034.625255833 -1808013.9483867707 5170927.60434001
-3252544.7399316537 -1805736.0051443852 5172031.631232366
-3249578.695114574 -1809955.3725092702 5172421.179078739
-3251393.6748450543 -1808736.3662076518 5171706.964700872
-3247038.0635736 -1810248.4798565926 5173913.920320003
-3249513.8307706043 -1811926.1204648395 5171771.901158034
-3247021.8683442944 -1810833.780956595 5173719.262217497
-3248072.7486460293 -1815063.3190318658 5171577.087060393
-3248407.0334918275 -1813539.3111249271 5171901.769346102
-3246917.3294704664 -1816574.8699067114 5171771.901158034
-3249330.4114408977 -1816882.5933378502 5170148.017156883
-3248400.5867906855 -1816511.5219609728 5170862.647404295
-3249237.2923676944 -1816309.477035506 5170407.904751622
-3248470.93057631 -1813054.4445031297 5172031.631232366
-3246041.6377676297 -1812590.3237186482 5173719.262217497
-3245264.484866078 -1814906.515815345 5173394.800526818
-3244445.3982359497 -1814151.1088975347 5174173.442391684
-3243823.7441699426 -1816926.081521705 5173589.482269102
-3245516.3416401334 -1815196.0912301135 5173135.202807845
-3243542.1700265193 -1815950.3728734888 5174108.56423793
-3246232.506621542 -1818721.8969131673 5171447.203118503
-3246781.0557925506 -1819773.8384166742 5170732.728807481
-3248159.9287357978 -1822111.503589809 5169043.213771843
-3248650.372627389 -1821790.336203854 5168848.20122841
-3248512.74767445 -1820744.4266789337 5169303.208452199
-3251530.162002554 -1819602.749447996 5167807.895015926
-3252477.3936446467 -1819387.4678009653 5167287.590781
-3254687.8816139507 -1818759.9373436319 5166116.537941153
-3255726.2138602645 -1819489.30794073 5165205.366553442
-3256373.7218242227 -1819254.5386866739 5164879.873460814
-3254592.301571372 -1822808.5050989387 5164749.665210438
-3254629.225801484 -1821635.4142937898 5165140.27108166
-3251028.7775428 -1825660.8423429679 5165986.389483051
-3251933.5899720746 -1824601.5097553341 5165791.154993578
-3245578.541966648 -1827073.3938709095 5168913.206984103
-3247163.0332722296 -1828487.843594755 5167417.676284404
-3244921.0504022157 -1828792.1425832538 5168718.184993484
-3246220.528889479 -1834380.0769766972 5165921.312893516
-3246121.3481814964 -1834922.051715128 5165791.154993578
-3243281.729398349 -1838474.2417824531 5166311.748825586
-3242935.569536488 -1839998.5096491035 5165986.389483051
-3240789.332680948 -1838481.689409678 5167872.925961581
-3239088.1048265775 -1845670.5677201473 5166376.815972927
-3241873.159090901 -1843511.760798952 5165400.643528238
-3235527.5257112333 -1847908.0579336216 5167807.895015926
-3238185.0468056155 -1849800.628954902 5165465.732706254
-3231622.2208482875 -1852190.9042637178 5168718.184993484
-3231294.6314523863 -1858377.0134732958 5166702.12810271
-3230369.8463830887 -1857995.2137727377 5167417.676284404
-3227212.483199877 -1862030.5792621505 5167937.955333011
-3227154.640495098 -1863574.115820044 5167417.676284404
-3222215.1173171746 -1864548.2612207746 5170148.017156883
-3219933.5098321103 -1869384.411280165 5169823.122227972
-3217664.7975840736 -1866640.8842779556 5172226.412245529
-3210103.1645687195 -1870125.2257263907 5175665.204872482
-3213886.494658554 -1872780.108791185 5172356.258376585
-3212586.0372301494 -1868193.726931049 5174822.137238087
-3210492.921902398 -1873580.8993644195 5174173.442391684
-3213122.8774733907 -1870682.8280634962 5173589.482269102
-3207110.9079250023 -1872207.5727612623 5176767.2758936975
-3210998.587920781 -1874326.7957656889 5173589.482269102
-3206196.0444782036 -1870548.2489866596 5177933.6778859245
-3205988.7837774893 -1869827.3723871084 5178322.364990892
-3200201.132689765 -1872744.8953967963 5180847.446807943
-3200925.4639648325 -1872043.9662698898 5180653.294951711
-3195826.315833175 -1871982.3069285844 5183822.663013704
-3196163.807209654 -1877128.2974641148 5181753.300992103
-3197410.5625792006 -1874109.7351551575 5182076.745369912
-3192296.4945783503 -1878530.6200709753 5183628.729004281
-3196694.3737174408 -1879616.6350675405 5180523.8524902705
-3190819.3651671405 -1878186.2540533862 5184662.879489782
-3191837.387662987 -1879310.5891677893 5183628.729004281
-3186556.0811899793 -1886476.2964545568 5184275.120433547
-3188678.198308543 -1882175.1666941028 5184533.63278818
-3181138.3278330746 -1885143.91854986 5188085.614708558
-3183932.536103853 -1889128.147847146 5184921.353940761
-3181690.056255407 -1886521.474162569 5187246.486667947
-3180465.050210555 -1891952.4024014468 5186019.588416203
-3183899.5641127424 -1889183.7176653284 5184921.353940761
-3179837.933565011 -1890527.5761804273 5186923.674005851
-3182195.417688981 -1892229.883813356 5184856.737697093
-3179665.2553910804 -1889223.3230744626 5187504.708355478
-3177076.075341817 -1895872.0123684122 5186665.395435567
-3179767.216083204 -1895070.4042173054 5185309.018234316
-3174386.0282807336 -1897198.1165431354 5187827.44991015
-3176754.9010261465 -1901173.2830690271 5184921.353940761
-3174588.579907556 -1898447.3221218372 5187246.486667947
-3172789.2801919756 -1904972.4227881404 5185954.999025307
-3174936.342629237 -1900687.0701162363 5186213.347110302
-3169230.2903935723 -1903512.9177595668 5188666.393050754
-3172787.8435388086 -1902335.6959091092 5186923.674005851
-3168305.725178447 -1899949.0321048119 5190536.918971433
-3170094.2848054026 -1902601.6605420385 5188472.814494338
-3169314.7642737427 -1900027.717761427 5189892.060216163
-3167855.8998494376 -1904041.9145447868 5189311.552166215
-3169729.2957068197 -1903737.3530701767 5188279.221713428
-3168033.6524516135 -1905503.8280097358 5188666.393050754
-3167549.2887904965 -1912447.119119428 5186407.091586103
-3167265.221634153 -1918163.9999159966 5184469.007068422
-3165898.9737073113 -1925123.8006320712 5182723.515731755
-3165590.1371219084 -1929631.2142075356 5181235.707909114
-3162124.2641211804 -1930623.4390610165 5182982.179672655
-3163027.7932212874 -1933828.513182392 5181235.707909114
-3163832.3472935692 -1931817.912670258 5181494.517077596
-3162984.6024994897 -1939266.7515651253 5179229.080724775
-3166602.334708812 -1940800.5074674895 5176443.184661707
-3162943.207369835 -1945551.2688607008 5176896.901348098
-3165351.097639779 -1943531.2796579201 5176183.883292969
-3161809.7089434634 -1938242.709882246 5180329.676962575
-3157624.7616782645 -1937800.893040187 5183046.841710862
-3151968.922662475 -1932134.457363295 5188601.8684458155
-3148018.7872293284 -1932510.9460107835 5190859.289057997
-3139461.804638743 -1934659.1718033908 5195239.596608751
-3130820.535364504 -1936050.5744493979 5199933.840782408
-3123494.707307571 -1937705.5477437216 5203721.651247769
-3121897.748833986 -1934074.8566952203 5206030.147293104
-3124109.6750788707 -1930845.568720244 5205901.951423211
-3122961.507621322 -1928554.4548055106 5207439.883163836
-3118930.61440121 -1930579.8343164173 5209104.944794421
-3111552.000791554 -1929018.4328003267 5214093.692319563
-3105713.9742581756 -1937200.2012736525 5214540.928047532
-3101216.3305528113 -1940791.456733704 5215882.168203384
-3096791.1266141227 -1942538.0946680917 5217860.813483558
-3094851.2209415417 -1944257.9842908138 5218371.183689224
-3097244.646807077 -1939585.032439035 5218690.113406177
-3102923.731868976 -1935309.3274332697 5216903.595175408
-3104889.340757751 -1931120.010104953 5217286.525409654
-3102549.6565464474 -1927637.7999793058 5219965.434823727
-3098498.6231827848 -1927595.254537917 5222386.793106892
-3095035.4872983103 -1921247.586072169 5226777.596701047
-3089005.6038178597 -1921614.810348875 5230208.590508577
-3085678.5190928956 -1917454.2248625064 5233698.345564597
-3082043.7876199484 -1914300.9451338951 5236993.315123932
-3079780.7936026817 -1912746.3927406315 5238892.297080914
-3074096.7725087726 -1910108.5379282746 5243191.337972005
-3067910.2841167557 -1909828.8472341977 5246915.404586083
-3064929.6944782566 -1904560.813843796 5250570.928411126
-3057641.0994482273 -1903954.4630979048 5255038.468880566
-3056303.4965542993 -1901937.351312107 5256546.798862714
-3047325.133201007 -1901592.7169331664 5261881.381356692
-3045911.147793353 -1905588.7761610723 5261254.384262096
-3037087.124774916 -1904791.853610694 5266641.319754438
-3033333.9257704327 -1906792.960611729 5268080.001303291
-3030357.966718421 -1898729.633805654 5272703.042202779
-3033125.814247828 -1890305.7038999542 5274138.141985546
-3035735.595016086 -1878423.6446389658 5276881.181949579
-3035904.438180643 -1874646.8263329493 5278126.989638926
-3035304.1352299484 -1872812.946774175 5279123.172748577
-3030441.3506344566 -1870688.9964664916 5282668.728858928
-3027181.949978163 -1877883.3555788998 5281984.905749555
-3024715.868806664 -1874161.0626970865 5284719.029812207
-3022382.798531901 -1873372.5442540594 5286333.183745946
-3026940.4250695147 -1860366.0377222793 5288318.340339347
-3020493.478624937 -1858510.6783245613 5292655.118571189
-3021956.7500284463 -1855777.41279384 5292778.91047054
-3016022.002678678 -1851842.9461784796 5297539.99343536
-3010812.2636344116 -1855017.791949532 5299392.371272325
-3005534.153641878 -1855820.9602132966 5302106.563897523
-2999042.119692054 -1855935.9638928338 5305741.141654214
-3000431.180114843 -1849633.4110302678 5307156.487064913
-2997525.5126162586 -1835950.6088849723 5313545.630080684
-2992817.6461506826 -1826751.997515941 5319366.567220256
-2985459.2464137045 -1822761.2566926165 5324867.649914246
-2979214.347224934 -1826022.5356442775 5327247.3729505325
-2976260.359477625 -1831365.637478753 5327064.404948016
-2970703.043509448 -1834886.8494269743 5328954.369956986
-2969002.2422397453 -1837991.0351173182 5328832.483800156
-2962898.7645956087 -1833354.362357925 5333824.490249092
-2957972.1317135394 -1834234.8512552017 5336255.651526346
-2952607.5197166055 -1833692.0177217294 5339412.272774651
-2947386.594086116 -1838728.7675985587 5340564.556693134
-2942659.887174814 -1842422.060641293 5341898.046469495
-2938578.7836683174 -1844367.727274186 5343472.9735223595
-2933677.618163206 -1845505.266914933 5345772.810593198
-2931787.7994330763 -1843602.3171413376 5347465.922783094
-2926776.397687643 -1840522.2687597706 5351270.755263457
-2923613.1484230664 -1838533.0389991063 5353683.164222224
-2918160.3287070394 -1839300.0179581244 5356394.005289348
-2918395.214586972 -1839803.9389989742 5356092.963860852
-2914491.3233006 -1836703.174467717 5359281.927208694
-2913028.5791839664 -1833935.0090235476 5361024.890777439
-2904150.133600974 -1841679.087864082 5363186.658958419
-2900466.4177614325 -1848868.6004014006 5362706.448975921
-2894515.272944635 -1851404.4800579934 5365046.484972096
-2890508.748696892 -1861806.3086141301 5363606.75692312
-2891323.2546104104 -1870552.4819050792 5360123.529340328
-2890288.1629646444 -1881424.801405172 5356875.586728142
-2890541.8558743536 -1888564.8093895654 5354225.596682848
-2887462.795245207 -1891734.7528067492 5354767.897033253
-2885669.41131004 -1892936.119776341 5355310.0652600555
-2886407.263362752 -1887373.3224571072 5356875.586728142
-2886147.760849329 -1888282.4778156793 5356695.005926573
-2890640.736934199 -1888413.4583831767 5354225.596682848
-2888013.297101546 -1892599.7419902014 5354165.332933162
-2892793.97996692 -1896382.2740621287 5350244.691608982
-2892701.3032481982 -1895671.929792282 5350546.523934147
-2898133.485412724 -1899304.103500429 5346317.164474619
-2900505.99089492 -1895508.4083849948 5346377.640096559
-2899120.3175633387 -1898649.1380578536 5346014.76193656
-2899475.015491042 -1892308.0460387522 5348070.296232111
-2895013.297436916 -1890260.865134052 5351210.41161774
-2893777.3499425068 -1884631.0059355411 5353863.989720519
-2887273.2591075436 -1881256.4009890126 5358560.299276324
-2883099.5069632675 -1885425.946527613 5359342.052258711
-2880380.9720103466 -1884796.6936901938 5361024.890777439
-2876605.997208292 -1887996.2243070402 5361925.884775698
-2877816.534700178 -1886491.94012074 5361805.773474618
-2877145.038268721 -1885979.9613853416 5362346.222878436
-2882258.7131930897 -1884660.6550464893 5360063.425514875
-2885213.563386315 -1880990.575068568 5359762.881896443
-2889219.5392597313 -1885974.4755499407 5355852.101349879
-2892685.783266686 -1884423.4484871447 5354526.890966056
-2890704.75768819 -1891047.7868301785 5353261.180981509
-2896064.3080120813 -1892749.9948615918 5349761.675141235
-2895213.7191814296 -1895585.30001514 5349218.156948746
-2899438.641750881 -1900376.467537262 5345228.32481012
-2896570.9787930213 -1900665.8330595295 5346679.993776902
-2899922.5823163465 -1906777.4092382714 5342685.647517574
-2902641.171457214 -1903996.7643584595 5342201.002496444
-2906850.623762007 -1907265.9547846462 5338744.8926553745
-2911775.7159693623 -1906719.381934384 5336255.651526346
-2913687.061205293 -1906009.7866522835 5335465.809331981
-2913317.067528376 -1904533.6984616478 5336194.904187052
-2913062.3171069664 -1898277.0289676574 5338562.845742768
-2912804.487201658 -1897819.3257558628 5338866.249132436
-2920136.100609366 -1898678.11485033 5334554.111648538
-2919828.1653455896 -1899493.1240237067 5334432.524331081
-2924100.447246624 -1900094.1764515184 5331877.689428661
-2924714.143771944 -1897952.973484645 5332303.694245213
-2929745.863762091 -1899256.828208879 5329076.249620648
-2931738.2399843046 -1897207.2443400347 5328710.591150304
-2931407.988801855 -1900624.9971346268 5327674.241491841
-2932812.2170084952 -1898628.5568451125 5327613.265140213
-2932774.5077735106 -1897659.9822343944 5327979.098906076
-2936408.3280515373 -1897176.9227842893 5326149.345878719
-2935837.67917319 -1901823.5474268033 5324806.598929196
-2938353.6538987425 -1908699.598391182 5320957.1176360035
-2941500.479017567 -1913738.1753951167 5317407.463038242
-2940654.1608710377 -1920134.672523367 5315569.296465378
-2944323.141947983 -1923336.7551171773 5312379.689198135
-2944329.1790638743 -1924513.976223493 5311949.984763928
-2947315.908392387 -1927567.6572321777 5309185.706201057
-2947404.9904201804 -1931153.2100763898 5307833.089091807
-2946743.1580727845 -1933514.1339227175 5307341.0342913065
-2945224.699300152 -1937006.5723875333 5306910.401463344
-2945612.074474727 -1938439.920361571 5306171.989472007
-2944654.445770624 -1937367.8521857716 5307094.968089453
-2944848.257183692 -1939263.3463778046 5306295.074301629
-2946777.10594255 -1939870.0049465145 5305002.36114949
-2945370.0108552147 -1940491.4481515475 5305556.468345753
-2947448.8249209123 -1940533.4146416357 5304386.532967937
-2944711.3210450136 -1935932.767679241 5307587.074625825
-2944257.0198604325 -1932912.1655200585 5308939.834033451
-2945096.8385715513 -1921642.8460308088 5312563.823968091
-2947138.561192727 -1912724.2931944695 5314649.666662383
-2949850.8430818478 -1902725.5260630676 5316733.637868023
-2950185.638836248 -1889843.5669316507 5321140.572182942
-2951805.875589212 -1875730.9912042264 5325233.921760904
-2949495.5546342153 -1864089.3671875992 5330599.1974947
-2952855.523055507 -1856490.8163437208 5331390.729330576
-2954004.0734723248 -1847300.6871754664 5333946.1100642895
-2957373.357798493 -1843310.2302974414 5333459.591809472
-2961364.1892513116 -1838127.741545436 5333033.803041286
-2961859.278221283 -1834856.4554537798 5333885.3009690875
-2965335.3421976906 -1831714.4329650041 5333033.803041286
-2967246.8130370015 -1823820.8812090403 5334675.692466004
-2970949.569472333 -1819744.4489115411 5334006.917534677
-2973762.1804693667 -1810493.638861466 5335587.341394782
-2973315.356813689 -1809794.8528258796 5336073.40463199
-2976527.5756261926 -1806841.0489913698 5335283.499048259
-2974674.174273578 -1807919.2163929145 5335951.898575083
-2976839.0173546434 -1809377.2417304427 5334250.131167733
-2974349.480297748 -1810424.3021556817 5335283.499048259
-2971598.059131313 -1815651.3841872795 5335040.395916964
-2968409.02335025 -1819613.548955447 5335465.809331981
-2965198.5400728052 -1823774.303364677 5335830.386016481
-2962875.1637635618 -1826481.7843277785 5336194.904187052
-2959155.836223908 -1827897.2962925686 5337773.806667748
-2956192.876532919 -1825069.2486695454 5340382.656167702
-2949857.617687722 -1824501.810856042 5344078.421725559
-2947777.786468601 -1824140.24386137 5345349.333049024
-2946827.9309814116 -1820708.6039151158 5347042.764446277
-2945695.608297964 -1814543.5796486505 5349761.675141235
-2946074.9890432097 -1808399.7666080792 5351632.782905223
-2949876.97018936 -1803086.8942012393 5351331.097279084
-2954240.3914465276 -1799880.6926902987 5350003.196412742
-2957925.0061512133 -1805312.5595104091 5346135.727837381
-2960318.1156139644 -1812664.185315754 5342322.17351606
-2960072.4309465103 -1819482.3227412612 5340140.099359049
-2957537.6762693333 -1827325.6598980774 5338866.249132436
-2955513.822869918 -1829712.244744933 5339169.611864312
-2953125.527387257 -1826309.2594437383 5341655.652357591
-2955117.3462893055 -1821485.9095216861 5342201.002496444
-2948684.606054473 -1822851.4532551838 5345288.829743707
-2947405.942796705 -1827397.892863962 5344441.612509489
-2945840.812032542 -1830273.397885469 5344320.555426689
-2943265.5026122 -1834588.2296226688 5344260.02444332
-2937410.3406229583 -1839206.644712262 5345893.7895217845
-2930898.317867999 -1843614.085309423 5347949.434574642
-2927102.3175088908 -1848936.0268025363 5348191.151373119
-2927469.4433802073 -1853244.8632368797 5346498.586454625
-2924427.919778408 -1861344.3662291183 5345349.333049024
-2925541.87488271 -1868445.0366352687 5342261.588819925
-2923217.9294549827 -1872424.5587449223 5342140.414545635
-2921836.7456041966 -1876650.1311638234 5341413.232211105
-2919273.2102385308 -1876155.3338546413 5342988.497763439
-2915459.0274030054 -1877085.1899723453 5344744.22672599
-2915574.5738743003 -1868964.3264422913 5347526.367458491
-2915829.8575889207 -1860594.7952900871 5350305.061333644
-2919962.2976183644 -1855495.9254213776 5349822.057903604
-2921215.432681943 -1862740.1957514812 5346619.526298144
-2921697.5408351338 -1869437.7050072288 5344017.884230481
-2919064.3928959477 -1875445.2601688718 5343351.86434855
-2917638.7884908146 -1884544.944154729 5340928.313819116
-2917298.6724147475 -1887646.2995001334 5340018.8111944515
-2913530.687925159 -1892430.4521491784 5340382.656167702
-2913374.8787183138 -1894209.6115730982 5339836.86674763
-2909075.82933997 -1897053.887900027 5341170.786031219
-2907055.4783983105 -1897761.8268976894 5342019.23376211
-2903205.5689220177 -1899732.12244492 5343412.419749303
-2902178.987758282 -1901810.5293497457 5343230.748664028
-2898018.107815014 -1905090.5090362644 5344320.555426689
-2894610.831603413 -1910094.226520689 5344381.084782084
-2892846.44951608 -1921711.4908250028 5341170.786031219
-2893530.105763894 -1931277.307986859 5337348.825652397
-2892305.9392950465 -1941644.3782669427 5334250.131167733
-2893573.2174101165 -1946600.4796997819 5331755.959148866
-2886757.02093483 -1946555.8043716308 5335465.809331981
-2881648.086821123 -1952783.3059029167 5335951.898575083
-2878655.205317167 -1959344.8314044843 5335161.950732978
-2873360.436258261 -1962646.673953666 5336802.30442953
-2869980.2438730123 -1964454.3842886153 5337955.9169993
-2866825.033141437 -1964279.2425993439 5339715.56231668
-2867158.5242275647 -1964287.1483425244 5339533.593471026
-2865764.3028858854 -1964508.0824761312 5340200.741001309
-2872067.4590936205 -1964043.2872020178 5336984.492802299
-2873703.813093045 -1960160.8448112558 5337530.970128728
-2880074.723672597 -1960899.5112654883 5333824.490249092
-2882680.368577412 -1955906.5495967392 5334250.131167733
-2886436.520730096 -1957498.8456247044 5331634.222372488
-2888095.576211866 -1949732.3389874683 5333581.231121535
-2887505.636130936 -1949774.2939678903 5333885.3009690875
-2889566.4514300846 -1944051.5150243621 5334858.051504392
-2888898.351561247 -1941039.5727271764 5336316.397240124
-2891828.6167202666 -1938177.1683492393 5335769.62729909
-2894124.9590287274 -1933573.289548422 5336194.904187052
-2897107.146628137 -1933299.3656359937 5334675.692466004
-2901346.165971173 -1932982.6407483856 5332486.243373701
-2905553.730618456 -1933882.7072947572 5329868.309153189
-2911323.4801798332 -1935450.7844812989 5326149.345878719
-2915574.7867408977 -1937616.7410282302 5323035.414855693
-2917982.2748660566 -1940538.5575248639 5320651.327640897
-2919200.85192266 -1939879.6308754648 5320223.1535762185
-2918125.182870939 -1942838.033231268 5319733.714550429
-2921410.135729063 -1944436.4366304514 5317346.214303087
-2919560.6929422067 -1945706.4682704238 5317897.394606016
-2922645.610124953 -1948941.238231009 5315017.562298353
-2920595.4555868334 -1947500.4700601567 5316672.3713165745
-2920299.486169964 -1950618.2818689821 5315691.886247165
-2916422.6273179534 -1945894.7247718878 5319550.148177267
-2911499.3685725788 -1946577.9397215457 5321996.500505323
-2906273.1766177425 -1940515.923255478 5327064.404948016
-2899969.463985961 -1938063.7242250224 5331390.729330576
-2896148.7131108744 -1942098.3211609134 5331999.413211726
-2894304.9669223027 -1947679.8203580088 5330964.553982616
-2889324.815630064 -1955558.1364850972 5330781.883045979
-2887111.0243914085 -1963625.9196250548 5329015.310600473
-2880054.503811718 -1970833.373051871 5330172.87437648
-2877237.799166809 -1979541.702913777 5328466.786372133
-2874873.45029624 -1987392.2123527862 5326820.42489338
-2872137.5960606635 -1990691.200269574 5327064.404948016
-2870427.2848410485 -1992993.5320378726 5327125.395904929
-2870793.5721743857 -1994584.8114930352 5326332.386898467
-2874910.417949993 -1999082.3332338682 5322424.345513502
-2876806.4775568047 -1996678.6715136552 5322302.112188829
-2876483.5844921987 -2002187.826233655 5320406.6664709635
-2875669.6327641546 -2004006.4062931072 5320161.979370014
-2870996.082846692 -2007456.7289340564 5321385.155552671
-2868853.914687247 -2006629.915997963 5322852.1110778265
-2860508.170758905 -2004288.936303 5328222.95562366
-2854932.199992467 -2006405.5169496564 5330416.497329281
-2848220.428174087 -2008826.2761935082 5333094.634881922
-2843091.843028183 -2010117.2315287606 5335344.270768078
-2835857.6043759747 -2011468.0043406023 5338684.211977422
-2833376.749216976 -2013352.7747331362 5339290.945572363
-2827838.838893757 -2013579.969239414 5342140.414545635
-2824132.950148804 -2012352.8568052817 5344562.663080248
-2820871.3969551926 -2010177.2834513902 5347103.220523805
-2822829.949417 -2009196.7471806318 5346438.114089902
-2822888.426904602 -2010723.3147649034 5345833.3008717075
-2821653.672253695 -2016309.0969592705 5344381.084782084
-2818459.493320315 -2022211.9299621335 5343836.2619780395
-2813112.250745166 -2028208.88602011 5344381.084782084
-2807683.299011206 -2031901.0339444808 5345833.3008717075
-2800650.1930865087 -2033970.0744370632 5348734.918862496
-2795817.7104214053 -2038072.7243771204 5349701.290749235
-2791939.419910984 -2043540.424364571 5349640.904727623
-2787002.422861143 -2051528.6437585312 5349157.7578909
-2784286.9694498125 -2060865.663540916 5346982.306739947
-2782677.5460070437 -2067578.494421871 5345228.32481012
-2778224.3484438006 -2075429.43992782 5344502.138608883
-2775949.0120949666 -2079094.2435075094 5344260.02444332
-2773651.337057528 -2078582.6480319006 5345651.82515095
-2772413.9171832306 -2077277.5338272562 5346800.9238483235
-2769972.8511098907 -2079754.4454040946 5347103.220523805
-2769569.2736842143 -2086035.0859581945 5344865.261016004
-2767177.8604127537 -2090599.3135187966 5344320.555426689
-2772151.509830653 -2097778.8960672244 5338926.9249315085
-2770257.1718343473 -2102130.052042283 5338198.708010134
-2771023.8502940796 -2108357.022300449 5335344.270768078
-2768925.7092029904 -2111418.9267065474 5335222.725703219
-2768080.5140896714 -2114214.676283072 5334554.111648538
-2767554.2865191363 -2109838.48371964 5336559.363839699
-2765898.772104694 -2113389.2106574597 5336012.652416257
-2766640.2317734095 -2115332.6920916107 5334858.051504392
-2765162.521428169 -2118948.1871211086 5334189.330196781
-2768767.1451369934 -2128006.7978680236 5328710.591150304
-2768114.349147091 -2133428.7572740223 5326881.422341049
-2763971.730225515 -2143801.713174729 5324867.649914246
-2765103.681791684 -2152186.9763484932 5320895.962878621
-2761744.974908325 -2159963.642984867 5319488.956145332
-2760831.6514290995 -2166247.323020268 5317407.463038242
-2757556.029967144 -2169515.0671446137 5317774.921433244
-2756127.5448332937 -2176424.0687644626 5315691.886247165
-2756603.3146619326 -2180160.624519904 5313913.700549514
-2754482.957723775 -2185525.5260664946 5312809.314338419
-2755614.8205747628 -2190658.882104473 5310107.49635876
-2752327.723502865 -2194638.688384988 5310168.936096229
-2752431.28994115 -2201487.471910968 5307279.520165859
-2752262.506822657 -2204662.6008741474 5306048.8981769765
-2751516.2176025286 -2212987.5344075244 5302969.514981883
-2750296.403086524 -2218337.7668696274 5301366.639579761
-2748843.6825269717 -2224699.020966963 5299454.0921815885
-2749414.564750472 -2231044.0937994057 5296489.667946192
-2750095.824000929 -2238850.19201957 5292840.804001815
-2749591.559117534 -2246190.4521363564 5289992.033147221
-2748908.332235497 -2253001.572204703 5287450.03726838
-2744144.444799955 -2255750.5620361916 5288752.373475899
-2738237.5933298804 -2263496.735637777 5288504.364206587
-2734371.8952509398 -2266574.3600504077 5289186.327671192
-2726043.64985058 -2273269.8238219353 5290611.621278765
-2722464.3497500224 -2276979.480158548 5290859.41140729
-2713923.057520702 -2279836.003542283 5294016.474739178
-2707945.575010559 -2280625.0358935995 5296736.845307312
-2699317.9276395193 -2279808.7102064244 5301489.976449151
-2691682.270023267 -2279806.533020637 5305371.7804918075
-2687216.473082722 -2278199.704177242 5308325.040413368
-2680366.081470764 -2278106.7782581407 5311827.197505146
-2678189.0199125065 -2277947.660609556 5312993.4151233
-2672691.7175423857 -2274960.7012203834 5317039.946331342
-2668683.8255555653 -2276372.94637224 5318448.443695086
-2667401.9899887946 -2272867.7749168235 5320590.164779511
-2665077.593906629 -2270726.6109329946 5322668.792707059
-2665367.92651971 -2266802.1023562048 5324195.999870169
-2664403.4303372283 -2264780.036884311 5325539.103690583
-2667413.231480223 -2261090.6333840736 5325600.135209838
-2663220.6792291896 -2257696.4932588465 5329137.187017493
-2659184.5225222716 -2259864.2655120594 5330233.782550221
-2654921.0534828627 -2254964.488219754 5334432.524331081
-2647688.767640265 -2258863.4742320464 5336377.141328366
-2645206.614867446 -2259619.1319329767 5337288.107575229
-2638030.808859103 -2263702.752322416 5339108.9425706705
-2632836.052131438 -2262598.3103226996 5342140.414545635
-2623126.446814615 -2265580.5455295686 5345651.82515095
-2616900.0267045638 -2270349.817622714 5346679.993776902
-2609883.189447317 -2276425.3747435906 5347526.367458491
-2609655.714524956 -2283776.4649922126 5344502.138608883
-2607876.978680492 -2289060.546076323 5343109.6264689425
-2604680.7313355026 -2298759.90849043 5340503.924811461
-2602966.894305852 -2305341.4135082187 5338502.160186103
-2600269.6084181843 -2311469.43243352 5337166.66654342
-2598456.1276432103 -2318966.3376242826 5334797.266783329
-2597809.410353676 -2325975.175302797 5332060.272666937
-2595767.680794668 -2335353.607113539 5328954.369956986
-2595582.983016035 -2343890.686968726 5325294.961391233
-2594837.8080229326 -2352607.687073226 5321813.114040994
-2593113.945497914 -2365266.8506494234 5317039.946331342
-2588349.0053199637 -2373364.3988444554 5315753.178709189
-2579323.52833626 -2378381.4741570647 5317897.394606016
-2571619.532013119 -2386436.4096696614 5318019.86129909
-2566694.424763388 -2393230.0280426806 5317346.214303087
-2560678.2250340017 -2401023.0010975283 5316733.637868023
-2556327.83712244 -2404164.4829707714 5317407.463038242
-2549621.008301456 -2406004.1427420992 5319794.900100541
-2547244.605523425 -2405274.915420524 5321262.867109706
-2543950.585747436 -2404433.206856105 5323218.704040155
-2538690.6812279075 -2410390.9635655945 5323035.414855693
-2533413.3632691847 -2410682.709478049 5325417.035785337
-2531180.9213592205 -2414373.3819248383 5324806.598929196
-2529438.8874391755 -2414314.202663671 5325661.165106822
-2528439.5972929783 -2412264.2948849457 5327064.404948016
-2525790.08221007 -2408978.753106129 5329807.391237744
-2524475.6254380546 -2406042.852621228 5331755.959148866
-2519233.447121231 -2400207.6533255386 5336863.035512827
-2513604.531819339 -2394091.5551073845 5342261.588819925
-2510092.2738823006 -2385738.176247137 5347647.251922416
-2504496.7291202717 -2378340.715770646 5353562.60573587
-2498831.58589012 -2371136.8633453627 5359402.175676181
-2494056.939297106 -2363795.1825212105 5364866.570440822
-2492215.603765502 -2360564.2046261956 5367144.400906804
-2489991.977588752 -2351048.8302720166 5372350.542287821
-2485951.388069155 -2341659.2595971185 5378319.31072339
-2482672.640854224 -2331710.9789708205 5384152.808836396
-2479921.810498494 -2323512.891203306 5388962.484395853
-2479178.5804537535 -2313975.629577461 5393406.28470922
-2479994.9522211486 -2308266.687683372 5395476.896020301
-2482730.53148851 -2302416.499425565 5396718.296445322
-2484948.3296369053 -2298913.1976755178 5397191.02020561
-2490090.562630008 -2296261.028364482 5395949.895941906
-2493288.4428316248 -2293901.219615482 5395476.896020301
-2498332.779946918 -2292029.0681716036 5393938.919870999
-2501537.3614015416 -2289507.27800124 5393524.659579445
-2505382.6622403064 -2288370.323098132 5392222.174587155
-2508622.534104691 -2286355.1956055476 5391570.633953494
-2512427.12196992 -2285251.210286875 5390266.956531218
-2515465.0914809047 -2284006.3782394337 5389377.629903341
-2519060.304994695 -2281582.051691347 5388725.222276595
-2522744.4985116515 -2283957.3089446737 5385994.820471646
-2525222.958665731 -2286120.9765107087 5383915.015096841
-2530750.3455281616 -2287992.447324271 5380523.603664999
-2534198.18871768 -2288378.0465000304 5378736.511170326
-2542271.4164122995 -2289794.6615272453 5374322.045926754
-2545432.360921136 -2290068.055674714 5372709.130071502
-2549087.3898334336 -2292873.44211997 5369778.939343136
-2549865.8483530707 -2296070.6949548004 5368042.894684473
-2553667.0349789625 -2298847.9481145153 5365046.484972096
-2556406.9821400996 -2301960.7717248695 5362406.264645116
-2560494.331751874 -2306369.7223312124 5358560.299276324
-2561356.117714319 -2308765.9856138597 5357116.338284982
-2564382.0742630507 -2311412.4147628252 5354526.890966056
-2566732.174319722 -2311177.148498285 5353502.324046502
-2571905.2570536193 -2312829.457484391 5350305.061333644
-2575159.1838739193 -2313399.2344155363 5348493.260715154
-2579772.1146444413 -2314128.282876773 5345954.276543408
-2581785.9858330456 -2315934.7820823286 5344199.4918319965
-2586239.6327175368 -2318789.6465790006 5340807.0679513505
-2588069.4490453955 -2326793.553231036 5336437.8837910555
-2592300.217583699 -2337396.656395798 5329746.471698748
-2595277.841194283 -2348800.99791668 5323279.79719191
-2598776.354078816 -2360148.370533781 5316549.833355045
-2597964.337914537 -2370272.597519156 5312441.069073056
-2600012.5372877866 -2378885.2959340434 5307587.074625825
-2601796.8071347773 -2385026.612908706 5303955.357099125
-2602560.6198584004 -2391584.8533285344 5300626.4827180365
-2607091.711642848 -2396084.3607916725 5296366.069585139
-2611870.1248831977 -2399214.9666510206 5292593.220203152
-2614983.6612861063 -2401149.5074442155 5290177.926507493
-2619489.765616072 -2402928.743788549 5287139.852520212
-2623038.554762324 -2404245.8524110955 5284781.132780659
-2625907.7283540703 -2404936.7183688562 5283041.641214993
-2628619.313915797 -2406070.713134165 5281176.500166122
-2629841.069444866 -2405418.1535604745 5280865.502546226
-2631514.1060416983 -2403997.7176985033 5280678.884670412
-2630329.409761488 -2397362.720536213 5284284.263959216
-2628519.555849226 -2395377.241492066 5286084.923216808
-2628360.193678874 -2397332.106143127 5285277.8985725725
-2630000.559845667 -2398407.8728255755 5283973.668630435
-2628000.6750574117 -2399778.491266369 5284346.378195992
-2630708.493069447 -2402419.562233013 5281798.374748171
-2633037.8806826696 -2397812.9443675843 5282730.884941365
-2635328.072889165 -2398720.8512737337 5281176.500166122
-2635193.174187668 -2395992.321157123 5282482.250956535
-2632254.160671769 -2401136.297376517 5281611.829266436
-2632185.8977526287 -2402168.431597854 5281176.500166122
-2628103.046054052 -2407453.4066272457 5280803.298196239
-2627873.2020164668 -2407158.5092024095 5281052.105944246
-2626344.0614957097 -2408963.1543329344 5280989.906420248
-2625705.5537973056 -2411839.4380000927 5279994.495268473
-2626590.377352875 -2416458.40968445 5277441.874986648
-2626580.367451391 -2421363.0954968394 5275198.321682786
-2628297.80708077 -2423710.171794324 5273264.704188017
-2627729.19567662 -2426497.5586863416 5272266.104046525
-2629598.6339910943 -2431116.445957825 5269205.333853062
-2632373.799375025 -2426618.89392625 5269892.781072878
-2631849.1825565565 -2426645.1444896655 5270142.713722383
-2634395.667216734 -2420754.3984634806 5271579.327949965
-2630107.841415168 -2416306.3630437823 5275759.405283809
-2627680.9602277437 -2416361.148477263 5276943.487605893
-2627131.132722101 -2416278.7014879836 5277254.991775349
-2622604.885083531 -2415074.666492003 5280056.720529102
-2619704.1486017215 -2419171.781702686 5279621.109929421
-2617405.271101029 -2419758.711117563 5280492.252317318
-2613727.4008170995 -2424408.572427328 5280181.166225148
-2615333.34057958 -2424709.589078867 5279247.666692845
-2612922.3050249754 -2425953.501086937 5279870.0399221005
-2614251.551959004 -2424385.5023890077 5279932.268399467
-2612130.4120886116 -2423690.706577092 5281300.887953045
-2615427.3305982933 -2423523.7792201717 5279745.578142365
-2619276.969817421 -2416237.556507467 5281176.500166122
-2623861.858350357 -2414117.294132 5279870.0399221005
-2630259.148537798 -2406053.504904929 5280367.822705908
-2637440.239653203 -2403928.0209303256 5277753.314853212
-2647780.2679668413 -2396653.479834455 5275884.0728509985
-2656291.771725853 -2391484.024361699 5273951.003250249
-2664822.8972334145 -2383631.1355495267 5273202.303725828
-2666891.5506920167 -2376614.716512991 5275323.018176366
-2670030.499457399 -2370730.6802917104 5276382.678833187
-2670510.5045082443 -2364496.758577284 5278936.419771377
-2672352.376490478 -2362136.6478834646 5279060.923364264
-2674222.578365645 -2360715.2961492892 5278749.652321673
-2677811.363223428 -2355248.810720754 5279372.154204509
-2678678.0934956404 -2352447.985241712 5280181.166225148
-2681629.134634005 -2346844.894400818 5281176.500166122
-2682331.4114120295 -2338051.320072568 5284719.029812207
-2682664.006416509 -2329375.0456732116 5288380.349906033
-2680916.8176841987 -2315167.024006371 5295500.700369278
-2671784.0836434066 -2303944.6084027505 5305002.36114949
-2659522.811786865 -2300421.8737294776 5312686.572389929
-2649830.9914669674 -2297866.255338936 5318632.09756379
-2639350.21261029 -2297751.0556240045 5323890.639520386
-2631573.7073537614 -2300444.408507524 5326576.418876467
-2625274.009527341 -2304249.6468728716 5328040.065520011
-2618864.0530994376 -2309001.7135833534 5329137.187017493
-2614116.9215433616 -2315216.5370100224 5328771.538286848
-2611304.094808346 -2318668.780375566 5328649.642390542
-2606147.330418192 -2323624.95070523 5329015.310600473
-2603724.4509007116 -2326199.971952308 5329076.249620648
-2598447.758212863 -2331535.6951367366 5329319.989467868
-2598371.8535376773 -2336629.9936121516 5327125.395904929
-2595477.688475174 -2338455.4805406816 5327735.216220568
-2595760.0239943643 -2349237.3872018782 5322852.1110778265
-2600653.1859419835 -2355730.8507519006 5317591.199524982
-2602938.241165319 -2363016.362061369 5313238.860178361
-2609223.431338984 -2369054.529059762 5307464.057692058
-2608571.3997683246 -2377615.1543532484 5303955.357099125
-2611698.208652389 -2391336.283604273 5296242.4647706235
-2611697.4417840387 -2398720.1846178384 5292902.6959208
-2609066.7259265115 -2407577.480696312 5290177.926507493
-2608486.505100993 -2410247.1695508715 5289248.3146831
-2602430.0281304913 -2417734.7848119643 5288814.371765658
-2601501.4015500555 -2421444.1137204356 5287574.099893235
-2595760.87423225 -2425164.039041313 5288690.373575092
-2594471.5693417503 -2427353.9929536157 5288318.340339347
-2592110.287324737 -2428795.544987329 5288814.371765658
-2590794.2057777094 -2432492.269998925 5287760.181750315
-2590822.5035290536 -2435157.6515548085 5286519.3622346185
-2587883.269192674 -2438953.667841036 5286209.05670192
-2587643.9892177046 -2442568.477574879 5284656.925233939
-2585955.737345089 -2446100.823632848 5283849.419231657
-2583824.1009995528 -2449558.8368581887 5283290.217266491
-2583330.374200039 -2452088.892602181 5282357.924309228
-2580941.1278617815 -2453934.594818605 5282668.728858928
-2580357.8752984544 -2457756.906099208 5281176.500166122
-2578494.10503142 -2457441.237964172 5282233.591225528
-2577071.809042866 -2461068.8204331314 5281238.694863962
-2574714.431774275 -2458731.638391218 5283476.632406668
-2570401.2678201185 -2459506.4911779566 5285215.808483342
-2566838.708598942 -2454553.382931424 5289248.3146831
-2562024.6057978305 -2450634.8021833445 5293397.773227917
-2558090.2172561917 -2443112.392405421 5298775.073396985
-2554043.2011197004 -2443598.0043726135 5300503.100634921
-2552956.711468736 -2438976.5323265507 5303154.391881034
-2548242.4422832057 -2436940.897376771 5306356.614291864
-2547401.9735117927 -2432054.5499953036 5309001.304501192
-2542782.024233509 -2429510.7768911123 5312379.689198135
-2542464.692283798 -2425814.5077743544 5314220.381425832
-2541182.6373187164 -2422050.7164884754 5316549.833355045
-2541001.2921378785 -2417396.0643946473 5318754.525375552
-2542791.1160332044 -2413356.075364367 5319733.714550429
-2546095.7126341853 -2407302.177610409 5320895.962878621
-2548272.1721053966 -2405404.029998595 5320712.488881518
-2550620.4799870253 -2400475.2334260913 5321813.114040994
-2549541.307815387 -2400130.9652929064 5322485.459743892
-2552166.697799287 -2395303.22100458 5323401.978630711
-2548908.5116021107 -2392663.692389301 5326149.345878719
-2552805.798387941 -2390545.3842677595 5325233.921760904
-2551525.194571756 -2387424.471864442 5327247.3729505325
-2554826.101543075 -2386752.535542799 5325966.29025703
-2553821.186639557 -2383060.5857466697 5328101.030510933
-2557528.0750751453 -2384265.974761989 5325783.220033903
-2558041.311315069 -2379076.233250883 5327857.1608092375
-2558231.913047667 -2382419.719642742 5326271.374847688
-2558954.988662695 -2376180.506981926 5328710.591150304
-2554338.006412424 -2378959.9158881316 5329685.550536216
-2554386.936400863 -2376176.4434689153 5330903.665294284
-2549264.1336392313 -2378808.2389304372 5332181.986704626
-2547172.718827894 -2374362.882945655 5335161.950732978
-2537383.6957399715 -2372697.872967824 5340564.556693134
-2532393.242022581 -2366292.1470690933 5345772.810593198
-2521405.1815408585 -2357261.5537590445 5354948.6344565805
-2514123.0129984454 -2349713.473088207 5361685.6556403395
-2508496.7223075232 -2342569.262210804 5367443.939708876
-2502125.9743732433 -2336619.9148764336 5373007.908217668
-2499066.7510971474 -2333436.4506619982 5375814.422418494
-2495309.1457572374 -2326180.723823711 5380702.231791988
-2493731.3444132674 -2323327.3362430357 5382666.167482118
-2492960.964698061 -2318224.461057919 5385222.555906528
-2491478.1246437104 -2315953.760553477 5386885.55042708
-2491378.211005029 -2312054.221026826 5388606.581367897
-2492832.013985605 -2306610.4325126414 5390266.956531218
-2487809.740125233 -2300674.1339603104 5395122.07704923
-2487729.565325279 -2296736.497663691 5396836.48724936
-2486332.7166517656 -2290468.1791687645 5400143.159428496
-2488042.579912873 -2284988.9550559088 5401676.646728587
-2489254.066894363 -2279063.6277945717 5403621.394112815
-2491997.71629857 -2279417.829393027 5402207.210114019
-2498324.567187973 -2272901.94104167 5402030.370462021
-2498754.4700094457 -2270186.3670852934 5402973.3441233905
-2500261.723791038 -2266701.341395002 5403739.199985836
-2498228.324328331 -2261920.369281847 5406682.206543264
-2499374.5912246923 -2256853.1870542183 5408269.718202266
-2500396.132569374 -2251208.7542623887 5410149.658277902
-2503465.992557265 -2243551.428523279 5411910.569445916
-2503941.1620644657 -2236502.3039505314 5414607.751383587
-2507802.222346867 -2228331.8811220955 5416189.254555917
-2508103.4466536446 -2223434.6164597026 5418062.071184937
-2511524.798877958 -2221853.156463876 5417125.874089741
-2511725.4092037496 -2221483.661501875 5417184.398785081
-2515557.669784573 -2220573.0419449946 5415779.350691382
-2518448.572620101 -2219295.7354681147 5414959.3004565425
-2521629.0308364476 -2216397.1623559254 5414666.34701931
-2522862.7559852777 -2212413.3606191487 5415720.786397343
-2526314.0936831757 -2208040.642604943 5415896.474330219
-2528107.6342917713 -2201526.6982248435 5417711.0467834
-2530963.5902486225 -2196800.4395554094 5418296.054444143
-2533842.2344147777 -2188852.3365787202 5420166.969729789
-2535944.2458728286 -2183952.793550155 5421160.205838688
-2541650.522116165 -2174690.2601050166 5422211.347414539
-2541778.3581980276 -2171190.711662708 5423553.693970931
-2548936.8132767933 -2167168.2728647375 5421802.633719787
-2553976.49383209 -2160494.256158492 5422094.580331415
-2559780.995531067 -2155230.3423783914 5421452.243284036
-2565024.53309497 -2149871.040380335 5421101.7933954075
-2568685.0655847033 -2143872.0661253124 5421744.239442663
-2570751.2073717527 -2137843.508811602 5423145.246222783
-2574932.4569346965 -2128201.9812255087 5424953.471628311
-2567473.9310527914 -2117591.343133394 5432635.227663536
-2564274.5330009772 -2108643.388460345 5437624.4978579655
-2558882.5281484756 -2098750.336971682 5443988.265067966
-2556110.7673583147 -2091184.1050178548 5448200.417010699
-2555038.130251642 -2082873.0968253678 5451885.98702149
-2555239.333725509 -2076142.406532117 5454358.40912394
-2555210.7716889647 -2069981.264173885 5456712.973779524
-2556103.98148533 -2065242.70592938 5458089.959082787
-2555356.816940207 -2064196.7752520358 5458835.426275124
-2554105.130688352 -2063775.0646834052 5459580.612444736
-2553284.2468191483 -2060240.6660658573 5461299.200083592
-2552434.1149504585 -2055218.6613506102 5463588.3211377915
-2550319.287421855 -2049630.0698953362 5466674.41035086
-2547528.275774761 -2045484.9880926777 5469527.570788502
-2546455.364331669 -2041482.242063709 5471522.304880516
-2546120.018210886 -2036399.8856272139 5473571.90129839
-2544180.0394934854 -2036377.7231260438 5474482.139472091
-2546805.849067938 -2036001.0915602106 5473401.184119337
-2545938.78687471 -2036473.5237417931 5473628.803690073
-2547803.1164842797 -2033374.9202281726 5473913.290637701
-2546389.4136332734 -2031010.1908465493 5475448.799761884
-2549494.7204391034 -2029413.0974497194 5474595.8892280515
-2549030.360941749 -2028462.1025347265 5475164.537945647
-2551460.7048220434 -2026326.3194706268 5474823.368727947
-2551453.1065194155 -2022184.3085199979 5476358.157353108
-2551309.101846357 -2016204.2717920167 5478629.682798753
-2554188.4642460523 -2009154.2173311198 5479877.883684359
-2554917.190243591 -1999856.8911766016 5482938.22378214
-2552344.4138865056 -1993823.066071304 5486332.8894722
-2550295.7935641822 -1986638.1715299848 5489890.81319008
-2549784.693918021 -1983238.4649241655 5491357.22803631
-2549662.7641717647 -1979646.2874842314 5492709.838089565
-2549232.9422179977 -1975820.4494374008 5494286.665063588
-2548515.453239615 -1972204.5181148779 5495918.424005777
-2546760.827126784 -1969141.5833286324 5497829.727648767
-2546337.8703110255 -1963565.0015174511 5500019.721331523
-2549727.9320615493 -1955061.3726787309 5501478.301468133
-2553709.3964452865 -1947166.7291645277 5502431.375977511
-2559680.092171947 -1939947.1951945708 5502207.166728214
-2562691.692329055 -1934214.016845527 5502823.67763187
-2564480.1282389667 -1933597.4157699225 5502207.166728214
-2567894.092388642 -1929221.109805161 5502151.110225678
-2571675.61768963 -1926100.2091936884 5501478.301468133
-2575248.459966765 -1916177.0597004895 5503271.92180401
-2574886.766762392 -1902952.4214447404 5508027.888461487
-2573451.469583041 -1900850.1683817366 5509424.395621017
-2574950.630236983 -1895089.6472674028 5510708.255810869
-2579288.438238188 -1892597.2725325872 5509536.070884101
-2585095.4279227634 -1885636.946805764 5509201.024955784
-2589595.7639525174 -1880760.9921109371 5508754.203072875
-2595812.1092501334 -1875949.3053020458 5507468.991960567
-2598802.9292413807 -1871145.8739738024 5507692.570693941
-2606413.82957528 -1867798.5879097471 5505231.7284562215
-2623427.877363792 -1860310.3117584456 5499682.965065869
-2636933.990274949 -1845303.865657763 5498279.164822495
-2642381.21494492 -1823333.2017739217 5502991.78176881
-2639123.61893811 -1809076.079877371 5509256.870139432
-2640582.8477033107 -1793797.2513179507 5513551.908305502
-2636989.352021056 -1786920.228018361 5517503.444133622
-2639581.9450364243 -1779817.3038610762 5518559.460612382
-2634568.6338604423 -1772426.4950551607 5523331.733030817
-2632731.9381181635 -1769455.9544702158 5525159.650833854
-2630310.743225346 -1761637.4538058874 5528809.9872777
-2631181.4939475544 -1759295.1784142037 5529141.472336953
-2637351.348602402 -1749334.1579592468 5529362.428691223
-2647753.8057002397 -1742691.1192789963 5526487.894421376
-2658089.5564453965 -1733249.5713120117 5524495.165484592
-2669719.2668468207 -1725070.578841664 5521446.507414679
-2674253.6083291983 -1725685.7293603993 5519059.467139318
-2679743.2596790586 -1728367.1105913245 5515556.562417871
-2682021.470674466 -1731759.3274750249 5513384.7555330675
-2691676.866290693 -1736130.5093198766 5507301.290294932
-2693625.453485677 -1737187.6409122085 5506015.07595066
-2697162.7013065983 -1742336.4107413825 5502655.5584086245
-2702529.1167080146 -1747474.80813137 5498391.507367552
-2702215.7325425525 -1756247.8516941846 5495749.686641403
-2702694.2157662218 -1757095.6505079733 5495243.384148674
-2702495.1912953127 -1760390.520063703 5494286.665063588
-2700996.3120704927 -1758474.2916519558 5495637.186694619
-2696523.398283029 -1763748.9810351017 5496143.383720059
-2695450.202724816 -1763987.5702129027 5496593.222784921
-2692941.3949750382 -1767115.8409367164 5496818.102133308
-2692607.307426227 -1769721.6712198278 5496143.383720059
-2687585.693661548 -1775772.7941767462 5496649.445133597
-2686716.0798940635 -1780389.8173110595 5495580.93421012
-2683118.446621266 -1782862.1434767041 5496536.998761887
-2683273.065650592 -1783842.6390083537 5496143.383720059
-2679051.1772032827 -1782047.452846176 5498784.653514826
-2680332.050851083 -1777169.3731397 5499739.095298492
-2679594.538848293 -1771500.7345607074 5501926.86745519
-2680387.525970097 -1766114.9071641709 5503271.92180401
-2677383.5520558027 -1768226.4739043717 5504056.090935553
-2679406.8231447153 -1766206.5540846547 5503720.0586870285
-2676884.0739961974 -1766018.4529440308 5505007.854512716
-2677389.8107132185 -1765949.7229968086 5504783.953738469
-2671160.2692778707 -1768404.7096659981 5507021.753966702
-2670942.955073935 -1773428.1742032468 5505511.5331532145
-2667279.989128573 -1773210.4256141556 5507357.192527787
-2663080.7130157375 -1778472.5645020106 5507692.570693941
-2658431.5668725274 -1791784.8935970364 5505623.443292607
-2652548.293853687 -1791053.074858506 5508698.342786051
-2648644.2428071448 -1795964.9705428614 5508977.627439373
-2645092.2928591776 -1795376.6536271817 5510875.650372402
-2644709.7882001773 -1793027.6224905632 5511823.934160453
-2641480.4431361905 -1789559.9494598121 5514498.821816759
-2637407.993608828 -1789219.6910129546 5516558.072978091
-2635577.431225503 -1789859.2128309908 5517225.444211865
-2634327.430022303 -1788271.4081580471 5518337.1917812815
-2634497.743448504 -1791276.7742665533 5517281.04755757
-2632497.215936227 -1788908.9316648028 5519003.9175831275
-2632320.760737215 -1785567.2550698456 5520170.105188262
-2634337.6444046358 -1778288.3415759709 5521557.456867366
-2637230.6534412927 -1769674.4712039754 5522943.757319871
-2633444.1338898283 -1755558.550480612 5529251.953882701
-2637547.883476052 -1746416.9475125603 5530190.774992479
-2654626.0642180685 -1738197.566099838 5524605.9298721645
-2659445.192176946 -1728516.0686701313 5525325.734303461
