1445452.8833706563 347476.1607661479 6195124.476526253
1442817.5688111798 344552.6807886643 6195902.025798272
1440983.626458377 342918.6623267993 6196419.448302936
1439177.610573717 341162.1051752219 6196936.115792685
1438085.2083091275 338730.0826325839 6197323.1208935855
1436350.5091126931 336654.9457450335 6197838.466955807
1434648.0080126752 335859.71114362637 6198275.917344741
1432809.0179597882 333266.93820997217 6198841.21961107
1430155.003875553 331781.46500975196 6199533.750562674
1426322.4106997135 330105.42372324195 6200506.091438363
1422058.7981750458 329327.86016846006 6201526.661641455
1417114.4310415832 327166.6453125019 6202772.740922293
1412270.7978585295 324075.85297489783 6204039.573941693
1407325.0878900366 321415.8186104109 6205301.682315075
1401239.7014512578 317402.4001946438 6206885.2104278095
1395198.1422618502 315138.0099461171 6208361.392389806
1392072.2547411586 311751.8019558205 6209233.982671064
1387340.0867591116 310564.9047061141 6210352.47982239
1386049.1122024118 310377.5269389078 6210650.098768582
1385620.5689934173 311297.57510553964 6210699.675440422
1385571.2913544276 309534.1450508273 6210798.806081395
1383310.339784646 308218.0101118778 6211368.219811764
1382624.9080960373 307305.49549351324 6211566.042146852
1382074.304883347 307284.37218731386 6211689.6196116125
1381976.2960886254 306224.9392617978 6211763.743384263
1380964.868444802 306278.97797998664 6211986.012521982
1381382.9079858183 306396.9891015684 6211887.245161017
1382311.2809565288 307716.8600475036 6211615.478809263
1383462.2324519253 307035.53470266325 6211392.954226048
1383923.0784947225 306960.4104319131 6211294.005216398
1384906.3079519582 307533.5590552531 6211046.500248544
1386690.7583113576 307498.1162213483 6210650.098768582
1390629.631333236 305240.9063222703 6209880.6926997835
1393008.0616813996 304005.03944318683 6209408.222695925
1393722.8588808607 302759.73015889956 6209308.66831623
1394580.3794923902 302385.3075488677 6209134.375330706
1393856.8090830953 300089.51945863623 6209408.222695925
1393485.7680310041 298203.2930962247 6209582.370037586
1391909.511564019 297281.6911150738 6209980.073055418
1391183.2771689584 296009.68047918024 6210203.568192273
1388892.087557614 295319.47194034513 6210749.244544714
1387717.258099358 293019.7469591536 6211120.771605169
1384046.3407541583 291512.9402071632 6212010.699631545
1381722.8090101364 290444.3332735472 6212577.980865143
1378427.4562218464 288194.4790515412 6213414.736694951
1376457.5157989718 285952.7097238261 6213955.001044191
1373893.3475033082 283894.5075420391 6214616.800597895
1371682.1467248301 282264.55345056235 6215179.467257701
1369020.8718354064 281741.8224969747 6215789.925499019
1366977.317274847 281445.60879058 6216253.082311608
1366211.921783887 281934.33059301804 6216399.200341677
1364585.4167518977 281226.2406216276 6216788.51513978
1360751.2837101254 281550.37152895244 6217614.199367243
1352884.8422823353 282065.631358344 6219307.243023866
1348175.3005948614 285997.91117694956 6220150.283849128
1347320.8534612048 289480.11989326874 6220174.336625554
1345186.390864009 291650.6824626582 6220534.900895045
1341698.635140106 291850.8363050107 6221278.715972404
1337553.717320287 294031.3114485682 6222068.51787816
1333263.0520026037 296334.2121349912 6222880.094368124
1328871.0343578858 298060.8203619121 6223737.022192517
1325476.1395139818 299292.41582007665 6224401.822939429
1325512.23152461 301100.3333242466 6224306.942411394
1325550.4334715572 301911.9737085401 6224259.490771153
1324285.173633787 302085.75964560354 6224520.380938042
1321532.4483235625 303885.3270002586 6225017.806887131
1320582.9367927506 305584.70945433056 6225136.11838324
1319180.1814029105 305381.39685793314 6225443.506405539
1313468.886784297 303552.10340078577 6226740.447776074
1306506.0433539536 304706.6114064262 6228148.7489979565
1303328.5523345014 305404.98105718836 6228780.25637565
1300459.316997553 305259.4482446422 6229387.06728773
1299496.9714358987 304124.34962837695 6229643.408831042
1295902.1526666926 302305.09034152556 6230480.7393224025
1290625.6511429187 300029.3219996126 6231685.8741878485
1283776.0370869245 300185.18725537526 6233093.047593133
1274296.518663961 291923.0861224934 6235430.24131532
1269629.6521249942 282446.7053329593 6236818.532320106
1274257.7016266924 278135.98929996573 6236068.36727286
1281867.1827174532 275908.55506789393 6234607.605544424
1284397.738901967 265495.0767010171 6234538.941457583
1277229.434918485 260366.0261611055 6236227.66606535
1271363.2238761145 257529.677984072 6237543.989258333
1265614.8682193253 255744.46137254787 6238786.322340223
1261475.2543131018 250350.87834772866 6239843.397110717
1256880.0271556955 241490.98337014802 6241119.747472244
1255748.3640205257 231605.89533163406 6241722.178654495
1250710.7986703834 225218.68224990586 6242967.246690865
1245969.179033319 221402.4840981306 6244051.789097702
1241043.1236817767 221711.58759227337 6245021.772347114
1241567.0764785553 223728.7569523043 6244845.685676875
1240803.7277032887 224888.2800116131 6244955.754113158
1239968.4498094353 228247.97702404865 6244999.768171462
1239906.400665942 231571.8422746906 6244889.718758302
1239463.5858943306 232160.82445349346 6244955.754113158
1236485.9105101996 232072.21147276767 6245549.301844626
1233501.3624829962 230241.92653845568 6246207.172678188
1230700.9231930904 228008.0643473783 6246841.48672305
1227389.0981589234 226729.8394782525 6247539.562228541
1225057.6731637802 226144.39349863402 6248018.358704757
1223059.4947080477 225554.80058608038 6248431.123437072
1223083.9821604819 226022.87778338362 6248409.416107508
1223183.3304175423 226085.39264490386 6248387.706874571
1223322.7535111853 226530.7167020873 6248344.282698597
1223974.3427900362 227203.79309455582 6248192.238127373
1224839.9756257234 227917.37627027446 6247996.615212211
1224347.6470242331 227582.5759166396 6248105.313642318
1223342.9051420963 227020.32004836353 6248322.567755576
1222373.4571876773 226266.66637274725 6248539.631534045
1221185.1066621293 225495.64233208075 6248799.8568169745
1220091.7553121478 224809.33059972778 6249038.1558680395
1219996.2626873858 224725.6885781 6249059.807996873
1215502.3547972539 222625.9473385825 6250010.617035297
1210620.3781017552 221426.06650995722 6251000.70366295
1205769.7430891246 221865.798660049 6251922.575819035
1203628.7093493128 222644.84561974846 6252307.430281165
1201223.6146646377 224238.74791743694 6252712.996092531
1201635.199924509 229702.39348125897 6252435.577975304
1204461.146103048 231768.2518794624 6251815.562294594
1204446.9292684596 231264.15636069293 6251836.968808332
1204477.3236442236 231684.16406387818 6251815.562294594
1204624.8957397875 231494.53151257348 6251794.153876444
1204529.860109659 231410.87086681114 6251815.562294594
1204596.6043571627 231641.7024793094 6251794.153876444
1205298.0823791646 232038.3777578689 6251644.241626406
1205821.642929789 232204.6485136633 6251537.104316886
1205750.9578284498 231994.62023766822 6251558.53558747
1205581.1766712482 231721.9385446798 6251601.392415632
1205783.3386347373 231826.2633834025 6251558.53558747
1206187.6352913147 232034.9776289562 6251472.799079196
1206290.7290694062 232076.64277781337 6251451.360191342
1206674.706753731 232390.76421942547 6251365.585596982
1206591.8955743846 232243.77796003313 6251387.032102001
1206707.1428631481 232222.278381617 6251365.585596982
1206604.054176187 232180.60063779025 6251387.032102001
1206414.0729433629 232013.0329202939 6251429.919399188
1206529.3161502434 231991.52286059072 6251408.476702739
1206405.973425711 232055.14457436543 6251429.919399188
1206525.2669505682 232012.580734344 6251408.476702739
1206620.2604995144 232096.36321799553 6251387.032102001
1206529.3161502434 231991.52286059072 6251408.476702739
1206624.3111614555 232075.3036862793 6251387.032102001
1206727.4034850933 232116.97243376233 6251365.585596982
1207308.006084868 233714.8698630265 6251193.945003489
1209101.4542094977 236493.15832277914 6250742.808618428
1214249.3957949395 239150.74548636356 6249643.695903387
1214000.26178243 240973.09375446205 6249622.095173323
1214386.395559062 240146.63212527425 6249578.888001971
1216022.7946747665 240867.22119443 6249232.956498377
1217322.394793062 242162.56640631767 6248929.866670516
1216376.5540919923 241886.13142141103 6249124.752961911
1214663.2416588743 239870.96232594855 6249535.6732156975
1211816.9668327004 238517.87924479632 6250139.987246442
1207920.9815643416 238539.50488024636 6250893.280716615
1207588.4768299283 237970.2202489241 6250979.222881984
1207556.129419278 237569.77313463285 6251000.70366295
1207218.398081645 237590.8722174199 6251065.134580838
1207880.5095656381 238181.0737271011 6250914.76911417
1210347.578439148 238075.06762000135 6250441.584523787
1211217.267460434 237609.42694741418 6250290.8325318275
1210563.1500140803 236976.49310377723 6250441.584523787
1210628.8263074653 237208.74879958315 6250420.054236863
1211979.0400591702 237692.96640896564 6250139.987246442
1211355.5325670894 238602.75114792958 6250226.1959759295
1209887.7436548104 239278.95970592962 6250484.639385647
1207795.9169981675 239171.93809983486 6250893.280716615
1206528.3207915074 238833.39094676072 6251151.015812759
1203543.7617951725 239858.3476707792 6251687.083219742
1199845.0396984946 239992.2575639653 6252392.869695591
1195728.0127185793 237758.310509736 6253266.866637281
1191599.9850154363 240030.64046763742 6253968.001784779
1192597.9740627764 241704.8594696011 6253713.283575619
1192473.2918757296 238452.83008591653 6253861.902535671
1191325.0174415489 238071.85149566177 6254095.258016408
1189465.3811679308 235671.50943114504 6254540.1147203045
1188450.7785657796 234048.0689730117 6254793.941317043
1187753.60794421 231930.24930894183 6255005.253896355
1188567.910034004 230603.66248698096 6254899.621423592
1189317.5281023253 229026.45694195712 6254815.081149017
1190156.259756595 226969.8653307059 6254730.510389233
1191565.6387380161 223038.4985581531 6254603.5970906885
1192931.4756184174 219869.46675085096 6254455.444886434
1194192.918918979 219649.43103451678 6254222.445664207
1195281.6956427083 219159.60630130852 6254031.638473486
1196814.3541770491 218059.10992126213 6253776.988845711
1198551.7265457227 216431.03400935754 6253500.808851943
1198996.4640806539 216424.90929825197 6253415.765624203
1199101.561528722 217070.63177674555 6253373.23258091
1198726.3088125978 217305.21688148062 6253437.029288503
1198704.527230295 218036.04894664205 6253415.765624203
1198163.8147542207 217959.30093760538 6253522.064896582
1197036.3243145894 214992.6169380095 6253840.6769707175
1197883.9253741438 211477.9498729717 6253798.220125731
1197866.692112691 208414.95774839364 6253904.347950466
1194928.2754510797 203608.94454444177 6254624.754070304
1189632.1070989366 200228.92228027317 6255743.347392205
1188434.1754057542 199451.4404985974 6255995.870651665
1187715.835910437 196454.70412419437 6256227.109237247
1186325.9388810333 194140.76173573127 6256563.044625277
1185299.3907418104 190236.1479507652 6256877.540940045
1181477.978944962 188544.2350064655 6257651.464943853
1179239.3078223676 186625.47525651366 6258131.237587776
1174441.2949555197 184794.72211805882 6259087.757443612
1169713.6907989942 181792.06905462078 6260060.904271319
1162697.4051440032 178540.79646494356 6261461.405140901
1156074.734924422 179176.43893528692 6262669.399784719
1150596.659125322 181660.2595179865 6263606.619043178
1145810.8045021717 187325.71156126022 6264317.016089954
1144368.661678545 188012.86588289548 6264560.042687001
1139885.9534502958 187644.17487085742 6265388.310133997
1134739.0673956973 187936.22623739165 6266313.766784552
1127051.6766447143 192751.7001896687 6267554.730534575
1121912.5200926305 196148.11513969995 6268371.3366540875
1119041.3008439818 197317.1738658923 6268847.86064417
1115107.1328415934 196944.56807205986 6269560.584234968
1113927.1820125054 197959.33804999152 6269738.378405632
1106706.2655295401 200404.36778468915 6270939.34998661
1107756.4262426628 198897.70986289097 6270801.894584885
1103047.8570093296 199722.01353459925 6271605.659036353
1097962.286015008 202583.63625635387 6272406.212037758
1089006.1242797659 206399.84070082914 6273842.982338643
1085473.1278341599 204454.8385229526 6274518.890540889
1082944.9304337052 206034.36000165006 6274904.072585225
1079861.0188111532 209317.000983899 6275326.889744569
1074187.4322949005 209228.95970192718 6276303.498295931
1069655.8174023912 203796.24208845096 6277256.130189993
1065815.0362179214 202293.49024371934 6277958.000208094
1062604.963836964 202164.60459447882 6278506.28441815
1059808.2397876934 203952.62060615857 6278921.151234979
1058997.9838451773 204103.38915713452 6279052.960180095
1055677.1009778427 203960.23622895588 6279616.794081343
1050704.3107809224 209379.3848292816 6280272.424386931
1050091.7224267244 214082.5937280053 6280216.319327987
1051542.8914559118 214646.0770870724 6279954.268067537
1049746.8192416632 210255.53809298805 6280403.2692330545
1045428.9483307474 211707.03077073148 6281074.704786937
1045896.6456427582 215985.6627704601 6280851.168441331
1048022.4284513838 217073.16333335033 6280459.3168989895
1047538.2734712077 214533.38506376487 6280627.356586764
1043445.7073816633 218082.19914797388 6281186.369640815
1042875.7548520847 222374.06831614015 6281130.545823914
1042445.3389386199 225422.74954441583 6281093.320379262
1043823.0437198052 224233.64253261272 6280907.078357081
1039641.5615275865 225937.32515848146 6281539.520582889
1038454.2996443323 231836.60367393977 6281520.950912058
1040947.6335820254 232240.6614419615 6281093.320379262
1043338.7327831384 225959.06587058233 6280925.711169124
1038325.0265329315 226315.53389579616 6281743.660672
1037285.3726053494 231537.626368364 6281725.11204961
1039930.1705066974 230756.44211487687 6281316.558245763
1041042.8892465208 231308.3971242917 6281111.9340582555
1042729.9493684891 232810.25560757783 6280776.595101431
1044928.1171090803 237516.91912640713 6280235.022927373
1049371.5064672343 235254.702289571 6279579.2587135425
1053439.0965234302 232616.09485835585 6278996.482108328
1054424.5779484927 230171.6446310266 6278921.151234979
1054626.654881552 230273.60833594558 6278883.47432227
1057808.756322014 228010.73289797135 6278430.754633821
1054386.4719898219 225155.60468967864 6279109.421037484
1049893.3130600394 226764.81145485284 6279804.356146587
1044616.4062320604 230381.10647184146 6280552.6914127255
1044439.7748696952 229654.08778248075 6280608.693163023
1036867.3497869438 230893.4254774689 6281817.836026215
1032471.7308154269 237890.4161221377 6282280.738313454
1027344.9634511 246283.4160742233 6282797.7689114325
1021676.1504892881 247339.35745946426 6283680.616149498
1016635.1384587385 248110.92149695707 6284467.755179027
1012128.2149118829 250363.9322513748 6285105.83665915
1010578.069927641 260092.8611595013 6284960.196226798
1016328.9488277604 261951.26628235233 6283955.601519455
1017967.7608889102 262184.19482853997 6283680.616149498
1020348.3288362329 260405.96553687684 6283368.44542431
1020007.645076081 262178.1111413023 6283350.065213996
1022920.4500808937 259636.6657334898 6282982.0590714
1020086.6657684335 256076.64816944915 6283588.858652652
1018760.1497725243 256405.29177790196 6283790.661979738
1019990.862150127 265744.74988780037 6283202.954627306
1024425.976804051 270875.43403490394 6282262.245185684
1026466.6871448425 273869.96328739217 6281799.295057974
1027943.3556643713 273437.7354247107 6281576.654184145
1028480.2500380892 275676.650403685 6281390.909639663
1030819.1836477735 276689.29664914205 6280962.9710533675
1028195.8524434795 272486.7457817876 6281576.654184145
1027584.055432428 274360.20990906673 6281595.21811456
1031520.3013769019 281650.27168682375 6280627.356586764
1039798.8464182394 285861.69859572174 6279071.782378607
1041258.2059013038 286341.0952804873 6278808.097545008
1046716.5876495293 287154.4839893225 6277863.305891914
1053907.3817823778 285352.9337228627 6276742.302647159
1059634.8838578798 283036.5117973273 6275882.826017476
1059823.6595184114 284871.22766585054 6275767.936625219
1066026.9054151839 284145.9589244782 6274750.091514228
1073053.821600587 282851.9713569703 6273610.703434494
1078786.389745438 275139.6219794904 6272970.517523335
1081495.8500090744 277359.04096188827 6272406.212037758
1080733.6908591853 277686.31640726805 6272523.096738827
1080835.7351137963 276847.9921644694 6272542.570834854
1082976.0876955662 277315.66248860996 6272152.72588432
1080673.7784797067 278797.17115770024 6272484.1428146195
1080425.736644883 277124.795879897 6272600.9816585565
1082532.868372196 276839.8096983444 6272250.258771571
1081201.2365531854 279818.9874855439 6272347.743892906
1081485.2659783845 284368.02955206804 6272094.183224638
1084344.0442307598 288116.37410318886 6271429.49802634
1085278.4172755277 290982.1978632382 6271135.5524755325
1085436.9311956032 293340.8560227903 6270998.230791051
1079625.2135376544 295109.0117603895 6271918.45207442
1078112.4198835709 293583.5510254971 6272250.258771571
1078823.0332309045 293473.70263705176 6272133.213575025
1077701.4491314923 295088.593272989 6272250.258771571
1073128.5071302694 297262.01044749306 6272931.651495102
1068636.7784823722 297886.28137111006 6273668.7989601195
1065543.2466111318 297565.16190043103 6274210.194440777
1064526.511969323 299164.76612656214 6274306.714532121
1055560.1922389271 302677.0145151926 6275652.978411465
1048673.1678144892 307547.75399562705 6276570.717049093
1048691.9335533825 317457.7522246903 6276074.155397824
1050703.9858049955 320630.97154263314 6275576.301368753
1053336.4506478978 325860.6518213635 6274865.58878603
1052890.0415359961 326931.0478857498 6274884.831641347
1051783.68843818 328641.6071267491 6274981.01724623
1049575.3751156712 327629.91056754714 6275403.6661917055
1049705.8254418573 328314.1359652652 6275346.086723728
1047574.8751005242 325581.36609957454 6275844.537200301
1045073.107651062 324403.8352074511 6276322.597777081
1038891.8604097877 319545.32470748434 6277597.907466827
1036271.528578992 316503.5971519053 6278185.071503266
1033366.6198717236 313251.7016646857 6278826.94460829
1031937.8195744653 311540.7442386564 6279147.052045455
1031232.2958221771 310463.83933958045 6279316.296900153
1033034.3045258512 311321.004920457 6278977.652259014
1035080.6785729447 311366.3159972937 6278638.387907623
1030278.749257648 311726.72300508124 6279410.254872077
1028506.7584630995 309251.7703946633 6279823.101832048
1026373.0802988723 305292.53270480083 6280365.89455682
1026569.1743294259 306170.1326729322 6280291.122247092
1024648.1129426108 306473.72972982406 6280590.027826099
1024070.9171380198 304957.97756003175 6280757.946983357
1022078.7602990231 302423.6853245402 6281204.973753072
1020286.5923728615 301138.2609887354 6281558.088340254
1015353.8330517088 297314.25117394334 6282539.441161996
1010652.0448961012 293066.92968168366 6283497.053303541
1005999.9666162638 288218.84269277647 6284467.755179027
1005673.5795120026 288163.3193096614 6284522.539769903
1004106.9724833304 287657.5367860924 6284796.204280655
1002162.5534173765 286078.73965622 6285178.610926238
1005277.6302715626 284749.17185260437 6284741.505838156
1003392.1243939225 285766.96567252395 6284996.617822047
999416.4253163664 286106.1741611222 6285614.613219199
992816.9719907176 288007.8629795929 6286573.5445462745
990930.5522649006 290557.0446247684 6286753.871785256
985777.2669841186 290578.7721697749 6287562.974401261
985326.4828683524 291717.3584391094 6287580.910409312
983230.1724905146 292609.20208116417 6287867.6260527065
980323.0051247166 293905.859359752 6288261.059423126
979553.7128485526 294178.3869177805 6288368.198532515
976079.7905930242 296946.53372711677 6288778.259606816
975875.708875548 301729.40839353006 6288582.269871098
976509.5265140941 302280.19327620446 6288457.428446194
975197.1752940482 302806.7716824412 6288635.744604847
972072.9219411365 302134.3173529371 6289151.778157886
969446.3978114908 303917.57942779124 6289471.264477252
968262.3867430458 303657.76172943466 6289666.200535616
965856.2246205971 303625.4147310944 6290037.707429982
962035.0456762222 301501.9482990819 6290725.406983093
959279.4522177101 299645.73778727767 6291234.883898296
958721.4182099855 302522.87121922127 6291182.254127973
954163.990602792 302367.08177365613 6291882.566203588
950432.483891273 300326.8826900312 6292545.022254346
949341.3931438496 301951.42823644064 6292631.981472432
948014.3339838573 302859.9266691464 6292788.387303287
947741.6542233361 302991.5817632161 6292823.123068901
947123.174785681 300590.7257271 6293031.376641209
948530.4218481887 301602.3411016076 6292771.016545137
946904.7301419734 302724.01839286316 6292961.989454794
944020.1336497677 302728.2538983654 6293395.156158201
942317.770035987 306213.96971928567 6293481.645720687
942324.4322595546 309729.3892352643 6293308.618668772
940216.4484956102 312258.1445820091 6293498.937881892
938289.0694142634 309691.8713410766 6293913.374605896
934861.087586117 309211.94690923643 6294447.054253925
934576.9181152001 309371.31920814357 6294481.421926489
931429.5838483586 311868.9123478795 6294824.676815314
932026.7023960578 311815.5965281145 6294738.934998222
930293.4854126513 311109.36450186884 6295030.261588742
931759.138731087 312268.65051107586 6294756.087196635
931151.7147844471 315105.01417681837 6294704.624848939
931590.6318862679 314492.6396273235 6294670.307029748
928626.7058085905 313654.558317645 6295150.058521691
929219.6853787474 316694.1761802796 6294910.370694575
928691.4935852691 319592.8318114075 6294841.819426214
927851.7480386711 321351.88379151036 6294876.098895453
924692.9008687487 321071.4380294261 6295355.206083661
922767.2797625636 324251.8235439053 6295474.747970009
919549.3739153044 334234.2915015528 6295423.527239166
919323.5565815306 334533.7288895796 6295440.602733816
919650.5834850293 335561.83718128095 6295338.121000584
920344.3759289365 334941.57661455637 6295269.761491634
919477.0732205153 335716.757188527 6295355.206083661
920006.4675198095 337148.03054521565 6295201.371300302
919106.5169149097 336090.58957466413 6295389.370496784
923069.7710207907 335805.72655123216 6294824.676815314
928143.5376958854 334701.30328492395 6294137.400074195
929859.2920477362 335448.41055009287 6293844.378506026
926814.6143093184 339642.9622253522 6294068.503671806
928023.5724282932 343986.2235952001 6293654.481062187
927145.5898478137 343826.4404708586 6293792.61130035
926440.2446276294 341616.5291391793 6294016.811238527
924762.789826697 344246.9415274056 6294120.178849541
923741.9797878446 342894.3825904048 6294343.9052188415
920407.7393742726 344291.1500472335 6294756.087196635
918372.3360486723 346895.7729670236 6294910.370694575
917132.8575101589 346756.8605049049 6295098.728484569
916866.8790595579 346217.409413598 6295167.164698848
916737.7337618239 344378.2081706418 6295286.854245358
916613.3284013991 343145.3714563662 6295372.289249063
915988.7604718204 339470.7857668202 6295662.409651597
916701.3949148293 333706.37942042074 6295866.866833774
920062.4785080247 328922.87957573193 6295628.306605567
920851.0631074285 326379.8893534931 6295645.3590874635
921481.7293911002 321272.6357596351 6295815.778428595
924702.2778319671 317678.5987434362 6295525.951441451
926489.7663504628 317208.34732625075 6295286.854245358
928186.8106116663 315637.1340137351 6295115.840414546
931185.2619061404 313631.78529146867 6294773.237477557
927973.8451014553 312496.05093478085 6295303.945081428
932647.0236640075 312385.16532772 6294618.8159199795
933567.8278994674 315505.0177574987 6294326.70700218
935068.9485403723 315866.8655059268 6294085.730648342
936517.0030868346 318779.9148530784 6293723.561518691
942391.051861242 321972.8172713518 6292684.134001182
947033.5662211095 320258.4439548852 6292074.61442775
945790.2839771232 313944.3457363254 6292579.811692074
939948.5867875792 310621.69808955153 6293619.929330972
942038.7745097453 310947.73266392894 6293291.305419711
938449.7048770584 311653.20046050084 6293792.61130035
937372.3768463357 310714.26902210544 6293999.576592892
935172.8855382461 312106.1131457755 6294257.894961972
935361.0209747225 314656.5483096399 6294102.955707587
935783.5959797394 319569.4407109962 6293792.61130035
935172.4803380629 319998.7645461384 6293861.630406829
935442.8358227256 320565.5422047864 6293792.61130035
936110.8547026193 324358.7313260255 6293498.937881892
936641.8786041012 325843.3091920622 6293343.239415736
933503.9507583706 319446.0250273493 6294137.400074195
932803.6156730851 320134.18773189693 6294206.26579972
933081.6758482497 323035.54919392936 6294016.811238527
931177.1103528709 323832.8903366217 6294257.894961972
926804.9419393537 320681.3911663319 6295064.4988718275
928429.3668662993 322368.81201148493 6294738.934998222
924217.1504040458 327736.3634971302 6295081.614636994
922740.8310911305 328609.5244049355 6295252.666820261
920319.450777229 325576.86298247566 6295764.6727630785
920600.8740463307 327412.97434868524 6295628.306605567
917705.7837999956 330285.8580170343 6295900.916181415
918725.2240655262 331993.65410440095 6295662.409651597
915328.465653136 333622.78161290573 6296071.047848328
914832.455770908 332736.7361967462 6296190.025900847
914894.2818050951 338629.3670445886 6295866.866833774
910861.9531947533 343768.26236024546 6296173.034789948
908446.6815423953 344252.1861525926 6296495.537926138
907170.7129105096 343587.6074694838 6296715.799020219
909659.0526841924 348784.70195201295 6296071.047848328
912048.1927425901 349919.87342078635 6295662.409651597
914756.0060754337 347757.27625029476 6295389.370496784
915420.6611713402 344758.8416277055 6295457.676310766
916355.5425786059 343833.18533918075 6295372.289249063
915688.35167433 343108.89634825697 6295508.885535357
915788.8808528143 342526.96307527635 6295525.951441451
913346.9911485167 342467.9347627499 6295883.8924665125
913213.9085154413 344382.80761663796 6295798.745124564
912175.4977543863 344955.32977093867 6295917.937978477
911705.0024555157 346506.33778273204 6295900.916181415
910651.8132138859 348035.5277774866 6295968.991862563
912635.4289759432 352980.46016283066 6295406.449826821
914825.2406026648 352799.9118314005 6295098.728484569
915141.0778545818 352591.4954543533 6295064.4988718275
921543.0309958725 358572.17957344634 6293792.61130035
923499.8666257976 361413.70649490843 6293343.239415736
925469.4139907027 360899.8800123775 6293083.396902885
923970.6859800193 361114.5477245048 6293291.305419711
924280.2425928826 363934.5995885597 6293083.396902885
924050.9778838772 367201.5577727182 6292927.28435989
926666.8565013726 368053.8010586158 6292492.823721627
926201.4443917902 367737.94731017126 6292579.811692074
927946.5312800499 366014.37369380466 6292423.198842784
930053.3890914615 364858.4991722122 6292179.270254566
932217.3919065238 362032.60329477076 6292022.260639151
931821.1544183621 357263.51948642766 6292353.543295434
931910.5672767239 353329.7482982556 6292562.417931623
933884.495897357 352457.19647614483 6292318.704021174
933676.0128805938 347694.8103069234 6292614.593462485
930669.005926225 344117.1995175701 6293256.673170456
929624.5220218411 343140.93702480267 6293464.351642377
932652.6998132265 343500.5683028066 6292996.686881915
935421.7574277829 341371.91903701227 6292701.514343717
934542.7796239996 341217.50347773783 6292840.488076355
937422.0351703963 344532.6815013266 6292231.572292496
941192.9879926543 343496.68116456363 6291725.263342511
940345.9381327925 341328.9102850515 6291969.889600615
939437.8073446321 342540.2835580095 6292039.713818684
940002.9834134135 342913.65517420747 6291934.965991698
940328.0649038447 341378.1462153273 6291969.889600615
934538.5488175744 338980.9729927444 6292961.989454794
929004.3749604819 341328.49911799474 6293654.481062187
924660.6089990286 344521.30901378824 6294120.178849541
924045.3168945842 347730.7948843895 6294034.043966895
921559.1142956454 345602.1844550689 6294515.7819294175
914284.9384480497 347450.354725672 6295474.747970009
912456.9703615614 351612.21449769207 6295508.885535357
910459.684704175 353729.1631933326 6295679.458297962
914293.5505950272 353566.7402196813 6295132.950426922
913133.7723426535 352605.3644552508 6295355.206083661
914918.9939544009 354689.9953644601 6294978.891282307
917451.9292456177 355450.9364265546 6294567.307553155
918990.8928100064 356951.3841423796 6294257.894961972
917604.0860116536 358091.0183040551 6294395.488364604
916689.0751718503 361925.3669055426 6294309.506868158
915469.8758032678 363810.0803977516 6294378.295900059
915515.8144054601 365476.05724288616 6294275.100848047
915094.9088520963 365641.37253880705 6294326.70700218
915719.7629867018 365853.9759881753 6294223.477437803
914659.8219892792 367023.48942223564 6294309.506868158
915374.5182973628 369073.57870864676 6294085.730648342
914181.1108197519 370560.09743598016 6294171.836771586
913912.8195603967 370637.07560187223 6294206.26579972
915973.5770650535 370523.736183895 6293913.374605896
915455.8165298323 369459.3326027411 6294051.27477799
914678.2821501903 369331.19195943297 6294171.836771586
913579.7225519705 369703.8305062557 6294309.506868158
914620.2564580678 369474.8647309813 6294171.836771586
914378.2574386784 370658.59130831715 6294137.400074195
913623.3255150445 371058.26381527836 6294223.477437803
913796.8826268325 372671.7594002728 6294102.955707587
915100.956672138 373837.10121634376 6293844.378506026
915557.1682388398 374172.65156069666 6293758.090243898
915783.842640035 376804.56921199034 6293568.087355567
913968.6145291687 378036.3383923795 6293758.090243898
914844.8924601305 378791.51802529773 6293585.3699311735
914377.08744469 378485.6591780174 6293671.754052061
914173.8771891136 380122.08401517133 6293602.650589643
915133.2037752651 381532.99343615555 6293377.85249445
916393.1671945142 380219.7347806748 6293273.990253604
918159.4108206206 381121.6283533338 6292961.989454794
917969.8288137532 381005.37040952593 6292996.686881915
918696.4517066206 380686.82129459025 6292909.928937033
918011.0727130518 379183.11239522527 6293100.733156152
916968.6708712487 380552.31592455273 6293170.058999286
914829.0566070966 381406.1898418397 6293429.757734465
912761.057433106 381797.5030954169 6293706.2942803195
910207.1627339019 378789.48324470886 6294257.894961972
907609.1429664376 375016.420714856 6294858.960119595
906790.2776589043 374696.60111659724 6294996.016635353
906743.2152307018 373658.5295114671 6295064.4988718275
907318.0506775813 371101.1874999419 6295132.950426922
906812.118625263 371467.0932575779 6295184.268958386
906185.0399739175 369807.2647778678 6295372.289249063
905908.7924545534 366986.0536995753 6295577.13765335
906745.7947477016 361663.17049952573 6295764.6727630785
904338.8370252905 360282.4247648485 6296190.025900847
902742.809427148 360724.1574539512 6296393.769631687
900630.2661605084 363037.4152573118 6296563.345095397
901743.4377487586 362626.51624895376 6296427.700068523
897450.6958553216 360045.28198176046 6297189.106532491
897032.9227411734 360495.8099594271 6297222.8566662725
899784.3796382922 356268.0038774977 6297070.920640172
899806.8814926627 354715.5057687709 6297155.348725776
898663.0948302309 356114.36268464354 6297239.728855799
894551.6320698755 362239.8455719828 6297475.738090708
893503.5282191607 365978.9314690367 6297408.345246535
890431.122099609 366227.67797708657 6297829.046955779
891040.3175681565 366769.1860409629 6297711.37133474
889919.3771794128 370911.5786137196 6297627.259767831
889328.1094153528 373747.7951791247 6297543.100241749
884803.8865858088 374010.59702975175 6298164.745034231
883664.0616986881 374729.15972543857 6298282.058062631
881747.1150123315 381438.1573696294 6298147.978356009
883527.8840833323 388080.74407860194 6297492.581505962
880903.1054884696 387496.54016619443 6297896.24796249
883293.5418890376 394579.8837654848 6297121.583246169
888025.9760759914 399336.90489257016 6296156.041761124
892245.9193233594 403877.27034320927 6295269.761491634
893981.5444917987 404305.7613404752 6294996.016635353
896066.156795788 406360.4967614922 6294567.307553155
897501.7271334961 406652.7420623314 6294343.9052188415
898532.5948512241 408103.1229272056 6294102.955707587
903088.6439832549 411351.83508892107 6293239.354170272
908825.5345501784 423309.62797393906 6291620.308522611
915617.1039869298 438493.7386426815 6289595.34151902
913710.6831327026 451941.1690739627 6288920.652005813
912952.9393920004 462526.5170757842 6288261.059423126
912056.9393590455 465257.73094015545 6288189.59503985
910199.4523936146 468401.6894144974 6288225.331062494
906578.5991872459 468000.2617439041 6288778.259606816
905496.9282840649 470327.8548303088 6288760.451936362
908061.2420951354 466079.20948951005 6288707.01743103
911935.548640371 466942.210478341 6288082.341000282
916427.5077430389 469726.8667577804 6287221.826347294
918929.3103700787 476368.407781174 6286356.899080007
923173.450142206 486013.6777066732 6284996.617822047
925132.8397941311 492626.99467252323 6284193.573789271
923690.5338073061 498104.9975272848 6283973.918564042
920807.3530912243 502728.6819400995 6284028.8582125325
921537.7738096459 505049.9396493953 6283735.647678226
916062.8935735652 502943.7870140254 6284705.030637605
914270.8395134587 500051.0183705653 6285196.799706587
910059.5323132802 495171.384308287 6286194.234018541
910804.9378577574 494259.1880351189 6286158.065163236
905959.8235938938 487299.31946653686 6287401.464140903
902248.9199866252 480744.68890063453 6288439.586294584
905322.9532185014 481976.96251798107 6287903.431031496
903278.4130962077 476929.9146596486 6288582.269871098
903952.3221807819 476358.06783049135 6288528.777896844
897181.3747231496 469892.776402423 6289984.686748824
895369.0541962931 470039.3943515962 6290231.969056882
887299.7311449079 460345.16639459203 6292092.061857273
882530.1532151182 459044.21755773225 6292857.851166901
873142.1368575537 450179.897716368 6294807.532286901
870716.8946419068 448410.21334735776 6295269.761491634
860762.792764389 441574.66006069 6297121.583246169
853933.8412088057 444018.49138725747 6297879.450588472
842896.424159999 442117.74053756986 6299499.862817702
836129.0237656401 446676.3911805678 6300080.115139698
826785.0889255179 448720.85276192985 6301167.908652096
822161.5364569789 453277.33595083817 6301446.743779084
813309.4176249383 453817.02719436603 6302556.536599339
802730.0491189094 456014.135758874 6303754.165275613
796128.674189448 455818.03208323685 6304605.463925647
792737.2639829349 453325.3278515981 6305212.508506045
791256.1287313167 452368.3937312714 6305467.276506803
791216.4523076602 450661.5452576225 6305594.476115927
791251.666667617 448817.89026498824 6305721.55279424
792167.902421468 445180.41055411944 6305864.367113524
793500.802166781 436212.72283464525 6306323.488166291
795853.4033897683 426339.4884135276 6306702.228655814
799828.7547763358 416932.42324597127 6306828.229584121
806151.2240094203 409213.87277427595 6306528.776621668
811852.7784463161 404244.24793391203 6306117.875059214
817045.0170396967 400443.0639645169 6305689.795149561
824800.1450414078 398084.8169911739 6304829.434585902
833239.9866935086 401100.88412926515 6303528.393314789
843949.9371949922 412041.34364782536 6301397.577889644
853734.2943267375 423537.40475643997 6299317.012300827
861776.5696223185 430323.4392592698 6297761.815254214
869688.5096368324 433421.1905207458 6296461.622833354
872326.9085519582 437971.9464423791 6295781.709902723
869793.5935519787 437384.52258839546 6296173.034789948
864712.38978428 432808.0862484962 6297189.106532491
865906.5450690674 429425.4067437349 6297256.5991270775
867173.1355551467 423867.01570841606 6297458.892757133
862649.4593901677 421357.4694720488 6298248.549647272
863687.1107754725 420483.55388554843 6298164.745034231
856565.6225406958 419034.12052216375 6299233.821673846
848232.2104249443 419038.27938836097 6300361.103746741
843441.9411459022 429810.76348981936 6300278.517613673
840190.9872079518 430373.1315465917 6300674.493469513
835611.8849199063 435640.9929031384 6300921.416989977
828052.5127726333 433484.43265975756 6302068.016352455
814822.3961888434 435440.2268525307 6303657.4519486455
809366.0371026298 437458.29433552874 6304220.638485128
802525.3960358966 445140.1026740256 6304557.421239717
796095.8519852802 447625.5337357183 6305196.569180032
791047.523126237 451846.2019933615 6305530.891677561
787953.4685588274 452818.8864906465 6305848.506539266
782105.4964711831 456110.44470003207 6306339.291112167
780341.7089845734 457164.93240345945 6306481.431178528
776302.316762868 461411.18165024347 6306670.709212328
774524.9199926849 460738.9988463909 6306938.379535061
770568.8649936769 463279.0957782419 6307236.883431385
770522.1459546864 474158.1623671555 6306434.068445811
771344.5114652311 482851.05562613165 6305673.913445984
773260.4418201115 483731.12542855064 6305371.796128107
775703.6283678969 482100.7207391786 6305196.569180032
774521.6911391618 476898.9723214326 6305737.4287353335
774789.9927972748 472247.3429806573 6306054.5441749
779727.7652497127 463833.99766824726 6306070.379777391
785219.6475267621 459507.3952227021 6305705.674932314
789648.4024207954 455389.33611612185 6305451.367912213
793953.2067622005 453193.5507754377 6305068.985428119
793437.4310051458 451431.5049600447 6305260.314959998
791906.0754252177 449225.62476480234 6305610.367423546
791058.5956512978 439267.35985835874 6306418.277026134
796580.9897427903 430099.0335467673 6306355.092137021
803841.4650415422 421847.2526998038 6305991.182555642
812619.4679885712 418562.4184345712 6305084.940119378
819188.2410612692 416839.1190765946 6304349.036539331
826768.6968034096 419407.4124731967 6303189.029717301
995383.2895487479 540561.5067540164 6269501.285134484
998360.921684748 541727.3783465058 6268927.174373826
1009816.2536173211 546073.9451893892 6266714.879449644
1017511.5619318304 549776.34771815 6265146.222461591
1027221.4897847492 552500.650100278 6263321.805764348
1030627.9372271168 554935.9685477058 6262546.856177525
1036410.2301757174 555951.205286753 6261502.462838078
1038578.3239298767 556764.1261673955 6261070.976508417
1043702.2337730956 557378.7344310835 6260164.182640984
1047326.564466364 559173.3246805983 6259398.793840246
1053366.5802589846 559684.1090244313 6258339.519848618
1057042.7700041446 559746.2017546329 6257714.101171707
1061695.236889533 560526.4158920116 6256856.5878604995
1065055.4804778483 560708.8580688176 6256269.127841869
1066936.7914974072 560415.6628502693 6255974.8375278255
1068245.1070114372 557681.86068353 6255995.870651665
1070786.9413121005 555636.1200224942 6255743.347392205
1072171.3278207919 553436.2844466064 6255701.233503478
1074243.7378399903 552512.9800530386 6255427.307433479
1077236.5066142543 551463.3102451273 6255005.253896355
1079397.8867981967 551072.7189613021 6254667.062313723
1080278.2555940868 550548.0156561283 6254561.277415683
1081436.670508935 549475.0363838082 6254455.444886434
1083824.8833301098 546933.3640486873 6254264.826305715
1084656.4480831367 545525.3609668395 6254243.636937537
1085353.5141612287 545353.8851619611 6254137.661519502
1085800.7755824556 545436.2144334555 6254052.846892889
1086811.9623532104 545611.640728903 6253861.902535671
1087325.9628836098 545560.8345758618 6253776.988845711
1087937.558226502 545558.7468061061 6253670.803870596
1088442.1025396353 545526.4991653067 6253585.82160088
1089353.6838011453 545412.5707317875 6253437.029288503
1089701.164157543 545206.0156633765 6253394.500055003
1090186.763886819 545211.0907500981 6253309.41872934
1090067.636159303 544961.258179536 6253351.963201931
1090398.553092909 545031.5477819298 6253288.1436357405
1090377.0120380183 544830.5105718378 6253309.41872934
1090238.7869923243 544618.7764446418 6253351.963201931
1090676.8726591626 544718.6925953577 6253266.866637281
1090538.6185069568 544506.9652225438 6253309.41872934
1090552.2840403842 543990.7536832349 6253351.963201931
1090890.018349335 543802.6126240232 6253309.41872934
1091082.598811168 543660.8825694042 6253288.1436357405
1091360.5250123504 543347.6778832626 6253266.866637281
1091477.193544865 543358.220198339 6253245.587733966
1092460.884845992 543586.2301698951 6253053.991886781
1094006.386713722 543664.5932383521 6252776.969946119
1097707.6643792815 543570.2058423014 6252136.460033765
1097941.1916959803 543590.4024819684 6252093.698426688
1097657.3034856117 543425.9959582047 6252157.837980542
1097833.9142824225 543561.1472559249 6252115.080182479
1097073.5174675058 543375.403452627 6252264.699146556
1097606.9254484554 543281.7988381267 6252179.214022803
1096502.186435207 543545.3149930049 6252350.153797528
1096988.1507244734 543547.7246534391 6252264.699146556
1095025.4935948823 543575.3756615691 6252606.334909601
1095927.972806694 543475.1385207578 6252456.929258262
1094637.385803225 543620.866260013 6252670.33733337
1094975.173183497 543431.3006380267 6252627.670955519
1091368.905064421 544065.1165387724 6253203.024212803
1090302.678886921 544246.5272765447 6253373.23258091
1095303.854818961 542522.7043000249 6252649.005096777
1098101.8234366798 541047.4456478733 6252286.065666137
1097166.523686329 540229.6900490713 6252520.971679467
1097006.6623396375 539318.6360434948 6252627.670955519
1093924.4435454193 539155.3054639517 6253181.739594965
1093322.0735318742 539143.0572609078 6253288.1436357405
1094261.3699625065 538965.3437772626 6253139.164644813
1097631.240403712 538294.2324957049 6252606.334909601
1098647.7974869981 536962.3933854242 6252542.315343956
1098867.656638891 536761.000726964 6252520.971679467
1098840.413223078 535821.5812339652 6252606.334909601
1097784.754958856 535496.5554064483 6252819.609658331
1096724.4820015356 535429.6556006544 6253011.394079003
1093880.5495311746 535531.490246342 6253500.808851943
1093712.5852241274 534881.4380727874 6253585.82160088
1092218.7236096968 534954.2474481732 6253840.6769707175
1092153.3328634636 534591.3779713575 6253883.126195589
1091667.8977061177 534589.9678912781 6253968.001784779
1092209.013183867 533980.7711272942 6253925.567800294
1091914.832703124 533836.9463482805 6253989.215919424
1091798.1384611572 533827.1156998088 6254010.428148994
1091327.1648062565 534541.1904882446 6254031.638473486
1093623.5930193346 535808.0072592016 6253522.064896582
1094114.115087875 535054.1438523477 6253500.808851943
1095788.1762356975 532866.30546872 6253394.500055003
1095119.689809891 532493.9642167804 6253543.319036288
1095964.8211408153 532502.8990565403 6253394.500055003
1093948.2344238434 532656.3682375057 6253734.520570647
1091652.9489350948 533378.452489571 6254074.053407198
1091295.8835234605 537575.7327006401 6253776.988845711
1096372.0109294 539125.4303471928 6252755.6472329525
1099351.6047665188 539494.9995155236 6252200.588160542
1100057.9826372846 539293.816883974 6252093.698426688
1099773.4538446192 539130.5214854269 6252157.837980542
1100745.5491460653 539130.5735258425 6251986.761080419
1103125.2879409161 538983.8039259684 6251579.964953721
1104900.9660945747 539325.9617965119 6251236.866577329
1104737.0248385083 539413.0756865888 6251258.324507898
1104414.659481231 539327.2888476835 6251322.686874128
1105078.2305660946 539460.2545884367 6251193.945003489
1104923.6919560328 539528.1025666365 6251215.406742523
1105227.2310416477 539652.4300576389 6251151.015812759
1107089.9378207135 540561.9391717605 6250742.808618428
1108535.586667824 541579.3281660549 6250398.522045953
1114620.672016459 545275.318928702 6248994.845899681
1115710.539502569 546025.6989979286 6248734.8261929555
1123432.1891133497 553308.7176307925 6246710.380628972
1126619.920606306 554732.13716668 6246009.9912254
1129651.5746893182 556224.8818961664 6245329.631057238
1129100.2180004765 552896.1498881326 6245724.901494634
1131891.9291753578 554630.6218547184 6245065.774991384
1214309.3854192905 669726.5750941155 6218244.127653347
1215940.8277574596 669464.372212657 6217953.55062503
1214194.5522473599 668585.7688340589 6218389.313882286
1215612.2364810777 666907.7101867786 6218292.530639814
1216307.2603945932 664281.7869194665 6218437.694138173
1219353.8268829854 660953.3030613303 6218195.717090138
1221431.8745859303 656876.0621199728 6218219.923318832
1228191.025888643 652518.4157182312 6217347.30581099
1235027.2627699762 647936.4372350656 6216472.233792895
1243329.8425445945 644921.5321745842 6215130.579479053
1248265.4747921918 642457.9821687351 6214396.35407893
1253492.070959922 641775.6133280734 6213414.736694951
1256895.3561343849 640834.7088992447 6212824.312629309
1259653.3591689363 641631.6066016435 6212183.456414034
1260037.8947390786 640636.9279457032 6212208.128385091
1260962.5479912006 641688.7908021477 6211911.939839651
1263382.4946200536 640035.846556986 6211590.761424137
1264401.5623357333 640663.041982043 6211318.745306931
1263761.9982211324 640006.3793964847 6211516.597915837
1265814.077175084 637385.7230420439 6211368.219811764
1263773.2345260142 639263.9707397594 6211590.761424137
1264861.2752848247 635661.1409540595 6211739.037352247
1263874.3160190077 636657.8649768903 6211837.85012701
1270268.1700188103 632363.7874597979 6210972.211863982
1270857.682837387 634097.1415428529 6210674.888050442
1276966.50342584 630811.1406014122 6209756.424693446
1277983.4086134338 635592.3776114964 6209059.649965601
1287861.89320108 632478.6086302521 6207336.268776299
1289718.2438928494 633613.802853936 6206835.055018211
1283651.8269076545 638551.2428373753 6207586.592029747
1288068.2163349804 637694.2522053017 6206759.807723507
1284447.3649872676 642054.1235807558 6207060.694803154
1287800.282606146 641400.1497379132 6206433.539484308
1282575.2608085745 644339.0814784432 6207211.0362417465
1285639.3335687753 644754.7292451842 6206533.963743113
1280613.7202492843 646547.9249777616 6207386.348554135
1282245.06678584 646922.2704130105 6207010.565863977
1276891.779844148 647664.0693645317 6208036.697364201
1278045.1927027423 648024.759907316 6207761.705796742
1273127.1782898677 647180.0167648199 6208860.299104818
1271940.3822091806 646884.0492639511 6209134.375330706
1266177.0325183293 645065.9152452771 6210501.323348369
1264435.7412390548 644901.6724950955 6210873.134197016
1260035.5712310728 642075.5941732107 6212060.0681738015
1257017.3106849422 641311.5765779923 6212750.43297133
1252959.9867171396 637809.1149503523 6213930.463448399
1248921.708165393 638802.9925431265 6214641.285190254
1244992.0183548606 636957.5128433469 6215619.1164730415
1239035.100485162 638582.857552026 6216642.578901124
1236508.306129218 636379.4982807171 6217371.578331267
1232499.721308099 636576.4726513325 6218147.298950247
1231430.251667664 633439.8459151034 6218679.481761765
1226617.5495746334 630693.5147923155 6219909.651873927
1223570.1691270792 626644.5786380419 6220919.032850844
1216539.2094101757 624411.2255321702 6222522.316022425
1214260.5142070723 621475.4717142318 6223261.254494716
1206673.4380241963 618416.4241510729 6225041.472978881
1204740.2422043825 616709.006266535 6225585.269707827
1199066.3455499352 616104.1267504584 6226740.447776074
1198410.6270922413 616666.3826656167 6226811.0250241645
1193675.1437145805 615890.6297251849 6227797.313938106
1193469.569679621 617235.91972145 6227703.5258315215
1191806.4118121741 616665.8112348199 6228078.496134862
1193222.1805141259 617477.5656009694 6227726.975703785
1191173.3570643482 616470.0406090072 6228218.984786226
1194394.6104170016 615681.2566057114 6227680.074062189
1195845.727497921 610471.0453116371 6227914.506386635
1196307.572348017 610522.5800188176 6227820.756222032
1195291.3217721835 608926.2404535922 6228172.162824593
1194701.952304782 611991.492963845 6227984.799090234
1195785.6997028098 611782.7857103944 6227797.313938106
1194791.8728611441 614672.4126643421 6227703.5258315215
1194426.330502561 613957.1676978774 6227844.196608854
1190812.377476708 619290.2518763288 6228008.2261971375
1191311.852230485 622564.530211855 6227586.2480143355
1189590.321541447 627014.1009672188 6227468.922771369
1190672.6579553662 626124.8222366405 6227351.5501035135
1188996.0365056721 626276.6510210943 6227656.620395797
1189083.9986379205 621664.5175829395 6228101.915653085
1185992.7410826767 621709.8418896007 6228686.787003887
1185043.5089559483 617893.8848029868 6229247.147850568
1181449.7790626653 618198.4962899581 6229899.520757748
1180318.7237239985 615902.0295940683 6230341.355043755
1175893.3467452277 615447.9327994565 6231222.968173518
1172926.8491838162 612201.1576795205 6232101.840390574
1168644.5887066654 611939.8764521023 6232931.927503654
1167522.2264623663 608213.954615216 6233506.929179407
1163041.3855464666 608333.5374322783 6234332.84664376
1162807.1047023349 606196.3491273145 6234584.719414637
1158864.5716239815 606457.9862920973 6235293.306292599
1159056.2484883848 606326.388782929 6235270.477140946
1154221.5567526128 607342.5035565896 6236068.36727286
1152332.6666012404 605321.7380925157 6236614.147025318
1146820.0916393178 602706.9328293948 6237883.37743916
1145576.8730450843 598511.2894330479 6238515.758124318
1140822.2703485664 594912.450771799 6239731.1419157665
1139684.2352486697 594268.3918271805 6240000.4745513275
1136766.0748449867 592090.8203697657 6240739.727910097
1136044.869204212 591589.1482262957 6240918.629084637
1134201.8086557342 588994.7146866223 6241499.217600952
1132549.579926942 587685.028687976 6241922.681038537
1130976.1106533837 587169.2325721001 6242256.509424459
1130726.6230939964 588593.9405274533 6242167.530353604
1129998.814117105 588340.4203155693 6242323.223761874
1129857.028771433 589319.7477462916 6242256.509424459
1129275.2146300822 589492.7240591072 6242345.458071313
1130183.0856541418 590343.2002663045 6242100.776084973
1130070.7971985394 589381.0690835143 6242212.023692004
1130140.5082229208 589718.5385188652 6242167.530353604
1130810.9544009503 589139.6155464265 6242100.776084973
1131259.1366637254 589222.5015330049 6242011.743773159
1131503.42524932 588044.8435940184 6242078.520859182
1130820.8045049408 587940.7787981431 6242212.023692004
1131745.228521822 587342.8631706259 6242100.776084973
1132675.0284298195 586496.0959541646 6242011.743773159
1132995.9732205155 586587.0533432334 6241944.949574308
1132557.8130186866 586485.5363079439 6242034.0047032675
1134021.2781222018 586264.8267218156 6241789.029894789
1132329.782639129 585741.0317988923 6242145.280832191
1134439.0714251273 586405.5444855165 6241699.891105046
1134174.7230308761 585967.9205578647 6241789.029894789
1136035.0335627487 586401.624126654 6241409.979943611
1134935.2785140397 585206.9361147846 6241722.178654495
1137672.2439851267 586316.6064319077 6241119.747472244
1137617.4143205066 585233.3409858794 6241231.413369739
1139152.582664073 585344.3754887697 6240940.98317661
1138224.102745976 583336.3504340395 6241298.390094036
1140249.4317812857 583922.0906344161 6240873.915197421
1139941.0501605866 582132.750031501 6241097.408589257
1142873.6141086526 580214.2282457806 6240739.727910097
1141939.5647004114 577961.3553550252 6241119.747472244
1143444.0354972673 578848.1525452529 6240762.097210619
1143461.7224695894 578330.6999612816 6240806.8301085215
1144272.0019787685 579141.8544395223 6240583.089577757
1143231.4173449092 577337.4844076172 6240940.98317661
1143623.1782808157 578011.3626648805 6240806.8301085215
1143341.6272271385 577844.0084123145 6240873.915197421
1143658.6015535938 578906.6218046818 6240717.356708535
1143601.830242825 578777.5931650094 6240739.727910097
1144567.4417540052 579040.4688958602 6240538.318659501
1143280.4766353979 579893.846613282 6240694.983605944
1143350.6698733342 578550.2181928757 6240806.8301085215
1141918.538573024 579929.9059108907 6240940.98317661
1143484.877519549 579972.4308065154 6240650.231697694
1142148.024009482 581401.1844420031 6240762.097210619
1143263.7732657432 580889.219445323 6240605.472185401
1141557.9407207856 582079.5282847058 6240806.8301085215
1142813.8608197025 582493.7534951008 6240538.318659501
1140509.41344856 583653.2714457066 6240851.555402191
1141748.2284355443 582904.8845737247 6240694.983605944
1139427.2178085172 582898.7159268106 6241119.747472244
1141971.9636714756 582466.4417663259 6240694.983605944
1140165.554228339 582172.1319552339 6241052.725119848
1141661.1545631266 580676.7373555774 6240918.629084637
1140089.2379636217 580403.2858679369 6241231.413369739
1142224.1110484698 579809.2692008826 6240896.273091571
1141610.9971407373 579573.2226957658 6241030.38053344
1143004.8146945257 578751.1183740272 6240851.555402191
1140999.5264097722 578611.722573476 6241231.413369739
1142292.8028375464 579192.3662239582 6240940.98317661
1139903.0583526231 578606.0484636616 6241432.292209826
1138602.396222038 578520.7864241982 6241677.601654267
1136652.4725895012 578029.3210423067 6242078.520859182
1137195.0903690439 579604.854736733 6241833.587881541
1136952.36353568 578881.308675994 6241944.949574308
1137815.9864502097 579346.0307330322 6241744.464302605
1137559.0423425012 578890.2196260175 6241833.587881541
1137880.6328824933 578978.8668475739 6241766.748049373
1137502.3583502132 578761.3994653473 6241855.864022864
1136448.1662063964 577950.3882203366 6242123.029409312
1135591.498639433 576990.9575365101 6242367.6904792255
1135732.699774427 575990.7050720182 6242434.376293734
1134234.427513444 574608.7943271416 6242834.131780626
1134526.0165413402 574756.5147768953 6242767.548652789
1135762.6250082348 575208.6255264939 6242501.044994252
1133049.1991134943 575500.1903851656 6242967.246690865
1133775.768252829 576715.8528035233 6242723.150392608
1132419.2608513813 576498.6091371684 6242989.425853268
1133296.735354499 576696.2806269511 6242811.939306347
1131498.426672388 575184.6188114884 6243277.581905245
1132560.0922285023 576221.8897053851 6242989.425853268
1131086.128844982 574552.7736097798 6243410.468603821
1130999.0029877012 574483.683836994 6243432.609730476
1128803.4033412703 571585.1027715391 6244095.959135703
1129714.7213429858 573161.7820554641 6243786.609099637
1128954.7569250122 570078.2434371397 6244206.350944531
1128992.9973123416 569034.6069004532 6244294.630153941
1127639.312026361 565418.3865888685 6244867.703168736
1127330.3514719552 566519.7751935147 6244823.666282725
1128080.046903531 562587.4695128051 6245043.774620423
1129058.9280229881 561600.0055382295 6244955.754113158
1130084.3922504007 557565.698416534 6245131.764690104
1132771.988235168 558523.0134752017 6244559.2851768425
1135259.9082993811 556674.138986557 6244272.563204752
1134523.9459464815 555699.3358735978 6244493.147100385
1135020.2141138955 553194.0442783422 6244625.406133487
1134129.4332880022 554769.9934030792 6244647.442647934
1137157.3686825307 554530.4366242563 6244118.0413016165
1135297.4843956183 553868.7579098868 6244515.195028061
1133928.7119739475 550704.0305243811 6245043.774620423
1129996.1200542038 549818.1972067034 6245834.589443017
1131769.9594028646 548411.1260002324 6245637.116889869
1127199.9237745486 546342.4300037121 6246644.801893277
1126584.0124515116 544611.9906074023 6246907.014081072
1122369.4017677621 545308.0352315999 6247604.906897309
1125852.036907837 545373.6989174352 6246972.5243128445
1122784.549586542 543452.3414196625 6247692.006478491
1119566.485852413 541340.1234222944 6248452.828863255
1121434.147051869 541736.1526762183 6248083.577762834
1117487.3223101276 539877.6539359331 6248951.528317112
1117427.300175878 541003.7536217361 6248864.870309554
