1488709.456594374 46732.562416064226 6194449.226642875
1489777.040618939 39765.7557763529 6194241.20081808
1489577.0815837143 34791.6814851107 6194319.224654149
1487308.7798123371 29674.42802206231 6194890.880541376
1485001.1500090691 25843.01339432984 6195461.623085922
1482155.599431642 21135.993146553723 6196160.83142353
1480701.8732021768 16359.362409473824 6196522.842204095
1480115.8776511312 9015.79198994754 6196677.8764286125
1479597.8954475957 3718.6429325480913 6196807.019706341
1481008.451021954 516.9694954009409 6196471.149028622
1480250.7559303297 -1472.6097042437498 6196652.042110186
1480898.9486554887 -2067.7263471820243 6196496.996560139
1479925.4019066032 -2195.5151411841825 6196729.539402607
1477977.4736426915 -2837.516536631614 6197194.166387292
1475705.9386395507 -2858.911520356229 6197735.458156381
1474299.7313620595 -2830.4557696545353 6198070.126307535
1472027.6212039324 -2980.2445976968843 6198610.070052384
1470074.8743995165 -4951.944563573439 6199072.216219479
1471472.9982415007 -7011.2523463749885 6198738.505356288
1473070.4108958733 -11132.611100979091 6198353.057830212
1472704.4620759643 -15679.752909038867 6198430.181322547
1472017.0365725148 -18935.712250305034 6198584.37732696
1471559.7381717581 -20753.694363836035 6198687.136899403
1471394.3311661591 -24475.941099937234 6198712.822071963
1469513.7112392085 -26830.634718515084 6199149.181099013
1470226.961975229 -29153.922515690174 6198969.569943301
1469440.0372079865 -30600.77661794437 6199149.181099013
1471041.9273491353 -31610.20432054158 6198764.186752369
1472131.9855881622 -35978.13077579951 6198481.5875433665
1472811.0962799336 -39055.65766918424 6198301.632728011
1473658.8815882474 -43556.97521844479 6198070.126307535
1475049.2988846002 -47592.27938497502 6197709.701236659
1474536.0232407362 -53115.3097567709 6197786.966332002
1472378.6577352178 -58622.056738914696 6198250.200073368
1468936.8811746035 -65753.50709301748 6198995.234344836
1461464.2890958916 -70378.12835094379 6200710.447259028
1453607.2586952336 -66948.58132960004 6202595.007327697
1452095.888150559 -59337.61372212476 6203026.485451598
1451308.3099220817 -51593.81901620032 6203280.041025911
1451068.4701491238 -45829.823329731684 6203381.410346509
1448471.8684556857 -42154.660862819626 6204014.283579627
1445155.3784336087 -40694.99807384453 6204797.4059848385
1445786.2539423741 -41369.36894711043 6204645.975656
1449497.8267123303 -40361.54943260406 6203786.585278674
1453678.188187782 -37964.34773649806 6202823.504944182
1458733.7752013342 -34988.34510143737 6201654.020404067
1465395.0271818377 -32486.80006272797 6200097.017154846
1472204.109208405 -32894.82810035546 6198481.5875433665
1476039.5148205464 -35480.76037594445 6197555.120072065
1477079.6257288044 -37182.47073383266 6197297.333767921
1474764.39621449 -38849.88006409287 6197838.466955807
1471741.6232361707 -34195.19838100427 6198584.37732696
1470567.0354808676 -28364.708283276657 6198892.565408842
1469884.1105670065 -24194.205883953935 6199072.216219479
1471682.045929143 -19727.79699964125 6198661.449838614
1471957.7950973234 -14644.073797818202 6198610.070052384
1473827.8441351184 -11112.610727474163 6198173.036930709
1475668.4914592167 -10894.6787744466 6197735.458156381
1479687.3553996978 -8315.871582645263 6196781.194826075
1485967.2544284922 -6820.95847293458 6195280.122261765
1494949.3159657684 -4461.708946395415 6193120.99315416
1500250.734250194 1832.9029562148849 6191840.225235831
1504567.8931793056 4359.116347127381 6190791.343028665
1508337.6549301716 7371.187006565798 6189871.095937448
1511014.4009891856 11261.12778216409 6189212.362409644
1511521.141470105 15090.445139420684 6189080.474299426
1513381.5614519748 21951.150306359217 6188605.286852395
1515680.90406831 26747.388072615006 6188023.6727305725
1516245.455822705 31125.418102418254 6187864.8923554355
1517050.2195218392 33896.86652729831 6187653.079632727
1518602.3844264213 36822.11935817971 6187255.605641354
1520683.3023565693 43884.33435565971 6186698.429625617
1524842.2431006008 45709.093590536155 6185661.469270611
1528385.3709529436 46402.69535282646 6184781.8027575575
1531542.2507395444 45562.12906987767 6184007.068769753
1534252.6685812923 45187.14098336246 6183337.92309954
1536886.5140965157 43707.633595616004 6182694.435725716
1539853.9649766996 41801.7000580743 6181969.2157449145
1544108.6505755377 40083.32272182522 6180919.252219477
1546636.0980018203 38285.15608855196 6180298.70048212
1549940.4550227176 35443.72536761847 6179487.788499629
1551389.5696682816 33336.73933165361 6179135.867169065
1552669.8736530833 33987.825745460046 6178810.734368809
1553144.0258708794 36845.97126566448 6178675.182375514
1551931.3668006079 37928.38564506124 6178973.334648949
1549806.2343721744 36577.33669075719 6179514.846194785
1545850.1639003975 35026.25955467846 6180514.657527374
1544715.7995301047 32626.90639119116 6180811.401722383
1543219.3510491138 31948.594058824623 6181188.746663963
1542687.807987694 31560.480354564366 6181323.423278053
1541377.2734164011 32314.165108602952 6181646.455090161
1542155.066610444 31226.45946790904 6181458.052818674
1545625.8548227325 30325.206713153373 6180595.610355146
1550623.010128868 28501.05019867764 6179352.4717883235
1554379.676077949 23115.64860961054 6178431.070213956
1555764.1465002685 15912.333987443575 6178105.350193647
1554521.3702404646 9686.076633022805 6178431.070213956
1549572.7048762154 7464.517949940886 6179677.1528352825
1543295.1299593216 10989.902948582554 6181242.62295835
1540535.7502619799 17665.809940305837 6181915.441133428
1541202.1308514029 24211.13777892111 6181727.170675404
1545246.4532795432 33042.84195953695 6180676.546238464
1547586.3098929105 39119.498867145136 6180055.604785481
1548421.5083840764 44170.9130743373 6179812.356602081
1546616.2405706204 46848.12199388046 6180244.692394376
1544817.980079521 45633.24090660098 6180703.521100764
1545176.8289445136 44429.23107812426 6180622.5908656465
1546044.0818122856 44292.13290289729 6180406.694066024
1547555.8938126063 44254.34811105355 6180028.584739648
1549569.065125563 45529.96885719135 6179514.846194785
1551832.3761182674 49147.85869653914 6178919.142084372
1552341.3355962087 53340.922573821044 6178756.519217952
1550402.948827437 56281.68652382589 6179217.108018557
1547419.0412802722 55226.87742907561 6179974.5390003575
1548068.4925906546 52057.99594424276 6179839.391708038
1551637.0256642033 54970.68465343306 6178919.142084372
1552540.593801989 62465.03461890048 6178620.948403213
1548311.8713332645 65543.20049856907 6179650.106434578
1544861.8782347348 62831.264830347005 6180541.643686002
1545565.2100989502 55754.93332729477 6180433.687755371
1548365.8689374377 55910.08325017588 6179731.239989371
1548414.0174162718 63084.013124655394 6179650.106434578
1545779.096388709 66706.30957352424 6180271.697379557
1543042.6601603394 67559.57609167475 6180946.21013673
1539999.9700362124 67991.88751641505 6181700.267363375
1538038.3364070423 68389.41785190516 6182184.238864783
1535359.257177749 70311.01750636319 6182828.585058445
1533841.4498585658 70429.29839829296 6183203.952694986
1533379.3634834557 71078.5678772223 6183311.132785701
1533094.828484412 72540.2721391497 6183364.711529826
1532420.3616533312 75323.20043790253 6183498.625427685
1531960.4902461944 78034.6785439934 6183578.951163248
1530096.1046225221 80644.18159243868 6184007.068769753
1526781.6305281126 81992.69075398233 6184808.489463909
1521687.806509893 82225.21245168375 6186060.639369484
1517211.0557425353 83019.09531249518 6187149.540955521
1513722.681584416 83517.19704338945 6187997.214047119
1512061.1859288497 84219.67316810171 6188393.896372378
1510727.2430178707 84859.51526211824 6188710.936848893
1509948.1143547653 87142.38426850135 6188869.355287805
1506918.1096145194 88999.57266751296 6189581.398364577
1503511.012543081 91668.94314451069 6190370.945268502
1500090.5355343933 92721.84619527619 6191185.027475619
1496461.3694129859 93624.94940136632 6192049.639554272
1493239.529902312 94914.8165505995 6192807.754479085
1489345.4364862703 96520.47240338093 6193720.607940315
1490210.5900320585 101435.5873805321 6193433.960168549
1490440.3314662792 105920.99507567813 6193303.590261087
1491628.0745560834 108988.67486396336 6192964.407773349
1491160.616115918 113796.13059035326 6192990.510053076
1489054.4052060812 117191.12324443561 6193433.960168549
1487297.2262903296 120187.63369915682 6193798.744984768
1484829.7784941816 121188.2011125556 6194371.2311103875
1482398.5974398472 123047.56866859081 6194916.843199198
1479131.9394735217 125766.18249611922 6195643.031435046
1476142.773547444 128964.03510362825 6196290.163456957
1473870.4976615575 130113.47601646412 6196807.019706341
1471358.7725404708 131496.4662743379 6197374.689481471
1468144.606509886 132216.59137041454 6198121.585395233
1466819.3531052303 132458.56946871226 6198430.181322547
1466606.1742951642 132413.51292510924 6198481.5875433665
1467183.0769689507 133240.11302139133 6198327.34622317
1468293.4620577153 134167.80586779772 6198044.393931621
1470648.4974967882 135728.97595406134 6197452.028204568
1469591.174986216 137752.82499928479 6197658.181733432
1466347.7984351055 141012.42679771793 6198353.057830212
1462513.6756099325 143555.34776178375 6199200.481576871
1461184.2709516478 146000.12029833486 6199456.870661846
1460152.9502051186 148677.40082672643 6199636.230658271
1461265.3242243363 152656.95291604302 6199277.418130756
1461552.5335620912 156117.5066857648 6199123.528027527
1462187.5875058495 159309.20081026832 6198892.565408842
1462798.002239899 160693.3543230584 6198712.822071963
1460064.2215870304 163746.63934116077 6199277.418130756
1456800.6867047227 165646.65265764864 6199994.673036419
1453128.4242259092 169160.83458312482 6200761.517325906
1449501.9981358913 171277.69071027465 6201552.137172195
1444941.0888634648 172963.84605568508 6202569.609256448
1438762.3252234203 174466.08700982394 6203963.697185951
1428431.4771045747 175971.4143072044 6206307.966622633
1419297.8483092268 174795.9292719722 6208436.276623506
1414785.2241260705 173312.75740633154 6209507.74681172
1414834.192057406 170211.62916691825 6209582.370037586
1420321.1704291182 165341.6935215893 6208461.234252355
1425825.5522563083 158168.31009009134 6207386.348554135
1430214.698204174 156911.8647131918 6206408.428693118
1434927.9517872198 155655.00580854656 6205352.068363767
1438663.7863548433 152301.37583863965 6204570.234975892
1442003.101985236 151611.5249257192 6203811.892649121
1443405.5974747885 151733.5120231296 6203482.749432578
1445541.586881895 153157.0431798124 6202950.381932729
1445957.872302611 152308.00598386876 6202874.261408119
1446268.6280374944 151421.99994226184 6202823.504944182
1443143.5928981388 153183.15215699418 6203508.079479893
1439077.8932198028 159536.70393019635 6204292.37361886
1436679.900302913 169076.15733569555 6204595.483759292
1431081.8262901127 167531.104070351 6205930.9644590095
1421142.9983076723 162949.0261083471 6208336.427196211
1414185.4970703807 156952.02488269037 6210079.423144363
1416023.2173389737 152104.16401726688 6209781.282077944
1423532.4498721857 149116.91208820563 6208136.637566072
1429050.5931347245 144174.9733795768 6206985.498558241
1429892.8931361763 138967.71005840637 6206910.285296524
1432763.1224570745 133972.79708154147 6206358.201439005
1434258.4201364552 133102.62690927807 6206031.539959939
1434265.964344755 130654.62897699201 6206081.816367642
1435161.2352443086 131569.68047991945 6205855.512983721
1435062.5558290374 131459.60632474508 6205880.6653659055
1435924.9857295319 130350.91814264031 6205704.558992236
1435195.4267775451 128794.76565745242 6205905.815857671
1434772.277107438 127444.2539560247 6206031.539959939
1433944.8017555377 125731.32377882008 6206257.724244063
1433531.762499245 124232.92897534725 6206383.316011348
1431852.568288879 123533.50378295785 6206784.892045772
1430218.5146599214 123568.56195485119 6207160.929992099
1427379.7660716053 123699.78380532391 6207811.721282781
1425570.3806158435 124495.6083844261 6208211.572860882
1423483.1805062043 125965.73986310599 6208660.827199105
1425157.1181220382 125487.18121860338 6208286.491135529
1427289.080211781 123491.1433407835 6207836.726189292
1429842.8387951057 124139.52803965712 6207236.086530336
1429532.033838644 123961.71654725322 6207311.226051084
1428998.432462599 122583.75355622641 6207461.454039284
1429559.9439807113 121098.87908064832 6207361.309610653
1432136.018348966 118900.65464975142 6206809.974477342
1434651.3355371573 116059.3649300001 6206282.84637862
1437419.3072327294 114061.3949000948 6205679.39337733
1436415.1314392507 110223.50234184912 6205981.255990374
1433864.5557600234 103635.97009730534 6206684.543412618
1434491.6744744666 99378.58750656241 6206609.262085752
1436621.51782357 103053.91895768387 6206056.679109027
1435128.4086409821 104180.54255756027 6206383.316011348
1429936.598254248 102373.7039645513 6207611.613955052
1428219.500698096 97416.32361704952 6208086.671247319
1429042.205996549 96495.24049547758 6207911.729562706
1426302.4251934928 96860.41058920964 6208536.095791636
1426018.6716926636 94616.06205039064 6208635.884700114
1424400.1150149729 96081.89118593892 6208984.907578006
1421494.0499166108 95686.48541666992 6209656.976239531
1420826.848344131 95915.59212183859 6209806.137570834
1417837.1929904725 95142.03519500185 6210501.323348369
1417786.8923079018 94268.71880477523 6210526.123981349
1416329.2050076022 96555.63849186919 6210823.584011863
1414796.0212518189 93499.42451478056 6211219.773592416
1417077.3011880636 93501.14406671475 6210699.675440422
1417035.4548375946 97349.21878997007 6210650.098768582
1413810.4438042883 95243.63359909684 6211417.686748232
1414617.0931944307 92917.2709954529 6211269.263233796
1415592.3370610997 96207.5492386675 6210996.976550817
1412766.8671613787 94603.65202955945 6211664.907903008
1413743.5784203028 92983.80070460477 6211467.146116276
1413006.2871916203 94272.879313866 6211615.478809263
1409687.1604384664 90196.86540509132 6212430.09096811
1410535.2067436378 92204.12226619976 6212208.128385091
1408231.4863238374 90868.79849932229 6212750.43297133
1407080.0097466828 88476.65994764239 6213045.84940557
1405707.9342944091 86075.28489274418 6213390.157457713
1407085.8933941224 84853.26550223981 6213095.058981866
1408211.0959854063 84205.7900686262 6212848.935396909
1407541.9554248531 86286.22077546093 6212972.02084663
1405187.1389391804 87471.27585755807 6213488.463050348
1405366.8419234839 88073.43737297074 6213439.314039473
1403523.7539843053 88007.11697887356 6213856.83930382
1403586.340766625 85232.31348100516 6213881.382578206
1403274.9468476092 84992.16756686912 6213955.001044191
1405258.9313333705 80829.85826145821 6213562.172371113
1405053.664692337 80621.22142618477 6213611.302454506
1405387.8684475543 84184.67058003113 6213488.463050348
1402103.3410969784 84601.91712945783 6214224.789666263
1399326.7673148687 81958.9517137087 6214886.02699278
1399494.6806250033 77092.35198216852 6214910.490760762
1402267.142303745 78030.64985475462 6214273.8175348
1398887.187085836 80169.41037191264 6215008.326900914
1395879.9544028414 81439.27355690255 6215667.928518933
1391845.7428368125 79790.24140109455 6216593.918338578
1392329.4337634582 76990.14532501389 6216520.913292157
1393717.2468165176 75456.63169311993 6216228.722679026
1397512.725506522 77570.35298072825 6215350.514845142
1397622.435408632 79485.11271993877 6215301.653572282
1394826.6682686857 80864.86221303543 6215911.875143159
1393995.3338708219 80206.3915568704 6216106.896112695
1391791.108909367 80737.62218840816 6216593.918338578
1388222.0051779405 80433.3370203381 6217395.848957625
1386284.554105708 80102.59535111344 6217832.3963633785
1382425.6411812173 79153.38760465063 6218703.650105495
1379074.8820927516 76884.9562256948 6219476.036860906
1375866.0083175953 73936.24072028627 6220222.436494081
1375442.1193391182 71674.65058341662 6220342.653006477
1374205.87937418 68195.6282055992 6220654.9942419315
1377518.9584341624 64865.7624973907 6219957.793426745
1385412.1449183996 65697.88942168473 6218195.717090138
1391023.0651278899 68738.13951705905 6216910.076594155
1392742.5388974154 69115.51885662453 6216520.913292157
1393620.2947626354 68939.63115319257 6216326.149847847
1394563.7351337553 65131.729474646534 6216155.632419883
1395847.6909800374 63189.774990960475 6215887.489001252
1394862.347290711 63364.72371001377 6216106.896112695
1399362.6748940176 62296.571080819565 6215106.132749869
1399277.0450767444 61778.88915862932 6215130.579479053
1400036.6957101817 61787.94531043198 6214959.4126172075
1399625.7736541878 61255.82953726317 6215057.23361182
1399151.370801401 62164.82378797707 6215155.024314999
1399694.2907061724 62164.468444647144 6215032.781202971
1402266.5447791647 62916.30610934259 6214445.3554455405
1406672.094565959 63925.809483300654 6213439.314039473
1409425.7612847982 63040.33493668085 6212824.312629309
1414710.4397827303 58774.51400105619 6211664.907903008
1420094.2980813992 54355.945911643365 6210476.520823563
1420900.3312693033 53120.21886670333 6210302.850179397
1421482.2884960177 52048.860733876914 6210178.742966134
1422205.2419392446 50037.291346627 6210029.751883257
1425860.7281607299 47798.944760380706 6209209.083673117
1430084.4992530793 47940.53769238054 6208236.547510237
1429688.6851239935 50000.77876652982 6208311.46011145
1426145.8225371584 52045.150849115715 6209109.468767071
1423200.0757625946 49500.28421073889 6209806.137570834
1422976.4658189376 46483.977453507934 6209880.6926997835
1425864.9472833273 44311.40430575169 6209233.982671064
1428131.8468955124 41013.88663953161 6208735.643348454
1431815.9952274226 37093.31164331576 6207911.729562706
1439655.3440807136 35636.97345035278 6206106.951735777
1443702.5632330626 38359.40979785761 6205150.478803414
1448601.040932819 32999.83596517886 6204039.573941693
1458592.4249021865 31699.253368344107 6201704.950685243
1466377.139245445 32124.4897179852 6199866.700394348
1472225.0447898596 31944.113375730296 6198481.5875433665
1478403.7514335949 31406.990379284805 6197013.550792219
1482183.1972859632 31720.20701102029 6196109.0853978945
1485050.4555417902 34115.42977900208 6195409.775143701
1485552.5351978817 35761.31814387293 6195280.122261765
1486141.078049469 38189.21941186733 6195124.476526253
1486201.9389959762 43823.86380564585 6195072.579517188
1483588.078631129 47893.70250238474 6195668.939364353
1481661.411344715 50523.895155161015 6196109.0853978945
1481255.997379592 52839.654411263 6196186.701605164
1479145.492277346 57210.852880034734 6196652.042110186
1478754.4078850844 58901.75426580526 6196729.539402607
1479496.5810787503 61931.67702531837 6196522.842204095
1482326.9348232339 64097.703721533886 6195824.347306432
1482080.238077574 67223.10842222426 6195850.242024412
1480353.6910458456 69449.18898590734 6196238.436306026
1479757.3417089055 70611.89708557943 6196367.740027102
1477761.9941425922 71576.59055398285 6196832.842698952
1476239.5713702445 73904.83062627156 6197168.36982268
1473305.0898544192 76232.86516946768 6197838.466955807
1471736.564772173 79268.45638559233 6198173.036930709
1469019.2221848576 81410.80273083416 6198789.866260198
1467783.8414083698 82190.34612534635 6199072.216219479
1466317.4416318245 83212.18934658356 6199405.607952301
1465847.4240314383 85726.72729428027 6199482.499183929
1466343.9085274853 86500.50694239777 6199354.33768897
1464877.5086788144 87465.93985850875 6199687.459374998
1464505.0463448253 90034.78370342865 6199738.680537593
1464733.8248773406 93308.25134734379 6199636.230658271
1465269.906467405 95088.60874570123 6199482.499183929
1467418.1261666825 97054.22378839242 6198943.903653452
1469900.9985334708 97218.43959439025 6198353.057830212
1474464.8914116193 97055.05948329192 6197271.54475445
1480257.6145231675 94634.39426257317 6195927.914854137
1484345.8768777926 91644.63336473188 6194994.719850158
1487271.2615170754 88047.60524529117 6194345.228825721
1489625.8557621562 84795.74940650124 6193824.786892785
1491676.3076181314 81021.30229215059 6193381.817865391
1492235.3294012572 76585.64190404622 6193303.590261087
1493061.9656179564 73049.03384215204 6193147.0841148095
1492460.7411366994 69782.2286915331 6193329.668015787
1493050.6508683045 66336.80426199365 6193225.345677488
1490636.8952497924 62085.26762556946 6193850.826914055
1489179.0279021028 57989.38648009008 6194241.20081808
1489134.9825244045 53380.950549911235 6194293.21859568
1489595.508424852 49440.999344384036 6194215.189098966
1488651.0903425154 45118.32148051546 6194475.22137984
1486340.4493157566 38843.316569136 6195072.579517188
1485460.5829483194 30156.28684703791 6195331.9890761655
1486057.5368833882 20517.151636112096 6195228.247898605
1485941.8363558163 11048.33361846835 6195280.122261765
1485760.5658828097 4252.763472725048 6195331.9890761655
1484572.900470217 -3575.6814580126593 6195617.121618439
1482149.7571076266 -11977.326793359618 6196186.701605164
1478406.8409738576 -18372.72948570806 6197065.164686663
1472549.1672222284 -19610.89360317201 6198455.8853770355
1463766.5921029546 -20873.760265592977 6200531.642526766
1457391.486734684 -20070.493544861485 6202035.813318247
