-4304758.67343523 1803.1732019864962 -4696668.022337812
-4306065.701830647 6388.181752352884 -4695465.7237223685
-4309667.929464 7822.669675051588 -4692157.514788759
-4313577.067312223 15358.433861541696 -4688545.403733167
-4314293.634441616 20180.17969664786 -4687867.766497256
-4318195.424265942 24795.926003574703 -4684251.748134627
-4319142.8564997725 30078.408443288823 -4683347.229759129
-4322478.33706467 32138.662199330036 -4680255.242184839
-4323748.4289492145 36751.68071297329 -4679047.962686852
-4324870.359698801 39176.86659177362 -4677991.293805795
-4326574.16337029 40325.09063306651 -4676405.7668173015
-4328837.894736147 42537.41195435465 -4674290.753652425
-4328487.142212981 44951.695503731724 -4674592.966747825
-4329876.205015733 44739.38491964272 -4673308.403762325
-4331231.07264006 47701.89581068853 -4672023.429364765
-4332764.836985765 49080.13596212207 -4670586.79478646
-4332410.693715216 51496.12498569416 -4670889.286858927
-4334436.396041162 52503.79703079116 -4668998.337970475
-4333002.551013592 56343.920350965964 -4670284.279950118
-4333362.172868052 53701.069459186954 -4669981.742351378
-4335259.1617333405 58265.20840732391 -4668166.038831137
-4334854.852206686 58032.76124254867 -4668544.377953659
-4340277.527214957 60529.878267186716 -4663471.681118024
-4345127.169300858 68182.85664655524 -4658847.709537524
-4340310.086126152 74169.11305244353 -4663244.396226794
-4343229.15961966 69896.99777088851 -4660591.794690039
-4344256.509692876 76511.88344691641 -4659530.2670636745
-4341192.140354785 74942.09046526901 -4662410.908918103
-4343843.834640599 72106.09440436437 -4659985.241543647
-4344986.923636495 76600.60551225307 -4658847.709537524
-4340826.486958795 72510.70395714503 -4662789.78809131
-4346332.174207304 69112.28617134184 -4657709.8582190145
-4343565.40646892 74148.90975472376 -4660212.709620524
-4343787.951112016 65356.08337649202 -4660136.888347783
-4346501.949613669 68659.70686706119 -4657558.120588246
-4342945.704628784 67238.82013029169 -4660895.0371912345
-4344991.392871032 60899.01515328592 -4659075.241486235
-4347882.917377832 63368.35471946533 -4656344.015254261
-4343538.189716886 60120.40968387871 -4660440.164921164
-4349319.258276851 53215.52412684064 -4655129.546808983
-4349597.108155606 56939.34517588272 -4654825.8729726225
-4347651.597546351 49931.784660231206 -4656723.462181677
-4352156.533547104 46640.89451866126 -4652547.596152214
-4349045.067390541 48884.978957348576 -4655433.197956807
-4348808.0140210325 40304.59469100174 -4655736.826414615
-4348483.688368027 40225.6869880264 -4656040.432180926
-4350068.381660633 35532.761697811926 -4654598.102706889
-4350300.703503414 36901.44139041967 -4654370.319680311
-4348462.569250379 33090.854033885465 -4656116.330076785
-4349941.810251286 30824.36350329559 -4654749.950968621
-4348472.196097054 31800.637779285622 -4656116.330076785
-4347767.360140446 27925.274837574314 -4656799.347311696
-4349072.870196962 27098.66452129414 -4655585.015022056
-4348588.137696016 26640.243729321937 -4656040.432180926
-4348915.940064362 26186.81769275976 -4655736.826414615
-4348503.588210515 27171.016038713256 -4656116.330076785
-4347205.564947307 26783.5256649053 -4657330.503501348
-4347773.584271987 26938.79700514914 -4656799.347311696
-4345976.54148697 28293.046447141107 -4658468.461239992
-4346389.828578983 27233.67029054856 -4658089.177466191
-4344915.487215013 28892.829718420842 -4659454.433015735
-4344272.7744826935 27675.354565416652 -4660061.065655483
-4343612.66312161 29111.607359131478 -4660667.607444941
-4342883.053525911 28727.712550846038 -4661349.8583488725
-4342152.807499097 28419.729473156203 -4662031.994238606
-4340603.614691505 28864.156617883946 -4663471.681118024
-4340776.682420018 27274.263188591936 -4663320.159277741
-4340454.8827152075 26666.176006471633 -4663623.197276009
-4341352.906447002 26217.050855715617 -4662789.78809131
-4342951.9923185585 30547.424798645632 -4661274.058372286
-4340563.915729307 34318.695763304204 -4663471.681118024
-4340320.336884511 34241.012300091475 -4663698.953224082
-4339266.248297547 33702.522672348525 -4664683.651262028
-4341067.926400388 32276.880250525777 -4663017.098551015
-4339335.630281011 35217.870977677674 -4664607.913784127
-4341367.998870047 35537.47039678401 -4662714.015097311
-4341262.767353915 38340.277229449835 -4662789.78809131
-4341510.224461899 37963.56517136935 -4662562.464848301
-4342471.716344513 39639.495381817294 -4661653.044055705
-4342303.421251628 40244.310361512915 -4661804.628389088
-4344586.572088986 39658.80047347758 -4659681.930901408
-4346430.873234537 42406.822498400754 -4657937.454023964
-4345854.326858652 43159.765479451766 -4658468.461239992
-4347789.846777552 44696.80758202495 -4656647.575633139
-4345827.950170115 45738.639600742965 -4658468.461239992
-4346322.077669481 45136.91277748787 -4658013.316454534
-4344526.164265824 45800.77336263878 -4659681.930901408
-4344210.361081234 44887.49569587457 -4659985.241543647
-4342251.0128476955 45549.40343441869 -4661804.628389088
-4340126.401799482 46360.454488539406 -4663774.707751511
-4337927.483908361 46412.68581082095 -4665819.542904366
-4336769.208679893 48065.69048544742 -4666879.419916924
-4334399.928574721 48644.70273758915 -4669073.992995509
-4333649.263507554 50149.20355857862 -4669754.824215386
-4331277.364876525 50802.203638299135 -4671947.829825775
-4330475.095352907 49658.925456760095 -4672703.761169834
-4330331.580026782 47918.752537769666 -4672854.930358739
-4329208.608751247 46168.265023076616 -4673912.955246262
-4327698.634307684 42224.05766114993 -4675348.399805734
-4325926.093745003 39790.49352502718 -4677009.851184957
-4324056.587830299 38867.59435547381 -4678746.085795896
-4322267.211443518 38021.628851740556 -4680406.126461648
-4321773.74163109 38394.46333386652 -4680858.74507374
-4321274.737226293 39370.575711866404 -4681311.312354472
-4324681.6027790755 41892.673121557906 -4678142.263604531
-4323636.556482907 48146.55045439752 -4679047.962686852
-4323786.25915829 49355.79990592267 -4678897.027091919
-4324217.39508039 54267.09517859607 -4678444.186101298
-4324090.785401985 57737.691342363054 -4678519.663162708
-4324101.958523185 62795.30102577907 -4678444.186101298
-4322564.0166624505 67300.57037415252 -4679802.555138656
-4321367.591020072 70601.3593924281 -4680858.74507374
-4323029.760607141 73798.34619477545 -4679274.355389293
-4320782.227343891 80700.08923574444 -4681235.888039238
-4318217.957558923 82310.86291278103 -4683573.378614047
-4315608.795750381 86103.99153095254 -4685909.498132073
-4314836.388481335 87896.70977773293 -4686587.469475801
-4314644.004225613 93166.44414614899 -4686662.792487329
-4308985.321433644 97333.08898674685 -4691781.406828082
-4303406.89047496 97582.81660409221 -4696893.412556457
-4301362.7023013085 97311.12881925458 -4698771.16355533
-4299981.86963973 103737.6176447579 -4699897.384779268
-4297348.8542099465 107351.45303236989 -4702223.887773986
-4291933.501748836 110364.34601663497 -4707097.569383314
-4287989.242025957 107042.75570689922 -4710767.571078023
-4286690.033411629 109630.58509363235 -4711890.352317362
-4283042.656727065 110659.34360449587 -4715181.980616377
-4280176.43850656 113201.68816735075 -4717723.607106435
-4276084.807771589 112122.58740443563 -4721458.274954758
-4274615.478264765 111561.46014458813 -4722801.875326732
-4271385.2664143145 112073.9624515441 -4725711.410232233
-4268188.174977091 111244.6273372966 -4728618.755606579
-4268295.807502664 110278.33487164011 -4728544.235651509
-4265551.3336081365 114155.89584428434 -4730928.159653012
-4262923.271762845 113564.37726300771 -4733310.607944467
-4261940.103664193 113240.43548434472 -4734203.645445574
-4259953.417266876 113336.45444941442 -4735989.097412397
-4258393.095755336 112923.06487146916 -4737401.990906336
-4255424.571564348 112547.05320932792 -4740077.623472033
-4252102.559321901 109785.69338333319 -4743122.592400125
-4250688.103189269 103439.18386673612 -4744532.85209895
-4252711.718133161 105345.14212654131 -4742677.138861893
-4247072.530881922 105576.3074228792 -4747722.565687592
-4248673.435177377 101090.07278300563 -4746387.662043924
-4246743.493213847 102082.4217427152 -4748093.289102163
-4245959.098226398 100209.86628301138 -4748834.6274520885
-4245460.167156847 100272.22945726597 -4749279.361027758
-4245530.751473908 100792.87684476859 -4749205.242381798
-4243769.853493267 98083.16879320983 -4750835.518367397
-4246425.273484746 97996.2343203919 -4748463.976357936
-4244294.641482672 100467.05625443217 -4750316.870156038
-4243140.621080765 96586.71101913252 -4751428.172348693
-4244569.989005621 95729.81069294126 -4750168.671929189
-4243394.386780251 96370.18902240443 -4751205.937960345
-4242011.589538073 95153.58821459174 -4752465.093914374
-4241173.953652625 95505.09820131033 -4753205.578457145
-4237229.704078798 89867.1065412217 -4756831.859340227
-4240108.272254187 87188.82091119578 -4754316.033781277
-4239930.083864607 91701.21124169885 -4754390.0525510805
-4236021.509677553 91986.5128249064 -4757867.300693393
-4236951.780780195 87271.8745279053 -4757127.728709827
-4236578.137635489 89261.48527809669 -4757423.574893762
-4234756.6160069825 84934.48836904726 -4759124.240432327
-4235196.065886967 87827.30818946502 -4758680.662476918
-4232353.664636827 84590.70105111889 -4761267.464733618
-4233663.4993512165 81364.41065512989 -4760159.052693508
-4234351.7155388985 84408.83698496669 -4759493.848861624
-4230808.454474656 82860.79716805079 -4762670.984840171
-4231866.671127964 79704.37001997045 -4761784.612012186
-4230525.834241535 80270.02019123727 -4762966.396026059
-4229171.732632821 77069.27164165123 -4764221.634566147
-4227873.268579319 75274.06729157793 -4765402.6524131
-4226331.838533083 73033.04008970034 -4766804.628433688
-4225083.216578709 68069.39746236993 -4767984.8332512565
-4225194.564901658 66300.89847723558 -4767911.081342289
-4222243.557960713 63306.215802035025 -4770565.234885704
-4222173.254033479 56524.23915676634 -4770712.632648512
-4222478.990065096 52179.53782556693 -4770491.533824492
-4224826.467488413 43358.9559176197 -4768501.055945266
-4225026.358752637 39968.608764042285 -4768353.571009484
-4226567.9706020765 35040.37816514056 -4767025.945154766
-4228842.816617142 31368.648366224374 -4765033.624251278
-4230044.87480097 25766.364157832762 -4764000.1523560155
-4239801.444118867 18721.74087275585 -4755352.164757755
-4243582.322250769 25552.555664102896 -4751946.668595915
-4238799.662090516 19975.02067707774 -4756240.051049808
-4245046.868996681 13706.705914874461 -4750687.34039975
-4244386.952384 12593.386553200862 -4751280.017537125
-4250370.739054207 4302.613371636877 -4745942.590056266
-4256082.177411031 5125.505136769352 -4740820.522686054
-4255172.601462825 4530.274811968804 -4741637.545022841
-4264600.014225565 2753.958909386602 -4733161.748174008
