3410592.705668121 437209.5199989992 -5363426.724740971
3414035.069629024 437590.23712629697 -5361205.118974175
3412664.3480714797 436506.4655750988 -5362166.087777681
3415489.347855589 438019.0032912445 -5360243.7320928555
3416010.319156357 435419.6247638249 -5360123.529340328
3417800.188031365 437648.41071046947 -5358800.868038984
3419791.455197172 436083.55520300387 -5357657.933821635
3419970.6831809287 436895.0172763541 -5357477.416663748
3422141.8370853537 436868.8697428061 -5356092.963860852
3422873.314930987 435565.89941785025 -5355731.660305404
3424474.9918898228 437045.2348174993 -5354587.1449295245
3427323.0285041207 436132.13232111884 -5352839.117836663
3428058.0145379566 437016.0798586889 -5352296.347821842
3431630.7898389273 436315.12781984656 -5350063.572656404
3431840.092523775 436889.5373400128 -5349882.439036324
3434511.446125957 438082.449990368 -5348070.296232111
3435406.705814192 438440.38399813237 -5347465.922783094
3436472.598235676 440405.1800135413 -5346619.526298144
3438331.445864459 441314.373266907 -5345349.333049024
3438655.0557298996 443186.1689099569 -5344986.288793463
3440988.352231775 446234.60907520354 -5343230.748664028
3441734.89769238 447003.31745541317 -5342685.647517574
3442509.8753129477 451870.35162072186 -5341776.852667939
3442618.0850162455 451762.31545816595 -5341716.2533263555
3441131.8712481232 453766.82618106797 -5342503.917840206
3440978.6499351896 453502.2210162667 -5342625.072585901
3441504.0561333583 455221.50970251235 -5342140.414545635
3443674.421639304 455875.5280257958 -5340685.815575974
3444475.5561449127 457633.3021203665 -5340018.8111944515
3445038.810918265 460461.91222542914 -5339412.272774651
3446355.5685079913 461862.46300495206 -5338441.473003237
3446369.212044897 464558.72402524675 -5338198.708010134
3448110.142959622 467673.6099617182 -5336802.30442953
3449995.4589146622 469707.76383357774 -5335405.040862659
3451053.3907232755 470219.8959952081 -5334675.692466004
3450337.216960827 472023.92456263147 -5334979.616071228
3450157.024282843 474023.77157486026 -5334918.834600364
3448021.8543216973 475876.6327425355 -5336134.15522226
3447638.263206129 477970.03107429744 -5336194.904187052
3445776.807188963 478508.8383150472 -5337348.825652397
3445165.120838746 480875.6939925633 -5337530.970128728
3444779.1397811957 481618.66711802006 -5337713.099971916
3443067.1192920743 483094.9149316151 -5338684.211977422
3441940.936052191 485081.0394785843 -5339230.279531549
3441560.2091057505 487110.3834132076 -5339290.945572363
3440884.4194760607 489220.2121757508 -5339533.593471026
3441058.6626667366 489980.27002957225 -5339351.609986736
3438975.5501205353 490724.7479086814 -5340625.186947978
3440618.6823078548 493716.80291756167 -5339290.945572363
3441097.120102714 493662.86738202523 -5338987.599104251
3440676.7234090744 495931.6868029965 -5339048.271650645
3440111.627009776 496585.72134546546 -5339351.609986736
3439965.969057066 498893.93047293805 -5339230.279531549
3440315.3229687572 502316.994864181 -5338684.211977422
3442159.0210115314 503874.7735061937 -5337348.825652397
3444572.02029216 505394.7929648464 -5335648.104988222
3445596.6561908973 507388.2193816035 -5334797.266783329
3446468.007285293 508499.8778689608 -5334128.527600942
3445877.2731144507 511854.4795624445 -5334189.330196781
3446147.8865420707 515091.74263953516 -5333702.863934791
3446578.062480677 517247.15944274695 -5333216.293689516
3448930.2530698036 519754.64664902975 -5331451.605027152
3449674.055079006 519189.42653325316 -5331025.4410470445
3450754.3291146057 521384.6997638217 -5330111.964579075
3452666.6024999553 521180.5524974267 -5328893.427690208
3453478.3915569955 523275.9941313596 -5328161.993878822
3453847.7802900206 526415.6225718784 -5327613.265140213
3454399.267760073 527116.6055264793 -5327186.385239108
3453939.329806728 528280.2134254609 -5327369.343505047
3454213.65397368 530173.2521708101 -5327003.412368386
3454581.235920291 530229.6708338102 -5326759.425823068
3454577.74958196 532697.9667717379 -5326515.413315773
3456130.2436016644 532999.1176003703 -5325478.070549077
3455126.553599582 534017.4035285427 -5326027.310420001
3455645.0856313384 536135.5819686428 -5325478.070549077
3455174.700761444 536741.9362614056 -5325722.193381516
3455404.339268539 539495.5294951914 -5325294.961391233
3456291.8884581514 540437.4561421645 -5324623.436241944
3456521.4070484126 542574.8301584573 -5324257.067074671
3457676.839810946 543003.541975538 -5323463.066917719
3456274.838523205 544143.2939004338 -5324257.067074671
3457571.0044066263 547254.2956763447 -5323096.512872027
3457700.96528543 547027.4278830044 -5323035.414855693
3457893.3059612755 549965.7569620688 -5322607.683340689
3458684.8090599175 549720.2943548289 -5322118.750042374
3458459.3473137864 551726.8958590929 -5322057.626084444
3459671.2238305085 552972.905364899 -5321140.572182942
3459709.7422962775 553907.9898007599 -5321018.270772532
3460263.8443048107 555731.1878042312 -5320467.834194526
3461044.709266743 556724.1378493309 -5319856.08403015
3462624.7872150354 558590.3630821293 -5318632.09756379
3462242.557008426 559210.7240246502 -5318815.736851163
3464593.016009625 560955.4605471416 -5317101.203165092
3464795.809728801 560864.1810078735 -5316978.687877929
3465450.22766668 563204.8049380413 -5316304.737997971
3466366.0288222684 563353.640897963 -5315691.886247165
3465877.582164254 565199.1779483256 -5315814.469551942
3466776.1701117847 566029.0100995842 -5315140.181224833
3466330.886068121 566453.2120946487 -5315385.399648633
3466845.500600718 567904.1157846701 -5314894.936895685
3467251.304418602 567722.0381955653 -5314649.666662383
3467136.631066887 569567.4812795521 -5314527.021832049
3468111.5117999925 569354.656459877 -5313913.700549514
3466802.3795071435 569885.4181625827 -5314710.9866491575
3467365.3151873164 571034.5949889936 -5314220.381425832
3467283.762440955 570959.0075477671 -5314281.712744758
3484053.1194323106 599671.5247322355 -5300132.915635164
3483323.77140491 599545.9901239333 -5300626.4827180365
3485477.500345334 602297.0986145661 -5298898.545885449
3484576.029264083 600450.3595584041 -5299700.959675399
3484803.90404601 604561.1963978108 -5299083.742512071
3486045.3021574966 602269.8970576859 -5298528.10905102
3494859.9628914096 626809.6718793709 -5289868.096183224
3493311.4740969487 626028.5120584618 -5290983.2968015
3495742.278190423 628164.5091542321 -5289124.339048105
3495662.3829836356 628087.1717917052 -5289186.327671192
3497441.1007964406 626012.5745865793 -5288256.329161746
3494852.33323123 627374.9483479958 -5289806.125284137
3496465.9440570427 627790.5976545383 -5288690.373575092
3492922.5055887494 625581.2878649096 -5291292.982081496
3493175.940533238 627829.2261456407 -5290859.41140729
3494146.621070523 630774.0605353998 -5289868.096183224
3496323.412890382 628583.904446093 -5288690.373575092
3494198.7879391736 629964.8663149229 -5289930.065470925
3496940.639490036 631404.4903222496 -5287946.249110701
3496514.0005766307 630130.2393151404 -5288380.349906033
3498292.8714095587 634296.984680099 -5286705.526229997
3501235.127253744 633063.3424281261 -5284905.333888033
