6298091.44503843 -929796.5929996208 243235.37074207808
6296825.3198934095 -937022.4477502335 248235.41882940492
6295384.475696635 -945120.4515097832 254013.06126994616
6294092.401129595 -952341.4451744979 259012.77544867632
6292760.679757827 -959218.7868969018 265901.00819260255
6291603.744816663 -966009.9468633388 268678.4337643054
6290429.124922159 -972236.0603178518 273677.67053353006
6289379.855675145 -978031.5486505633 277121.49117650156
6288256.863504147 -984377.4226234687 280120.8818031173
6287375.460846454 -989074.2691650573 283342.3802071525
6286453.8109161975 -994439.3174203181 285008.6440545752
6285419.771286078 -1000573.7170810929 286341.64107338234
6284577.989726972 -1006288.8023556989 284786.4766677345
6283162.635033566 -1015399.6435344301 283675.63453389006
6282128.2287099715 -1022546.7987023485 280898.4914678144
6280651.470508352 -1032210.8721931529 278565.649941864
6279242.83241567 -1041661.3710549615 275121.863195816
6277400.655028425 -1053743.1338611632 271122.5259714848
6275960.251023162 -1063189.3419167711 267567.4696443224
6274078.274164803 -1074927.4640507482 264790.02375964576
6272459.017912589 -1085358.5014784685 260568.20964087604
6270619.496321244 -1096879.5476412084 256568.490509494
6268932.719200427 -1107525.5950374918 252013.13155309737
6267108.236822277 -1118599.1906174896 248457.6396576517
6265246.821935817 -1129440.8561651 246346.52960451925
6263565.945785156 -1139299.2519109407 243679.82558196987
6261988.096347829 -1148386.113785822 241568.65455181233
6260081.119816117 -1159220.3763192606 239235.2240955137
6258264.764654528 -1169506.7070289063 236679.52530374547
6256372.17703193 -1180231.324691255 233457.06816947003
6255146.37113206 -1187576.6447548636 229012.2017408566
6253353.738239188 -1197529.2994377378 226122.97857169525
6252163.137226609 -1204882.2136316719 219899.87898764052
6251268.566962671 -1210708.222943906 213232.03933856948
6250326.124790066 -1216978.2387285517 205008.04917846096
6249137.55564684 -1224219.8846848614 198006.27400773182
6247978.64631959 -1231467.906748113 189448.22454658034
6246941.8804873815 -1237834.2608255793 182001.33114667903
6245826.354837802 -1244298.71715263 176110.3282202645
6244441.040644361 -1251956.480479493 170886.1050576471
6242937.855542624 -1260157.8153177307 165439.4521464188
6241095.659375037 -1269765.2628231205 161437.75226942194
6239421.539421485 -1278272.7884949425 158992.23753567488
6237540.718096661 -1287759.3802875567 156213.21508626168
6235337.5948658865 -1298768.758218666 152989.511821031
6233194.302916983 -1309223.0695257522 151210.90008607417
6231020.154158742 -1319784.6520915914 148987.61885150147
6228628.990651145 -1331209.4769056463 147320.1459973983
6225953.597672649 -1343824.127463295 145874.99468558346
6223211.373943523 -1356538.179403041 145207.9992350787
6220526.352273084 -1368809.632373937 145096.83317164858
6217986.331277859 -1380430.0978825788 143874.0035642319
6215535.541260016 -1391273.256964046 145319.16525427587
6210047.199710875 -1415106.000160552 149765.7693624508
6207931.8138879975 -1424543.2255955264 147987.13635709925
6205014.470743083 -1436989.905471272 149988.0976697815
6199646.321333911 -1459594.5238384851 153656.48815327365
6197248.069631298 -1469650.6261954773 154545.78730717223
6194665.181322943 -1480348.3147282267 155990.89199849707
6191636.189253918 -1492767.9008842611 157880.6321586662
6188869.670525319 -1503878.3852534005 160881.9555433577
6185900.873395166 -1515625.7472007868 164772.50665987143
6183100.620131701 -1526498.4243232359 169441.08671054
6180382.523889718 -1536703.8908531775 176221.48062952512
6177619.774867365 -1547012.1578889242 182779.37660342103
6175018.717447848 -1556672.8369565806 188559.05666472006
6172859.686200256 -1564725.1617840445 192560.28293388092
6170694.363776708 -1572775.574388503 196339.149079529
6168647.9512859415 -1580167.7772825626 201229.34361974843
6166634.1500377515 -1587453.2466795796 205563.73511551743
6164897.7603813205 -1593662.2198544745 209564.62739185122
6163235.439796762 -1599430.893629187 214454.49432863874
6161754.736739555 -1604327.8694457787 220344.393137673
6160372.770898523 -1609135.452417804 223900.46749440068
6158910.751229611 -1614381.3663672046 226345.2281685111
6158145.602380279 -1616937.8578292404 228901.07864101764
6157504.869864949 -1618837.5940729294 232679.22469700512
6156542.125521473 -1621916.4155348898 236679.52530374547
6155502.494832157 -1625319.553534112 240346.38548302974
6154203.026687967 -1629688.2159346386 244013.1659326014
6153295.209301436 -1632896.0829057107 245457.63304321584
6151919.9448492285 -1637819.149813527 247124.3101565762
6150978.565094398 -1641132.9221892545 248568.7499582653
6149299.242132177 -1647009.598445912 251235.3743796334
6146987.655546608 -1655362.3001792193 252901.9922874668
6146207.744055589 -1658374.1238969737 252124.23941393552
6145093.765475541 -1662446.6285063934 252457.5625355059
6144418.700376503 -1665141.5668155372 251124.26590560225
6143358.550958239 -1668998.440456863 251457.59109806988
6142830.481226748 -1671157.709570271 250013.17696354975
6141853.980321711 -1674576.7487576478 251124.26590560225
6141047.24555042 -1677466.219459802 251568.6993424075
6139621.984574286 -1682375.057493832 253568.63460358075
6138729.850360877 -1685241.016753133 256124.0709913748
6137641.150539928 -1688744.1851385555 259123.8784049249
6136798.534373728 -1691393.0867578723 261790.32559695726
6135702.102686578 -1694778.5980833815 265567.7137116555
6134804.5356343575 -1697412.0647902489 269456.10378058127
6134161.66410529 -1699309.0049085221 272122.370373763
6133702.477860189 -1700680.388125944 273899.8549389336
6133117.108827605 -1702593.1662607421 275121.863195816
6132776.233288457 -1703766.7505365247 275455.13641691563
6132178.437713406 -1705791.3308114535 276232.77099444036
6131805.173254858 -1707186.5110175523 275899.49953683914
6130961.871704191 -1709834.5733759897 278232.3838046048
6130341.244406681 -1711968.0413708193 278787.8269424802
6129978.15502261 -1712904.6779940147 281009.5782207756
6129280.267530931 -1715016.4715344564 283342.3802071525
6128681.4729122305 -1716694.5124759497 286119.47577424854
6128025.008530351 -1718702.4073318946 288118.9508833637
6127631.830710359 -1719861.1621658367 289562.9985664513
6126903.983292657 -1721964.2747080247 292451.04913787905
6126234.610895672 -1723737.579228642 296005.490183785
6126079.546263187 -1723693.948719659 299448.7669085514
6126078.583817586 -1723232.1469497457 302114.4693828582
6125835.232835252 -1723509.826434569 305446.522877175
6125921.020618065 -1722610.9519093006 308778.4926315951
6126028.3373388415 -1721487.4473574196 312887.8053110234
6126703.360372625 -1718677.7625162401 315109.001189974
6126998.739848136 -1717030.478775278 318329.6669430896
6127656.12503782 -1714331.38522799 320217.6055571782
6128347.154357526 -1711295.8681276203 323216.0382891671
6129602.545869026 -1706688.5415102134 323771.295753173
6130118.432111184 -1703835.1436727108 328990.59481467033
6131017.3920680275 -1700166.3672480865 331211.50619779143
6131583.536656018 -1697557.7863583057 334098.6306215026
6132347.431361026 -1694312.7753691266 336541.52834500954
6133220.039960211 -1690752.3345658476 338540.2259563886
6134108.705375335 -1686966.1181041044 341316.1393888394
6135140.7274420215 -1682643.7407802134 344091.98783951526
6136525.0357457865 -1677497.0489945062 344536.1175260034
6137869.631238157 -1672684.8156226256 343980.9551557676
6139245.07807844 -1667880.9117037717 342759.58872633363
6140662.508351411 -1663088.2677701947 340649.92607146717
6141733.299314541 -1659697.0332442299 337873.9971220299
6142898.343144075 -1656101.0252413258 334320.71427358774
6143772.73236504 -1653346.532842546 331877.77175540256
6145007.196092027 -1649308.846046045 329101.64133813034
6146051.871385234 -1646599.696933149 323104.98650085897
6147011.105449357 -1644097.327970376 317552.2723000873
6147582.137650826 -1643445.286580964 309778.06709207565
6148166.632843046 -1642336.886174055 304002.6432574502
6148641.780566701 -1642118.900663818 295450.11482856306
6148678.722869192 -1643048.5536983323 289451.9185037327
6148044.818756539 -1646213.6212036426 284897.5604045473
6147828.27749533 -1647765.6452765027 280565.2306956669
6147082.311081957 -1651016.0121609294 277788.0277685217
6146563.293609581 -1653522.278379095 274344.2227482541
6145860.334959499 -1656554.3860429437 271789.0896511576
6145224.607585391 -1659489.685786641 268234.04909654654
6144632.388629543 -1662091.6272829517 265678.8119529129
6144121.9587555025 -1664715.8225765394 261012.616556687
6143306.191429674 -1668293.4275903776 257346.22165592306
6142527.555429141 -1671651.0216437285 254124.16774318012
6141628.180709095 -1675321.3316888113 251679.80751011285
6140645.646659083 -1678969.0252540153 251346.48277713393
6139820.542468957 -1682199.0556591407 249902.06764991506
6139207.7771533765 -1684450.4581942926 249790.95826015572
6137861.838209595 -1689381.0995267762 249568.73925239907
6136861.930428308 -1693254.6182163106 247902.08701999305
6135511.857471569 -1698414.777145261 246013.1939559105
6133871.789653836 -1704647.7190605805 243790.93910645467
6132460.761513894 -1709906.527945492 242457.5719209619
6131111.290009893 -1715067.269899285 240124.15379015295
6129057.620414511 -1722684.9761086223 238012.93815346176
6126881.742701733 -1730499.3142485332 237346.23302999994
6124753.746230379 -1737634.2937463867 240124.15379015295
6122479.950753824 -1745074.0926693755 244124.27923419583
6120850.164082254 -1750501.9551239323 246124.3059137651
6118745.163342911 -1757642.8356886767 247568.7545309435
6117093.325930432 -1763179.7052094769 249013.19040319734
6115083.8765555 -1769885.3316225063 250790.94002466314
6113356.83756532 -1775747.238903251 251457.59109806988
6111424.82770454 -1782243.7415895606 252457.5625355059
6109536.865049287 -1788405.749859959 254568.592861671
6107996.221273587 -1793280.0270070808 257235.11744133892
6106133.219873361 -1799101.5706490467 260790.41325766416
6104689.212369576 -1803656.460440262 263123.53199710115
6103424.802502048 -1807800.9209775287 264012.3298553129
6102343.267446782 -1811188.386095973 265789.9101132399
6101616.19906364 -1813522.1191476735 266567.5949666349
6100611.299794348 -1816932.2763604312 266345.3996997343
6100119.235371623 -1818988.2516656949 263567.9315685061
6099192.391516537 -1822189.9080615025 262901.3317303513
6098058.264368849 -1826141.3498923453 261790.32559695726
6097227.628022216 -1829023.9654200315 261012.616556687
6096191.7581808455 -1832773.0278213448 258901.67241352788
6095415.535510716 -1835556.094171622 257457.32579211512
6094316.52973546 -1839634.4620987524 254346.3804573822
6093825.778078574 -1841807.5399281124 250346.50444736832
6092696.030722756 -1846109.1254998043 246124.3059137651
6091887.38344997 -1849231.0893395797 242679.80052535818
6090190.34373894 -1854754.2081800718 243124.25684678616
6088808.786870101 -1859211.8490203817 243679.82558196987
6086943.669936552 -1865032.0528549992 245790.96981541545
6085292.030160655 -1869987.7910479615 249013.19040319734
6083463.62883467 -1875586.432600979 251568.6993424075
6081388.341387567 -1881690.0120620765 256124.0709913748
6079864.364189679 -1886335.6912355598 258123.94896113724
6078094.740081899 -1891602.9445023276 261234.819537674
6076307.99157787 -1896981.0115921337 263790.13087261963
6075265.352952325 -1899914.30496092 266678.6924783003
6073668.653876334 -1904653.034844259 269233.91275725706
6072516.717003029 -1908133.9552102766 270567.0539669262
6071177.555737066 -1912138.2086366795 272344.557107757
6069986.910507949 -1915373.7817378712 276121.6805926734
6068846.8799618315 -1918159.1516404906 281787.183092797
6068232.125397318 -1919362.8316055294 286785.9706246833
6067690.531241079 -1920473.0600748372 290784.87342731986
6067289.457897005 -1921045.1545569024 295339.03948738554
6066829.433304853 -1921948.063626116 298893.40559761354
6066558.641605581 -1922211.8066411433 302669.8174084144
6066412.589865153 -1922515.061559771 303669.4380430683
6066334.542809914 -1922373.8171185525 306112.92355648236
6066593.359759219 -1921290.7509131925 307778.9105523106
6066392.48496344 -1921693.1362598871 309222.7488894234
6066005.288750385 -1922502.4886177015 311777.19305797125
6065205.753517082 -1924462.647413705 315220.05997830053
6064815.893770062 -1925271.0496366746 317774.385539398
6063945.095666924 -1927441.4276814228 321217.09106844227
6063543.058281112 -1928129.315658362 324659.7025652518
6062796.9764171485 -1929873.0203154255 328213.26634628884
6062389.717589946 -1930792.2029478878 330323.146472243
6062240.72406315 -1930744.750449248 333321.33463515405
6062078.824321098 -1930926.2606319876 335209.0448056259
6061860.012927047 -1930856.563638738 339539.5622446892
6061786.4516574 -1930833.1325037354 340983.03319756547
6062283.375956113 -1928660.838573905 344425.08526172437
6062452.9879034255 -1927549.6721482498 347644.978191839
6063395.083798038 -1924121.0934239791 350198.6230908112
6063916.600208561 -1921724.0540842307 354306.54195076885
6064894.376389431 -1918307.1120393388 356082.8936345442
6065695.400588092 -1915067.3231002223 359857.54859139794
6067143.628226717 -1910285.747199002 360856.7008056087
6068599.761863176 -1904808.6085997266 365297.2692459843
6070445.612039769 -1898639.6547833239 366740.41575940314
6072278.742935231 -1892466.9061174463 368294.55242672155
6073970.843598443 -1887180.4598357424 367517.48683589196
6075705.586744981 -1881674.7082805894 367073.4468917249
6077144.815149385 -1876890.9268600324 367739.50613639737
6078016.333969855 -1874023.1482357786 367961.5249888233
6079390.577670772 -1869800.1688887656 366740.41575940314
6080091.780633301 -1867692.9654788112 365852.32782687544
6080818.603743179 -1865477.4653782072 365075.2450344598
6081776.245925745 -1862287.7013326637 365408.2811848496
6083036.355652771 -1858145.6730413698 365519.2930124052
6084352.250449428 -1853788.5483456957 365741.31633345195
6085881.3150360575 -1848916.0954731065 364964.23276186816
6087107.919017313 -1844763.8951021435 365519.2930124052
6088473.55263302 -1840537.793697515 364076.13058169535
6089433.023048961 -1837580.5141042105 362965.99287715455
6090485.121256813 -1834419.184517639 361300.7655998303
6090941.51399452 -1833165.32386773 359968.56594301446
6091612.806258824 -1831628.2604786914 356415.95648806076
6091538.265141292 -1832649.2614462243 352419.13801613124
6091365.129773285 -1833988.505955572 348422.1804147072
6091151.5059180455 -1835431.6101866707 344536.1175260034
6090727.143534096 -1837275.156128288 342204.4179883726
6090086.051190872 -1839749.263478294 340316.81801145774
6089554.994301964 -1841444.7043665238 340649.92607146717
6088996.974020117 -1843247.9843013594 340871.99759269034
6088540.194288892 -1844385.8161223563 342870.6225608295
6088459.831601298 -1844361.4720601651 344425.08526172437
6088163.839295302 -1844503.8289636325 348866.2936363957
6088096.515030909 -1844135.406083616 351975.0384577055
6088006.436328654 -1843644.109930582 356082.8936345442
6088202.795394094 -1842543.5957803433 358414.3130573753
6088277.590991783 -1841754.3103887523 361189.74956627813
6088981.206422106 -1838835.6620891648 364187.1437427358
6089891.289841392 -1835399.6963253492 366296.37268578133
6090709.911720934 -1832747.8292496947 365963.33920885395
6091451.249265393 -1830304.5517199396 365852.32782687544
6091837.763806983 -1829261.531571103 364631.1952771819
6092990.5170805445 -1826014.3876850212 361633.8130400005
6093407.990388336 -1825212.3248472582 358636.35049621045
6093242.441035915 -1826437.5885179478 355194.72125500854
6093189.616660854 -1827001.276232326 353196.3081089833
6092913.457917671 -1828541.2205646022 349976.56924692966
6092551.166973639 -1830171.3136005069 347756.00739878684
6091807.006890274 -1832962.0062439607 346090.558190592
6090768.262201082 -1836011.8873227814 348200.1231669149
6090307.601559699 -1837728.4568149187 347200.86030539847
6089387.8020977285 -1839654.3093180456 353085.28413250315
6088454.308359662 -1842271.7301999552 355527.78670975316
6087481.43724343 -1844297.0846593077 361633.8130400005
6087116.650221316 -1844998.5395471004 364187.1437427358
6086710.857556679 -1845919.528001931 366296.37268578133
6087347.081408869 -1843444.4360591876 368183.54339289933
6087999.031234919 -1841090.1629981396 369182.62065565726
6089155.818705665 -1837149.0082634133 369737.6596449086
6090503.547641775 -1833033.510956864 367961.5249888233
6092021.137793875 -1828273.4268170677 366518.394445888
6093324.392356615 -1824723.731520748 362521.934697603
6094446.9609886 -1821235.6257511189 361189.74956627813
6095252.5139626805 -1819043.0888613875 358636.35049621045
6096589.190749265 -1815386.8538252807 354417.5647419017
6097598.833987715 -1812791.3859492226 350309.64985275397
6099018.546427005 -1808927.5981891318 345535.4031776294
6100039.762399186 -1806450.8776265667 340427.85413517244
6100318.757379319 -1806649.3069695707 334320.71427358774
6101290.9476841735 -1804505.1137583342 328102.21902204584
6101754.5418951055 -1804294.7972606337 320550.76827337884
6102209.556399546 -1803966.090144789 313665.22821916384
6102453.087396567 -1804269.7185400124 307112.518278965
6103069.202923724 -1803177.8217411675 301225.9077582024
6103845.186617474 -1801669.747763271 294450.43352205283
6104770.577432815 -1799858.1233836333 286230.55846741085
6105043.951811699 -1799822.907336184 280565.2306956669
6105301.29513881 -1800246.2362461814 272122.370373763
6105076.758827764 -1802149.1082710202 264456.72685535555
6104407.474158978 -1805426.8511429583 257457.32579211512
6103606.955509295 -1809129.558757345 250346.50444736832
6102966.011883415 -1812184.547943568 243790.93910645467
6102332.929285297 -1815242.1357329378 236790.6434385604
6101176.98273105 -1819767.4858056512 231790.25647646197
6099657.412565121 -1825344.2410412175 227900.96760880222
6098104.2119079 -1830911.1700309275 224789.4752142749
6096044.932687756 -1838066.7617569566 222233.56626807468
6094326.748748319 -1844048.6394723877 219788.75028258443
6092221.449273302 -1851306.837309851 217121.64135365316
6090394.05086023 -1857836.7320550866 212565.24239208124
6088204.001050362 -1865650.6889273052 206786.23866067338
6086132.127852578 -1872920.1172754387 202007.31824762913
6084356.553229514 -1879234.5521190353 196783.71704755013
6082317.527756153 -1886282.213083945 192337.99456535865
6080894.89209612 -1891310.3501535598 187892.17833996518
6079341.325809668 -1896647.1687532715 184335.4593206578
6078369.362613606 -1900069.8110637066 181112.1330132045
6077436.017116396 -1903388.1820061402 177555.30534391842
6076796.89423504 -1905867.0081989586 172775.73114912558
6075578.613145438 -1910261.2302942984 166995.6512136513
6074623.196772856 -1913689.5918208202 162438.18327535794
6073446.818820831 -1917864.3178574843 157102.50553120053
6072227.237318759 -1922142.1611485505 151877.88087597693
6070880.658243834 -1926846.406520584 145986.1604386722
6069381.044775057 -1931968.8213025383 140538.98690440616
6067775.246425051 -1937174.2534542603 138204.45226303765
6066270.09346494 -1942178.5474692332 133980.00926691832
6064382.266082499 -1948110.976933827 133312.98651679157
6062450.054657869 -1954145.9384102568 132868.303870733
6060744.63804519 -1959436.3924392732 132757.13310794873
6058632.956363286 -1965880.6764494784 133868.8389103979
6057063.090717769 -1970513.7962682357 136759.2548277713
6055522.985643237 -1975156.5270583294 137982.11465730538
6054084.100360902 -1979247.5168279377 142428.83446750476
6053173.487793166 -1981990.693957772 142984.66960726643
6051622.668322147 -1986395.7533020212 147431.3111697367
6050259.614092549 -1990394.3319862417 149432.27655937997
6047987.21073801 -1997019.2557965566 152989.511821031
6046980.098037308 -1999730.3799615132 157324.8276645509
6045576.136514889 -2003715.1404729625 160548.4769193589
6044574.772596969 -2006427.9622935462 164327.87533120354
6043505.492106513 -2009352.3897277429 167884.90335291682
6042045.261892039 -2013552.4117844317 170108.0193437709
6041176.93577763 -2015957.8107073635 172442.2688217177
6040413.821728666 -2018281.1177078886 171997.65164992705
6039377.247609965 -2021333.4156610055 172553.42298342774
6037784.977445067 -2026075.1491383824 172664.57709257497
6035942.615904013 -2031319.114879613 175443.4126393142
6034857.168096707 -2034589.460108362 174887.64818519272
6033365.355402327 -2038778.458237968 177555.30534391842
6031887.247704758 -2043089.3453625985 178222.21478410412
6030307.768685993 -2047483.1712699665 181223.28297333902
6027914.093294914 -2054182.7608291102 185002.34855006903
6026145.5138506275 -2058981.4938964066 189225.93292169351
6024625.201070061 -2063395.1225524964 189559.37027247687
6022622.421543037 -2068935.7282959726 192782.57106777432
6020700.724776199 -2074386.5321895771 194227.43820029713
6018840.559023124 -2079505.7483047545 197117.1423942751
6016882.207682834 -2084826.0327481478 200673.64561736045
6015968.2301532915 -2087214.623466446 203229.8437092987
6014035.273758731 -2092308.0777750022 208008.73458395584
6012298.442379737 -2097116.5675041107 209786.89677375322
6009865.222047629 -2103800.6156832436 212565.24239208124
6007741.858078354 -2109415.422672879 216899.38055017285
6005712.639580795 -2114945.279698997 219233.1057537088
6003552.27559001 -2120664.3741028607 223122.58215820932
6001803.547932905 -2125232.2186985165 226678.60204653488
6000350.577086353 -2128961.521383668 230123.42889680035
5998644.445616791 -2133426.1951838755 233234.8275324049
5997318.24989292 -2136846.4522902905 236012.81498200956
5995747.037126578 -2141005.013846762 238235.17261495357
5994140.541261971 -2145150.828029058 241346.4244729878
5992392.550328015 -2149953.9938123017 242013.11382615843
5989600.632785604 -2157569.8709856374 243346.48456327623
5987068.844451533 -2164334.457308419 245568.7453754315
5983988.071887371 -2172318.0239002947 250124.28620102612
5982045.684468335 -2177404.8074785178 252346.45490517357
5979137.827528114 -2184859.3492302275 256790.6997997576
5977594.057788881 -2188553.5518575255 261234.819537674
5975637.92417894 -2193516.30680433 264345.6277260975
5973483.247593042 -2198879.2911559567 268456.2415939789
5971564.03395458 -2203855.177313392 270344.86458792974
5970150.073194004 -2207477.9656409803 272011.27688240935
5968582.253512422 -2211754.4957780004 271677.9959113273
5967510.808715532 -2214793.2910166485 270455.9593186208
5966121.301945881 -2218425.039649928 271344.71419542463
5964408.133924838 -2223121.6973613654 270567.0539669262
5963218.764793913 -2225998.0284522413 273122.20806169097
5960776.77374965 -2232201.157389846 275788.40888283926
5958509.2348271515 -2237401.582519085 282564.7837587915
5956687.294758642 -2241938.3455561716 285008.6440545752
5954836.998396341 -2246108.0739616957 290784.87342731986
5953383.827872946 -2249596.2870685905 293561.8218162574
5951440.947726442 -2254324.157512713 296671.937634121
5950161.5883878805 -2257640.364515878 297116.2341273674
5948464.808533764 -2262223.8189702025 296227.6396949316
5946651.492038649 -2267000.6643528626 296116.56498445943
5944111.79032641 -2273997.0722036334 293450.7449502694
5941942.02702791 -2279589.073475996 294006.1283856302
5939620.184830667 -2285717.589540046 293339.66799489124
5937108.180377329 -2291891.8395678415 296005.490183785
5934515.471414436 -2298511.0138877104 296671.937634121
5931852.28228571 -2305102.73493217 298782.3330621462
5929108.908881078 -2312020.6118317773 299781.98260077706
5926710.349535215 -2318119.1300187847 300115.19747113343
5923363.731268734 -2326470.5467303838 301559.1190565687
5920471.362174404 -2333806.9642875437 301670.18930568226
5916978.076342775 -2342577.889324291 302225.5391721634
5913765.024197634 -2350862.5337934936 300781.62474258395
5910040.988022781 -2360378.561986966 299448.7669085514
5906252.409451766 -2370108.3018578044 297338.3818310852
5902224.251425234 -2380699.9561728686 292673.20438732294
5897823.934698181 -2391621.035288635 292339.9713795117
5894205.532420392 -2400941.6786182537 288896.51686823514
5889905.031037544 -2412144.2242835704 283231.2952589062
5886525.7373495195 -2420843.888650482 279232.1799243582
5882676.025994698 -2430551.774255411 276010.59010679513
5879274.011143224 -2438882.362313703 275010.77195445716
5874939.87587643 -2449713.146659263 271344.71419542463
5870815.761918035 -2460030.3216193374 267234.1788174263
5865861.396601432 -2472047.8759696684 265123.31993799895
5860493.129670526 -2485217.8121134993 260679.31148897382
5854386.304698319 -2500006.320923312 256457.38574711248
5847979.580841449 -2515271.6380394883 253346.42080681407
5841587.836977548 -2530423.185844666 249902.06764991506
5835055.328073982 -2545635.4358161166 248013.19769869072
5827705.377265532 -2562673.627405978 245346.52063622948
5820592.824915833 -2578724.0400899723 246013.1939559105
5814298.029081726 -2592705.9193567405 247902.08701999305
5807553.266360262 -2607459.845337715 251235.3743796334
5800436.918279685 -2622898.696649286 254901.91088642436
5793685.207626275 -2637037.935772545 262456.93023611035
5786925.696367475 -2651294.2438842575 267900.7597376671
5780734.604404367 -2664098.8558589793 274455.31449174375
5774922.650148607 -2675853.5150355003 282342.61256979924
5769467.847402603 -2686670.1817485257 291007.0313427362
5765247.881896027 -2694752.0522677633 299781.98260077706
5760820.172161974 -2703103.228506873 309555.94009386934
5756544.00812651 -2711155.9982246603 318551.77882602176
5752569.983361503 -2718736.048757854 325659.1526623573
5748621.407158399 -2726081.3210203024 333876.54656232835
5745105.4218894355 -2732647.49267887 340649.92607146717
5741367.760732003 -2739599.0574069875 347756.00739878684
5737668.726075761 -2746198.814416649 356637.99784760905
5734807.670907748 -2751106.159254156 364742.2078831955
5731923.4706770675 -2755755.139278828 374843.8856906747
5730026.750542119 -2758661.082388412 382391.7763071227
5728379.849265209 -2761070.8676307783 389606.1683969039
5728159.9604697935 -2760595.2855839944 396154.18271439965
5727596.708807334 -2760816.5857391064 402701.776960639
5728032.580021689 -2759178.9010995296 407695.41809698514
5727643.243575904 -2759360.8529660464 411912.0748871064
5726905.2474280475 -2760360.1116611883 415462.8033060521
5725806.011517405 -2762170.527227516 418569.58440243395
5724265.784360465 -2764753.516239224 422563.8702526813
5722350.467130158 -2768017.4963738704 427112.7147526482
5720831.678249311 -2770363.731971381 432216.03593200934
5718962.220486326 -2773525.8893499225 436653.4801829018
5717337.390837345 -2776066.5608595554 441756.2778395152
5714988.0748612955 -2780351.3721067687 445194.9593348824
5712140.741445214 -2785626.9648083854 448744.42932937475
5708866.534506191 -2791434.095481776 454290.19555468444
5706143.666293013 -2796398.9455988207 457950.21200773545
5703626.344296774 -2800599.350415565 463606.30182919215
5701020.62090964 -2805126.329172359 468263.98254303884
5698842.110394512 -2808750.619798188 473032.29971907655
5695863.869931212 -2814205.4552472355 476469.7586090112
5693352.3459145995 -2818529.840610372 480904.9831906464
5690546.716861957 -2823450.332884416 485229.1015041131
5688350.518472378 -2826568.41894545 492768.0509278611
5686219.923922164 -2829470.7470567827 500638.86019819556
5684176.565463141 -2831672.7708223 511279.85646142496
5682718.478632613 -2832555.932749457 522473.52129394846
5681785.887717506 -2832214.887035019 534330.3844920401
5681949.455453621 -2829944.4259757097 544523.5821884185
5683382.737661734 -2825213.166826981 554050.7370594041
5685588.654374044 -2819259.268507854 561693.7156366456
5687645.494798834 -2813974.4814984202 567342.3507638213
5690322.115756377 -2808132.0757796094 569446.6295550176
5692916.917666708 -2802620.1272045183 570664.8676169943
5693966.313224208 -2800667.894202549 569778.8783826426
5694433.203251225 -2800033.573488788 568228.3705039741
5692712.71568647 -2803754.0699656615 567120.8440998847
5690669.414372653 -2807809.445964957 567563.8567364684
5687525.664774307 -2813791.6320548705 569446.6295550176
5684468.983940675 -2819692.991688843 570775.6154893874
5680023.70064892 -2827129.626672545 578195.325177323
5676205.735270346 -2832897.3442523824 587385.8083166758
5672808.667555045 -2837264.38258828 599010.5546718658
5670234.01214956 -2839813.0330604683 611186.7020168239
5668785.653157493 -2840325.3195057665 622143.3098010774
5667955.03438045 -2839414.121248722 633761.9239861717
5668459.079998212 -2837191.828607864 639183.2179168912
5667896.843036369 -2836786.711336778 645931.5219753835
5667792.787351237 -2836363.536256632 648697.0092755796
5666918.959584604 -2836915.719666361 653895.7906352037
5666711.042621236 -2836564.261070964 657213.9318741497
5666187.901971529 -2837044.471862395 659647.1209870485
5665147.038843129 -2837883.7419147887 664955.559163657
5664868.808337449 -2837868.0479727862 667388.4375838209
5663485.680859487 -2839401.2618574286 672585.6204692503
5662091.033234724 -2841052.0109670837 677340.0935592351
5660373.439001611 -2842911.3348464505 683863.051529068
5658979.4138940405 -2844190.3830976505 690053.662998974
5658052.912858176 -2844714.3693296476 695469.9074917127
5656083.938580823 -2847435.532530245 700333.0406401241
5653917.863291543 -2849932.9594685235 707626.9650654749
5652832.849505067 -2850375.9390742844 714477.9783190072
5651668.327823748 -2851768.543383462 718124.1447288161
5650393.790321775 -2852981.5775424065 723316.758064383
5648938.622450368 -2854598.062281596 728287.9530836059
5648030.824145758 -2855376.9253632887 732264.5857900531
5646699.2429731805 -2856560.118793228 737897.6535578179
5645601.9913308425 -2857985.3331138124 740769.1888756884
5644612.405189703 -2858474.5558975157 746401.3722287798
5643341.38832562 -2860058.8256680905 749934.989535174
5642878.826173838 -2859576.836409657 755234.9765392861
5640998.255257786 -2862584.558978304 757884.7715039441
5640414.878558358 -2863031.3259223877 760534.4334904195
5638946.659939853 -2865628.8112023817 761638.4199605513
5637520.751188559 -2867256.8501045327 766054.1334964661
5635436.175158419 -2870407.0850400478 769586.4356053512
5633057.193789616 -2873530.4728677124 775325.914048868
5630708.272371505 -2876668.2578104893 780733.6843973439
5628329.06986836 -2879789.637614301 786361.5735551008
5625571.038147438 -2883087.847624617 793974.7840051398
5623468.950986631 -2885357.3702699994 800594.0314028723
5621776.122127804 -2886472.269790321 808425.672777148
5621095.824728555 -2886122.9745612894 814381.301927241
5621381.631800644 -2884286.3833311745 818902.6856621599
5621550.563730688 -2882638.0547717847 823533.9122347764
5622000.560442111 -2881381.8844727688 824857.0386562402
5622238.183376054 -2880760.2984405644 825408.3306563837
5622052.708664724 -2881532.510477481 823974.9583919347
5619234.422077537 -2887150.3953099167 823533.9122347764
5616318.232717445 -2892221.8998547173 825628.8456966397
5614295.542026113 -2895768.826648611 826951.9148026945
5610909.706230986 -2900968.918154423 831692.6141459184
5608480.471763465 -2904428.57012582 835991.91316947
5606507.687337344 -2906261.698011808 842825.8980933122
5604858.0165150715 -2908385.8248750335 846462.9397514829
5604347.250126112 -2908244.939015438 850320.1013118366
5603234.09312897 -2909032.853473492 854948.2762185382
5604456.154522557 -2906191.1144757513 856601.0846224827
5604857.929583996 -2905902.9636535277 854948.2762185382
5604246.831819605 -2907696.2392824152 852854.6348017508
5601827.159107915 -2911902.932276305 854397.3270566888
5600009.676953453 -2915428.974702528 854287.1364433918
5596651.142744656 -2921258.129618177 856380.7135583138
5593919.190114359 -2925549.214920813 859575.9917229688
5591410.89386466 -2928588.617009535 865525.2326153063
5589874.358999021 -2931390.239091082 865965.8866068592
5588356.047062517 -2933828.098961851 867508.1423258751
5587222.7176818745 -2936343.6268326603 866296.3743308643
5585345.389734833 -2939588.171257111 867397.9829196752
5584390.236646634 -2941824.224538059 865965.8866068592
5582900.9225458335 -2943903.3262799676 868499.5650860331
5581897.565044831 -2945740.3732022448 868719.8783456571
5580206.849323213 -2948584.670787676 869931.5823455469
5579769.750653723 -2950222.6068447535 867177.6633146355
5578524.003275846 -2952803.8638888733 866406.5363777992
5577646.798115706 -2955331.158840058 863432.0685836799
5575651.826309023 -2959510.765667752 861999.8489985537
5573340.376348532 -2964021.5414541257 861448.9834918319
5571176.81161587 -2967862.2393685966 862220.1933634161
5569067.30473429 -2972106.255303973 861228.6354520215
5567226.349065152 -2975744.4799339925 860567.585037379
5565072.6911133835 -2980215.2312696213 859025.0973822664
5563548.688952965 -2982773.584618978 860016.7024825792
5562184.336119282 -2985792.6297480594 858364.0155385507
5560960.158114952 -2988261.8381822812 857702.9242818202
5559566.398863584 -2991390.6200979543 855829.7813332804
5557190.1849863315 -2996368.5724487803 853846.3713882318
5555581.428346649 -2999632.4716383163 852854.6348017508
5552083.03744955 -3006134.0396560803 852744.4405482777
5549418.902115091 -3010455.562538848 854838.0869068982
5546039.126717602 -3016895.918636302 854066.754436139
5542984.2008692445 -3021756.599922418 856711.2697631804
5540476.996471608 -3026413.552560325 856490.8992208493
5537397.884732527 -3031888.0221286225 857041.8236193246
5534987.605751446 -3036472.505659029 856380.7135583138
5532614.156710282 -3040825.9365627635 856270.5276349098
5530875.69002024 -3043893.8357581897 856601.0846224827
5529029.144723864 -3047153.7346229283 856931.639261635
5527830.814875245 -3049512.7915159687 856270.5276349098
5525496.230695083 -3054265.478325815 854397.3270566888
5522249.205136932 -3060654.7434142604 852524.051262083
5518654.870789891 -3066977.734357339 853075.0225292797
5516138.71777564 -3071378.425751414 853515.7948657313
5514170.374187017 -3074696.663566271 854287.1364433918
5512474.9394110935 -3078040.9402017565 853185.216003269
5510144.8028688 -3082545.560643764 851973.0735025443
5507323.700547528 -3088038.5979926656 850320.1013118366
5504466.202693911 -3093764.521537496 848005.8423597895
5500767.326802161 -3100788.104979505 846352.7304873718
5495484.192278508 -3110081.734652552 846573.1487577464
5489983.455799067 -3119631.911284503 847124.1899201794
5483723.78400443 -3130144.487078108 848887.478267089
5478219.0225124415 -3137913.52934491 855719.5941060375
5475202.116791458 -3140882.986168074 864093.07802011
5473826.475918626 -3141363.7235988313 871033.1036129172
5473841.163666079 -3139467.419695278 877751.8075325541
5475232.792813453 -3136329.9380007014 880284.8314612196
5477396.204950618 -3133507.5474486225 876870.7225555463
5478219.309413597 -3135374.5341518084 864974.4091939004
5476447.061159037 -3142232.3693349957 851201.6937400448
5471441.475567082 -3154483.3615026423 837976.07450768
5464797.7006409215 -3167577.573546746 831913.1004097802
5456131.311038798 -3182942.73470764 830149.1819389485
5447264.011872875 -3197808.0771546545 831251.6385782869
5439928.941925868 -3207944.9284783415 840180.6012086953
5433763.572480934 -3215567.2613206413 850871.0985232252
5428618.638304754 -3221612.1443619747 860787.9362245268
5425083.83171342 -3226175.6775034466 865965.8866068592
5421650.583720367 -3231054.6998095377 869270.656863154
5419671.033242589 -3233721.7653116123 871694.003639558
5419753.598535004 -3233642.7621486713 871473.7046924527
5419692.952959679 -3233863.112138428 871033.1036129172
5419931.942062791 -3234262.269528089 868058.9353923318
5419601.787250008 -3234963.2286372003 867508.1423258751
5418623.505476715 -3237073.5133752627 865745.560138525
5416137.017970996 -3240849.225559932 867177.6633146355
5414054.74720783 -3244738.441623221 865635.3965087595
5411567.723188828 -3248385.0449629896 867508.1423258751
5409016.252311292 -3252249.548771564 868940.1905467723
5405781.862081043 -3256473.8954479285 873236.0665145481
5403373.190042495 -3258751.4002700783 879624.0562693792
5401923.776681041 -3259034.5390149215 887442.6090941504
5401566.651618484 -3257790.4512728415 894158.8693954626
5402357.543422044 -3255053.628517109 899333.0020123505
5403319.130083759 -3252420.3007771955 903075.6145325089
5406535.264993534 -3246519.5967848822 905056.8689717901
5410562.954810895 -3240079.277175974 904066.2529056199
5414406.441687924 -3234297.8053135145 901754.7287109231
5416608.972500645 -3231894.74437119 897131.3172169381
5418584.907519827 -3229740.360985696 892947.8151708193
5417968.407922107 -3232321.2044342556 887332.4980652201
5417073.66778072 -3235506.2389945905 881165.8500326824
5414228.896345447 -3240862.543436947 878963.2714313817
5409135.579604962 -3249237.1790176546 879403.7957281509
5403600.924576072 -3256702.7040094924 885790.91529428
5398698.407381645 -3262360.294765923 894819.4305387421
5395471.226303219 -3264782.611562239 905387.0693658576
5393621.056250103 -3265077.885354563 915291.9229098947
5394129.231508987 -3261913.0681627607 923544.2434064897
5397459.815229164 -3254928.139379115 928714.8919148233
5400984.206363052 -3248446.9990073224 930914.9785330584
5404988.90099553 -3242126.569941389 929704.9449127489
5408000.356268784 -3237006.0433149766 930034.9574822526
5410529.570284172 -3232238.2146680765 931904.9805210322
5413165.634513591 -3227662.7052852055 932454.9716914189
5414786.193862482 -3224146.9286680594 935204.8209438247
5415995.816166237 -3221922.946542951 935864.7582903265
5416557.767842756 -3220081.7524731345 938944.3300919681
5418228.468943216 -3216980.7369085695 939934.1448699799
5419490.832690508 -3214660.63925053 940594.008505748
5420794.534983923 -3212365.134179564 940923.9364560465
5422065.9463778995 -3209411.5811888576 943673.2356382464
5423978.657492366 -3205432.4950507083 946202.432220663
5427064.125165047 -3199847.886193225 947411.9941035646
5430766.714623479 -3194243.9775805064 945102.8002436389
5433824.286830478 -3189918.3069504495 942133.6501970486
5436194.79978929 -3186591.3361383276 939714.1880338042
5438449.480736789 -3183196.0246859533 938174.458135211
5439312.836180073 -3182044.6308593517 937074.616765313
5440263.398770675 -3179542.7657251502 940044.1228586043
5440420.939665656 -3178361.098142295 943123.3901580224
5442516.747216889 -3173854.6616887487 946202.432220663
5444089.335742082 -3169807.8204202675 950710.6216203986
5446940.942071332 -3163580.7788799503 955108.3860423352
5451054.973860897 -3156053.955415261 956537.5593535571
5456037.56501104 -3147632.8311281023 955877.947016708
5460952.625947177 -3139933.386171995 953129.4495309087
5466310.363446775 -3131599.121391 949831.0130636413
5471260.30318599 -3124676.3250388484 944113.1068483593
5474395.45160239 -3120640.844994858 939274.2709266806
5477969.006207661 -3115587.987830176 935204.8209438247
5481243.162804258 -3110616.8148244345 932564.9690735041
5484303.908344448 -3106535.312429998 928164.852568372
5488118.275746459 -3100351.1064492934 926294.6659440241
5491860.005377363 -3095261.824552857 921123.726109732
5495876.923716921 -3089694.327692726 915842.1265585157
5499364.251399661 -3086730.3599823397 904836.7339972086
5501795.59227328 -3085317.5602476704 894819.4305387421
5503228.999584567 -3084606.5102862194 888433.596185626
5504629.977259215 -3083498.186431047 883588.5624744502
5506458.274202179 -3081366.5465345993 879624.0562693792
5508041.525494744 -3079728.274620317 875438.923015013
5510522.744945198 -3076193.9438028275 872244.7463599036
5513521.293887604 -3072064.4643776044 867838.6189587921
5515978.536336447 -3068893.4242845476 863432.0685836799
5519736.766777953 -3063923.3570778063 857041.8236193246
5524950.344864153 -3056482.0524395746 849989.499876467
5529350.62749327 -3051232.406027504 840180.6012086953
5532590.4749088045 -3047983.5318424716 830590.1676310993
5534999.919652673 -3046415.31962452 820225.938264532
5536842.913643798 -3046044.821752505 809087.4449076584
5538514.214110208 -3045453.3880522037 799821.8309727105
5539857.158364906 -3045688.1575075053 789561.4682414811
5541144.322563428 -3046017.9941146765 779188.6652491046
5543255.342090162 -3044785.192459865 768924.1472122101
5544943.570299457 -3045082.649072673 755455.7978540235
5546386.846045757 -3045497.265131337 743088.3945320047
5547531.980678368 -3046378.0891516185 730828.6128003361
5548096.799543082 -3047822.649247794 720444.3084874623
5547743.877646814 -3050024.0973759587 713815.0134721624
5549086.94884261 -3048996.999849007 707737.4718752445
5551553.170185727 -3046190.607235178 700443.5616043479
5554976.903863279 -3041891.116130244 691932.8256076842
5557785.972059302 -3038009.759529681 686405.7034897475
5561922.627088532 -3031577.205610121 681320.2893689097
5565411.426998547 -3026678.7058039336 674575.9112709325
5567904.765806426 -3022999.802319534 670484.6859445348
5571189.005391671 -3018239.43330805 664623.7954115631
5575399.892560053 -3011087.1872173697 661748.4333315436
5578599.180757026 -3005399.0887760427 660642.4885224696
5581530.701135035 -3000194.5947453286 659536.5235890747
5584043.7198098935 -2995392.8917470174 660089.5085692067
5586952.632644647 -2990426.8741439707 657988.1389376078
5590402.324060255 -2984119.185425014 657324.533484081
5593308.935709617 -2979276.4386759456 654559.4332536429
5595352.181025112 -2976479.600302621 649803.1696443709
5596642.000223161 -2975160.8893410363 644714.6685732866
5596456.864880102 -2976440.6881891666 640400.1789727922
5595232.078560011 -2979548.6733257845 636638.5869043545
5591651.915152498 -2985789.486323311 638851.3153563795
5589615.779944354 -2988840.840375927 642391.5188559062
5587379.461150254 -2991659.062672953 648697.0092755796
5586243.442665998 -2992430.892684618 654891.2518715494
5585915.93007483 -2991753.5968458895 660753.0839095274
5586630.459913436 -2988623.9114866205 668826.0013320353
5588126.022171227 -2984032.096847549 676787.267401214
5589929.9706694 -2978603.9120983058 685742.413625312
5592692.431063785 -2971308.8011505795 694806.7211296667
5594627.728897067 -2965579.2445462 703648.5766153715
5595686.5399601385 -2961388.1893176017 712820.5515269344
5597635.481086642 -2955045.079638613 723758.6601786236
5600661.831892579 -2947149.9851667006 732485.5013674905
5604442.528214298 -2938655.8059443375 737676.7599243965
5607101.718378432 -2931820.3929666704 744634.4761978182
5608417.836840375 -2928147.3014806286 749162.0306999235
5609530.144904172 -2924368.6940070833 755566.2081662216
5610504.838889558 -2920892.875832671 761748.8173320737
5610712.687435777 -2918263.362896995 770248.7155590325
5612275.714722867 -2913851.3508474813 775546.6504964315
5613236.369635015 -2910495.4743664395 781175.1098820291
5615294.236523014 -2904974.8888943098 786913.2939307336
5618294.97143752 -2897210.977629881 794085.1119500876
5621957.410616472 -2888301.4160742685 800594.0314028723
5626765.687593312 -2878370.1684813667 802579.6347522871
5632406.444663402 -2867378.358614673 802359.0160659993
5636802.594384085 -2857857.885547593 805447.5885855575
5641971.6954016285 -2846010.9859072566 811182.9980849413
5647873.828273239 -2832314.3691867767 818020.4973008336
5654057.687693606 -2818762.752981057 822100.4845148086
5660330.436912849 -2805011.774856353 825959.616370683
5666966.523823341 -2791319.4525968176 826841.6604285279
5672505.987903061 -2780405.3349030875 825628.8456966397
5677840.929176681 -2770740.250528732 821438.8882114518
5681667.2418434005 -2764876.5735835317 814712.1490517983
5684276.500562237 -2759768.5742263217 813829.8850919324
5686051.388056641 -2755849.184292663 814712.1490517983
5687095.967130683 -2752679.149667322 818130.7717184938
5688186.593540172 -2749899.3173127053 819895.1284847157
5689503.830777588 -2746249.5883449046 822982.5988941675
5691548.176980447 -2741114.9303222094 825959.616370683
5694732.174488929 -2733593.0242063836 828936.4504295719
5698227.222155627 -2726098.8198839705 829597.9441342592
5701646.923620568 -2718568.926352215 830810.6589592358
5705507.698266912 -2710760.8270795294 829818.4400145
5708143.564108775 -2705543.924037808 828715.9505075832
5710464.647867504 -2701519.4503256027 825849.359730892
5711653.767078248 -2698666.8515444854 826951.9148026945
5712713.196628628 -2696118.941482996 827944.1928304851
5712573.0535060335 -2694955.6845367234 832684.7943489538
5713279.287593572 -2691266.9899875564 839739.7040497734
5715248.504690762 -2684276.38899201 848667.0708411083
5718416.305865693 -2675416.6132073747 855278.8425907305
5721712.476566338 -2667227.353978897 858804.7378140326
5725412.751155341 -2658133.963938768 862330.3651518932
5728773.111670266 -2649734.609555864 865855.7235045694
5732044.386909874 -2642144.751091786 867397.9829196752
5734408.141071653 -2636684.3018422695 868389.4080593638
5735709.747831323 -2633160.6812770874 870482.3462937833
5737218.972708864 -2628884.45004354 873456.3569570759
5738401.303585671 -2624943.785876443 877531.537891902
5739630.730605661 -2621146.4955120333 880835.4700805998
5741779.568983946 -2615953.5827431176 882267.099087336
5745342.370137243 -2607895.7968042865 882927.8356220868
5746812.463427686 -2605176.7789168344 881386.1019920342
5747810.78704237 -2602002.1844380717 884249.2796371809
5749157.878212512 -2597898.162143582 887552.7198527502
5750755.304427146 -2593907.7453145096 888874.027857961
5752914.937591856 -2588963.2134521184 889314.4551980317
5753588.973582217 -2586972.519707718 890745.8141076185
5754150.219179513 -2583362.414571777 897571.6629296237
5755666.0766723 -2579216.349197558 899773.3258302974
5756198.2310314495 -2576680.6220235787 903625.9719367274
5756975.923183517 -2574014.038865781 906267.5916125253
5758866.172020799 -2568108.299635072 911000.0955543186
5761135.28140611 -2562974.749800076 911110.1476907058
5763719.833842652 -2556175.2854963536 913861.3608127169
5767256.127153463 -2547752.203878477 915071.8394985145
5770781.0370202195 -2538963.992879849 917272.6233936403
5774909.876738795 -2528879.7302479823 919143.2018383237
5781205.126178022 -2515779.4134972612 915512.0052060195
5784770.606859893 -2507610.270746515 915401.9641973805
5786429.967380613 -2502932.7818198367 917712.7667692198
5788347.596054622 -2497887.966863283 919363.2645740702
5790517.230929619 -2491634.445565773 922664.0710341587
5794059.166855013 -2482977.832999663 923764.2836869659
5798302.793640761 -2473544.568783845 922444.0251298101
5802710.858357233 -2464419.499358309 919143.2018383237
5805965.557989213 -2457194.3851889963 917932.836779836
5810253.6658959 -2448971.3930388624 912760.8964129374
5812633.258402876 -2444958.0700761327 908358.7611061833
5815179.619687717 -2439223.26992738 907478.2808494085
5817017.745083248 -2434384.9263866744 908688.9366378146
5819107.547217973 -2427982.388181265 912430.7516696423
5821395.449660955 -2420829.244380607 916832.4755473852
5823914.470493301 -2413297.104985089 920683.6174546217
5827554.621695056 -2403015.656452642 924534.4158029407
5832001.722765887 -2391521.502621159 926294.6659440241
5837301.817582668 -2379069.2912050956 924974.4851026769
5843324.965385295 -2366552.84776232 919033.1700504534
5848662.818093186 -2356366.2678342545 911220.199549553
5853060.597987268 -2349118.889246342 901644.6531061719
5855933.995130248 -2344815.1229807674 894158.8693954626
5857528.8102148585 -2343674.5316055873 886671.8262165769
5858365.756160512 -2343534.951270729 881496.2275689988
5858909.011920112 -2343870.892944165 876980.8591129099
5859198.768959199 -2343393.688808558 876320.0357627479
5860501.261061047 -2339763.0028653303 877311.2671820046
5862564.469882062 -2335250.0240193564 875549.0630421907
5863961.495754755 -2331657.057845214 875769.3422963909
5866072.856949466 -2327044.13034471 873896.9346490231
5868686.244473355 -2321563.260913868 870922.9526796201
5871546.573009276 -2316178.9490918475 865965.8866068592
5873737.064289504 -2313371.2989533017 858584.3771993712
5875848.872308309 -2309229.120552967 855278.8425907305
5878871.585373644 -2304496.421907575 847234.3973786538
5880039.439757892 -2303415.2095333943 842054.3684239867
5882037.229874739 -2301001.2019557776 834669.0930935225
5883154.725010207 -2300017.748644889 829487.6958150569
5885147.30604296 -2295233.0556665785 828605.7001679102
5886629.505162268 -2291787.5272171926 827613.4357565353
5893568.144587122 -2274965.963444306 824636.520097087
5897648.924768445 -2267320.902293487 816476.6293046318
5901025.822789535 -2261056.6577690234 809418.3276461284
5903732.198985212 -2256777.7152054263 801586.8429667607
5903492.558465665 -2258693.891432639 797946.4373912491
5903401.815818862 -2258541.057407422 799049.6186042053
5903519.7185994545 -2258349.933783819 798718.666794536
5904139.218712479 -2255634.251161604 801807.4650736481
5905266.221647365 -2253348.7109599323 799932.1460510644
5906615.2511182325 -2249967.0222510314 799490.8842759456
5908862.4153293865 -2245274.36224578 796070.9735630249
5910715.350352183 -2240313.527838839 796291.6200069942
5913811.207975022 -2233345.650538172 792871.4912589861
5914681.150690544 -2231197.5070501273 792430.1673960134
5916986.8952611275 -2226642.4803973017 788016.7166997355
5918165.434516404 -2223077.6370032034 789230.4540193054
5918773.266070489 -2220948.7040819074 790664.8333435473
5920139.074011916 -2215687.2043923526 795188.3780899525
5920970.5743521 -2211993.562838984 799270.2519270187
5922550.831316034 -2205754.4102750937 804785.7677852697
5925158.613749563 -2198133.3988745944 806440.3032223692
5927879.316057816 -2190907.448659984 806109.4005531243
5930667.410899157 -2183471.107481899 805778.4956738846
5933731.738355906 -2174843.6222006036 806550.6036208506
5936411.6655362835 -2168541.9798151786 803793.0200393618
5938985.337416636 -2162670.423072434 800594.0314028723
5940920.557966688 -2159265.708857768 795409.0284122621
5942126.886004798 -2157121.501530578 792209.5040160643
5942857.115276411 -2156564.8868543194 788237.398374088
5942573.438603423 -2156579.321459648 790333.8263403262
5942357.318664574 -2155796.681575696 794085.1119500876
5941290.3924955875 -2155878.9996175095 801807.4650736481
5941587.717730362 -2151880.390606058 810300.6707641492
5942321.362084708 -2146633.8332706406 818792.4129897235
5943725.6889842935 -2139521.37569952 827172.422795282
5946043.138468745 -2130279.6668991055 834338.3823515374
5948666.333815565 -2120681.8738574726 840070.3773027814
5952532.731657037 -2108837.794209657 842495.2440605094
5956055.474293182 -2099795.405389492 840180.6012086953
5958468.151865622 -2093867.0225599725 837865.8454901444
5961357.426492018 -2086820.0801163309 834889.565650295
5963324.830564661 -2082603.0310442972 831361.8828500992
5964747.4334147265 -2079713.205731795 828385.1987313747
5964919.525523837 -2078955.8973734858 829046.7000118202
5966012.0050982 -2075950.776969065 828715.9505075832
5966840.8600521805 -2072153.7977973553 832243.8279048746
5967486.113487817 -2068293.7816943892 837204.4660263057
5968937.440202955 -2060864.9930716516 845140.4115738269
5970610.610486612 -2053282.0821958159 851752.6805818131
5972837.579274558 -2044493.5281242698 857262.1915514605
5975445.227769912 -2034905.7756069594 861889.6764222353
5978773.777502428 -2024401.1266386837 863542.2374808218
5982363.729955181 -2014334.0191420822 862220.1933634161
5985465.215190946 -2006658.920935089 858584.3771993712
5987875.543710626 -2000494.1746376685 856160.341450671
5990170.5356062325 -1995451.7265149031 851862.8771719248
5993447.944832207 -1988644.1071486822 844699.560606853
5995803.15610644 -1985128.3004876086 836212.3796184871
5996943.474692405 -1984228.3883339334 830149.1819389485
5998217.4985996485 -1982675.5784079123 824636.520097087
5997797.426487627 -1983349.5899963109 826069.8727588722
5999115.055131046 -1976122.0793744659 833787.1926989295
5999960.669355506 -1970134.1583910913 841833.9290665645
6002226.791650374 -1960322.8778704535 848556.8667403228
6004790.586609791 -1949568.5635737022 855168.6540604879
6008442.554664052 -1936968.904863097 858143.6528318396
6011715.047099746 -1926100.4340166866 859686.1698057179
6015506.416698423 -1914819.7741533353 858364.0155385507
6019395.0833622925 -1904146.9679536824 854838.0869068982
6022894.028049138 -1895775.7422414387 848777.2746833747
6025738.93060369 -1889969.203445372 841503.2681072355
6028135.932265822 -1885984.0815697692 833235.9966966691
6029661.660095835 -1883919.8850668084 826841.6604285279
6030109.691846433 -1884753.007602305 821659.4213138274
6029102.025707774 -1888597.1443916992 820225.938264532
6029452.939184307 -1889053.7517864609 816586.907207801
6029274.519166334 -1890384.6641846031 814822.4309303443
6029352.182431176 -1889946.7173792077 815263.555962102
6029435.587426873 -1889395.0106403946 815925.2360587621
6029562.420338968 -1887701.3563197379 818902.6856621599
6030638.109836155 -1883878.3863853137 819784.8580585567
6031790.554393089 -1879848.4872094225 820556.7457956525
6033209.67552203 -1874515.9802235363 822321.0146128769
6034848.427262567 -1868213.0686002322 824636.520097087
6037273.81974301 -1860653.4049598419 823974.9583919347
6039725.00492335 -1853562.7706187381 821990.2190901187
6041735.356329692 -1847489.786862774 820887.55107717
6043664.838447195 -1842198.8001414002 818571.8668966289
6045645.3500264585 -1837844.855444212 813719.600981016
6046921.521604259 -1836273.0207389183 807763.8917812583
6047822.477889041 -1835047.971273792 803793.0200393618
6047553.5106305275 -1836464.9373024446 802579.6347522871
6048187.054291214 -1835389.15311429 800263.0898239515
6047473.842842782 -1837593.6212923825 800594.0314028723
6047831.909133556 -1836895.3494485277 799490.8842759456
6048157.748043224 -1835726.1087973726 799711.5156507172
6050564.561155591 -1829077.9538982618 796732.9099838926
6051744.790012385 -1825746.5525308328 795409.0284122621
6053815.0975572085 -1819111.1777453274 794857.4007898603
6055213.370714702 -1814692.9171203887 794305.7671142733
6057402.671564421 -1807517.0585331172 793974.7840051398
6059416.799847123 -1802015.5574626636 791106.1726424482
6062067.89171479 -1794630.5869374448 787575.3504707759
6064502.11814089 -1788906.2545862226 781837.2409695983
6066186.107816807 -1785260.6174170498 777091.7791548712
6067281.012759048 -1783741.94648035 772014.7541207039
6068001.38171296 -1781767.7967542647 770910.9870659917
6068241.874325798 -1781378.2528883205 769917.5766375783
6068449.770173344 -1779713.789131913 772125.1295332996
6068229.66786277 -1779649.2390191192 774001.4755339678
6068452.981384097 -1776379.5266950363 779740.4631473125
6069792.607083309 -1770677.5002539773 782278.6569318677
6071877.967729442 -1761400.788961311 787023.6372868723
6074619.898219204 -1751970.764594659 786913.2939307336
6077384.70974679 -1743350.7944169028 784706.376514094
6080081.068527519 -1735169.4897935651 781947.5953174914
6082829.309904309 -1728149.219338309 776098.4874804637
6085039.972751526 -1722581.0186885444 771131.7423566733
6086384.599193909 -1719405.2602575372 767599.5451366004
6087425.770254717 -1716258.1589611585 766385.2969871134
6088439.636946717 -1713447.2472046772 764619.0674465612
6089076.260058549 -1712020.8398311718 762742.3832298503
6089426.0913692815 -1710628.424894471 763073.5676814499
6089741.572770142 -1709455.707811535 763183.9620338036
6090237.301207256 -1706155.2526523669 766606.0714803294
6091001.966900229 -1703274.2944707202 766937.2314686576
6091884.971333372 -1699165.7920713942 769034.5291968323
6093948.815956854 -1692750.8435162222 766826.8450394593
6096084.281335671 -1685896.9615987814 764950.2400314352
6098361.77765369 -1679196.146975547 761528.0223570208
6100374.68963289 -1673223.1746659623 758547.1994854285
6102262.206295728 -1667329.6527378426 756339.0739052832
6104210.3745769765 -1661337.6666006083 753799.6155748876
6105887.976516572 -1656415.7517865838 751039.1970221383
6107324.4135164535 -1652114.4034648568 748830.7592038836
6108748.08299388 -1647694.8456821023 746953.5153081707
6109739.328395224 -1644416.5437441526 746070.0836524739
6110963.304213499 -1640514.5508082646 744634.4761978182
6112107.782194844 -1637048.3509793202 742867.5220987271
6113454.810476454 -1633064.4461665833 740548.3069516373
6115680.926907747 -1626113.971053546 737455.8653921384
6117185.24672143 -1621599.4711817345 734915.5137543317
6118895.0663970895 -1617138.82049094 730497.2290724469
6120614.543343327 -1612565.6770643266 726189.0586949243
6122348.431121248 -1608109.7550232732 721438.634775114
6123651.091569994 -1605024.8397399806 717240.2474284805
6124657.781302686 -1603004.1262064427 713152.04079746
6125896.145322161 -1599102.0346225572 711273.5757731315
6127672.794198254 -1593855.3253498892 707737.4718752445
6128684.98900007 -1590007.9823439396 707626.9650654749
6129685.843410493 -1585701.108180573 708621.5185893627
6131203.314839566 -1578332.4211206995 711936.5705872815
6132912.938005081 -1571926.3952377236 711384.0754506851
6134843.095635124 -1564778.2078221499 710500.0719654827
6137215.459629819 -1557057.9367350158 706963.9196813708
6139685.283991451 -1549703.155757678 701659.2781211598
6141791.580293425 -1544534.8648989724 694585.6573154238
6143531.998528889 -1540527.071871703 688063.8952030715
6145178.7496797405 -1536608.817192845 682094.185145823
6147123.13733011 -1531510.4145433407 676013.3021221574
6148978.150391696 -1526388.6731850668 670705.8404232472
6150404.3006240055 -1522526.8691115843 666393.1810117866
6151692.84024471 -1517263.6321151934 666503.7658877751
6152346.824320664 -1514463.5827496035 666835.5192974336
6153165.114902624 -1510451.3656999052 668383.6776887054
6154017.398037178 -1505992.3165521324 670595.2632860284
6155239.398673955 -1499006.1338838467 675018.1890812134
6156823.408040833 -1490629.8497589522 679109.1025807846
6159503.472302896 -1478652.2507676266 680988.6166364286
6162470.470365509 -1466289.115805704 680878.0586440081
6165306.605295598 -1454576.5692199173 680325.2655714689
6168538.857459752 -1442161.5615982418 677450.6581719853
6171812.6646154225 -1430435.8581602843 672475.0468098602
6174324.329047786 -1422731.2077643964 665729.6674941409
6176641.857961356 -1416001.3870332604 658541.1379705694
6178154.850913376 -1412262.966368687 652347.2633184314
6179396.191528446 -1408915.6235541569 647812.066751412
6179991.819808786 -1406555.3423953175 647258.9712593297
6180310.744820199 -1404132.1509272258 649471.3236105847
6180621.210993985 -1400346.2376798375 654670.0396590469
6180530.868496453 -1396470.4125183003 663739.0831670528
6181245.773935967 -1388356.7976626905 674023.0593848634
6182394.691414495 -1377624.390607165 685410.7658726369
6184454.319938673 -1365286.2010361124 691490.6751737688
6186047.223588511 -1355790.248349136 695912.0274964806
6187919.608952601 -1346017.254219243 698233.1018248615
6189567.9293678235 -1337666.5743958089 699669.9103759535
6191686.491499505 -1330434.739292088 694696.1893283536
6194081.076149622 -1321791.069802576 689832.5810479643
6196591.24746649 -1313961.416243749 682204.7408545404
6197951.236161599 -1311085.0441936243 675349.895280008
6199530.764656028 -1306785.0682131017 669157.741925422
6200556.013513305 -1304175.7253664376 664734.3835314286
6201473.126395096 -1303012.3899964876 658430.5385650485
6201558.583850769 -1304499.6244689645 654670.0396590469
6202091.791904479 -1302351.219825378 653895.7906352037
6202024.3695065025 -1302450.0812307335 654338.2198446979
6202888.222938982 -1297771.7407031062 655444.2789111189
6202981.899570607 -1294966.5610649162 660089.5085692067
6204793.262360541 -1284950.912368419 662633.1746666526
6206735.56948703 -1275075.9047022806 663517.9030833867
6209411.015075684 -1261400.4346081004 664623.7954115631
6213058.555731408 -1245664.5633800137 660200.1049621437
6216552.7663901355 -1232940.2774803021 651130.535955695
6219104.588724374 -1225438.5919761006 640842.7044158947
6221450.057936537 -1218795.842574684 630663.8333725204
6224100.492401056 -1210857.2285754627 619708.6674393689
6225651.55930968 -1206536.030036858 612514.8735237765
6226533.588456349 -1203550.1224370562 609415.7649803925
6227318.2959335055 -1201108.79783695 606205.820567972
6228144.811289263 -1196871.715320513 606095.1300549794
6229415.51000631 -1190578.3167831197 605430.9831010341
6230865.885911938 -1183530.2050218615 604324.0567607357
6232842.082586397 -1174102.7577986787 602331.5429807745
6234969.191848967 -1165491.23733699 597017.882801621
6236621.732440213 -1157015.4381997443 596242.938928333
6238869.228717661 -1147072.91259328 591925.2318956027
6240313.816044725 -1142047.3087419108 586389.3091425436
6242662.303488906 -1133808.7075906522 577309.4310594662
6244751.395250754 -1126758.9594026948 568449.8737087644
6246471.55473705 -1120428.8868328515 562026.0006542332
6247676.23757919 -1115805.936474384 557816.9435548313
6249544.207380356 -1106799.9570525342 554826.1485070207
6251006.487256344 -1098846.6300696607 554161.5106299398
6252696.438660248 -1089808.3746596465 552942.9920770724
6254070.50343193 -1081951.7911323241 552832.216651884
6255164.202277211 -1076519.8157652617 551059.7869691008
6256149.751337069 -1071631.0101586669 549398.0951108662
6257147.507433787 -1065732.6426910174 549508.8757408353
6257807.890563878 -1062249.053631577 548733.407817752
6258955.901018787 -1056038.9437513254 547625.5822938608
6259875.918093082 -1047431.6540019274 553607.6410898638
6261621.8102125 -1038064.4772369266 551502.8984238937
6263312.133579951 -1028350.805007805 550505.8938739586
6265464.667777668 -1019497.7103993031 542418.5794386695
6267355.082161546 -1011947.1189853877 534662.7932454346
6268212.340285294 -1009952.8404803345 528346.7773166214
6268749.292206196 -1008467.9081704264 524800.7142284464
6269294.727825514 -1007545.414686186 520035.4343735118
6269983.942087586 -1004849.9187618794 516932.3038155602
6269801.796009251 -1003810.5991433983 521143.66522729973
6270817.896916221 -998137.0303154342 519813.7863007317
6270364.685065066 -997616.051964026 526241.3221636859
6270477.936134187 -994492.4135917389 530784.6001560616
6270098.416372883 -995105.352427469 534108.7778425557
6269252.016334605 -998224.3630528687 538208.3952264098
6267993.004515964 -1003296.6059182045 543415.6934538712
6266477.274415372 -1011468.7222154865 545742.2406369783
6265500.808980759 -1016248.6392807559 548068.7145071025
6264891.100597752 -1021424.7691838978 545409.8812349377
6264000.482503111 -1026106.1978891979 546850.0944995597
6264508.784019226 -1025179.0569266432 542750.9522653562
6264078.536029878 -1029262.5855909144 539981.1333301216
6265040.256685685 -1025602.8565174435 535770.8118319035
6266075.568750931 -1021056.5385682177 532335.9012407301
6267762.49521477 -1012798.6317658571 528235.9653339869
6269254.274106393 -1004396.2939193613 526573.7663041871
6270934.507624128 -994789.2296533253 524800.7142284464
6272746.042870686 -984304.8817805335 522916.8015594336
6274634.714056114 -974504.8646949427 518594.71058606275
6276022.37397983 -967542.1424195853 514826.5377257565
6278041.281178212 -957087.1966825017 509728.13319324184
6279811.493193149 -947602.2070308968 505627.0040152201
6282112.812741868 -936626.3171627999 497424.11479793245
6284662.575233872 -924339.9061146842 488111.72227129026
6287049.150408624 -911802.8172190535 480904.9831906464
6289593.534351094 -898389.8828458984 472810.5234119173
6292233.335845547 -883195.8593465574 466267.86433027795
6294860.038116728 -866654.1488108614 461831.8816084236
6297469.569834719 -848989.1614850949 459059.27796587115
6300448.288231829 -828127.3560926679 456286.5869249122
6303350.165362075 -806806.8706052686 454401.1073644525
6306030.360647791 -786798.8598385974 452293.75934781187
6308759.973016659 -765454.8989412363 450851.8609806367
6311183.023752564 -745749.1299414454 449964.527367463
6313349.133886217 -726013.2230722534 451850.1007882898
6315252.810893609 -706918.2243657985 455510.21784354193
6316467.631552433 -690315.3979947992 464049.9012408872
6317725.679266947 -673720.3203301216 471258.0731459869
6319197.0301746065 -655700.8511299278 476913.29155299405
6320553.627038531 -639009.3467306285 481570.2467148161
6321801.798954335 -624314.2727405103 484452.9942008934
6323080.265502849 -609288.9105091757 486892.1641790566
6324257.788088368 -596036.5728750566 488000.85409657564
6325301.5440912 -580656.9200257343 492989.7742790485
6325895.798182693 -572139.4888487323 495317.83314801764
6326201.460743137 -565933.973958021 498532.6621310634
6326414.761714152 -561278.7437282786 501082.2633102057
6326372.192355908 -557268.9249819744 506070.3795277231
6326357.113692732 -554708.4194791396 509063.0996137227
6326434.361857242 -552601.199898806 510393.1611829663
6326331.41942007 -552035.9235997262 512277.3767343567
6326072.899217694 -554683.4989507205 512609.88068434095
6325861.865879459 -556778.9195896407 512942.3832289763
6325496.374892376 -560307.1177692167 513607.384098553
6325045.419891588 -563048.7562358241 516156.5018574666
6324666.071584158 -565574.0813758675 518040.5789395932
6323970.589640412 -570073.7072450668 521586.9531257209
6323384.474858609 -572802.4992532451 525687.2453905885
6322733.864143884 -577416.7123406425 528457.5891383123
6322419.483469911 -578723.2354737788 530784.6001560616
6322084.172933372 -582475.7824362973 530673.7917219844
6321639.082709503 -586885.8613552713 531117.024488041
6321405.783474324 -590091.4816789111 530341.3654499729
6320812.303316105 -595823.1484631662 531006.2165391237
6320444.532472582 -597346.6156607701 533665.5625914709
6319953.1724192025 -599859.9270400457 536657.2149519299
6319693.692757101 -598611.0962165584 541089.073270321
6319658.816664116 -597272.3574853133 542972.5333232136
6319905.600096233 -594958.705299875 542640.1614884138
6320139.722375462 -595092.0306943384 539759.54336715
6320385.828673741 -595782.9473858427 536103.21422688
6320344.83719211 -598004.9769112101 534108.7778425557
6320391.2156708175 -598009.3650516998 533554.7583722058
6320482.232438815 -599019.6984857629 531338.6399004791
6320889.897703759 -597166.0964784605 528568.4007990259
6320983.182344954 -597842.7560557703 526684.5806969254
6321258.29082982 -596199.1118280025 525243.9810895051
6321096.580042178 -596740.3911411645 526573.7663041871
6321306.941881705 -594311.4994676866 526795.3949292265
6321304.095421357 -592864.3265463859 528457.5891383123
6321503.835547565 -591324.8737466534 527792.7157946876
6321517.532947369 -591771.3447386656 527127.8366631683
6321884.34969297 -590803.9564712106 523803.35444234416
6321807.518495701 -592800.2350184517 522473.52129394846
6322085.672588823 -594496.0302632835 517153.9601011798
6321704.436012071 -597577.0096926675 518262.23207183
6321725.89955135 -600028.1858766448 515159.0308781022
6321343.868019803 -602997.7593371785 516378.16034643684
6321332.905268691 -603776.0466163607 515602.35288410244
6320729.3499870645 -607614.9649659912 518483.8845725798
6320727.425852113 -610175.6289707014 515491.52261811006
6320433.71112012 -612930.9023093751 515824.01294486877
6320724.850083792 -612625.072746786 512609.88068434095
6320638.79445241 -614621.1340654998 511279.85646142496
6320835.1849192865 -612413.0560325234 511501.5287242675
6320900.932188447 -610526.4260837483 512942.3832289763
6321151.300610421 -608768.9902245116 511944.8713799348
6321367.918937978 -605672.1430849463 512942.3832289763
6321928.441990089 -603276.207990265 508841.42051296704
6321905.997310927 -606391.8109568844 505405.3153346968
6322040.721816599 -609300.1057311635 500195.4546461324
6321606.92470407 -615494.9175506604 498089.2450182607
6321235.585358613 -621250.6320959427 495650.4075619683
6320711.873987024 -628217.0382187786 493544.0800283933
6320583.914320681 -630543.9051018181 492213.73992363375
6320180.644553036 -635517.3278704957 490994.2425258317
6319643.356520788 -640923.0494858043 490883.3782279635
6318934.611474863 -647537.1167614324 491326.8345219082
6318552.020913483 -650841.2185686727 491881.15152158454
6318104.462121512 -655587.4826435661 491326.8345219082
6317812.233942333 -658232.1688199742 491548.56177101523
6317406.465570394 -661868.1753545651 491881.15152158454
6317003.413692137 -664389.6980668327 493654.9407273709
6316808.806538971 -664257.761839887 496315.55231239647
6316685.412326145 -663687.4608033695 498643.5160296941
6316566.94828241 -663563.552178627 500306.30626278487
6316393.103969839 -664548.4323172021 501193.1137066967
6316422.014704482 -663771.2454777798 501858.21287834557
6316166.504382289 -666865.3031275428 500971.41276107635
6316093.469731465 -667972.2672895442 500417.1577270355
6315685.206516759 -673056.796128148 498754.3697764294
6315299.28873253 -677809.4597129485 497202.403511937
6314686.847518994 -683652.8431356329 496980.69162011566
6314026.046221695 -690606.150685742 495761.26539802935
6313375.874043849 -697783.9215878355 493987.52192191355
6312377.538790957 -707377.2478746299 493100.63572939904
6311256.646710893 -716622.1656030428 494098.38201918505
6310205.703449268 -724759.031430437 495650.4075619683
6309343.4582774155 -730797.107561048 497756.6805904107
6308483.123807178 -736611.8832908332 500084.60287711147
6307507.122552241 -742077.8754440171 504296.86270016705
6307048.654755817 -746488.4010041633 503520.9367137394
6306735.143693091 -750469.743344733 501525.66398000164
6306475.653462214 -753899.5352623438 499641.19427802105
6305996.14855451 -757972.9626372812 499530.34174766537
6305631.707277512 -761725.3267459214 498421.80808057095
6305323.832919682 -764702.9808642506 497756.6805904107
6305115.582335041 -768139.5245664271 495096.1161175822
6304666.612240075 -773445.5535378393 492546.32697625103
6304235.864062102 -778977.590138659 489331.2623723566
6303657.47678411 -785162.0443225863 486892.1641790566
6303094.768023061 -791572.330727679 483787.7536137833
6302507.532095196 -796974.1562734892 482568.1320968995
6301918.428504533 -802152.3644429987 481681.12345561
6300728.453200793 -812954.8076119615 479130.9213634107
6300393.310384473 -815482.9430016369 479241.80132368556
6299984.100216035 -820125.9212244328 476691.5253714197
6299117.654516185 -826498.5854783313 477135.0571534639
