-6213144.1464834595 1192.8380594831626 -1409425.1992055825
-6212668.527266916 9975.708517896663 -1411485.4783336262
-6212744.061026476 19626.40922796379 -1411051.748250596
-6213608.650835263 30799.46418608804 -1407039.4192313987
-6213853.39586624 43273.127714754 -1405629.5426247157
-6214223.665612632 55315.3792495018 -1403568.8235916223
-6213090.631563924 65824.86782310758 -1408123.8904118747
-6212195.428670583 71128.76925512991 -1411810.7713814024
-6211633.81937886 76869.06818754345 -1413979.292742566
-6210491.044047996 81191.36914835068 -1418749.4329075352
-6209134.12318514 82474.29361615067 -1424602.5520089492
-6208595.8001373075 79866.0481699269 -1427095.1632134048
-6208938.043185945 82254.91817535006 -1425469.5732684925
-6208720.144762799 83660.99690599932 -1426336.5667377727
-6207447.437345082 87328.11965921758 -1431646.294346046
-6206906.713537389 91871.36110870045 -1433704.8868063877
-6206011.016130984 96408.3939955834 -1437279.9620213374
-6204194.69209198 101470.80255105172 -1444753.5772052424
-6201943.310211301 101433.98076553093 -1454390.3617912724
-6200069.4778793445 99238.53470634387 -1462508.523974574
-6198319.301892069 96613.52750261892 -1470083.2146840242
-6197483.380394145 100711.86631718918 -1473328.8396421466
-6195444.65071271 106952.09022661085 -1481441.1329348967
-6194389.1893220395 112449.33595340626 -1485442.2634535083
-6192567.562663082 120849.55306525175 -1492361.674453266
-6190566.106105789 128160.57768057451 -1500035.7169956958
-6188141.253707322 133512.96246574362 -1509544.0083082032
-6186072.6624446465 139841.5133048017 -1517428.8669033647
-6182627.9329842385 149480.6073981324 -1530492.8586226471
-6178505.872800928 156502.4358711832 -1546354.7999507843
-6178132.059117731 147537.76120429934 -1548727.8228018442
-6179628.808510757 133976.7331368596 -1543981.5491131684
-6182312.107079226 129069.18214566718 -1533622.886136573
-6183551.505274549 133629.88312115715 -1528226.0421658414
-6183846.010457472 141950.86759339328 -1526282.8932208766
-6182112.877285153 150871.65920815113 -1532435.6805272046
-6180398.528097286 154067.8394003557 -1539018.562186762
-6178176.759895122 155630.91275041198 -1547757.0683050628
-6176602.519248117 150305.71713339447 -1554551.5464643913
-6176944.2575280685 142763.22400911155 -1553904.5341530947
-6178101.340733931 140740.15209128018 -1549482.827659255
-6178695.174724405 143127.38061547888 -1546894.1433580744
-6179021.481447536 146479.9479534229 -1545276.077811816
-6178279.354347776 153691.31709818688 -1547541.3398965013
-6176440.874510021 158931.1276160417 -1554335.8775877827
-6174584.084902398 159206.86399004265 -1561667.5551885155
-6174203.118901844 155962.13000753144 -1563500.1312907715
-6176327.966498884 161193.48506972115 -1554551.5464643913
-6177699.999668178 170616.50664639546 -1548080.65738177
-6179289.711559248 180158.76870674873 -1540637.0366429882
-6180404.43527552 192175.53151235764 -1534702.1149117565
-6180796.100189168 204174.1763215734 -1531572.2227860454
-6180117.576793715 215490.47711822734 -1532759.4694787345
-6178483.335911833 223747.26910368784 -1538155.3326723613
-6177138.400883608 228880.45617090305 -1542794.8383087441
-6178498.490018261 227743.04467053188 -1537507.8908565862
-6180374.59504867 232024.86873543638 -1529305.504196367
-6182041.118102272 244081.76491027826 -1520668.506325785
-6182059.801812051 261158.7532688508 -1517752.84958079
-6181622.120526652 275516.6317645971 -1516996.8835289904
-6180837.247493998 286940.17492350726 -1518076.82809721
-6179700.522325215 296399.88355228805 -1520884.4674739966
-6178860.879214159 307061.3748642886 -1522180.195437871
-6179333.4942199215 317681.1470738039 -1518076.82809721
-6180228.699340008 326920.66419026104 -1512460.6121084637
-6179969.712412639 339563.3771506512 -1510732.2948029207
-6179217.649473751 350665.0159528451 -1511272.4066226098
-6178049.983683524 357197.8017628466 -1514512.835707842
-6177948.7658854155 360762.2065784651 -1514080.8024671308
-6178849.856880545 362979.050358791 -1509868.0919629699
-6180073.059300604 368571.17582061 -1503493.6880682525
-6180612.385807661 374882.55303252535 -1499711.5082017444
-6179956.931135668 384695.17869291746 -1499927.6478546052
-6178779.8908932805 387978.0183113824 -1503925.9014991354
-6179111.939194697 391463.6642979481 -1501656.69926118
-6179573.197982886 394525.0101995046 -1498955.0050280555
-6179946.019252919 400938.93725161644 -1495712.59529214
-6179827.282308466 409922.0075309501 -1493766.952565811
-6179154.2953493325 417243.785583361 -1494523.6089329482
-6178586.955223364 422513.8743373959 -1495388.331750685
-6177947.955893775 427995.33275137545 -1496469.1942739608
-6176757.617684987 435279.3845438836 -1499279.2234142276
-6176670.370988291 443507.7440711277 -1497225.770919103
-6175536.6229899265 455128.56311165134 -1498414.631919385
-6174735.846335563 464822.61781761405 -1498738.8571541803
-6172684.724127391 474853.83288640575 -1504033.953711633
-6171378.160549694 480496.1912512231 -1507599.4195021892
-6171155.415283416 485030.2249400373 -1507059.229530403
-6171559.791460552 490914.93190399726 -1503493.6880682525
-6172200.026850769 498663.50679187675 -1498306.5559281898
-6172623.081261762 508566.6187678899 -1493226.47008066
-6172151.645553406 518940.9641425447 -1491604.9544122526
-6171491.883475007 525503.0189538107 -1492037.3685911978
-6170655.639111445 534328.1914003543 -1492361.674453266
-6170163.351996269 539385.2922482104 -1492577.876088369
-6170053.40810787 544801.6310782318 -1491064.4264655195
-6170529.713958083 549728.1345285188 -1487280.4131259732
-6171053.326455865 557809.1550131502 -1482090.0069231677
-6171455.371537763 566208.1233462269 -1477223.0563372744
-6171851.139942626 573957.7488831856 -1472571.5632477307
-6171197.502897975 583132.5761676498 -1471706.0775976575
-6169705.510959866 593096.9656057238 -1473977.916191668
-6168202.613253153 600341.5579364165 -1477331.2207055858
-6167694.446467359 604747.7279320018 -1477655.7111102645
-6167621.679255988 609957.6726089536 -1475816.8786123178
-6167024.2171720425 618812.2370835183 -1474626.9765772126
-6166468.645513032 627889.3799211845 -1473112.4772015414
-6165648.18980057 636396.4487790844 -1472896.1129659938
-6164757.467854315 646201.6277345764 -1472355.1945259788
-6162895.233983815 657209.2493389663 -1475276.0207916633
-6162052.432165124 663863.9650190925 -1475816.8786123178
-6160679.57640024 671983.9304154752 -1477872.0357961736
-6159702.058421062 679710.9879163532 -1478412.8396321218
-6158561.865583376 689269.6834219499 -1478737.3165297508
-6157875.438439124 697899.9411055538 -1477547.5480921143
-6157417.473978651 706012.8234260336 -1475600.536832504
-6156859.093451618 714224.1986669126 -1473977.916191668
-6153433.354646894 735386.4261262536 -1477872.0357961736
-6152019.761226528 741099.1066362916 -1480900.3922010341
-6150533.820492513 747564.1542288479 -1483820.258080435
-6149387.793637615 747533.7737039865 -1488577.8517204183
-6148014.870103368 750198.1421445566 -1492902.1751309526
-6147105.463968711 752264.960498317 -1495604.5079005645
-6146281.889264812 755975.2378592148 -1497117.689909205
-6145549.0039219055 758716.2041571615 -1498738.8571541803
-6144593.832112594 765567.4354012422 -1499171.1510754994
-6142602.389913586 772614.8650811387 -1503709.7956998062
-6139835.933574492 777928.044485699 -1512244.5788926128
-6138106.976930395 776838.1982406705 -1519804.643206687
-6136945.093052893 777344.1121158783 -1524231.6281368777
-6136879.474799404 777226.9734922012 -1524555.5232466774
-6137281.703541303 775318.9829570437 -1523907.7288483104
-6137196.406927471 780641.1478671338 -1521532.3397986684
-6137514.216103723 783185.3188882804 -1518940.7504582142
-6136523.871402512 791114.9205041239 -1518832.761782179
-6136725.341683295 794516.6011951616 -1516240.8948341105
-6136110.054850204 799664.2519339791 -1516024.8939067908
-6136197.155234228 803487.9575043325 -1513648.7618469738
-6136093.748589208 806306.7989531195 -1512568.628025323
-6138245.712660569 812911.4009857806 -1500251.8539070329
-6137422.635564881 824031.7690321389 -1497550.011212178
-6136442.412876775 838078.6388336797 -1493766.952565811
-6134457.36866872 847734.4764577396 -1496469.1942739608
-6133646.873633382 854714.8742043299 -1495820.6822280954
-6131069.294572361 859919.7299404854 -1503385.6335654734
-6130217.38515377 866347.0409270237 -1503169.5231860762
-6127941.623733332 875081.6577107569 -1507383.3448909672
-6126863.514392213 886278.5725240447 -1505222.4978036433
-6124281.739837778 896711.2456473184 -1509544.0083082032
-6122449.883494162 905176.6392972233 -1511920.5256139983
-6121693.051300056 913145.5474731952 -1510192.1714783474
-6120388.9591660015 923436.6356387351 -1509219.9205149359
-6119675.886802457 931305.100226762 -1507275.3068965774
-6118243.4908056 939282.9925962564 -1508139.597992949
-6117393.566118364 945492.0327411357 -1507707.4561189546
-6116586.277719441 952582.6605822654 -1506519.0280817044
-6115929.0345882205 956963.4182604321 -1506410.986415097
-6116066.721028634 960156.6234062102 -1503817.8488285155
-6115495.948084152 965973.6634595329 -1502413.1224363276
-6115828.689161487 970402.885873363 -1498198.479480584
-6115831.789704322 976860.7323163411 -1493983.14237491
-6115534.207810643 983162.870142527 -1491064.4264655195
-6114388.74809502 990424.3991703729 -1490956.3195134283
-6113147.662719799 994494.1042209521 -1493334.5674875474
-6112320.7096776515 996002.1959464437 -1495712.59529214
-6113030.80306533 996994.1294457729 -1492145.470999765
-6112657.811563736 1003944.0997174773 -1489010.3167444144
-6112435.367919773 1012783.9807691531 -1483928.3949371853
-6110717.151661291 1024666.6038713666 -1482847.0060337463
-6109344.542390403 1034524.786622789 -1481657.4260697628
-6107573.066079951 1045851.7788094246 -1481008.5412501544
-6105014.5794952195 1055835.951803341 -1484469.0724398224
-6103074.366981317 1063071.6080431382 -1487280.4131259732
-6101997.135618958 1069688.5912482762 -1486956.0432814797
-6100703.076926384 1084174.2281268227 -1481765.5719602043
-6099831.719266228 1093466.804254499 -1478520.9990483925
-6098703.2805750305 1102935.1288274948 -1476141.38791026
-6097095.889275644 1112647.7416563064 -1475492.36526834
-6094893.677197803 1122801.2760730004 -1476898.5605325433
-6093903.151923639 1129438.190082796 -1475925.048827902
-6093676.379077199 1132916.7829549527 -1474194.271449865
-6093822.843500123 1141088.4536222783 -1467270.0136805023
-6092666.3296650415 1152212.4863193468 -1463374.3136107372
-6090647.235772498 1166370.6904626184 -1460560.3930706182
-6088331.341702424 1177056.9545053714 -1461642.7058260546
-6085706.582751493 1186689.7401111787 -1464781.1609144919
-6085132.268874186 1191760.044688064 -1463049.6458395394
-6083541.67504461 1203801.3232662631 -1459802.747667579
-6082066.17777797 1212667.5959671242 -1458612.1180151305
-6079402.4517041985 1225049.6414062553 -1459369.797653556
-6077098.465858351 1235405.5869459456 -1460235.6905667007
-6074639.452578895 1239543.3561873143 -1466945.3941111327
-6072423.201623492 1242955.4904833385 -1473220.6586462285
-6070167.838692366 1248566.1150920934 -1477763.8736782954
-6067956.803844641 1255067.2540468432 -1481332.9856905378
-6066253.83032178 1262003.5263978262 -1482414.437822897
-6064681.632720759 1267640.8274358143 -1484036.5313419055
-6062086.505325133 1277481.9942041214 -1486199.1644591868
-6060108.5533428 1282699.992402532 -1489767.1130723685
-6059273.156847002 1289264.7148147982 -1487496.6574237663
-6057674.117309042 1295888.4263724342 -1488253.498191115
-6056758.913133276 1303986.0765286284 -1484901.606302617
-6054303.451947756 1312526.592565824 -1487388.5355014119
-6052941.985922259 1319644.1166898638 -1486631.6693604116
-6051216.2402462475 1329228.3191542614 -1485117.8705201847
-6048488.760979122 1337263.2444428958 -1489010.3167444144
-6046266.510008352 1344522.0106760655 -1491496.849731512
-6045971.820205576 1349551.4361919155 -1488145.379441274
-6045797.927057033 1352947.1091152506 -1485766.6523144073
-6045219.206565718 1360020.961728634 -1481657.4260697628
-6045196.196637325 1366224.6820230465 -1476033.2185938936
-6044000.60095574 1373828.8581120686 -1473869.737889054
-6043619.303030218 1378513.0343924225 -1471056.9445302726
-6042497.595017846 1384915.6708636547 -1469650.4342189045
-6042425.935822656 1389006.8603342639 -1466079.722266851
-6041763.883895785 1395295.3826421867 -1462833.1984303335
-6041218.368994122 1401834.773987055 -1458828.6001339115
-6040195.0277878 1409598.6837775093 -1455581.181858385
-6038616.338796288 1418346.2742017212 -1453632.5392892836
-6036828.82508394 1426155.8909083866 -1453416.0145887188
-6037070.66548127 1428326.8889815698 -1450276.207554191
-6036273.72323183 1437263.9421392286 -1444753.5772052424
-6036206.378196886 1440588.0574354539 -1441721.057829695
-6034405.792735709 1449512.4121274322 -1440312.9853216745
-6034060.066005499 1449874.9366104223 -1441396.1246051127
-6033484.740597129 1447954.6727359192 -1445728.2423345742
-6032883.826082308 1449592.307540539 -1446594.5813923802
-6032804.084450004 1450464.1480322012 -1446053.1227851138
-6032251.545478047 1452113.3195541303 -1446702.8717919919
-6031321.034742379 1454896.5576625618 -1447785.7515446648
-6029896.271967571 1457671.471046306 -1450925.8533120425
-6029620.499920048 1458273.1423244344 -1451467.212622846
-6028171.780054473 1460484.4223156117 -1455256.4180680702
-6028591.157513492 1460586.027622878 -1453416.0145887188
-6026243.074092861 1466811.3386631112 -1456880.1971051549
-6025493.382109918 1467631.4561031696 -1459153.3199791159
-6022233.207239483 1480205.430419911 -1459910.9840594637
-6020511.841769779 1490372.1116299555 -1456663.6990003989
-6018973.292323243 1494674.611906858 -1458612.1180151305
-6019545.328333683 1494482.0495106238 -1456447.1991207418
-6019645.585917419 1492387.8822150095 -1458179.148446009
-6020269.48629388 1491984.9125106216 -1456014.1940377816
-6020218.778461557 1492083.8722370274 -1456122.445973895
-6021022.770739318 1491056.235869258 -1453849.0622186414
-6021143.199624716 1489301.6465912878 -1455148.1625846617
-6021701.441793377 1485982.8066501843 -1456230.6974664482
-6021976.496247668 1483486.3510988879 -1457637.926490652
-6023375.331854441 1479928.7713688572 -1455472.9277049648
-6023917.3608521875 1475157.5732042287 -1458070.9049431793
-6025050.3027548045 1470308.7203212802 -1458287.3915046519
-6026129.1863464285 1461993.9915729736 -1462183.8455092644
-6027804.455597408 1455940.9669444137 -1461318.0166729626
-6029697.57342088 1449717.2510983488 -1459694.5108310129
-6029898.367204896 1449208.913468426 -1459369.797653556
-6028001.1025383 1451312.7441306117 -1465105.8072784778
-6025828.423223978 1451791.0857198355 -1473545.200287545
-6024557.734923349 1446257.1365826896 -1484144.667294562
-6024061.547336552 1435133.8940319659 -1496901.5265212983
-6025082.069315985 1424713.1902295204 -1502737.2969328454
-6025142.4959917255 1415514.4308555801 -1511164.38517926
-6027185.587163627 1406673.5978428528 -1511272.4066226098
-6028277.2503400445 1403267.7102904953 -1510084.1454332084
-6028213.020325674 1404472.859508825 -1509219.9205149359
-6028292.177391751 1402272.988791367 -1510948.3409116128
-6028237.567371653 1399709.6941103535 -1513540.7505391429
-6029448.183524913 1397994.605475367 -1510300.1970634551
-6029840.583510128 1398750.9934960424 -1508031.5632134767
-6030272.078029234 1396189.4683834428 -1508679.7649985694
-6030322.67392467 1393983.5423496894 -1510516.2468534473
-6032296.907500781 1388119.5280336791 -1508031.5632134767
-6033411.526950137 1387378.1435485932 -1504250.0567621314
-6034161.874134566 1388326.900324836 -1500359.921677214
-6034688.960014525 1392441.1728428744 -1494415.5165317247
-6034338.156097056 1398351.5551474877 -1490307.6682644382
-6032101.851979835 1406821.9005377009 -1491388.7445964355
-6030554.642941972 1414009.6558891966 -1490848.212107166
-6027864.065262061 1422149.8447849767 -1493983.14237491
-6025164.517878689 1431174.4884646132 -1496253.0254150566
-6023485.598871883 1437774.38057054 -1496685.3613094625
-6022259.524325161 1447484.1953132015 -1492253.5729537983
-6021595.19830622 1457110.941565264 -1485550.3935263434
-6020128.773202148 1466881.331173335 -1481873.7173992742
-6021201.236213992 1468367.3282331082 -1476033.2185938936
-6021763.377210324 1474184.4971111584 -1467919.2407505393
-6022325.5098111015 1478333.446465221 -1461426.2468358467
-6021062.860841621 1485490.7672181346 -1459369.797653556
-6020385.643131898 1488445.261595217 -1459153.3199791159
-6020333.722418241 1492781.5525734865 -1454931.6502880875
-6019381.622781231 1495668.335015525 -1455905.941658141
-6018198.91545049 1500840.2216053773 -1455472.9277049648
-6016231.072026009 1506931.637501306 -1457313.187988911
-6016491.47560329 1509340.5870022865 -1453740.8009753798
-6015791.37051262 1517314.5952491723 -1448327.1748847845
-6014824.887240349 1524330.5994141807 -1444970.1725377315
-6012384.563391081 1534437.5672125581 -1444428.6809058627
-6009308.9307465665 1544717.1611248367 -1446269.70754973
-6005902.249836141 1554685.8543347623 -1449734.8239400792
-6002187.782765434 1565354.675829332 -1453632.5392892836
-5998463.588106505 1575569.8846136057 -1457962.6609961954
-5995050.217652872 1581722.0465783689 -1465322.2359563732
-5991758.214433614 1589357.489317724 -1470515.9879841371
-5988664.847198823 1593684.3550515235 -1478412.8396321218
-5988729.744369974 1592134.7745891288 -1479818.8769043228
-5989841.734874229 1594669.2391442882 -1472571.5632477307
-5988727.869408507 1606579.4141609313 -1464131.856140068
-5983778.35796325 1619141.8380900638 -1470515.9879841371
-5980533.812411751 1625995.978315489 -1476141.38791026
-5979730.406635132 1626001.7106770512 -1479386.2581619923
-5976873.537382835 1635199.6979237462 -1480792.2427008057
-5974798.6195576405 1640910.48275915 -1482847.0060337463
-5973752.707333134 1644323.9698121534 -1483279.567017379
-5972927.558321018 1648583.5340469042 -1481873.7173992742
-5972403.6035163775 1654161.4583697421 -1477763.8736782954
-5968964.609887176 1663645.45100767 -1481008.5412501544
-5968111.55257297 1662172.9529414705 -1486091.0371019929
-5967315.836925052 1668013.23784156 -1482738.864658503
-5965638.4568576515 1672372.3627687148 -1484577.206583896
-5964651.781501299 1678947.133320964 -1481116.689848134
-5963921.185787469 1683348.2446989776 -1479061.7893733375
-5963555.155018033 1688527.818251327 -1474626.9765772126
-5960480.595208679 1700474.6997293187 -1473328.8396421466
-5957031.344040915 1707476.159923651 -1479169.9460868146
-5954976.4710009275 1707786.987010509 -1487064.1670159742
-5954860.856639132 1704604.8383723919 -1491172.532963406
-5953701.529753969 1701350.269575877 -1499495.3667215307
-5954588.13162228 1695759.6172098329 -1502305.0633554554
-5953780.786415648 1694855.6768455603 -1506519.0280817044
-5953984.000313987 1692217.7432850976 -1508679.7649985694
-5951226.395981292 1694577.6729607687 -1516888.8865300552
-5949519.913716358 1691061.205508811 -1527470.391043823
-5947993.409343825 1688607.9180919006 -1536105.0424237791
-5946646.372145542 1685870.5205555514 -1544305.187639418
-5944501.960826515 1687392.4879310627 -1550884.9181688307
-5941280.04194799 1693763.5294938874 -1556276.8292649256
