-5928625.99849397 3725.0660667506286 -2332599.599987998
-5930812.422394042 11179.331281880284 -2327010.965364925
-5933265.44994362 19364.8570310933 -2320695.392079172
-5935153.778041643 23100.235077067355 -2315827.50008229
-5936944.854261757 29013.616828693608 -2311165.292118539
-5938699.662009881 32546.382624171438 -2306605.3102821484
-5940899.347404247 34632.26917435838 -2300903.42038592
-5944298.194221835 36000.84875330568 -2292087.240281242
-5946226.08494376 40682.87428731774 -2287002.6782831117
-5948445.794020465 47758.209783868675 -2281085.8793562534
-5950377.011099991 54420.8406562012 -2275893.8459152705
-5952570.384230333 61402.321418747575 -2269972.813869878
-5954750.864614638 68285.00863953767 -2264049.5352280447
-5956398.443837927 75686.05350947478 -2259475.6470361194
-5957627.109511373 78197.60713754728 -2256148.3457993465
-5959857.410261968 81972.24661479886 -2250115.8192702937
-5962085.007950592 88039.477769396 -2243976.917957241
-5962927.951081551 96796.13590151125 -2241374.9704779238
-5962569.149198471 101890.983946869 -2242103.558807436
-5961004.618776042 108420.7553172734 -2245954.1123422645
-5960205.204889401 109238.69437301195 -2248035.1027644076
-5959177.904931675 102977.45076817983 -2251052.0522652115
-5962576.738181317 94292.19506242618 -2242415.8007045323
-5964996.762381686 96933.85518643289 -2235857.431164765
-5964813.375250987 98597.01266111685 -2236273.916031138
-5965806.128914325 104445.99766600305 -2233358.2931943177
-5967076.535931416 107489.40083261796 -2229817.177045098
-5968560.456273005 113455.91577094767 -2225545.9633516325
-5969945.289048415 120049.04948481772 -2221482.04392618
-5971111.714937772 129143.2089418332 -2217834.060365452
-5971887.661013012 137711.04594399637 -2215227.851049537
-5972598.39851962 145237.03658840925 -2212829.7659792737
-5974450.870699589 151438.03432337393 -2207406.694598255
-5975869.011065952 159092.9199029876 -2203025.19400446
-5976517.403970589 164955.83063493023 -2200833.999641087
-5976642.875513051 170074.60221142226 -2200103.5358050135
-5976284.280246359 173196.15383740308 -2200833.999641087
-5976408.914587736 178106.47763211827 -2200103.5358050135
-5976874.515224217 181774.72776380111 -2198538.145588945
-5978022.115179745 188075.79205815794 -2194884.9826046904
-5978022.330831594 198729.23018513384 -2193945.4653999084
-5977126.494390709 207054.70875680188 -2195615.6807679855
-5976340.222921147 214129.14156674745 -2197076.9787667207
-5976265.605949092 217259.7095707749 -2196972.604687448
-5977106.994821234 223558.02207377652 -2194049.8588741194
-5977717.072729682 230685.5813540375 -2191648.6399401347
-5977532.961878471 238306.1146720665 -2191335.411425256
-5977186.838751143 243098.89090872795 -2191753.048109908
-5977737.814541867 246465.49714701413 -2189873.598934945
-5979329.90519771 248621.89811612945 -2185278.480328188
-5981239.785312257 254871.3737032185 -2179323.797296862
-5981738.357011456 260959.13712447643 -2177233.9233553037
-5981580.342444976 267123.74394065497 -2176920.41937664
-5981159.896194582 271393.66952907015 -2177547.4213649565
-5980841.742577812 273366.6689919915 -2178174.399473794
-5981226.327788147 272442.76236446755 -2177233.9233553037
-5980992.995292479 275047.30133039155 -2177547.4213649565
-5980702.942526223 280473.58396280935 -2177651.919374912
-5978846.675845127 285092.8085012639 -2182144.7058516853
-5977797.294489929 283892.51661580143 -2185174.030826475
-5976975.437594417 285108.13634189585 -2187262.894346421
-5977421.138378131 286175.0360780035 -2185905.163358199
-5976470.119801594 292402.71207183576 -2187680.6350771924
-5975416.590981292 293605.6643944252 -2190395.6898380313
-5974153.980649668 296679.3180467497 -2193423.4880047776
-5972483.222204513 295551.3907539334 -2198120.682744469
-5972739.283541287 293474.1132937209 -2197703.2091866196
-5972245.628027213 290210.8458395315 -2199477.3978077043
-5970864.105581882 290143.71316911286 -2203233.863751717
-5970287.7754961755 290115.7074151514 -2204798.801267802
-5969022.178625404 288383.42915548274 -2208449.734285697
-5969158.72648649 284735.2708416821 -2208554.0345549383
-5970304.332127174 284163.2891838819 -2205529.053733751
-5971702.926933511 286319.13146501884 -2201460.085354909
-5971797.573035204 289144.3458113169 -2200833.999641087
-5971369.149077667 293197.8479331112 -2201460.085354909
-5970004.198691856 295115.36165650387 -2204903.1250637667
-5969693.840720555 295935.58882418607 -2205633.3728274847
-5969321.50241171 300303.785597101 -2206050.642483359
-5970331.466451761 306204.9614475468 -2202503.507892975
-5970034.804972672 316324.30811669474 -2201877.4624191527
-5967200.139093081 323903.1817394855 -2208449.734285697
-5962888.50071553 324191.0392776479 -2220022.949900875
-5958383.897040667 314559.8533815074 -2233462.4317698046
-5959466.971392448 294907.2749168884 -2233254.153938511
-5961175.773877232 282164.65712497075 -2230337.978694871
-5962599.334715844 275035.73590693343 -2227421.2708017975
-5961833.653776001 271350.8941650503 -2229921.3387336624
-5960277.746231526 266068.184698957 -2234712.041599151
-5958980.982445547 256423.55533622636 -2239293.1052278574
-5959752.693211018 244577.83406721434 -2238564.3879162828
-5962230.495454849 240301.74583060137 -2232421.015404351
-5963011.246157434 236372.07542963754 -2230754.6077856827
-5963476.1326526385 235452.29668498243 -2229608.85163028
-5962189.513051828 229461.07225927227 -2233670.7068796917
-5963411.217889554 220857.03530550847 -2231275.3788596084
-5965527.644126215 214054.48839823445 -2226275.275693127
-5967974.727932922 211847.83775213544 -2219918.7238261024
-5968685.90075829 209265.51063150712 -2218251.0146846194
-5969098.253664172 208549.81171515543 -2217208.6086196094
-5967789.242912732 203811.3928293817 -2221169.392083374
-5967628.024071712 195881.24709781786 -2222315.7523964406
-5969044.80775761 188001.92056438897 -2219189.1223701523
-5971125.338023745 179513.65622492187 -2214289.5124259545
-5972958.089967038 176334.2054943966 -2209597.000240084
-5973417.580579194 172487.01693433092 -2208658.3341514147
-5974434.060654821 167924.6079529274 -2206259.273279414
-5975921.598986558 162851.8267964228 -2202607.8464572406
-5977886.885962758 159773.08918040732 -2197494.4683908154
-5979586.483259 157834.20997027084 -2193005.8940616916
-5981096.167160289 158605.29906456106 -2188829.367102226
-5982175.099683276 159678.73550162502 -2185800.7178510074
-5982703.244819279 159901.8177006667 -2184338.4108523307
-5983096.105862338 158031.34576395486 -2183398.2874800838
-5983697.096271672 158360.7443637252 -2181726.824035153
-5983122.347723052 159913.01921165167 -2183189.3638582104
-5981986.158750822 161031.93710031878 -2186218.49588446
-5982500.311625871 156030.3701140693 -2185174.030826475
-5984277.206804114 150641.98857617407 -2180682.072976838
-5986546.729910377 146517.14556874763 -2174725.724465904
-5988338.531196211 144574.0171359786 -2169917.2770776213
-5989354.959009423 143238.83015094488 -2167198.8400989464
-5989815.509345024 141367.02623963132 -2166048.597770136
-5989348.008858356 137067.78947021937 -2167617.0902339295
-5990595.756057613 130296.84343408854 -2164584.537525764
-5990984.596931548 124447.1586355412 -2163852.458934409
-5992236.61444806 116626.17099866933 -2160819.2179602254
-5993192.608361248 107855.2142734758 -2158622.38750508
-5994680.090957923 100241.91678775441 -2154855.7179522333
-5996330.2143271305 93465.11301859467 -2150564.863796479
-5998734.406463219 88161.78170886752 -2144074.1640531695
-6001072.126059367 86729.48851932281 -2137580.9537078305
-6002202.4747652 85907.58576936428 -2134438.1786853885
-6002014.403893771 83390.27596217301 -2135066.7805309165
-6001628.036946864 78879.91325607429 -2136323.9139742
-6001941.273770098 77731.54399695198 -2135485.835420791
-6002453.694237176 75537.80754291754 -2134123.8689846676
-6003568.888012062 75656.64034705097 -2130980.450324454
-6003550.400573842 79953.1796748277 -2130875.659636091
-6002981.098378066 83508.498974752 -2132342.6701903823
-6001942.436805342 88418.48193955552 -2135066.7805309165
-6000939.084153217 93117.90580310838 -2137685.702787289
-6000346.767546146 97508.30852110381 -2139152.1215116684
-5999503.51646813 101055.75728991599 -2141351.5100994287
-5998849.8401872525 104291.38764144183 -2143027.041674742
-5998341.763428256 107633.70608387409 -2144283.580692407
-5997106.264110945 111695.00201818535 -2147529.2043381897
-5995177.061212011 108414.27521426803 -2153076.717083504
-5994196.925282936 102117.50640149768 -2156111.3690658347
-5995270.483970907 93971.908817958 -2153495.322581488
-5997156.568594312 90965.31630908955 -2148366.6826207475
-5998260.418095746 89830.21464452278 -2145330.6246923264
-5998904.432254793 89316.23953062226 -2143550.6110259914
-5998989.286188959 86071.04367031106 -2143445.8984615398
-5999636.13687491 82624.09891419028 -2141770.408653392
-6000404.939264452 78235.36936140257 -2139780.5475869845
-6001491.286238751 75001.88484728822 -2136847.69192137
-6002110.994766764 73123.72353884067 -2135171.545229033
-6001461.39408952 71334.88210043812 -2137057.198544014
-5999968.427453772 68070.40291345696 -2141351.5100994287
-5998746.135410172 63553.98542904537 -2144911.8149326337
-5997703.725015931 59250.624856055176 -2147947.9487138875
-5997155.512735072 57779.688096056816 -2149518.1468680063
-5996887.802140139 58300.485037897524 -2150250.8555950313
-5996322.260792927 62272.30058759153 -2151716.1767525766
-5995980.320374726 66141.22875918589 -2152553.4454543074
-5996011.487525276 70014.12711357376 -2152344.132212469
-5996451.038588842 70961.31014654328 -2151088.197696476
-5996997.790163804 78295.63093862013 -2149308.795623924
-5997302.648182501 86151.53872921696 -2148157.31697605
-5997768.325251406 97361.6992657966 -2146377.6033417373
-5998133.872578293 108781.90951072685 -2144807.110859187
-5998920.4081770405 114766.19873097993 -2142294.017166145
-6000109.617841847 122646.15066043194 -2138523.6719779237
-6000700.031056781 128316.21930079842 -2136533.4271055763
-6002045.297312164 133270.83092686156 -2132447.4517879677
-6003239.700288435 133087.69598253976 -2129094.118647384
-6005388.634290472 134918.0585605663 -2122909.670383804
-6005362.200648174 139321.9203316598 -2122699.9885855825
-6006184.2785530025 140599.60767214684 -2120288.4620695338
-6006662.541152227 142289.1101993933 -2118820.4090572046
-6007067.665003199 145445.80456399528 -2117457.103699564
-6005521.767132029 148135.22171334908 -2121651.540802901
-6005190.063740423 146553.93823457524 -2122699.9885855825
-6004989.103544731 144137.06458536733 -2123433.863561982
-6005320.2947145635 139530.68634947497 -2122804.829808015
-6005416.214540815 138589.08061478141 -2122595.146716539
-6006991.520886996 134429.5968198783 -2118400.942100098
-6008616.549040272 131108.4795017912 -2113995.9160798048
-6011145.038048652 128329.6462091115 -2106966.500314351
-6012899.155510196 130466.96428660798 -2101823.759713121
-6013435.178953698 132788.69461809206 -2100144.1643619924
-6014068.89390903 133957.87457438695 -2098254.4238379053
-6014440.968182819 135331.4795218693 -2097099.480447824
-6014993.615734133 139965.51764614836 -2095209.4063715134
-6015338.026279494 143965.27752805076 -2093949.242093081
-6015366.280539109 147327.53768848514 -2093634.1866696116
-6013794.781138998 157371.7260289249 -2097414.4726763032
-6011215.608785581 164653.58614288288 -2104237.8908438287
-6010151.310454212 167248.8561618473 -2107071.438171492
-6010891.98032295 169684.28964360798 -2104762.6571035017
-6012403.650613774 172037.42545135028 -2100249.1438708506
-6013755.458015148 175962.87153361208 -2096049.4648348985
-6014638.260785637 177039.35893230207 -2093424.146531792
-6014596.960181703 179664.8139242969 -2093319.1255063252
-6014940.062367909 180410.58485741253 -2092268.8801855613
-6014176.512849169 182699.06536685795 -2094264.2917758697
-6012845.736650712 181923.35607728656 -2098149.432179447
-6011595.421273527 183250.77254757626 -2101613.819255073
-6010861.794022325 183228.4094723652 -2103713.1085594674
-6011657.220350619 184827.97957900964 -2101298.903766671
-6011743.420149147 184410.5351002609 -2101088.956907222
-6011576.001666004 187451.0422013676 -2101298.903766671
-6011545.060503447 186084.7845417677 -2101508.8480657516
