5431535.890366458 -3289973.3538309163 -513939.88242167153
5429869.687041687 -3292462.664244835 -515602.35288410244
5427914.412352777 -3295424.596506549 -517264.78800770536
5426260.444748633 -3297921.034867457 -518705.53644157277
5425023.740928448 -3299763.1445069127 -519924.6104163109
5424424.477397823 -3300695.7838963512 -520257.0818126445
5422888.269899185 -3303393.451573551 -519148.83828320785
5421558.184967784 -3305697.6902512796 -518373.05840115756
5419892.179172872 -3308705.848813105 -516599.81820621586
5418447.602867997 -3311329.9565355913 -514937.36893340864
5415828.984254878 -3315834.541319025 -513496.55101122777
5413485.383466779 -3319727.910449419 -513053.2170980639
5411444.221946425 -3323156.7452404406 -512388.2115404451
5408903.725782149 -3327579.774039285 -510503.99863728945
5406576.6257528635 -3331613.812949083 -508841.42051296704
5403041.665094559 -3337377.3722084044 -508619.7407922034
5400862.698575951 -3340851.793783795 -508952.2601408627
5397960.296625156 -3345573.0200204127 -508730.5807300693
5396251.1659733225 -3348295.3798356964 -508952.2601408627
5393438.460155825 -3352941.8938953644 -508176.37949173327
5391608.491563825 -3355850.1584286815 -508398.06045170204
5389118.541700586 -3359914.339438954 -507954.69791256683
5387048.494382927 -3363064.715371726 -509063.0996137227
5383660.858642102 -3368266.976725618 -510503.99863728945
5381433.88398819 -3371318.7419526945 -513829.0498038088
5379162.295504796 -3374603.808247779 -516045.67237711925
5377495.098352045 -3377090.352470807 -517153.9601011798
5374779.907480251 -3381274.3019043147 -518040.5789395932
5372870.765014431 -3384001.1656985553 -520035.4343735118
5370954.507767678 -3386854.3568942565 -521254.48744011344
5368936.069087271 -3390036.091269501 -521365.3094941442
5366485.7564321095 -3393862.557305615 -521697.77470319945
5364633.325580411 -3396755.864620294 -521919.4173813681
5360985.292432693 -3402578.483843032 -521476.13138935796
5358443.517842405 -3406478.0610120953 -522141.0594235938
5356388.267895318 -3409504.9409231017 -523470.89830702153
5354411.548718014 -3412318.9041762864 -525354.7974048582
5352416.600251258 -3415515.3962155194 -524911.5311835906
5350011.6729055885 -3419502.057083691 -523470.89830702153
5347678.595562662 -3423403.3398906398 -521808.59612175985
5345313.04516725 -3427415.685385329 -519702.96202680835
5341685.856133331 -3433384.0856601554 -517597.27078173973
5338088.175568563 -3439108.2764628404 -516710.6469000743
5334288.297501203 -3444965.943578203 -516932.3038155602
5330993.135570439 -3449830.0900101434 -518483.8845725798
5327059.001318086 -3455468.363410672 -521365.3094941442
5324310.290491248 -3459233.148011271 -524468.262403968
5321008.274037394 -3464091.7714690343 -525908.8765804643
5318676.562768972 -3467333.9099688116 -528125.1531904425
5316806.269542021 -3470082.9959945763 -528900.8348149643
5315220.644982547 -3472223.8123986893 -530784.6001560616
5313804.484739703 -3474475.27765738 -530230.5563694881
5311998.727459964 -3477133.9612924485 -530895.4084284527
5309649.353461077 -3481158.6575605934 -528014.340886022
5306845.085624951 -3485415.3353289026 -528125.1531904425
5304038.6099778935 -3489935.842432831 -526462.9517510452
5300937.306843697 -3494527.732697465 -527238.6502533825
5297870.706449298 -3499275.217296668 -526573.7663041871
5294126.655764129 -3504770.4292814587 -527681.9030078413
5290782.8816777365 -3510132.0367817483 -525576.4295554335
5287096.248055023 -3515798.4120463757 -524800.7142284464
5283426.291163516 -3521476.075979381 -523692.5358900846
5279428.618353749 -3527334.8654051996 -524579.0798386013
5275801.93178543 -3532641.690493506 -525354.7974048582
5271969.326268421 -3538210.543582859 -526352.1370375336
5268649.094353712 -3542921.899399805 -527903.5284207592
5264891.91513536 -3548006.6392495013 -531227.8322751707
5262329.335817363 -3551490.7733370056 -533333.149446119
5259631.885972445 -3555284.675181571 -534662.7932454346
5258088.048997713 -3557450.8823397737 -535438.4079680808
5255804.78812765 -3560989.759786325 -534330.3844920401
5253161.669350778 -3564954.132214623 -533887.170542276
5250522.478637624 -3569055.2258635545 -532446.7072459694
5248894.668311184 -3571432.2415841618 -532557.5130890165
5246335.548333874 -3575454.1001844057 -530784.6001560616
5243660.712339776 -3579128.9216522 -532446.7072459694
5240532.765210005 -3583970.237535432 -530673.7917219844
5237313.860443049 -3588212.2732105753 -533776.3666481723
5234769.110988518 -3591841.365490557 -534330.3844920401
5232242.010949011 -3594810.338296329 -539094.7695332308
5229983.025076068 -3597963.1644951133 -539981.1333301216
5229050.735891473 -3598801.0205596103 -543415.6934538712
5227558.432986602 -3601001.8029058487 -543194.1137194751
5227032.800768854 -3601177.820509412 -547071.6632741952
5226042.494562485 -3602378.94442677 -548622.626016998
5226881.105704553 -3600535.2262438983 -552721.4410582933
5226345.739336952 -3601108.0230504633 -554050.7370594041
5226592.848556796 -3600202.1550238268 -557595.407420784
5226304.984512418 -3600138.365361678 -560696.8513480354
5227683.060556273 -3597321.9383061044 -565902.5451034957
5228608.708587423 -3595135.7801217316 -571218.6052399405
5230049.297427634 -3591691.628389417 -579634.8790696439
5231045.037005612 -3589017.5297610527 -587164.3653073875
5228996.811374869 -3590431.6515387506 -596685.7650892811
5224749.018099704 -3595706.0595205463 -602110.1488875685
5220498.948854644 -3602187.9114642306 -600228.2695013077
5216776.758187057 -3608766.253483502 -593032.362487898
5212708.660994587 -3616723.74767939 -580188.5457021515
5209031.9881313685 -3624552.882371932 -564130.4366132717
5205293.2224616315 -3632613.635932638 -546517.7400883405
5200911.9319902295 -3641582.463793636 -528235.9653339869
5196215.494529768 -3650742.1633286383 -510947.3468991602
5192011.793984991 -3658762.828473475 -496093.83799997234
5185558.526625275 -3669678.1461078497 -482789.8827879107
5178071.067652966 -3681359.9615871767 -474141.1726038358
5170639.762796786 -3692540.3567243144 -468263.98254303884
5164111.06930987 -3701777.514609754 -467376.8245868669
5158874.106579143 -3708665.7218146203 -470592.72869912133
5152638.012739626 -3716746.6017673984 -475139.1458521749
5149324.078358008 -3720781.80358664 -479463.5608062454
5147249.698417688 -3723249.8626903263 -482568.1320968995
5145657.860832125 -3725793.254559939 -479907.0780184594
5143127.360710789 -3730121.6552839563 -473364.96309902705
5138985.313672019 -3737118.405529514 -463051.7993873192
5132851.130103324 -3746920.333314543 -451739.18580422126
5122981.649366026 -3761965.347606354 -438539.32967061613
5112504.597930038 -3776844.07929959 -432881.6660518705
5104452.007312288 -3788136.7907800307 -429220.6418432528
5098193.149730222 -3796893.4311450017 -426225.15243914456
5093387.843602248 -3803966.993160276 -420566.74808169453
5087564.833112458 -3812636.3763022344 -412466.8847003083
5079550.889605205 -3824242.36233758 -403700.5251590161
5070056.880300105 -3837515.0641211793 -397042.0168755344
5061745.019619951 -3849040.353700313 -391492.9270615047
5053564.618343067 -3860388.748234195 -385388.58407835197
5045911.214714764 -3871304.198993025 -376064.90407209354
5038914.114558924 -3881467.0750765614 -364964.23276186816
5030658.414680338 -3893186.1349662 -353862.44970729604
5022003.095918814 -3905442.0436004293 -341538.20966322423
5013553.08325473 -3917580.654332714 -326325.44826455123
5003205.586663746 -3931764.300031169 -314331.5869859276
4993368.147736203 -3944939.80948179 -305557.5898898677
4981774.728727644 -3960411.6571903587 -294450.43352205283
4969717.062658598 -3976227.6968498086 -284897.5604045473
4958152.839214866 -3991446.3876691214 -273344.39330025687
4947705.706482938 -4005000.5438171835 -264234.5285163151
4936855.909772538 -4019089.3368533994 -253013.09953294575
4925000.892449181 -4034369.0894544786 -240568.61688305173
4911087.484528064 -4051844.3497276143 -231123.5273445982
4896275.64188505 -4070310.449702827 -220677.77804554807
4880237.022376046 -4089927.5158085194 -213120.90667634283
4864830.061168417 -4108481.0705907894 -208453.27665753575
4847458.60810862 -4129013.1111937314 -207453.05556656542
4830357.001915332 -4149045.3885371443 -206675.10228902646
4814512.091764514 -4167226.5078132744 -210564.83759563338
4800678.297275073 -4183031.8815751583 -213009.77394919578
4787521.838403912 -4197952.718681247 -215565.810188778
4774833.110752778 -4212396.559146664 -215232.4161186795
4762372.361005184 -4226597.291406804 -212898.6411571623
4747603.6249661725 -4243356.7605679585 -209342.35775460114
4730187.561258157 -4262669.096815072 -211231.64151330088
4720533.011255112 -4272817.50112342 -221900.1841913557
4716508.613710999 -4276818.858475429 -230234.55122740543
4715042.3097924935 -4278339.305991858 -232012.49895591885
4714707.796923425 -4278786.022332926 -230567.91779828447
4714429.8929156205 -4279134.061048631 -229790.06148452294
4711350.92493631 -4282642.4613019265 -227567.59601390501
4708084.152577709 -4286280.604862549 -226678.60204653488
4704267.624920314 -4290620.636211263 -223789.34122214306
4702495.126872361 -4292764.2172570955 -219899.87898764052
4698714.890929502 -4297137.92899519 -215232.4161186795
4693761.772820467 -4302849.080418895 -209120.08786227368
4687064.846707941 -4310430.015009609 -203118.7053398248
4681102.474421089 -4317328.54176627 -193894.00820832848
4672524.804503456 -4326956.893112995 -186002.67858794212
4661577.732977724 -4339088.571158971 -177888.76030785733
4650401.2461516615 -4351159.597666909 -175554.56536994452
4647209.627008653 -4354718.924828717 -171775.3427495354
4641398.4946951885 -4360850.513870721 -173331.5006417439
4642940.021891635 -4359400.95529151 -168440.68427898656
4639176.505597537 -4363491.042160271 -166217.5529205377
4639056.315327214 -4363988.420545489 -156213.21508626168
4632699.239312561 -4370981.02827631 -149209.9477963446
4628259.96832134 -4376115.861830525 -135869.899055797
4618008.777903087 -4387077.780559372 -131089.56683233223
4618662.081235541 -4386625.0109415585 -122973.9514651857
4613192.0398212345 -4392469.326378081 -119638.70844206844
4614608.820320361 -4391208.578159004 -110966.92536200074
4610404.172639958 -4395802.017178428 -103629.10148278894
4609205.872621123 -4397271.040251103 -94178.67255341019
4604528.947667758 -4402336.491400589 -85951.07080423123
4599933.11099688 -4407326.010043201 -75721.96214600942
4595078.151112105 -4412529.55503262 -66938.11422342359
4587291.26131672 -4420775.863109356 -56041.520295023016
4579545.995151195 -4428908.310866394 -46590.25899521064
4571163.500724316 -4437662.341585079 -35470.998342926134
4565997.359110378 -4443030.2378571 -28132.225019309193
4559958.407695917 -4449255.562043888 -23350.882314096823
4555314.6112025725 -4454045.852233721 -15011.301207418515
4546370.290581778 -4463184.583016385 -11897.850235210946
4543259.343615806 -4466363.409257916 -5782.135391740128
4536471.2578509245 -4473255.959867795 -7116.473825365451
4534834.131598831 -4474921.039450599 1445.5340339764987
4527877.65873294 -4481959.872834186 778.3644845755668
4527325.559884518 -4482508.578086744 9006.786058055792
4521064.587563635 -4488827.731328934 6449.3046439150585
4520270.838999355 -4489606.575517295 15011.301207418515
4515410.703350929 -4494496.078147173 14566.522699250558
4514824.34208851 -4495010.648157336 29688.937960299285
4507744.355687226 -4502083.313259288 33580.71235442996
4499345.7076517735 -4510353.136789835 47368.602319116624
4489172.27704241 -4520464.721046242 48702.90350872247
4479235.086047501 -4530182.686344293 59488.4212888521
4467798.047481841 -4541387.984994744 64936.71275030979
4457175.467340865 -4551676.646149799 73942.96605663435
4440709.417775136 -4567598.081787074 82393.14375757167
4424766.5566768125 -4582780.167017048 95957.59328790517
4407024.1198333595 -4599778.734492193 99070.6864839224
4397314.299330554 -4608929.085440911 105074.44161084303
4389574.368135017 -4616278.365585075 106075.05853522335
4384895.450943343 -4620554.165854391 113190.47973217933
4378995.9804046145 -4625966.031844943 120305.75969992249
4369753.798939246 -4634476.464895976 128532.61446549447
4359948.113825866 -4643522.768072485 134869.37064698164
4351541.323179839 -4651297.360581401 138426.78970037194
4345133.122314836 -4657139.777111226 143207.00335851882
4337362.358643478 -4664291.672996347 145986.1604386722
4332131.96198391 -4668951.205849473 152211.37064681266
4325412.776711796 -4675111.108566305 154212.30047660912
4322070.006103608 -4678045.389438035 158881.07721535844
4316575.930635791 -4683073.776494576 160103.83806950305
4312471.129126932 -4686656.921308154 165772.92420980713
4306698.720081479 -4691874.861262742 168218.37206225152
4303251.62587648 -4694858.8532233145 173109.19300285893
4297812.009680639 -4699781.372334066 174665.34203039037
4294328.5199885955 -4702724.976709392 181000.98299790005
4290327.164525857 -4706255.004219388 184113.16246127858
4287179.533315826 -4708906.443566254 189559.37027247687
4283352.831941078 -4712297.643083606 191782.2726193292
4280434.664870909 -4714705.242547318 197672.8501041257
4277391.936560149 -4717306.060124349 201451.6223918549
4274440.50780695 -4719841.908183219 204674.63686656792
4272405.191491078 -4721567.981942833 207341.91957337045
4269671.879243838 -4723847.609738867 211676.1761719672
4267739.91840626 -4725356.245571193 216899.38055017285
4263806.165818642 -4728793.301360286 219344.23479318377
4261886.586158848 -4730315.217559462 223789.34122214306
4258592.118059207 -4733133.2303074505 226900.85095335596
4256555.059234242 -4734690.2860427685 232568.1039171553
4251084.697243778 -4739575.216624833 233123.7071072843
4249102.473087059 -4741192.85211128 236346.17046685575
4245551.29790797 -4744389.647572828 236012.81498200956
4246300.54889888 -4743394.035312611 242457.5719209619
4243293.911697105 -4746032.677592859 243457.59831034683
4243258.153007524 -4745659.283344676 251235.3743796334
4237306.6817659 -4750838.167111896 253790.84809138166
4235484.997790486 -4751967.037266371 262901.3317303513
4228772.343988199 -4757793.527692697 265567.7137116555
4225250.709228936 -4760353.001461071 275566.22732284374
4216647.461713028 -4767729.446156777 279787.6192376248
4212492.054121491 -4770743.7419493785 290784.87342731986
4202526.159658878 -4779259.450948873 295116.88853516814
4197343.402451834 -4783120.7636778075 306112.92355648236
4186749.5092424965 -4792096.285460006 310777.63390908885
4181399.3037882885 -4796099.911978011 320883.9301107713
4169571.8997356636 -4806192.18518996 323771.295753173
4163805.4444627766 -4810559.642614754 332988.206260153
4153476.744575077 -4819326.387427449 335209.0448056259
4150676.465395578 -4821009.351241931 345535.4031776294
4141720.912722459 -4828304.766268517 351086.83419656765
4137929.4258776316 -4830534.462565788 364853.22037810215
4128494.6392319845 -4838119.248868714 371180.7478288738
4122577.6210165326 -4841786.1234458955 388718.27008827846
4111212.956672147 -4850692.823165096 397929.84329613054
4102986.807363479 -4856260.672312007 414575.1333075434
4091519.239195249 -4865036.133435226 424893.7933940237
4082969.266613972 -4870552.651755427 443531.0974034869
4070911.974601598 -4879303.0545732025 457950.21200773545
4062052.149230884 -4884780.462008887 477800.3504655453
4052956.0999085945 -4890834.103672966 492878.9126785246
4044279.4610574287 -4896171.0244691735 510836.5100670733
4032088.5686848518 -4904729.417481809 524911.5311835906
4020193.2844575755 -4912765.937286154 540756.6930173897
4008226.2950074067 -4921055.857107815 554050.7370594041
3997587.2944450947 -4927985.96251221 569114.3791662223
3986072.102784802 -4935937.606341203 580852.939828517
3975004.422346137 -4943555.038512021 591814.5178441077
3965719.1048389818 -4949495.470847039 604324.0567607357
3956050.3392390017 -4955658.666098157 617052.5897629972
3947347.502212036 -4960896.227327374 630553.1844891649
3937704.427531345 -4966721.774312818 644825.2925924715
3928502.726978639 -4972205.837827093 658541.1379705694
3915871.3503314266 -4980834.066044016 668494.2589050242
3903552.592063991 -4989136.149504908 678556.2929439499
3889767.94252559 -4998606.459880664 687953.3505547666
3876399.5817878144 -5007342.072241308 699780.4326196742
3862826.613138841 -5016344.804842205 710279.0689292019
3851501.3856736743 -5023185.338374147 723316.758064383
3840753.5169535023 -5030226.017925573 731491.3742443817
3834170.6487271357 -5033432.883545487 743861.4409164437
3826251.925739421 -5037796.227277907 755014.1543043177
3819698.237912736 -5040664.839792497 768924.1472122101
3810249.341420266 -5045553.238212006 783602.8819336827
3798721.461681209 -5051888.850856616 798608.3490379942
3788498.3278482356 -5057929.994620085 808866.8551829784
3776268.4953301097 -5065330.277679463 819674.5873826772
3766143.276282267 -5072040.868547344 824746.7795022799
3756066.5882213023 -5078627.483934383 830149.1819389485
3744756.6059759525 -5086323.45400878 834117.9072527211
3733252.357026426 -5094683.04645059 834669.0930935225
3721321.6376565383 -5104141.3190501835 830149.1819389485
3707665.7576917703 -5114230.575814758 829156.9493415264
3695028.7322972175 -5123849.1451365305 826180.128895426
3679722.805451908 -5135047.227922588 824967.2975589349
3665207.8070560605 -5145647.153322367 823533.9122347764
3648074.253430613 -5157702.691340641 824195.4799646658
3631777.4739585468 -5168838.879397524 826400.6404134936
3614411.40722826 -5180944.543416583 826731.4058024909
3597260.5353515395 -5192392.700537712 829708.1922007513
3579716.8255946627 -5204432.801399261 830149.1819389485
3560555.6233971673 -5216645.135569968 835881.6795629582
3541230.427641973 -5229589.018240275 837094.2352228751
3520906.781907563 -5242428.654436106 842495.2440605094
3499828.9586542356 -5255120.734744283 851201.6937400448
3478391.019393165 -5267651.53887298 861559.1571181351
3457058.989573505 -5279721.406958922 873456.3569570759
3436151.7903413083 -5291209.752295334 886341.4866455108
3415031.2207457167 -5302342.413430168 901314.4246441132
3393640.89909921 -5313023.666454736 919033.1700504534
3373045.6436468964 -5323074.825658566 936524.685373923
3351137.3667283966 -5333481.682654891 955768.0106079179
3336139.7071277513 -5338110.263222698 982034.455710212
3323997.512451237 -5341679.888685439 1003562.4066451971
3312105.4148084517 -5345211.511658259 1023871.3868609525
3299394.6699620285 -5349272.799173861 1043511.5389131109
3289046.5453439327 -5352127.692780802 1061387.291581163
3279783.0097544384 -5354216.812415453 1079364.0417272674
3269905.0480746594 -5356964.421058478 1095579.3755312592
3260237.6686710133 -5359198.583509998 1113320.2083331712
3251419.1983988746 -5360704.207504724 1131708.7063040405
3243780.7436508285 -5361185.454133249 1151181.1384443988
3238846.6980993007 -5359787.065467763 1171407.5631716384
3235316.4368269197 -5357535.532166975 1191294.0758544444
3234893.6723385183 -5353456.503892854 1210622.7280170782
3239420.5173092103 -5346812.767457534 1227757.688548206
3245832.395139063 -5340555.989611394 1238012.433092527
3250706.9856701638 -5335559.138350412 1246737.2515813448
3256601.2986841374 -5330147.530106316 1254478.4927252964
3261619.7324852943 -5325817.448827259 1259819.9166665266
3267570.5578328827 -5320927.410454616 1265051.438581235
3274451.1247323547 -5315266.310411008 1271044.7990329713
3280939.6589910695 -5310428.033857968 1274531.3065103444
3289216.0054258537 -5304755.604860851 1276819.1110520633
3296932.4518677266 -5300041.96544269 1276492.2923260662
3306033.9280709936 -5295077.819239095 1273550.766418688
3315449.4626946924 -5289790.258523367 1271044.7990329713
3325146.598876296 -5284537.640948318 1267557.8950808446
3334571.896791649 -5279666.241348218 1263089.721712328
3343081.554512208 -5275584.20610956 1257639.8546991115
3352711.3584788037 -5270819.311953561 1251970.9770855727
3363357.918850689 -5265815.760457651 1244447.221307588
3374546.215779518 -5260838.168048664 1235176.3465880128
3384966.5766266915 -5257073.370166839 1222629.0753138685
3393754.1665790244 -5254386.751263674 1209749.3645265072
3401276.3273610724 -5252746.9019099735 1195663.1337497816
3407358.373370273 -5252288.751749336 1180259.6255362157
3410568.3966143336 -5253621.264872399 1164958.2899383407
3411319.632303802 -5256385.315980198 1150196.8423736903
3413460.3117019897 -5258276.900037975 1135100.7633520365
3414825.922877479 -5260581.596436165 1120217.0252594377
3415652.572483882 -5263262.955018271 1104998.4481512087
3414822.1689157304 -5266611.914580829 1091526.223174191
3414362.262026694 -5269730.00255371 1077829.784257811
3414039.2885760097 -5272457.327799709 1065443.7866873
3412778.7614800017 -5275958.482066484 1052066.642709364
3411142.0631955764 -5279083.534182006 1041646.707778722
3410686.641104333 -5281209.200340972 1032321.1798787768
3410048.137050087 -5283457.3706182325 1022883.6277216999
3409985.383968254 -5284979.5875841025 1015200.1969770541
3409529.0451577436 -5286702.486331894 1007734.8417306485
3410726.161820705 -5287140.414347762 1001366.2107552692
3410269.7840820896 -5288864.303022726 993788.4000070797
3411486.338771333 -5289129.364666709 988186.4825005941
3410669.098930442 -5290699.99233227 982583.7820442183
3411594.02773659 -5290918.02470348 978188.9622050803
3411603.2770193224 -5291540.689424054 974782.6487995329
3413883.831556607 -5290413.543803669 972914.549266835
3414437.524462285 -5290258.195809966 971815.6271687256
3416182.67116075 -5288909.187792988 973024.4398471812
3417733.092383906 -5287259.177572984 976540.7817363265
3421503.053168782 -5283781.826377186 982144.3215754366
3424448.89402333 -5280045.75188824 991921.1814400082
3432832.4138029465 -5272187.400061294 1004660.4587514971
3443255.0168976733 -5263449.040578729 1014761.097914119
3453518.1404493055 -5255679.633053662 1020139.7199856954
3463276.6003267593 -5247948.844392082 1026834.5126031432
3470084.920416875 -5242328.823336777 1032540.6302455355
3475000.5682239844 -5238226.5168885095 1036819.6606011343
3477637.391439455 -5235256.174343081 1042963.068696505
3478665.038353588 -5232641.040032264 1052614.9804684052
3483557.0061088507 -5227523.069597313 1061825.8529616878
3487187.116659463 -5223087.4998374125 1071692.1117776479
3491889.318021348 -5218091.867923708 1080679.0682699804
3495846.9683535392 -5212975.363329795 1092512.1670580902
3501176.1619780282 -5207158.133403072 1103136.735192437
3506068.8405510597 -5201484.925042517 1114305.5504987834
3507011.398131155 -5198183.925778996 1126674.7210934588
3506489.021318335 -5195649.157006562 1139914.7251750834
3505010.608645343 -5193458.55737501 1154352.5657752347
3503729.0303388354 -5191168.81149081 1168456.3545832515
3503336.9188113953 -5188439.4143495355 1181680.1076929963
3503365.8481012704 -5185944.747036718 1192495.624746667
3503219.537681383 -5184557.631908984 1198939.5448569322
3502600.781409692 -5183836.938834328 1203853.5449318383
3501118.412393204 -5184178.266421163 1206692.4066918434
3497167.934665349 -5185545.544442578 1212260.2209345205
3493693.5891332277 -5186249.65517123 1219245.9224806447
3489562.4946012706 -5187538.870546503 1225575.4007164435
3485904.430034161 -5188551.0797793 1231685.4294783545
3481059.752668749 -5190141.45883102 1238666.8784112995
3476342.7963754307 -5191134.746161561 1247718.641875164
3473384.004449965 -5191222.583650747 1255568.653887785
3470831.6497053183 -5191131.699879342 1262980.7337848337
3468414.7147451453 -5191045.578392682 1269955.1840868786
3467015.3837882546 -5190912.314615574 1274313.4114290578
3465136.7391958605 -5191041.476144023 1278888.88165765
3461477.7057504095 -5192622.531251743 1282374.4930906966
3456058.669525524 -5194505.770026742 1289344.5148432374
3453511.5270850807 -5195198.22273759 1293373.3253607235
3450368.7029231004 -5196173.187835701 1297837.0529100064
3448228.7165059918 -5196886.002574519 1300667.3652046763
3444888.7904304443 -5197954.769581996 1305238.8421076264
3442277.945612356 -5199137.263329223 1307415.4895106195
3439202.3602279443 -5200405.377240224 1310462.5281836567
3435775.0504923807 -5201929.456125776 1313400.4476567898
3432686.544083756 -5202977.938878129 1317317.2198122232
3429905.002651133 -5204095.316764767 1320145.6763614179
3428404.98367485 -5204586.643422798 1322103.679375588
3424816.8047766364 -5206257.303178479 1324822.9114943272
3422592.308072398 -5206833.356904017 1328303.1604853247
3419638.018538702 -5208080.0440707 1331021.8167698216
3418212.318851543 -5208682.285971622 1332326.6818078074
3415111.381561659 -5210298.662942329 1333957.6809139743
3411853.0709363744 -5212070.945610287 1335371.1395215634
3406760.7421050356 -5215010.900015559 1336893.2488313536
3402010.9659519605 -5216882.838871644 1341676.5008857946
3398164.9995851205 -5218745.549655773 1344176.5224637473
3393473.236233984 -5220901.0592451 1347654.452942977
3390030.8360942383 -5221985.316804597 1352109.9368791678
3386701.3464353187 -5223441.445626359 1354826.3557245992
3383890.993022407 -5224698.616501745 1356999.3051091009
3379891.7690459797 -5227117.366536497 1357651.157693979
3375148.9769156617 -5229786.000947648 1359172.0891473533
3369787.5297672274 -5233298.654418546 1358954.8181916547
3363723.235782413 -5236521.36645364 1361561.9602985384
3359184.1474441215 -5238699.595157844 1364386.0946422582
3352896.2402475765 -5241366.80559916 1369599.142558481
3349045.699239788 -5243004.50222114 1372748.2267671393
3344474.1918986808 -5245125.326498224 1375788.388179867
3339829.8690322763 -5248140.737130314 1375571.2446809611
3334378.108660354 -5250694.9616690455 1379045.3393525188
3328817.580990903 -5253480.380114218 1381867.7245817846
3324379.424276174 -5255804.490479055 1383712.976490942
3316547.480860615 -5259663.645866421 1387837.2165164975
3311965.6926924465 -5261144.840130056 1393154.4141268518
3306697.2067506835 -5263364.974879618 1397277.2538325072
3301100.0380870914 -5265261.911077541 1403351.8968161517
3297113.8973560003 -5266253.324689596 1408991.4364742283
3293282.094519406 -5267488.574061509 1413328.754412549
3289868.3948547626 -5268777.042800883 1416472.8792991878
3284167.0253779795 -5271311.934848887 1420267.0294489095
3277989.5782757774 -5273693.566143681 1425686.32424181
3272979.0250119725 -5275484.7632784275 1430562.7613805814
3268005.091164534 -5277125.762371077 1435871.6559087595
3263593.7914876025 -5278231.20350564 1441829.368026253
3258114.2519019376 -5280282.50402403 1446702.8717919919
3253226.177270371 -5282464.328301541 1449734.8239400792
3247902.5870130425 -5285382.649372535 1451034.1260582898
3242536.0027699545 -5288022.613347799 1453416.0145887188
3236428.1194142266 -5291108.307060775 1455797.6888350057
3231491.9255625117 -5293618.102043282 1457637.926490652
3226276.2352831285 -5296291.77034222 1459478.0358239685
3220833.61439409 -5299215.656832308 1460885.0915703266
3215573.148693021 -5301812.525845596 1463049.6458395394
3211249.355657874 -5304074.156063096 1464348.292849228
3206606.30370023 -5306643.46675671 1465214.0218405903
3198478.0859367102 -5311815.126430272 1464240.0747176649
3194184.8522723448 -5314755.546990263 1462941.4223577552
3189612.17538799 -5317441.510855004 1463157.8688756528
3185391.1031331485 -5320714.614630008 1460452.159347514
3180068.7031192984 -5324045.826442864 1459910.9840594637
3174454.12864582 -5327098.693826898 1460993.3235135847
3170288.9588259226 -5328776.648305137 1463915.4176469082
3165123.418688502 -5331311.239334482 1465863.299839187
3161225.646197245 -5332163.403429252 1471165.1344953033
3157135.7354596164 -5333749.731465498 1474194.271449865
3152940.6422727243 -5334943.520654686 1478845.474594773
3148379.6138259815 -5337216.703764526 1480359.64018947
3141693.8394290875 -5339502.922082967 1486307.2913636584
3136283.628002021 -5340752.822756071 1493226.47008066
3131641.430348657 -5341811.379252058 1499171.1510754994
3125784.8730114363 -5343143.718985791 1506627.0692893995
3121189.82177611 -5343631.079434668 1514404.8280896023
3115698.9958981625 -5345578.3418350825 1518832.761782179
3111324.485759433 -5346219.95027635 1525527.1834945916
3107442.2855407945 -5347274.755289043 1529737.2759665323
3101209.820836739 -5349222.125886684 1535565.464273697
3096255.311020883 -5350571.616178871 1540852.8252613898
3091086.608529439 -5352408.786263503 1544844.5757742843
3085255.8737529814 -5353525.7501845835 1552610.4584161867
3081954.268326504 -5354707.440231462 1555090.7103683273
3076361.895243368 -5356229.021417567 1560912.9250598326
3071483.2111839433 -5358556.895671524 1562529.961077971
3065753.384874909 -5360263.634344998 1567919.30705843
3059463.981367114 -5362941.363803943 1571044.5808817768
3052351.422060877 -5365476.04061191 1576216.563122749
3045100.509274499 -5367978.718572514 1581710.5820499465
3040653.3668383053 -5368432.325433855 1588710.946009921
3036550.4403064707 -5368615.017318864 1595924.5656649785
3035260.26655891 -5367645.633539271 1601629.316351178
3030278.2641312107 -5369109.77216455 1606149.0890888923
3028453.0769818453 -5368721.299757379 1610883.163376736
3023305.0423470708 -5370103.246588673 1615938.9660183843
3020866.293363846 -5369497.593744882 1622499.1304731409
3016401.828024464 -5370771.145890114 1626584.861101585
3013219.0704798712 -5370371.698613728 1633786.9053291848
3008954.513830165 -5370895.783380413 1639912.2591674104
3006712.5816431334 -5369750.934607738 1647754.639401209
3003576.71410155 -5369425.444322929 1654520.5711517925
3004164.65097227 -5367837.521559735 1658600.6427057998
3000667.8652909333 -5369062.9612432495 1660962.4560525808
2998632.686251206 -5369601.879146549 1662894.6666616392
2993043.803948798 -5371921.179732844 1665470.692141233
2990710.112170584 -5371921.676551687 1669656.1100881607
2986622.189729197 -5372960.479878036 1673626.1761474553
2986247.127666095 -5372064.944480912 1677166.457089245
2983965.0602959967 -5372595.7234605905 1679526.3353653254
2981849.9103213577 -5372763.246606671 1682743.9520702662
2978168.3467899165 -5373863.837851508 1685746.6447869581
2974530.692522361 -5374598.856136001 1689821.083684318
2969627.40880847 -5376365.401610918 1692822.8262917993
2966979.6437975294 -5375561.31469056 1700003.9250817576
2961849.780886702 -5377575.929885164 1702575.6939945742
2957897.8855926488 -5377950.307790545 1708253.9580935016
2951496.300599043 -5379422.055764307 1714680.417310084
2946456.6353758443 -5380475.451373584 1720034.3639055258
2938516.8194163903 -5383583.258846349 1723888.3946115277
2933471.9718756364 -5385510.944965946 1726457.3704184182
2929380.139900031 -5386948.302488289 1728919.0213187572
2923912.080332888 -5389437.371341896 1730417.2811396532
2916769.921423786 -5392653.298675884 1732450.4684860653
2909783.6040403517 -5395704.321134213 1734697.4538954992
2903541.2663220544 -5398102.620611924 1737693.0718937705
2899310.7157555395 -5399721.59397226 1739725.576375416
2894617.87141469 -5402514.245071555 1738869.8083196513
2888641.322412793 -5405402.392589771 1739832.5449979512
2884306.282469646 -5407957.652124822 1739083.753512384
2878905.1626591864 -5410559.726608761 1739939.513090502
2875387.3343572086 -5412601.969542458 1739404.6673282387
2871329.439260435 -5414996.218670733 1738655.8610081577
2866461.0739768185 -5417918.094794922 1737586.092678413
2862312.940275923 -5420830.450646561 1735339.4069380222
2855300.9192535663 -5425655.464794463 1731808.4298950958
2845457.8848711425 -5431540.174760677 1729561.1453155982
2836473.1908194353 -5436067.31546939 1730096.2341581006
2827688.4828691673 -5439586.060900323 1733413.4907482343
2823845.954165594 -5440080.006212521 1738120.9834615598
2818622.6294645537 -5441625.393839471 1741757.8895448553
2813486.8400125075 -5442637.557701748 1746891.3007313262
2809095.340073079 -5443221.789997439 1752130.3933431415
2806064.239075387 -5442475.193349279 1759291.9757561528
2803730.9752446315 -5441913.293040428 1764741.717499666
2801159.6441443 -5441120.292667645 1771258.1993424157
2799254.9619155154 -5440220.036928171 1777025.2131009889
2801263.502983641 -5437124.04249683 1783324.404968077
2803658.124469214 -5435013.448188812 1785992.9840580395
2807741.598388189 -5433150.604625553 1785245.8161658084
2810648.6584304064 -5432033.090599041 1784071.6413587136
2817650.1605215427 -5429070.824115999 1782043.3663761818
2823198.077886408 -5427938.230707478 1776704.8648108847
2828618.8696316495 -5426093.660123559 1773714.7126668056
2833644.987046616 -5424412.8559858035 1770830.95048667
2840544.6234521884 -5419860.086777719 1773714.7126668056
2851435.2953037126 -5412807.227129302 1777772.673497098
2861559.823117935 -5405914.880468955 1782470.387928385
2869754.689510012 -5398814.70800201 1790795.569208405
2871634.3124835836 -5393943.400861675 1802423.913419847
2870413.757041792 -5390516.677230573 1814578.6882591483
2868488.871542267 -5389168.852456571 1821612.3829042513
2866811.2533397153 -5388511.0207414655 1826193.641723829
2864476.7753381664 -5388885.468836485 1828750.176298347
2861436.6750297314 -5390428.066911258 1828963.2063686124
2857499.462351855 -5392552.366385028 1828856.6916120304
2854691.5119738206 -5394761.206126831 1826726.279532214
2853472.8835624517 -5397242.474079417 1821292.7218783037
2851586.9586879746 -5401430.141131844 1811807.1772440602
2846561.664440837 -5407217.003863271 1802423.913419847
2845042.940704526 -5410286.766949987 1795597.0497060884
2847158.350986985 -5410412.048126874 1791862.6604426585
2853638.0479813977 -5408515.815071755 1787273.7812746053
2861734.413234391 -5406244.707335025 1781189.2972174666
2872678.1385205067 -5402721.801537353 1774248.6994948993
2885666.7686155248 -5398702.804353148 1765382.7717459726
2895428.619995339 -5397689.246772879 1752451.1125233483
2903738.2870671707 -5399372.429302523 1733413.4907482343
2910046.973790056 -5402058.899441657 1714359.1389491677
2914595.918381002 -5404176.406499816 1699896.76156746
2917992.126598193 -5406407.593444603 1686926.1639607989
2919596.8739395626 -5408477.437026306 1677488.2732405898
2918930.6854949817 -5411987.746574651 1667295.200077545
2918199.4098630873 -5415381.557592817 1657527.010325422
2910105.7491829013 -5422551.062918094 1648291.6909996434
2905481.7998476992 -5427796.113013273 1639160.1100294567
2900400.9323092434 -5432196.435328837 1633571.951234579
2893816.9639179027 -5437898.051203536 1626262.3294099122
2887812.9381407606 -5442180.175716111 1622606.6588515502
2878088.3426754954 -5448864.194087635 1617444.7397500565
2864607.7246891405 -5456505.071443423 1615616.2876634763
2852427.6560865236 -5462691.257799691 1616261.6399431038
2838047.5282061505 -5469539.981106211 1618412.6861599989
2824624.2239883267 -5475657.145738067 1621208.7513907605
2810690.826720908 -5482185.925152692 1623359.3436589022
2794850.225059259 -5489228.139663246 1626907.3883338822
2781149.277533683 -5493821.7203255445 1634861.6459361785
2771365.7033947045 -5496617.906527381 1642061.1217887492
2760461.721108946 -5499562.357491827 1650547.1705925805
2751339.3941808343 -5500770.80809769 1661713.8907793148
2745723.434147705 -5500095.960745056 1673197.0134350755
2740737.2011022237 -5498750.6621126095 1685746.6447869581
2736311.6459483216 -5496598.091206964 1699896.76156746
2735957.0611646357 -5492281.192925653 1714359.1389491677
2734260.766848523 -5488155.953630161 1730203.2503456788
2735962.8124394007 -5482698.888714244 1744752.528194267
2736933.6165906833 -5477703.085981964 1758864.4860248638
2738844.746487875 -5472924.85655981 1770724.1369240868
2741249.9366145367 -5468427.136383504 1780869.012329463
2743418.2109026234 -5464655.639244444 1789088.1097815575
2743618.552564854 -5461963.654640133 1796983.9379950392
2742832.088229722 -5459685.252745384 1805090.046710126
2744381.6199349016 -5457070.021756765 1810634.5025451996
2747473.6835387247 -5454203.291258758 1814578.6882591483
2751403.9615789326 -5450872.126828042 1818628.6858995964
2755623.5390662947 -5447173.070013388 1823317.1573439084
2758959.0788907134 -5444091.483093234 1827471.949092033
2762333.749945473 -5441090.897959119 1831306.3900010327
2765223.1473253244 -5438079.3015711745 1835885.469009268
2767925.9065779587 -5434939.719956062 1841102.2285952829
2770077.7295890637 -5432832.560158844 1844082.6297410345
2770921.9929343406 -5431208.540257019 1847594.6799317237
2771107.974060562 -5429700.168835972 1851744.4944269678
2771022.8072494143 -5428363.282067186 1855787.0781984497
2769755.247010123 -5427517.542130351 1860147.897756308
2768661.1518615773 -5426543.164614266 1864614.0911059096
2767320.3330260017 -5426020.397033737 1868122.54025123
2765650.237614984 -5425553.044078759 1871949.232502821
2762822.650579182 -5425855.9245071905 1875243.847593388
2759402.0638308995 -5426162.764660861 1879387.9060837256
2756194.41105031 -5426651.321539048 1882681.2802313457
2751506.8739880007 -5427037.2100008745 1888416.8087746685
2749170.7089157565 -5426185.814047279 1894256.8264814857
2746628.3415697264 -5425394.826899684 1900201.23290563
2745319.3565142555 -5423748.800551074 1906780.422405513
2742192.612560686 -5421328.214814613 1918129.5740571371
2740659.903711207 -5419472.210690922 1925550.6354647027
2736421.2928330447 -5418368.269220455 1934664.0037057758
2730174.5620404673 -5418449.2622409295 1943243.5393711906
2725692.0698433705 -5418728.608850581 1948749.3435578658
2720576.7480467753 -5419393.279606662 1954041.8723613338
2713139.00477647 -5420139.768921872 1962295.2443789144
2706820.9205187773 -5421458.032910238 1967372.435924357
2698630.55955356 -5424464.953076845 1970333.4935702288
2690115.7431909814 -5428001.507296186 1972236.7821908123
2683797.8562046234 -5430013.71876372 1975302.78212462
2679036.301687206 -5432787.244462954 1974139.876159428
2672332.4237140217 -5436164.729557206 1973928.4308923096
2667261.0486777723 -5438309.371208024 1974879.9156498956
2663991.0091368794 -5440525.767311226 1973188.3535183559
2659775.3323087604 -5443698.693614648 1970122.0050494366
2654884.5373681644 -5446697.3834667355 1968430.010485526
2651321.7774266116 -5449043.587003998 1966737.8624193901
2649404.156186644 -5450662.888163355 1964834.0125261615
2648812.2313067084 -5451865.014576926 1962295.2443789144
2647883.6167426063 -5453343.310291767 1959438.7186850528
2648253.177499566 -5453619.919676868 1958169.0120025708
2647480.325173648 -5454450.877295673 1956899.219425185
2648839.1964276815 -5453373.306428996 1958063.1992343955
2651249.6967440406 -5451555.488176804 1959861.935148497
2653879.4158929344 -5448981.027336464 1963458.889212359
2651226.673271118 -5449089.8604686055 1966737.8624193901
2646811.2359195994 -5449440.192230368 1971708.1104245656
2639841.455401015 -5451786.862968173 1974562.7594771194
2634391.767028195 -5454116.086667905 1975408.4972391021
2627128.765269492 -5458039.004065631 1974245.5978909675
2622653.890846951 -5460687.403742204 1972871.16848429
2618407.863267327 -5464059.816816413 1969170.277002986
2615051.9599725828 -5466846.801325533 1965891.730864224
2613339.0184160555 -5469640.530070729 1960390.9422948787
2611202.942618593 -5471797.061033824 1957216.6756191321
2610497.793844438 -5472776.6207454745 1955417.6862642614
2610791.6727953404 -5472409.514803543 1956052.6433483746
2612312.5479269344 -5472402.078886575 1954041.8723613338
2612106.7816626998 -5471971.029495852 1955523.5139342712
2612025.7835106542 -5471555.710942041 1956793.3995016145
2609152.592268734 -5471676.700251659 1960285.142059812
2604985.498601057 -5472030.5970725855 1964834.0125261615
2597525.9692585245 -5474321.826796785 1968324.2557271586
2590416.950400576 -5476852.814851795 1970650.721849852
2581861.601603609 -5481271.203667102 1969593.273245684
2572638.361120278 -5485264.382498805 1970544.979690229
2566855.2897708733 -5488124.835186903 1970122.0050494366
2560891.888153007 -5491099.714554224 1969593.273245684
2554099.932535308 -5494300.084920566 1969487.5250848879
2548129.3607450994 -5497261.054574998 1968958.7752824458
2540873.6311368644 -5500467.035595768 1969381.776324151
2534650.8650445184 -5503639.971477554 1968535.7646442752
2528505.8917145543 -5506730.421242086 1967795.4729421798
2522852.2359155053 -5509625.0049888585 1966949.3893177998
2518431.6651257942 -5511911.1912290985 1966209.0346896336
2513338.6166618164 -5514763.1817839425 1964728.2373999488
2506148.932328522 -5518373.078222093 1963776.2343358323
2500326.309571157 -5520900.8121810695 1964093.574075502
2494143.7380145704 -5523659.015237411 1964199.3527921736
2489127.4630387793 -5525658.0699495785 1964939.7870538512
2485120.3847103748 -5527837.290049 1963882.014847299
2481016.4639955587 -5530318.797106849 1962083.664819018
2476441.09962172 -5533044.137753544 1960179.3412276083
2469528.819494419 -5536507.214959449 1959121.3000701251
2463054.3976208456 -5540175.942997995 1956899.219425185
2457928.9391325186 -5543497.117885768 1953936.0363550978
2452258.6693252996 -5547423.229262422 1949913.8273674028
2445228.124898159 -5551157.69129253 1948114.1402933316
2440546.9914688678 -5553662.85511246 1946843.6696808431
2436069.2676555715 -5556370.055679212 1944726.028913953
2432960.261666008 -5558509.7256080145 1942502.2510862586
2427591.950058005 -5561300.11429231 1941231.403719279
2419980.7456122707 -5564246.7596406825 1942290.4491074565
2416902.3189748544 -5565399.790123454 1942819.9496164804
2412776.1387331886 -5566265.315341481 1945467.2301496558
2412228.006640794 -5565799.396045168 1947478.9156653353
2409453.7453241767 -5566852.780956085 1947902.4011240404
2407075.685078762 -5568288.750643261 1946737.7932742578
2404532.2137621087 -5569609.573871058 1946102.5223826577
2402635.4566689497 -5571093.565370496 1944196.581687312
2400888.5834491965 -5572658.987695556 1941866.838050245
2399569.8313498287 -5574148.821368766 1939219.0545961917
2396463.618700742 -5576846.632214385 1935299.6576765107
2391344.155270615 -5579961.863639708 1932650.9595318944
2386981.960914083 -5582965.584138611 1929366.062880391
2380968.5931284633 -5586154.753861619 1927564.4280918578
2375259.9155701287 -5588438.263691593 1927988.3574320355
2370477.7553988746 -5589919.93854157 1929578.0087507511
2367179.005689909 -5591098.203107887 1930213.8322540051
2366053.028379195 -5591428.451416274 1930637.7028304029
2364452.1432748535 -5591995.845365396 1930955.5995877027
2364033.7352464637 -5591550.429708193 1932756.914525666
2364136.938018494 -5591250.37606545 1933498.5829952157
2366718.8569616964 -5590011.366530978 1933922.3805924521
2367863.240378582 -5589453.397052404 1934134.275856561
2368830.882513021 -5588749.999300641 1934981.833343575
2372181.3154519573 -5587695.502840526 1933922.3805924521
2374060.5343376375 -5586970.677150992 1933710.4829719176
2375265.1249312283 -5586825.293035919 1932650.9595318944
2376877.9878373463 -5586285.915959183 1932227.1336699424
2377621.397578354 -5586409.219006289 1930955.5995877027
2378077.3885468137 -5586398.239075941 1930425.7687182869
2377993.082792969 -5586470.74322464 1930319.8007801506
2378812.6736645065 -5586231.641718732 1930001.8934378165
2378923.3690587212 -5586221.113594024 1929895.9231478376
2378512.0818700166 -5586066.681037888 1930849.6345900958
2378988.079839358 -5585020.978148141 1933286.6806626038
2378528.5380243245 -5584482.801948571 1935405.5979418142
2377971.288318545 -5583985.424289444 1937524.279397723
2377568.9131716876 -5583310.88452897 1939960.4712003623
2378198.0582469585 -5582085.373135229 1942714.0506981805
2377953.9140792573 -5580972.051278324 1946208.4023468208
2377638.19601513 -5579961.007010312 1949490.3870228203
2376966.6351700844 -5578654.943294739 1954041.8723613338
2375295.9533886635 -5578513.426089736 1956475.936154593
2372565.6224893914 -5579934.885071272 1955735.1674871976
2369201.6966811656 -5582031.1599787455 1953830.1997536593
2366172.484879859 -5583834.202388413 1952348.4248552616
2364785.751738669 -5584902.514361281 1950972.3866459054
2364838.853328712 -5585027.924117125 1950548.9700643006
2366393.8866457804 -5584627.996608001 1949807.9681721437
2366929.7902001855 -5584807.334597112 1948643.4778309795
2368807.7853508433 -5584897.102761795 1946102.5223826577
2369689.6021971805 -5584264.670935842 1946843.6696808431
2372068.381538993 -5583365.380667434 1946526.0386820878
2372994.030555005 -5582565.846054135 1947690.659581289
2376035.791916174 -5580791.4304279545 1949066.9371766578
2376884.397142737 -5579542.073790434 1951607.493688662
2375975.727743755 -5579299.42104893 1953406.8473965195
2372221.519260326 -5580748.4815290505 1953830.1997536593
2366934.112418473 -5582918.973845886 1954041.8723613338
2362065.412946677 -5585535.812198759 1952454.2697861565
2354720.5480835023 -5588821.054733878 1951925.0391848113
2347505.646185949 -5591596.721699937 1952665.9578636587
2340161.310747143 -5593787.2164846705 1955206.029137312
2333928.531313325 -5595613.730551595 1957428.3101008066
2330059.2489915174 -5596781.82341685 1958698.066895418
2325318.0458142147 -5596677.189984417 1964622.461675246
2322351.6638575234 -5596980.040891475 1967266.675171581
2319562.750986258 -5596051.94452094 1973188.3535183559
2317939.2880646614 -5594895.657765932 1978368.2760189523
2317749.5208353545 -5591677.443288967 1987667.3587099158
2318346.8583233375 -5588154.82223151 1996856.1608871666
2321843.387601706 -5584737.620779621 2002346.1215531647
2323553.706445914 -5581979.2626010515 2008045.4888157472
2330062.5853185407 -5576754.274865211 2015008.9593526083
2335545.611396171 -5573735.359098085 2017013.099567729
2337252.914271263 -5571261.484493958 2021864.309523431
2341915.957191377 -5567117.617689546 2027873.7831194196
2350467.383477877 -5561627.43125749 2033038.2178136446
2361874.375678816 -5556137.046423688 2034829.6132281115
2373297.33075354 -5550958.296078203 2035672.5608600946
2383317.089573852 -5547320.768854362 2033881.249724841
2393508.9514578315 -5543278.811628683 2032932.8360375627
2403316.9984954847 -5538878.808364204 2033354.3594259669
2415542.940178131 -5533170.599844388 2034408.1245348237
2429516.6378843333 -5526467.234944757 2035988.6559912988
2439877.928809454 -5521239.9293475095 2037779.7562757356
2450617.8515211535 -5516092.102213501 2038833.2608881216
2458593.7263476374 -5511215.839875634 2042414.7118222457
2463955.8233113866 -5507726.4307758985 2045363.602028375
2465561.4207052733 -5505128.074216646 2050417.7055423397
2466193.5870634736 -5503706.839620779 2053470.5292841317
2465288.04276934 -5502972.808252473 2056522.8269611811
2463591.1262468686 -5502788.308574906 2059048.4680281363
2459987.777252863 -5503494.218657322 2061468.535042907
2457331.1143519976 -5503221.672714152 2065360.989126798
2455951.1414361224 -5502968.747066371 2067675.013073713
2454408.3433491867 -5502866.346854331 2069778.4066793185
2449104.539091414 -5504398.157627976 2071986.6985344249
2442803.762636365 -5505494.263748622 2076507.5701958432
2438392.310867817 -5506696.084491565 2078504.792235508
2434592.8990599094 -5507980.1923804935 2079555.869937426
2429030.6134080943 -5510475.097030673 2079450.7650173162
2425276.714403513 -5512643.587262367 2078084.3434247824
2422287.7499016295 -5514986.902882904 2075351.179368575
2420257.2758502816 -5516115.574230899 2074720.3884912035
2419261.8485148223 -5516987.035158605 2073563.879462724
2421160.3340424635 -5516865.222954099 2071671.2453038986
2424780.355956004 -5517523.139258212 2065676.555785072
2426698.169325984 -5517703.284994034 2062941.456696232
2429140.749875796 -5517768.416723578 2059890.2681212511
2430099.4647504473 -5517856.779478987 2058522.3225841816
2435414.9125890946 -5515826.895336249 2057680.4572683098
2442362.177960852 -5512282.71456818 2058943.2401936613
2448532.525385009 -5509583.969192153 2058838.0117319964
2450551.911842566 -5506874.791631334 2063677.8713404094
2450789.8628321285 -5506374.555086883 2064729.838824201
2450667.539927775 -5505323.755153276 2067675.013073713
2451317.4300897988 -5505231.907079219 2067149.1252966856
2449437.9040870676 -5506699.957225494 2065466.1786420771
2448441.2851233543 -5508601.451877114 2061573.7478152064
2448106.6360262875 -5509143.82351867 2060521.5918378897
2449659.5964449975 -5508492.827652078 2060416.3727874397
2452027.3433921323 -5507084.906140789 2061363.3216426477
2453955.922832007 -5506501.473497728 2060626.8102606689
2455203.3840802996 -5506457.121936425 2059258.9218153884
2458465.488614263 -5504213.812841849 2061363.3216426477
2461596.7658505933 -5503483.881913866 2059574.59779154
2463509.7676984146 -5502864.105001624 2058943.2401936613
2462643.9849217 -5503763.240937216 2057575.2212828654
2461834.1466278057 -5502983.807293301 2060626.8102606689
2464330.056664544 -5502378.67333242 2059258.9218153884
2466013.474879908 -5502018.176907495 2058206.6277928115
2464963.860292946 -5502763.980912599 2057469.9846706481
2463319.805108134 -5501924.790818416 2061678.9599595154
2463055.6405869466 -5500819.918837632 2064940.224774552
2463728.3234043615 -5499491.229992622 2067675.013073713
2464399.6709131883 -5500217.916602123 2064940.224774552
2459228.4526036 -5503084.445737916 2063467.4702990395
2453014.731840117 -5505423.217248959 2064624.64490558
2449168.88752467 -5505318.883512673 2069462.9137097236
2447272.3097968195 -5504935.940566771 2072722.7339801118
2446736.325984804 -5502954.0451341085 2078609.902855398
2448236.2073901314 -5501929.466708273 2079555.869937426
2449114.938632004 -5502094.372053459 2078084.3434247824
2447443.864638904 -5504027.825861215 2074930.6546453203
2443217.513249392 -5505389.9597952105 2076297.3230097727
2443395.957208872 -5504755.505763019 2077769.0001699089
2444658.7372262543 -5504750.1382865505 2076297.3230097727
2444243.974810319 -5505370.338217042 2075140.9182711958
2443504.6386387185 -5505777.7706119055 2074930.6546453203
2441589.2315168898 -5506904.695113119 2074194.7120465452
2440575.9336096104 -5507472.629721774 2073879.2985974634
2439971.4168650964 -5507146.411204455 2075456.3089689992
2438738.0182730723 -5507217.173464915 2076717.8148517527
2437216.211286003 -5507415.043432959 2077979.2296394696
2437620.3930017496 -5508068.599255696 2075771.693976821
2436205.7035356653 -5509288.435594786 2074194.7120465452
2433481.5256718304 -5510927.455256493 2073038.1682723784
2429195.482484343 -5511630.99843397 2076192.1984680067
2428499.499747333 -5510312.468398758 2080501.7857084696
2429458.0675892904 -5508579.1970298365 2083969.7041644899
2427626.1808974147 -5508591.4115209505 2086071.1365480928
2424325.18115953 -5508133.312887225 2091113.5367210035
2421733.5317514893 -5507197.395080774 2096574.4806245253
2420020.429181982 -5505909.347294313 2101928.728981782
2415778.0815669848 -5506168.0348966075 2106126.974354435
2408674.477120872 -5506425.642680723 2113576.330510606
2402878.1188892773 -5506256.490733243 2120603.028391018
2397162.6043035914 -5507050.070387329 2125006.3460553065
2388221.638201955 -5509881.712566271 2127731.6372963325
2378827.1307074865 -5511919.420869157 2132971.350031548
2371827.3973375913 -5513677.857195706 2136219.1564323544
2364281.568490855 -5517079.980690525 2135800.1197579936
2353606.088445916 -5521156.21139101 2137057.198544014
2342333.8027559896 -5524893.896233213 2139780.5475869845
2332903.216570528 -5527868.597768645 2142398.7369110826
2324033.726312415 -5531359.989877104 2143027.041674742
2315467.694243889 -5535032.344070877 2142817.6093643955
2306517.0099352854 -5539416.122211489 2141142.0569085614
2297523.0915258625 -5545616.330239458 2134752.4825344253
2285834.500819828 -5552175.228854897 2130246.901875891
2274859.398117572 -5558005.683182965 2126788.316805891
2263836.4732367396 -5562063.5945161525 2127941.25694322
2256831.2342325654 -5564869.60512548 2128046.0657943683
2251377.9696933045 -5567878.934703917 2125949.7656482924
2243768.085129253 -5571149.933895052 2125425.6501267124
2238808.670231893 -5572864.8747966625 2126159.407323939
2233849.131453466 -5574014.772950855 2128360.488458244
2230471.336798949 -5575447.289072235 2128150.8739972757
2223287.2867181916 -5576955.280774773 2131713.9669654625
2216549.506540383 -5577592.295534588 2137057.198544014
2207904.083360091 -5579374.00331585 2141351.5100994287
2199520.485218334 -5581236.922207145 2145121.221119362
2190492.5374936145 -5583740.03318449 2147843.263601337
2179985.481947597 -5586763.362011272 2150669.531886805
2170480.90592206 -5590623.837734085 2150250.8555950313
2158517.833046375 -5595092.700664984 2150669.531886805
2145350.4588674135 -5598464.723090681 2155064.9997033873
2136164.781974898 -5600807.841665138 2158099.2898827516
2127234.88178222 -5603520.397249588 2159877.7547205784
2118777.4109525164 -5605998.061948364 2161760.6278837947
2109503.601278359 -5608082.271101099 2165421.1592101813
2100526.4031249806 -5609754.23224667 2169812.7300680606
2091581.4213488859 -5610302.1887969095 2177024.9213660317
2085383.9509404723 -5608626.909340219 2187262.894346421
2082209.4505907744 -5606378.773668169 2196033.207862181
2079393.5564646688 -5605090.504866525 2201981.805008467
2073358.3461778306 -5606218.726937328 2204798.801267802
2068839.3955481981 -5606327.870019638 2208762.6330750957
2061082.2883577487 -5607292.969978904 2213559.6557226903
2056514.533348639 -5606951.173803518 2218667.9581922996
2050905.121474591 -5608304.205963059 2220439.8474370674
2047595.9504734701 -5608357.317118095 2223357.827056314
2041806.421037772 -5610426.377434193 2223462.03079782
2030201.123325228 -5612653.2938734 2228463.0132943755
2019177.5216743418 -5615553.231536192 2231171.226004067
2005671.913872781 -5619232.628931763 2234087.2489342317
1990485.836541336 -5622517.878396553 2239397.2049726825
1977252.4635217614 -5624737.622205051 2245537.881410198
1965932.5695545324 -5627041.976141436 2249699.697894587
1953089.6510070013 -5630015.112982862 2253444.395301097
1941250.6936695373 -5631733.867828023 2259371.679535343
1930748.6314840477 -5632838.431936724 2265608.5102504147
1922292.9446714607 -5634768.231035372 2267998.636988311
1912740.4766402978 -5637014.246759042 2270492.292622336
1903182.3941996894 -5638909.121886076 2273816.547023604
1894317.2060863483 -5641223.390012433 2275478.408313699
1883443.5584507475 -5644402.442744274 2276620.8350256416
1878022.6483957465 -5645873.35743289 2277451.6381126735
1871283.1634336188 -5647985.0591160115 2277763.1778242816
1865859.4748223627 -5649444.1468702275 2278593.9198570116
1859188.9276358318 -5651098.467311756 2279943.7809084337
1853317.3545256618 -5651853.512041136 2282850.7752024173
1848803.042491443 -5652744.752351567 2284304.067946342
1843030.0140704724 -5653790.589350449 2286379.9638309665
1838009.0630912355 -5654795.250701769 2287936.7029345874
1832148.9747614737 -5654889.947436975 2292398.4855728573
1827745.0577175475 -5654420.828931874 2297066.410300419
1824722.8861353274 -5654511.745650732 2299244.29043803
1817913.2667007677 -5655692.524224689 2301732.918082006
1815593.663491031 -5656268.809578812 2302147.650103509
1809976.2052117994 -5658785.750075831 2300384.961545744
1802590.2967330073 -5661564.098106114 2299347.9913140396
1797086.821904536 -5662049.445853737 2302458.691756367
1794281.4517972842 -5663149.829710548 2301940.2854951797
1788975.2725092631 -5665628.4414797835 2299970.181860141
1781740.6254875103 -5668202.27553459 2299244.29043803
1778559.7485059702 -5669495.528540952 2298518.3646968156
1772213.7875698267 -5671440.369806698 2298622.070474891
1768007.514975123 -5670143.984413777 2305050.4599699657
1766925.4048556609 -5668414.185278785 2310129.0521972785
1766984.8807018795 -5667212.370058633 2313030.3465422536
1763858.380511076 -5667974.816645338 2313548.3767094845
1760126.0939564288 -5667484.548629611 2317588.40703398
1757434.0784280526 -5666497.108274789 2322041.5547300624
1757436.9131746804 -5666156.714164083 2322869.9031035593
1752320.8063640955 -5667486.368639304 2323491.134665927
1747768.5243660642 -5666427.353974128 2329495.0584555925
1746845.2640308808 -5664838.1950893 2334048.167238689
1746293.7166686468 -5664453.91311955 2335393.140622841
1743636.201516889 -5665315.161756448 2335289.6853992785
1739117.832096769 -5664697.874200579 2340151.311370802
1734342.1064734173 -5665349.958343199 2342116.202756399
1732684.9943189626 -5665942.476465425 2341909.384209122
1729897.0071831758 -5667435.138999936 2340358.154165183
1724629.9731466963 -5668954.750576219 2340564.9941079095
1722350.1853325951 -5669989.305246759 2339737.6172280805
1721613.9980751832 -5669700.620808702 2340978.6654373873
1721704.9057370897 -5670355.972405504 2339323.911681763
1720426.5010034193 -5670061.070448196 2340978.6654373873
1719686.3219658523 -5670114.807726724 2341392.3253572187
1718633.6716281006 -5669494.079713325 2343667.250878775
1720153.5106655713 -5669161.368027698 2343357.054101492
1718977.9932790054 -5669560.650775241 2343253.653748034
1716507.425549633 -5671035.263897199 2341495.738554183
1713039.9017992215 -5671357.651307154 2343253.653748034
1710842.988495019 -5671593.49735637 2344287.625156601
1708662.40450239 -5671524.102713621 2346045.21264586
1706774.3447146043 -5671707.660978981 2346975.61653639
1702387.7456758867 -5672555.307787919 2348112.6982024657
1697164.6170856047 -5672407.619689468 2352246.8107325668
1693878.7972402212 -5672961.141212308 2353280.159809956
1689198.501197389 -5672812.547766204 2356999.6227107896
1686097.6559961827 -5672532.585896872 2359891.8950626366
1681297.0254917915 -5673054.769891208 2362060.729508678
1674183.155992737 -5673394.353634092 2366294.2057873956
1666807.5845063934 -5673195.339715813 2371971.3559945743
1659782.7423386183 -5672706.3939499855 2378058.959797643
1650761.606739885 -5673087.841923593 2383422.215120994
1641910.1908195352 -5673661.945568349 2388164.996957399
1634701.8695982296 -5673963.013984358 2392390.961667761
1626543.1657811597 -5675046.805756422 2395379.3190900763
1618986.9983913195 -5676728.732716904 2396512.6734874975
1610071.5468578527 -5679655.029380365 2395585.3900942635
1600938.0737119797 -5683712.080324394 2392081.7862510337
1592711.6648537267 -5690262.664759717 2381978.454705356
1586803.8355131354 -5695187.5610640375 2374138.418858989
1580198.6964313092 -5699557.534829093 2368049.194372808
1572514.3251829043 -5702368.176803069 2366397.4461780917
1571329.2691632835 -5703508.471621713 2364435.755526069
1569065.1065705845 -5706568.29620497 2358549.124375182
1564831.0415971277 -5709095.697985725 2355243.3255387708
1559122.4844495757 -5709762.06029775 2357412.838954641
1556210.6639511213 -5708507.23173963 2362370.5371048707
1556866.6174841705 -5707772.627689967 2363712.9618370673
1556455.3202985937 -5708226.824646361 2362886.868705721
1553104.074055149 -5710463.546177305 2359685.3228626503
1545261.21426475 -5712718.81176968 2359375.459171739
1537482.1713889022 -5713622.5745354295 2362267.2686257176
1529955.6499136987 -5712264.8996019885 2370423.258844766
1530371.6760052308 -5708634.992633106 2378884.2036059173
1531416.2940255457 -5706160.032940537 2384144.0419708537
1532748.3620508823 -5703170.589625309 2390432.739958027
1532587.8336906554 -5699794.966198497 2398573.0915112114
1533058.1469514736 -5694409.239476975 2411032.378759142
1534290.8851842869 -5687518.839855717 2426462.8424780588
1532645.257627004 -5683390.878703109 2437151.541071616
1530260.3007250475 -5680856.960561321 2444546.7076059063
1523644.3602133845 -5678784.869827344 2453477.3823717996
1519910.4154047808 -5679519.387290812 2454093.0826950856
1522114.4999606912 -5679815.589509097 2452040.64366373
1529498.6691242834 -5676057.211316852 2456145.2227026424
1531565.611256452 -5672298.0806172965 2463530.44694844
1532457.5154766904 -5670095.678737215 2468041.725179009
1532785.9006561646 -5669739.152013782 2468656.7867712383
1529428.253604652 -5669886.89880616 2470399.314244983
1532603.5801283524 -5668672.038058455 2471219.2519305036
1538154.4714166939 -5665647.7705111 2474703.4494184186
1543396.5028666905 -5661891.625173778 2480030.536047067
1542135.1220240942 -5661158.105845764 2482488.502699768
1545216.7792473994 -5660003.304421168 2483205.3276106175
1548119.874785932 -5656645.737854828 2489040.949783992
1548037.9196446408 -5652471.391526801 2498556.9369764985
1541158.4251395557 -5652903.65119074 2501829.734209697
1536909.8580454253 -5655597.631305016 2498352.361261295
1535900.6760185692 -5656955.648052905 2495897.215305158
1534180.4135900862 -5657648.0810832465 2495385.6714286893
1531153.5655713945 -5657429.766733416 2497738.6158516835
1527268.8947499045 -5657169.454394101 2500704.798131867
1522689.1485365022 -5657861.348738505 2501931.996553881
1516491.985976052 -5658440.023398406 2504386.0641030297
1509866.1002474912 -5658989.526817865 2507146.3648317684
