3200294.1963003897 -5333983.300082471 1377091.213960556
3204060.766144706 -5331609.435280684 1377525.4758000565
3204786.6876914925 -5330920.561454571 1378502.5403880407
3203638.5668016747 -5332171.532520563 1376331.239592493
3200598.209870168 -5333856.940841002 1376874.0805237575
3199281.520238983 -5335038.880385922 1375354.0995059637
3196660.249120529 -5337001.432658302 1373834.0363726341
3196982.021844594 -5337116.015328668 1372639.6435061474
3198713.16841502 -5336413.679937933 1371336.611769569
3201580.7478932953 -5334861.2113570105 1370685.0733401242
3202436.3813799955 -5334598.666910794 1369707.737514608
3203846.607725432 -5333361.193740658 1371228.023075468
3201327.5269081304 -5334650.284121133 1372096.7209299004
3199589.846905867 -5335553.0379382605 1372639.6435061474
3194619.2545970245 -5339088.553227353 1370467.890523014
3189107.4053622233 -5342354.823827006 1370576.48214032
3186491.165148838 -5345388.658972066 1364820.5519265963
3184665.6663233866 -5347417.848822765 1361127.4531919234
3185614.1806275425 -5347736.589081114 1357651.157693979
3187780.1549978205 -5346914.40416488 1355804.2033922952
3192882.509052392 -5344227.285742495 1354391.746029448
3197553.219048681 -5341241.113419015 1355152.3086626893
3199582.7546271887 -5338920.902649435 1359497.992475612
3198971.6743573463 -5337901.2355628 1364929.1652083932
3196850.9701964096 -5338587.999870643 1367209.9480297214
3192757.5401327363 -5339783.785729434 1372096.7209299004
3190140.3535213214 -5341542.981391727 1371336.611769569
3187325.1904527824 -5344030.543550239 1368187.370175329
3186183.1379032293 -5345932.581024903 1363408.5414422008
3182388.127682313 -5349325.995571811 1358954.8181916547
3180344.2872934844 -5351202.934170859 1356347.43764306
3180444.272519096 -5351583.835318912 1354609.0517022987
3180908.6442471016 -5351939.82734734 1352109.9368791678
3181152.6881404575 -5351712.403990101 1352435.92074273
3181610.08584782 -5350780.7791279415 1355043.6580960848
3185756.016243394 -5347762.4040525295 1357216.5909578758
3189521.2779384824 -5345379.62614238 1357759.7983441772
3191155.9532651026 -5343879.084006111 1359823.89207673
3189618.1873625508 -5343634.287972268 1364386.0946422582
3187279.135089455 -5343529.33159641 1370250.7060360294
3183897.1665014774 -5344429.899748584 1374594.078198069
3180317.59235374 -5346057.9473973205 1376548.3772229936
3173115.838459096 -5349664.606465326 1379153.8978853032
3167130.5661643418 -5353405.926566734 1378393.9793352648
3159721.7839001627 -5357726.260316844 1378611.1010209003
3153466.194679851 -5362079.889409905 1376005.5300024163
3147394.7743162066 -5366535.719103819 1372531.0598270257
3142008.574255612 -5370661.06725345 1368730.3678929084
3139420.0792911877 -5373334.707384544 1364168.8635062624
3135055.0936313737 -5376845.920214913 1360367.0497936315
3132656.967702455 -5379203.794264236 1356564.7284514282
3129525.068305271 -5381382.356530251 1355152.3086626893
3127753.3300817404 -5382658.422723573 1354174.4387063123
3126836.54052461 -5383027.010397969 1354826.3557245992
3126237.185193622 -5383293.070439212 1355152.3086626893
3126106.47250486 -5383067.986841921 1356347.43764306
3125872.1523710596 -5383313.53604248 1355912.8510685838
3124860.090016486 -5383517.7804489015 1357433.8751529234
3122990.241777893 -5384191.62717091 1359063.4538765012
3121290.3605608363 -5383858.694709011 1364277.4792820516
3119380.3792244773 -5384028.665293725 1367970.1681706496
3117391.0293046366 -5383410.601340524 1374919.8041287514
3114825.105884539 -5383311.860244359 1381107.879603831
3112426.1788981124 -5382632.792809851 1389139.481361653
3107566.1913673794 -5383981.496096552 1394781.9241588858
3101756.1843051063 -5385415.52339847 1402158.7689929418
3095185.309637348 -5387695.869243635 1407906.9996062347
3088863.9965940956 -5390187.910698111 1412244.4894240794
3081974.6765243555 -5392992.725699388 1416581.2909311159
3075105.6865887353 -5396485.314377506 1418207.413609703
3068487.061611626 -5399539.044157089 1420917.40201364
3062044.9469708004 -5402681.480939961 1422868.4261866857
3053598.520754544 -5406460.350248988 1426661.6821206256
3052614.519761041 -5406701.332190997 1427853.738387853
3046685.242733706 -5409644.080432076 1429370.8247879054
3042825.629009202 -5411844.602312606 1429262.4643027165
3039862.635973869 -5412764.903508477 1432079.695323157
3037796.2896802286 -5413953.524680852 1431971.345733151
3034695.471678065 -5415290.9408289455 1433488.2002837018
3031014.4401250016 -5416921.843717384 1435113.3066107295
3030647.103458874 -5416265.35261513 1438363.2240700643
3026933.3422582094 -5417391.55635935 1441937.6777836047
3026803.389367005 -5416048.940741713 1447244.3171790263
3024135.71923532 -5416380.042827277 1451575.4831587116
3026881.7232667366 -5413304.5642627 1457313.187988911
3025725.291601946 -5412345.129916048 1463266.0914660632
3027838.357730751 -5410137.670245477 1467053.601081157
3026198.5402929573 -5409644.363335696 1472247.009492329
3027199.947267453 -5407668.105942352 1477439.384623877
3025976.534197777 -5406368.139042578 1484685.3402757416
3027236.5093192062 -5404413.419580341 1489226.5465350735
3025290.022223777 -5403592.4715916775 1496144.9403019112
3026498.2409854885 -5401326.450278649 1501872.8224560127
3026447.205048935 -5399246.367673139 1509435.9795035704
3027852.2069337256 -5396672.62473193 1515808.8911322406
3025699.7645539045 -5395263.306022097 1525095.339141115
3024764.9064521985 -5393155.044693751 1534378.351186424
3022243.786827635 -5392630.014606893 1541176.5046686307
3019483.4257187326 -5391454.889067582 1550669.2171314734
3015824.623563661 -5391762.479446037 1556708.1310075538
3010256.552578698 -5392627.30810113 1564470.262925753
3004613.0407808824 -5394678.538056956 1568242.6298877147
2997420.114413494 -5397487.181819423 1572337.67995441
2989627.066855866 -5401431.050146762 1573630.710056595
2981240.1148506384 -5404965.531946153 1577401.6533779157
2975309.9946715385 -5408043.621640232 1578048.0417414543
2969340.065955743 -5410600.620404352 1580525.7034259127
2963849.9186871923 -5413358.331656013 1581387.4391142626
2961224.1821398092 -5413944.94726726 1584295.569352426
2958269.698189003 -5415276.234064604 1585264.8679485181
2957944.677040793 -5415579.862522226 1584834.0734000488
2953064.1862050607 -5418777.912458915 1583003.1104203293
2950497.109527654 -5420144.642410396 1583110.8179842762
2947198.7764128456 -5421970.262248787 1583003.1104203293
2945689.1208118047 -5422350.1898912 1584510.9724195166
2943338.3908127984 -5423437.7348183915 1585157.1700356675
2941757.8067613356 -5424137.839030307 1585695.6547705994
2940048.758383171 -5425504.870523914 1584187.8670949582
2937475.957159825 -5427086.867249426 1583541.643417304
2935144.3250455814 -5428662.329755561 1582464.5653680968
2929905.6047684285 -5431428.745067738 1582679.9848353586
2925870.9792864285 -5433477.721547281 1583110.8179842762
2919403.854950945 -5437143.370470557 1582464.5653680968
2916239.632108947 -5438308.096921997 1584295.569352426
2910561.653619449 -5441850.499030311 1582572.2753427667
2907431.9537111926 -5443992.7206155555 1580956.575122783
2900185.9964068024 -5448949.065515706 1577186.1867456872
2891271.1754866834 -5454213.943290534 1575354.6428074462
2883352.3803406274 -5459522.362039394 1571475.6215658695
2869005.1772339684 -5468127.402838729 1567811.5318267266
2855646.6912990594 -5475609.033247345 1566087.0631905543
2824407.849676613 -5490987.869248639 1568889.2626471194
2811922.105775523 -5496160.273388767 1573199.7076894178
2796265.5988241048 -5502692.4340036865 1578263.5006840432
2785868.3243416618 -5505766.507569795 1585911.0452835879
2782167.6791506484 -5506084.239920835 1591295.1794010133
2773897.258056265 -5507854.830238724 1599584.3743810123
2773157.877495159 -5505908.295894873 1607547.8915673285
2772846.727817606 -5504333.998283603 1613464.9854801423
2774368.884621885 -5502335.406563452 1617659.8424020193
2774441.7764052832 -5501285.729255324 1621101.2165897668
2775409.6882687835 -5499623.451832087 1625079.6750689757
2776177.5707377684 -5498281.737956337 1628304.9547883815
2777769.1389116277 -5496425.916482708 1631852.2468432495
2779756.637010434 -5494878.120922431 1633679.4285307056
2779312.9189725504 -5494239.0658007255 1636581.127308224
2780046.9010938145 -5493547.479572571 1637655.7383652187
2778254.560063665 -5493813.1367929615 1639804.8107889353
2777739.6533853435 -5493271.08005359 1642490.8703117752
2775221.297876886 -5493289.641322563 1646680.4985633215
2774362.686280116 -5492304.596121179 1651406.3426070355
2772909.791241796 -5491809.827616107 1655486.9697265902
2771952.63278134 -5490866.875877115 1660210.9965339003
2771769.4326779246 -5489789.462045327 1664075.3812518152
2770704.4325467865 -5488632.472803299 1669656.1100881607
2770009.5828344463 -5487970.271711893 1672982.4290206449
2768415.976102454 -5487431.726991503 1677381.0017010905
2767445.004843176 -5485983.289523608 1683709.1471617916
2767994.441004953 -5484453.763952998 1687783.957035812
2767393.7727073994 -5483501.539316519 1691858.0245084588
2767581.735757113 -5482446.560368472 1694966.6806776926
2767210.2946500517 -5481472.939252314 1698717.928741371
2767532.200703852 -5480446.159933972 1701504.159892734
2767292.916995843 -5479734.6251504645 1704182.897893221
2767925.5097992015 -5478848.314750484 1706004.2544374291
2768148.3202062985 -5478101.516469616 1708039.710484608
2769489.57306007 -5476955.682171104 1709539.4000271575
2769381.8338338165 -5476742.616567548 1710396.3196593036
2770244.4966996857 -5475837.747000242 1711895.8487689672
2771503.4591521183 -5474530.464294623 1714037.8558882389
2774588.4548773845 -5472799.851913454 1714573.32504539
2778011.636573452 -5471499.14929573 1713181.0780879525
2780068.7780815503 -5471292.040947167 1710503.4322690906
2781772.3754016617 -5470861.293089775 1709110.927711909
2784796.26364668 -5470426.1493623685 1705575.7134621432
2786387.29985155 -5470717.2180852275 1702039.933424542
2788343.5441043796 -5471251.941998682 1697110.3285370371
2788677.9891121183 -5472144.259798316 1693680.3928126246
2790318.4788865186 -5472765.893521283 1688963.368784125
2792217.526936596 -5473185.304532798 1684459.8257347404
2793266.6631081696 -5474297.640454757 1679097.2849957293
2794316.4281697473 -5475174.740153529 1674484.4770989702
2792160.3030298445 -5477323.2639919575 1671051.0775906215
2792230.7964837044 -5478170.4313264415 1668153.7412686658
2790157.0264329417 -5480010.4586105645 1665578.0201977068
2788682.055446606 -5481608.495902552 1662787.325931689
2787100.703078024 -5482998.357384114 1660855.106210382
2784549.049470547 -5485560.910549022 1656668.0680659146
2781484.9692451637 -5487827.862792836 1654305.8103681558
2776716.2931328905 -5490533.360415826 1653339.3619010134
2772476.2716566115 -5493095.632493335 1651943.3087681015
2768262.1461439766 -5494994.521756461 1652695.0402578278
2764902.0484382347 -5497395.812802733 1650332.3725604578
2760236.4668389075 -5499352.988138837 1651621.1305808325
2756161.587956713 -5502008.566443588 1649580.5636140676
2751377.948450833 -5504209.109759343 1650224.9727903004
2746080.642440664 -5507304.250130341 1648721.3232408175
2740927.3756034104 -5509484.962754313 1650010.1717419564
2736188.583339666 -5512257.721895007 1648613.9159337862
2730741.728010385 -5515054.407373004 1648291.6909996434
2723732.740118096 -5518326.7915785825 1648936.1363481595
2718083.4966469877 -5520469.564464275 1651084.156873569
2712845.1772374767 -5521985.004399385 1654627.950787634
2708831.3642934896 -5523311.39708197 1656775.4376149713
2704914.8529765783 -5524102.335754465 1660533.053648364
2702700.3744748887 -5524217.2654089555 1663753.3742628125
2700228.647347157 -5524293.365744368 1667509.8384233022
2698701.497328917 -5523612.35803172 1672231.367518837
2699447.715897503 -5522207.096713804 1675664.5876008274
2700089.589424062 -5520589.383256793 1679955.3775491142
2702015.665071932 -5519157.013887508 1681564.2127977775
2702463.2891312046 -5518120.221257879 1684245.3487075584
2702937.649547131 -5517625.949449151 1685103.2445004615
2702271.2815364646 -5516509.369711905 1689821.083684318
2704230.891891992 -5514661.375418615 1692715.628155868
2705143.428921507 -5513357.49989192 1695502.612014596
2707620.2441062676 -5511349.674878331 1698074.9026248623
2709968.42282375 -5509567.536158506 1700111.088078204
2714386.2820192683 -5506895.891327295 1701718.4708606089
2717151.841903788 -5505962.255554095 1700325.4125174144
2721017.327435024 -5504350.834768442 1699360.9362293535
2721939.4302471946 -5504523.200250452 1697324.6819539552
2725018.2996641845 -5503495.270014013 1695716.9809342287
2726743.6574100633 -5503597.617117821 1692608.4295043063
2730245.293980273 -5502454.629173295 1690678.765640579
2731690.4220244293 -5502231.274427169 1689070.584947699
2733388.421192909 -5501552.506758893 1688534.4989852798
2733523.9166082977 -5502307.216509767 1685853.8763709536
2735069.080834579 -5501802.120362892 1684996.009322597
2734855.0688508167 -5502335.265758038 1683601.9053138462
2736469.4815221815 -5502450.638433809 1680598.9254718334
2737298.426185908 -5502431.2959592845 1679311.8112036225
2735747.3782015955 -5503889.51342298 1677059.184016965
2736637.9565337645 -5503512.129580252 1676844.6363398528
2736719.288535949 -5504157.60720754 1674591.762422906
2738674.554054298 -5503511.354071472 1673518.8862340022
2737981.79205668 -5504768.642292252 1670514.5618048399
2736898.941687534 -5505241.976941949 1670729.169645985
2735906.829868525 -5505897.868901041 1670192.6462266953
2735317.2691527084 -5506158.234891506 1670299.9519282233
2734496.5662648766 -5506435.650289544 1670729.169645985
2735982.23253203 -5505567.354490281 1671158.379220815
2737291.023478083 -5505307.49468202 1669870.7260696224
2739848.690519572 -5504425.5764131695 1668582.999669704
2741507.1556808464 -5504867.016064452 1664397.383678661
2742181.7240435896 -5505017.593163738 1662787.325931689
2741987.2162882634 -5506312.622507789 1658815.363120058
2742104.479271943 -5507029.85055452 1656238.5848235157
2740561.198916496 -5508507.833918117 1653876.2827539784
2739901.4415712925 -5509351.570781428 1652158.0917102818
2738151.2959074136 -5510414.762767976 1651513.7368454738
2738407.771499873 -5510448.222501636 1650976.7606231382
2737182.3454686985 -5512085.482358456 1647539.8152480624
2733506.3683667798 -5514101.8945671655 1646895.3307448067
2731407.4180089487 -5515430.505307644 1645928.5701292034
2727924.452454925 -5516384.275444332 1648506.508124558
2727405.9321501404 -5516062.5849278495 1650439.7718278954
2728639.369992063 -5514680.617585543 1653017.203345341
2732591.152660589 -5512981.065847889 1652158.0917102818
2734957.7212389233 -5512193.538553571 1650869.3638697914
2737214.5910310494 -5511908.916796975 1648076.8718663359
2736611.1575377383 -5512625.845102424 1646680.4985633215
2736482.6103289127 -5512850.061382054 1646143.409332049
2736463.8217269797 -5512570.622692717 1647110.1609196
2738150.9608685765 -5511379.574741338 1648291.6909996434
2739818.226471374 -5510390.267927618 1648828.7300456197
2742241.522124224 -5508991.806828422 1649473.1603257863
2744657.8518006997 -5507820.519744478 1649365.7565350467
2747022.7461888334 -5507027.297584463 1648076.8718663359
2747175.9228891465 -5506371.93457237 1650010.1717419564
2747053.339411598 -5505885.67400821 1651835.916542179
2748939.5104242465 -5503653.511457515 1656131.2127515362
2751580.4124219664 -5501492.673313234 1658922.7225692472
2754476.1061147302 -5499362.948846318 1661177.1542190714
2757142.221481355 -5497734.762379173 1662143.2709163397
2758355.3355645416 -5496801.533510093 1663216.6858120786
2757405.5049149944 -5496823.197282349 1664719.3815424668
2756199.2093216847 -5496093.777296652 1669119.561234469
2755592.843890159 -5494405.9977910165 1675664.5876008274
2757428.64557117 -5491846.0744431615 1681027.9471819545
2759164.7832559403 -5489329.592679557 1686390.0265871738
2762196.6312532607 -5487244.132803044 1688212.8412352824
2763290.9558828613 -5485603.271318626 1691750.8217330275
2764732.28520522 -5484413.857826455 1693251.6136785634
2764361.8668840183 -5483440.961133194 1697003.151053108
2764005.875042915 -5482258.727820371 1701397.0036313182
2764474.2119455556 -5479856.361987175 1708361.0811174188
2767679.687934565 -5476699.167114004 1713288.1771398578
2771985.3011779273 -5473111.565631339 1717785.8656439048
2775438.6294221403 -5470688.39403274 1719927.2977968669
2778439.875868637 -5467849.985947087 1724102.4874877676
2781233.8268093136 -5465787.500009984 1726136.2649994462
2782772.595259836 -5464327.654413621 1728276.8783621977
2784391.29997718 -5462554.215853287 1731273.3832283327
2787407.026506713 -5459283.024572518 1736730.2399035257
2790477.536963903 -5456828.325919824 1739511.6375405276
2795134.022261362 -5453249.29678685 1743255.2609101012
2800270.1272511855 -5450374.169248613 1744003.907567907
2804756.4925947906 -5448340.663831534 1743148.3092631933
2808791.41164715 -5446364.317728091 1742827.4511366398
2813246.8958843295 -5444269.631264422 1742185.7205502312
2817019.0701303817 -5442250.27703617 1742399.6328688487
2821989.7215967397 -5439057.472038071 1744324.7481673793
2828386.7176512885 -5435596.396971863 1744752.528194267
2834020.963762544 -5432523.529487245 1745180.2997174428
2841107.227706863 -5428304.992843137 1746784.3671575757
2843002.9239526126 -5426623.621840558 1748922.9374900875
2844229.9104801533 -5425049.317625515 1751809.66935937
2844466.2884546183 -5423888.728705467 1755016.6929311545
2845567.6694433456 -5422306.9360794015 1758116.3583688024
2844501.983418082 -5422346.069672507 1759719.4569128659
2843119.9185692705 -5422932.132641097 1760146.9294929197
2838452.6423296873 -5425307.174247522 1760360.6625660486
2838015.885179766 -5424702.872053988 1762925.2920633175
2837040.5341344257 -5425143.58188966 1763138.9972318346
2838220.5319082825 -5425324.572727416 1760681.2581538858
2835327.6043933923 -5427633.870336324 1758223.2353551588
2835677.9560462036 -5428073.6970543545 1756299.3676877217
2835781.834844623 -5428503.398280191 1754802.9063190192
2837974.3740647016 -5428082.79655209 1752558.0178491396
2839763.7149505042 -5428043.747355884 1749778.3059694166
2844132.9875093605 -5427167.557556252 1745394.1822894872
2845479.973672203 -5427664.023853526 1741650.9304670051
2849047.189085228 -5427095.510942859 1737586.092678413
2850034.269692159 -5427364.500577041 1735125.424704625
2854146.6180014117 -5425989.48512151 1732664.477128193
2857988.013943032 -5424786.865187417 1730096.2341581006
2862148.2336485414 -5423957.092374432 1725815.154848174
2866184.479982246 -5423118.43759863 1721747.350364361
2868463.2338467967 -5422389.214457437 1720248.4945509536
2871242.874483762 -5421461.192941521 1718535.3907194694
2876663.0533898934 -5418655.071328528 1718321.2433148697
2877799.990952697 -5417371.740483336 1720462.6231003108
2880573.938441969 -5416203.27143025 1719499.0281233592
2881846.4979333133 -5414948.038725778 1721319.116331816
2885243.775668099 -5412900.273058628 1722068.5203819042
2886835.7795818886 -5411335.557850055 1724316.5782632402
2887492.111311793 -5410746.530631263 1725065.8794300926
2887246.534594757 -5410741.055208073 1725494.0399654815
2886642.157614728 -5411200.0300771985 1725065.8794300926
2886023.5327734193 -5411632.351103948 1724744.7535108433
2885565.4301963546 -5411910.745348826 1724637.7104869417
2886575.8873859304 -5411985.5863227835 1722710.8462526647
2887260.3450065977 -5412131.400133711 1721104.9961693499
2888874.20157724 -5412426.635315591 1717464.6327618556
2891673.03085512 -5411984.4022682905 1714144.9507640512
2896056.8309996994 -5411097.011824383 1709539.4000271575
2902365.6316419095 -5409034.765992215 1705361.439857081
2908336.68066785 -5407244.203910048 1700861.2145507657
2914753.0876925415 -5405371.017837742 1695824.1646192437
2918532.1508013266 -5404473.997108677 1692179.6297424063
2921760.7436749935 -5403232.640439617 1690571.557198239
2924097.9819990015 -5402370.602549887 1689285.015731253
2924063.7167087034 -5402757.795156285 1688105.620956722
2924609.135428836 -5402864.451104749 1686818.9375136774
2924955.563640485 -5403279.168358717 1684888.773631453
2926904.897831224 -5402825.149553439 1682958.4434573734
2926269.376730917 -5403903.754371442 1680598.9254718334
2928567.63068738 -5403192.1418366 1678882.7567419065
2929726.6815365404 -5403529.515068772 1675771.8673117573
2931497.631527031 -5402069.567442061 1677381.0017010905
2930746.733731997 -5402710.073228187 1676630.086619557
2930914.4832433993 -5402119.455800512 1678239.1597074778
2929220.607761138 -5403271.2984087495 1677488.2732405898
2929363.9253795603 -5402860.454840948 1678560.9605256275
2927907.484381801 -5403549.893543662 1678882.7567419065
2928281.2664712267 -5403113.991518372 1679633.5966787739
2927767.842853635 -5403292.180494776 1679955.3775491142
2929339.366114886 -5402140.085519765 1680920.6925224485
2929891.0729504926 -5401807.506884917 1681027.9471819545
2931511.363629383 -5401195.353524053 1680169.8955706772
2932666.7981483857 -5400401.205646043 1680706.1816673554
2933773.553801368 -5399966.93110557 1680169.8955706772
2933074.381582494 -5399578.630693859 1682636.705607807
2932610.7961763046 -5400298.080013859 1681135.2013293908
2930599.582247726 -5401089.252376009 1682100.4656077556
2931109.9288098775 -5401580.006455526 1679633.5966787739
2930596.5985621903 -5401758.464235469 1679955.3775491142
2932335.6598900547 -5401814.546751751 1676737.3617350871
2931410.1567132752 -5402583.13951796 1675879.146512218
2931538.934380133 -5403045.437943402 1674162.618066832
2930493.947921749 -5404044.223178164 1672767.8425677363
2929828.798775307 -5405068.620357823 1670621.8659798624
2925077.5405852213 -5407110.667997095 1672338.6635475294
2925043.949234862 -5406597.603372209 1674055.3307027842
2926323.211181592 -5405805.62775536 1674377.191264958
2927945.357189001 -5404295.323148774 1676415.5348563378
2930649.040261255 -5402529.979365967 1677381.0017010905
2933931.1386439353 -5400481.681898369 1678239.1597074778
2937547.648580977 -5399048.626983786 1676522.8109932963
2939477.7648411845 -5398331.101202531 1675450.0266476905
2939480.529350818 -5397663.235828621 1677595.5442690975
2940482.3828584123 -5397484.164922734 1676415.5348563378
2940757.3066672077 -5396867.685561825 1677917.3542883408
2940544.7668528436 -5397150.215555113 1677381.0017010905
2940048.029627718 -5396686.875777822 1679740.8574805765
2939751.431357029 -5396815.062891865 1679848.117770701
2940585.0954971495 -5396327.475754584 1679955.3775491142
