-5902732.260105775 -1568720.3933867072 -1812873.1872029097
-5903251.083894672 -1576582.3617934298 -1804343.5640083165
-5906408.58687963 -1576321.2975812692 -1794210.068979183
-5910928.925743087 -1569904.7300916715 -1784925.5931969467
-5914091.350607051 -1558926.8344519879 -1784071.6413587136
-5914516.654442347 -1551423.734613765 -1789194.830084522
-5913002.8142620055 -1548931.0834122929 -1796343.8471987536
-5910884.699009711 -1552676.4997645458 -1800077.4322489023
-5910436.886513565 -1556970.6584550592 -1797837.3617348874
-5912541.1654771045 -1559180.4118150808 -1788981.3889336044
-5916461.085540473 -1552485.6200895766 -1781829.852342901
-5919522.671797235 -1542251.1418934541 -1780548.7225591056
-5920488.356481031 -1532465.3867509533 -1785779.5102371366
-5918606.690567945 -1529884.332470295 -1794210.068979183
-5916408.470207812 -1532621.375581778 -1799117.4316211513
-5914406.909887944 -1537832.1749447254 -1801250.7060302612
-5914526.585582856 -1541610.9075879299 -1797624.0090851912
-5916711.449637331 -1541298.166755921 -1790688.8570841518
-5920177.68102391 -1535031.2423938757 -1784605.365334611
-5922833.376060018 -1526125.5243391898 -1783431.1546538374
-5923659.8454624005 -1518402.9326976258 -1787273.7812746053
-5921949.037461329 -1516642.6922512737 -1794423.4566432883
-5920909.604516351 -1517037.2100001783 -1797517.3319389455
-5920197.336299985 -1519057.1129076707 -1798157.3866019566
-5921627.89130148 -1519534.3343553143 -1793036.397755423
-5924147.9996562265 -1515993.963958005 -1787700.6962609899
-5927499.481313484 -1506384.2766058205 -1784712.1084990548
-5929445.198323226 -1493224.9006137669 -1789301.5498424675
-5927441.036608033 -1489640.1662457092 -1798904.0921190162
-5925942.328172448 -1492892.7098946467 -1801144.0475202226
-5926482.311136023 -1494348.8310299723 -1798157.3866019566
-5929168.957855194 -1488424.233066659 -1794210.068979183
-5930966.182286116 -1481504.9982544703 -1793996.679128888
-5931843.0214913525 -1474356.8411250333 -1796983.9379950392
-5931989.969025675 -1468678.3607928704 -1801144.0475202226
-5930703.149130702 -1466931.7225331904 -1806796.1916931774
-5930928.47243445 -1465889.030604847 -1806902.8210777547
-5931393.952919864 -1463477.8634950505 -1807329.3331116
-5932938.831057148 -1457598.9417062798 -1807009.4499119185
-5933615.543137641 -1452056.2486855697 -1809248.5282261788
-5933468.306902093 -1448398.6374580588 -1812659.989627963
-5932744.42039568 -1447892.7881460856 -1815431.385731361
-5933272.2021629065 -1443852.7949176119 -1816923.5211338822
-5933476.379599357 -1442476.5731471537 -1817349.8256137026
-5933898.429884805 -1440604.962034484 -1817456.4003497476
-5934485.4224170735 -1438992.6908978864 -1816816.9436301796
-5935594.050765006 -1432791.6078418698 -1818095.8371386756
-5934776.39321978 -1431169.2910437316 -1822038.5898368356
-5934518.2078734785 -1430339.8509002358 -1823530.2441541369
-5934770.289930861 -1427660.935657251 -1824808.7183461776
-5934723.863850432 -1423486.5993162212 -1828217.591374542
-5933667.85530529 -1423233.3080010295 -1831838.8940933559
-5933785.165480565 -1421509.206441722 -1832797.366302179
-5933384.423493248 -1419332.8647509385 -1835778.99053388
-5933121.336277719 -1418503.607763122 -1837269.6382864178
-5932083.391550875 -1417598.7554559398 -1841315.1289814662
-5931214.195793261 -1420127.1010841564 -1842166.7080877365
-5931093.124378289 -1419113.0858195766 -1843337.5707146614
-5930396.652033488 -1420916.3395272787 -1844189.0644981028
-5930523.069335396 -1418867.2582981517 -1845359.809741761
-5930643.66236447 -1417254.7012395496 -1846211.2181087371
-5930010.785995182 -1413930.992307105 -1850786.9210079971
-5927725.575869733 -1416119.9028393 -1856425.3063245662
-5926467.655060873 -1419428.0956758074 -1857914.4261034806
-5926500.915654775 -1421514.2655005418 -1856212.5658775133
-5927111.428330436 -1419801.0488837045 -1855574.3309669578
-5927118.362217198 -1418380.7993438153 -1856638.044509622
-5926808.168603691 -1415354.017829961 -1859935.1969316406
-5925196.20509399 -1412017.9884169893 -1867590.996853066
-5921233.403337021 -1413695.0219220563 -1878856.6651553474
-5916648.855476172 -1423520.1494219482 -1885867.8917628936
-5914356.898790074 -1434549.1154710334 -1884699.5275203786
-5914935.026838066 -1440374.645383997 -1878431.6621104663
-5917225.242431706 -1438853.9294857471 -1872374.3749401371
-5917576.884540057 -1430737.936829745 -1877475.371788763
-5914177.483863179 -1433194.1285325207 -1886292.7342556631
-5909976.376532222 -1443210.5892149848 -1891814.8492938734
-5907927.143108772 -1455718.9299863323 -1888629.203575457
-5907965.171663568 -1462839.5891656673 -1882999.9646255656
-5909233.485353264 -1463044.171370447 -1878856.6651553474
-5911728.584268503 -1459501.457817175 -1873756.0248261408
-5913723.532083338 -1453315.9273035042 -1872268.090186264
-5913808.245677325 -1448303.0804017999 -1875881.4516534712
-5912980.822681036 -1448100.4429092507 -1878644.1647774423
-5912444.647463181 -1451250.9760643316 -1877900.39543004
-5913398.277177469 -1450937.9304805715 -1875137.5782505404
-5914565.587110192 -1449473.3725265851 -1872586.9427367782
-5915075.342571992 -1445877.951669701 -1873756.0248261408
-5914597.568426478 -1445214.190399226 -1875775.185738501
-5914007.425449703 -1443210.637711645 -1879175.411429631
-5911914.765448901 -1444996.0347090194 -1884380.8706687952
-5909780.273786398 -1449284.739963449 -1887779.6105674666
-5908001.030745026 -1451690.923495929 -1891496.3080469521
-5906638.80438603 -1455292.1332955696 -1892982.7894857358
-5906427.583165657 -1455458.7827947494 -1893513.6483282938
-5905374.703950494 -1457932.79689935 -1894893.8138235775
-5904869.902005546 -1459010.9780767001 -1895636.93945879
-5904688.746999037 -1461809.584228685 -1894044.492750921
-5905924.638951498 -1460802.8737769828 -1890965.3944455262
-5907177.193544196 -1459034.1190008605 -1888416.8087746685
-5907366.935409271 -1457440.1968448383 -1889053.9862730626
-5906569.691389375 -1459430.972320872 -1890009.7136763553
-5906244.929796059 -1460882.0962213555 -1889903.5240451437
-5906221.364471674 -1463720.7164565583 -1887779.6105674666
-5907288.473543939 -1464204.0446152852 -1884062.2086510744
-5908449.291708025 -1464163.4018464948 -1880450.3449993648
-5909425.395211958 -1460902.6500535295 -1879919.1326997464
-5909992.373700484 -1459291.6916327435 -1879387.9060837256
-5910481.825835313 -1456348.4062671072 -1880131.6193377888
-5910443.857489818 -1456776.7371736555 -1879919.1326997464
-5911269.533148657 -1453697.5063029185 -1879706.6437710803
-5911390.470014161 -1453617.8347461105 -1879387.9060837256
-5912139.966263523 -1451942.0352629293 -1878325.4099186575
-5913849.084215101 -1450610.8294765244 -1873968.5777871644
-5915392.075758341 -1445408.3258847091 -1873118.3522454174
-5916772.921142337 -1440712.8095856975 -1872374.3749401371
-5918019.532570135 -1436968.7107141698 -1871311.5017406435
-5919515.534473306 -1432737.712086567 -1869823.3835028794
-5920786.2218207 -1428451.6621762724 -1869079.2825142567
-5922637.147800236 -1422992.6978623562 -1867378.3755112686
-5923697.282386947 -1417452.8143971155 -1868228.8472238043
-5924280.00945689 -1413329.5243929182 -1869504.4864960208
-5924737.396087137 -1410706.640632715 -1870035.9786596012
-5925489.594996875 -1407826.1874569631 -1869823.3835028794
-5926495.66626739 -1405989.1436448898 -1868016.2327095931
-5927215.326645855 -1404083.8744633838 -1867165.751894127
-5928529.016681575 -1402209.6764030796 -1864401.4379328734
-5930171.854128758 -1396807.0810882463 -1863231.80488119
-5931313.444508508 -1392378.438018907 -1862912.8021280689
-5931553.60655236 -1388503.1090971855 -1865039.3906357943
-5931344.431817455 -1387253.0621279944 -1866634.182898344
-5931324.556582499 -1383754.9821941007 -1869291.885643977
-5931246.975994147 -1383081.9745332904 -1870035.9786596012
-5931725.467659403 -1379155.3304488466 -1871417.7916262802
-5932177.519251036 -1374895.8209893683 -1873118.3522454174
-5931916.31406285 -1371235.697246296 -1876625.2970565201
-5931109.925724631 -1370940.2421101301 -1879387.9060837256
-5931316.875392956 -1369461.437144674 -1879812.8885217255
-5932078.252141049 -1364403.6687106604 -1881087.7808555583
-5932680.753101056 -1358547.3286425848 -1883424.8691207164
-5931752.7179917265 -1354630.7633363248 -1889160.180508948
-5930519.219376203 -1353804.5546159705 -1893619.818366543
-5930119.253695307 -1352733.244476355 -1895636.93945879
-5929879.8830166655 -1351698.7439165513 -1897123.1058338522
-5930425.361331082 -1348556.9662846571 -1897653.8520937432
-5930593.175592822 -1345873.878921463 -1899033.724726538
-5930433.56209903 -1343878.7447416817 -1900944.15619211
-5929517.8899422195 -1343562.443413906 -1904021.6788426607
-5928553.797765365 -1343452.7766726217 -1907098.7137147605
-5927801.265346831 -1345566.657376953 -1907947.4649758881
-5927839.235782371 -1345248.9067567457 -1908053.556268495
-5927519.817519469 -1344850.0744967125 -1909326.606434883
-5926468.319689716 -1345264.0886584646 -1912296.731022691
-5925665.465866247 -1346386.9241813289 -1913993.7400717114
-5924714.782834009 -1346497.1532397596 -1916857.10432087
-5924200.403131331 -1347250.1774205356 -1917917.501609209
-5923799.434581929 -1347050.2548548286 -1919295.9307366752
-5923027.984586856 -1350136.873746543 -1919507.987988297
-5923767.812008533 -1350958.0988847178 -1916645.0178552715
-5924007.088877899 -1350360.057700767 -1916326.8837781285
-5924267.941715809 -1348461.7889925377 -1916857.10432087
-5923833.0426610615 -1349015.296160605 -1917811.4645088816
-5924193.604102579 -1348336.11535306 -1917175.2296398762
-5923927.207259275 -1348601.7313097394 -1917811.4645088816
-5924352.971998037 -1347937.3714891523 -1916963.1466778226
-5924093.338940018 -1347117.0876274165 -1918341.644167883
-5924500.732537255 -1346231.022556662 -1917705.426824356
-5923967.943374756 -1346762.359748858 -1918977.8404744405
-5925071.049366772 -1345381.8870735946 -1916538.9737466911
-5925725.734818805 -1344008.0467064094 -1915478.5005566026
-5927063.852719366 -1342788.8717540356 -1912190.6630043439
-5928872.338578792 -1334933.0682397555 -1912084.5944035095
-5928379.194380813 -1333626.2167902275 -1914524.0247963679
-5928518.827300183 -1334527.32275494 -1913463.440771159
-5929435.627794042 -1332885.375650826 -1911766.3851064106
-5929425.54854134 -1335057.6278913235 -1910281.3391001914
-5929861.697314556 -1335699.5531511898 -1908477.9156263375
-5930991.6292383 -1337041.7870816123 -1904021.6788426607
-5932736.536362942 -1334280.0748746425 -1900519.632073489
-5933484.036351757 -1332163.6419137954 -1899670.5560496084
-5933616.454748457 -1329147.8265054033 -1901368.6710457602
-5932842.304435432 -1330931.933125102 -1902536.039103898
-5932693.735604621 -1331442.3947444037 -1902642.1599961927
-5931979.954757462 -1332043.4556553434 -1904446.126463395
-5930406.990687361 -1329624.6345369022 -1911023.876365514
-5924553.014585029 -1340698.177432777 -1921416.3979730865
-5919801.03615381 -1354619.3466399089 -1926292.5837112966
-5919307.182759408 -1367994.4489595515 -1918341.644167883
-5922658.795166971 -1371273.7547562125 -1905613.3095536763
-5925881.400517941 -1366027.84155686 -1899352.1429916641
-5927649.344530733 -1358484.0315625248 -1899246.0041484882
-5926496.5375721445 -1355933.7639194096 -1904658.3467931265
-5925052.529962866 -1358215.4332287665 -1907523.0939938424
-5923609.591155298 -1362564.6963154513 -1908902.265682489
-5923017.614255036 -1367654.136604752 -1907098.7137147605
-5922878.529505333 -1371651.3794386757 -1904658.3467931265
-5924185.566914651 -1368359.467078516 -1902960.5191954793
-5923568.114572341 -1365712.3462694986 -1906780.422405513
-5922141.388441992 -1364186.0532281862 -1912296.731022691
-5917972.252583011 -1371385.8071340795 -1920038.120884264
-5916098.744786299 -1381509.4267990587 -1918553.711941188
-5916703.198294063 -1385680.3764870681 -1913675.5622402288
-5918795.74266619 -1385080.8060077464 -1907629.1876110316
-5919663.084155836 -1380489.7126218104 -1908265.7371099982
-5918704.902460699 -1380048.4248547645 -1911554.242663171
-5917334.143833366 -1380926.6724412562 -1915160.3472200877
-5916222.636964717 -1385241.0706341623 -1915478.5005566026
-5915603.118069362 -1388908.3066673214 -1914736.1346040755
-5916474.479264546 -1391183.183801904 -1910387.417598354
-5916982.533252753 -1387706.7723450728 -1911342.0978907598
-5916583.011446727 -1386632.6147416106 -1913357.379162296
-5914836.857582329 -1388074.8697797311 -1917705.426824356
-5913160.197026742 -1394325.2205098798 -1918341.644167883
-5913779.883018531 -1396214.7193870356 -1915054.2949410903
-5914235.121983414 -1396322.1990964909 -1913569.5017971466
-5914161.581104048 -1394888.233954197 -1914842.1886330524
-5912640.992139742 -1397253.2643250697 -1917811.4645088816
-5912266.843586005 -1399997.8801814788 -1916963.1466778226
-5911655.134872213 -1403013.343439602 -1916645.0178552715
-5912182.234742938 -1404555.504870242 -1913887.681377543
-5912426.223262049 -1404395.4402494868 -1913251.316970591
-5913155.636182166 -1405222.8780406981 -1910387.417598354
-5914042.890400682 -1403361.9645255534 -1909008.3517428958
-5913946.931944699 -1402466.9844040053 -1909963.1001144033
-5912903.9923523255 -1405272.104761029 -1911129.9507894372
-5913277.358645833 -1408741.377477553 -1907416.999795588
-5914051.292577538 -1409798.4069825285 -1904233.9038131533
-5915807.870361264 -1410871.863886089 -1897972.2929132362
-5917956.251346206 -1407564.0980706238 -1893725.9878279627
-5918531.622624077 -1404427.1100085997 -1894256.8264814857
-5917942.17596625 -1402323.5217144503 -1897653.8520937432
-5916984.209849463 -1404496.2701066087 -1899033.724726538
-5917271.55400438 -1405437.2630257248 -1897441.555323736
-5918188.27966405 -1405873.2381603154 -1894256.8264814857
-5919658.362867905 -1401966.381626916 -1892558.0920320556
-5920037.901657562 -1398783.087531068 -1893725.9878279627
-5919953.369856237 -1397126.8509994645 -1895212.2997026215
-5919604.026973923 -1398462.4046047025 -1895318.4605077163
-5919649.514511722 -1399564.0314250095 -1894362.992481248
-5920147.380798992 -1399899.9456756983 -1892558.0920320556
-5921214.041135826 -1397969.888026204 -1890646.8393721608
-5921803.398191831 -1396908.8100095165 -1889584.9516974553
-5921478.814344456 -1394977.6694696473 -1892027.2072438095
-5920238.6047253115 -1398939.6062128292 -1892982.7894857358
-5919938.399185661 -1402360.0605070111 -1891390.126478903
-5921204.919754396 -1402878.3728946978 -1887036.186494755
-5923006.392744217 -1399266.1882015087 -1884062.2086510744
-5923043.916043699 -1395237.2616659042 -1886929.9807562416
-5921341.4780757325 -1395272.5671566604 -1892239.5628883676
-5919804.926843487 -1398618.952591422 -1894575.3227495747
-5919474.562685116 -1401595.528340261 -1893407.4777132475
-5920099.913415228 -1404253.5496067074 -1889478.7597636483
-5922613.011135323 -1399500.673323462 -1885124.3952847666
-5924216.633864476 -1391257.9451200285 -1886186.5244942862
-5923051.480450972 -1385531.529560933 -1894044.492750921
-5919114.171400237 -1388533.6795040825 -1904127.7916179225
-5916473.238070013 -1397286.6860401826 -1905931.6200263286
-5914603.569849901 -1406330.4060565543 -1905082.7804900263
-5915809.677164753 -1410435.8097919403 -1898290.7285293299
-5917513.521426399 -1407567.919582137 -1895106.1383202116
-5917476.822495922 -1404285.9085162568 -1897653.8520937432
-5914788.650578193 -1406701.6238562863 -1904233.9038131533
-5912742.297523596 -1413849.5356508303 -1905294.9938566766
-5912132.079067372 -1418395.1677311654 -1903809.4515521755
-5912002.1031104885 -1421638.0854956463 -1901793.1766323699
-5912443.78275034 -1422071.7744697756 -1900095.0986919652
-5911982.269834288 -1422288.2330704632 -1901368.6710457602
-5911155.305140008 -1424163.115105144 -1902536.039103898
-5910031.903572826 -1425420.463663878 -1905082.7804900263
-5908729.622890632 -1429253.8143970512 -1906249.9252737619
-5907546.70000854 -1433006.4491710092 -1907098.7137147605
-5907312.827018416 -1436225.1958248757 -1905401.099669439
-5907198.523567493 -1437398.5997323783 -1904870.5648020895
-5907123.416050154 -1438690.8287537717 -1904127.7916179225
-5906247.608938871 -1440880.107777658 -1905188.887463528
-5906186.639711293 -1440428.371502127 -1905719.4136250867
-5905331.625226303 -1441967.1321243925 -1907204.8096560151
-5904281.66759105 -1443457.966034379 -1909326.606434883
-5902614.605830876 -1445780.1359931224 -1912720.9972705692
-5901511.017251545 -1448458.0338605028 -1914099.7981828437
-5900018.693593304 -1452568.8435073316 -1915584.5505018407
-5899066.71644106 -1455173.954236147 -1916538.9737466911
-5897969.359257231 -1457524.3992435422 -1918129.5740571371
-5896324.578513584 -1459848.1052550413 -1921416.3979730865
-5894817.3752890285 -1462860.3064735262 -1923748.6415160252
-5892637.172869962 -1467451.7509399857 -1926928.5164671452
-5891448.095711309 -1471524.475188692 -1927458.4442888077
-5889418.747306499 -1475058.7416423962 -1930955.5995877027
-5887266.825788707 -1480308.6000977173 -1933498.5829952157
-5885650.941409405 -1484927.3663703771 -1934875.8907203611
-5883949.696554224 -1488212.5638375017 -1937524.279397723
-5881511.806495639 -1492183.9877619531 -1941866.838050245
-5878895.671642295 -1499167.369692191 -1944408.3623549026
-5876533.49798434 -1506213.8026999347 -1946102.5223826577
-5875553.058101425 -1509897.3859403944 -1946208.4023468208
-5873271.637601195 -1515213.5182807306 -1948961.0732307374
-5871205.734827429 -1522114.6824671032 -1949807.9681721437
-5869945.37979179 -1525615.2880567904 -1950866.5333918736
-5867178.936126847 -1532988.5909600987 -1953406.8473965195
-5865294.237636092 -1538840.5528701087 -1954465.2104336026
-5863840.729003109 -1543163.8205742172 -1955417.6862642614
-5861831.417402498 -1549309.9298519618 -1956581.7578662867
-5859788.301173686 -1555555.7254567377 -1957745.7573512364
-5857568.965678577 -1562301.2231295453 -1959015.4926715419
-5856125.949576142 -1567172.5400921234 -1959438.7186850528
-5854073.95948934 -1572975.5520230252 -1960919.9345120299
-5851966.240727186 -1578433.8265306593 -1962824.1828174794
-5849326.655475494 -1586486.5521127733 -1964199.3527921736
-5847829.079289989 -1596165.398233981 -1960814.1372631318
-5848062.179603471 -1601275.0501011927 -1955946.8186571207
-5849007.813535549 -1599888.023732313 -1954253.5425880677
-5847643.993561104 -1601379.9724259921 -1957110.8574839758
-5845538.707158448 -1604532.9981715502 -1960814.1372631318
-5842779.205455914 -1612880.869556005 -1962189.4548978247
-5841468.424439643 -1621080.5599994666 -1959332.9130769134
-5842336.587338344 -1623188.5950100026 -1954994.3696280036
-5843246.004649973 -1623990.5540736339 -1951607.493688662
-5844148.525265811 -1619847.10469804 -1952348.4248552616
-5840576.668465968 -1623907.5624267384 -1959650.328110662
-5838577.657473659 -1629171.5998621855 -1961237.3226746137
-5837290.103942693 -1636062.278199165 -1959332.9130769134
-5837206.47516741 -1639775.435086055 -1956475.936154593
-5837139.141845789 -1642284.8945254409 -1954571.04346334
-5837392.844504125 -1641256.862822792 -1954676.875897681
-5836301.606563755 -1642488.9656355185 -1956899.219425185
-5834322.816970081 -1646108.7967545232 -1959756.1319280672
-5832455.6727851 -1652837.6860819354 -1959650.328110662
-5830687.279055572 -1659814.7948889954 -1959015.4926715419
-5830928.878245296 -1664945.4593703614 -1953936.0363550978
-5832191.754681955 -1664865.705591712 -1950231.4013891865
-5831980.982615431 -1665355.9606796743 -1950443.1144333913
-5831144.537548333 -1668529.8508734575 -1950231.4013891865
-5829716.461609402 -1672525.2408703326 -1951078.2393056364
-5829278.416415746 -1678237.1754160672 -1947478.9156653353
-5829247.40977238 -1681533.9152471973 -1944726.028913953
-5829289.5115666855 -1682978.83603475 -1943349.4353300845
-5830171.869729353 -1683343.8203526714 -1940384.1248312192
-5830967.028239365 -1681809.491167695 -1939324.9730263487
-5830217.950910577 -1682695.7088702547 -1940807.76900488
-5829377.053272583 -1683775.6943132852 -1942396.3503927018
-5828723.99124706 -1688106.927915864 -1940595.9481003284
-5829885.444625113 -1689325.6256023825 -1936041.2271517802
-5831412.27559834 -1688664.878677957 -1932015.217207296
-5833413.724682811 -1684169.5409012632 -1929895.9231478376
-5833279.641889826 -1681594.3111297365 -1932545.003949405
-5832182.936894469 -1681498.6594959712 -1935935.2904243104
-5830954.833093132 -1685995.7278336564 -1935723.4152002446
-5831147.232218311 -1688367.5152893923 -1933074.7759743412
-5832174.709298746 -1688334.046195398 -1930001.8934378165
-5833243.0827539405 -1686216.090011934 -1928624.233822692
-5833590.058519121 -1683558.658011128 -1929895.9231478376
-5833146.919918936 -1681445.782989146 -1933074.7759743412
-5831448.689535695 -1684043.2692191042 -1935935.2904243104
-5830128.80326166 -1686418.4780145274 -1937842.0612603917
-5829746.656305142 -1688954.5387387434 -1936782.767729207
-5829867.54947407 -1688658.6960832025 -1936676.835130678
-5829324.885994992 -1690045.4982862633 -1937100.5619847972
-5828666.590253288 -1690736.9218448862 -1938477.6090467463
-5827573.778208004 -1693287.2849909393 -1939536.8081143724
-5826056.426146677 -1696927.108538684 -1940913.6785703662
-5825017.2416548515 -1701698.984769885 -1939854.5563152025
-5824872.316794405 -1704967.3388434618 -1937418.3509297164
-5825364.232289572 -1705332.0923035692 -1935617.4767037136
-5824822.943976812 -1706939.7725081495 -1935829.3531071215
-5824652.003441333 -1707883.229777775 -1935511.537617559
-5823489.898734244 -1710523.0883003173 -1936676.835130678
-5822568.59037904 -1713895.9820846024 -1936464.9681638165
-5822036.5683158 -1717494.2459008885 -1934875.8907203611
-5822769.904178227 -1718704.8596096383 -1931591.3772199575
-5822587.563149076 -1719203.438642773 -1931697.338099467
-5822088.738610563 -1719939.97786384 -1932545.003949405
-5820833.7740469575 -1721447.2049832342 -1934981.833343575
-5818794.487622533 -1727141.0126513285 -1936041.2271517802
-5817582.8373506265 -1732638.5026266435 -1934769.947507751
-5817569.7601323435 -1737167.8015072288 -1930743.669004318
-5818207.730903337 -1738796.2201993014 -1927352.4598986213
-5819563.426900023 -1739422.66244741 -1922688.5659544636
-5820336.448273291 -1737772.672817748 -1921840.4633343848
-5819882.624712743 -1737415.915495998 -1923536.631090738
-5818877.408960439 -1740545.2777089975 -1923748.6415160252
-5818866.7931019645 -1743972.6566216787 -1920674.2610581266
-5819473.300562666 -1743933.0502709046 -1918871.8092178775
-5820422.127551973 -1743331.758218539 -1916538.9737466911
-5820893.74500656 -1740705.6796566427 -1917493.3497028372
-5820334.559476896 -1739653.1480322503 -1920144.1457089554
-5819243.4246843 -1741429.3548000217 -1921840.4633343848
-5818856.686231428 -1743305.5636212986 -1921310.380169439
-5818920.29680543 -1745427.656028095 -1919189.9012338712
-5819197.447275778 -1746950.0175729466 -1916963.1466778226
-5820843.298986426 -1743790.0335980263 -1914842.1886330524
-5820871.717549306 -1741363.185011573 -1916963.1466778226
-5819216.499984282 -1741753.2822746625 -1921628.4318244585
-5817012.635530505 -1746183.4517162074 -1924278.6573235483
-5815986.680451681 -1750413.3116669108 -1923536.631090738
-5815097.908308105 -1755570.8258875706 -1921522.415191437
-5816707.7707486 -1756610.7238962324 -1915690.5998635585
-5817260.720986397 -1754894.4509421303 -1915584.5505018407
-5818230.521704493 -1753414.5429055195 -1913993.7400717114
-5817289.123251849 -1752134.1169251362 -1918023.5381253052
-5816132.050962082 -1754000.236235873 -1919826.0694802825
-5814434.644706643 -1758693.0219182519 -1920674.2610581266
-5814761.564724103 -1762004.773244921 -1916645.0178552715
-5815712.676688802 -1761517.2449236028 -1914205.8557109076
-5817337.333016772 -1758684.470837125 -1911872.4554545106
-5817394.197974812 -1755377.816941536 -1914736.1346040755
-5816822.182108561 -1755537.517753183 -1916326.8837781285
-5815247.741831719 -1757277.3785518943 -1919507.987988297
-5814851.272822842 -1761477.9353046683 -1916857.10432087
-5816296.206789327 -1762469.8046334053 -1911554.242663171
-5818137.68498715 -1759148.0868614304 -1909008.3517428958
-5820337.645504341 -1754049.5575376442 -1906992.6171925706
-5820889.659029929 -1749673.251598223 -1909326.606434883
-5820884.124246243 -1749228.5063304221 -1909750.9378814509
-5821074.238103929 -1749174.8661588784 -1909220.522119125
-5822546.9117555 -1747512.4270803537 -1906249.9252737619
-5824278.041252929 -1743822.06770571 -1904340.0154283221
-5825744.309009795 -1737172.6758799218 -1905931.6200263286
-5825217.850496189 -1738122.8425871157 -1906674.3241407105
-5826531.568765946 -1736743.0430747785 -1903915.5654874016
-5827661.453163369 -1733647.1723592628 -1903278.8731776911
-5828147.570757798 -1730027.8879111644 -1905082.7804900263
-5827773.410476707 -1730470.2177299364 -1905825.5171159813
-5828947.154347483 -1730486.6357593047 -1902217.6729498703
-5830169.0016543325 -1727417.4810883398 -1901262.5432010517
-5831286.773323158 -1723874.5250812925 -1901050.2857741946
-5831228.522631729 -1722197.4040822578 -1902748.280308909
-5832428.80762391 -1720006.6903813467 -1901050.2857741946
-5832903.371713395 -1718044.362937172 -1901368.6710457602
-5834062.437519478 -1715398.422987561 -1900201.23290563
-5835546.874056344 -1711520.2174957823 -1899139.864726769
-5836791.819712548 -1706797.3727496902 -1899564.4189422566
-5837336.613324174 -1703749.9722882921 -1900625.7639716216
-5838528.995023264 -1699896.674749476 -1900413.4995964242
-5839404.775279466 -1696172.3619376714 -1901050.2857741946
-5839832.521360342 -1693865.3534967494 -1901793.1766323699
-5840166.927299912 -1693188.8370875774 -1901368.6710457602
-5842353.552600408 -1690286.104681027 -1897229.256241753
-5844729.94743961 -1683127.5075950157 -1896273.8817690758
-5845541.897292068 -1677065.5029570623 -1899139.864726769
-5844066.353277991 -1676310.9986284033 -1904340.0154283221
-5842932.145192418 -1677972.4816987645 -1906356.0258615953
-5842444.607125391 -1678825.9316614494 -1907098.7137147605
-5843704.435386596 -1677090.289360674 -1904764.4560877203
-5843849.006658229 -1673930.7881531816 -1907098.7137147605
-5843539.096736735 -1671745.4295168875 -1909963.1001144033
-5843023.173500196 -1671487.5060008296 -1911766.3851064106
-5843845.233252632 -1668854.1779157694 -1911554.242663171
-5845297.598259407 -1664856.2280307158 -1910599.572848834
-5845956.251385934 -1662176.1829990386 -1910917.8013594605
-5846237.885233257 -1659719.993728573 -1912190.6630043439
-5846968.028127196 -1656288.8425850538 -1912933.1268987486
-5847828.408249453 -1654107.2444039627 -1912190.6630043439
-5848219.290970844 -1652233.7147644039 -1912614.9315824907
-5848875.397689956 -1649663.6662481115 -1912827.062375999
-5848738.5722238375 -1648302.749401094 -1914417.9690177017
-5849258.042341464 -1647567.6055737133 -1913463.440771159
-5850218.449811465 -1645634.2114226162 -1912190.6630043439
-5851286.880748838 -1642078.2436513917 -1911978.5252202207
-5851581.484582023 -1638305.5363272978 -1914311.9126558714
-5851545.49055997 -1637194.169786068 -1915372.4500278758
-5852146.076849334 -1637031.8071746486 -1913675.5622402288
-5853402.815660592 -1634519.6837950156 -1911978.5252202207
-5854714.987210212 -1631802.262537255 -1910281.3391001914
-5855419.060661088 -1629025.2384918137 -1910493.4955145787
-5855718.106594353 -1628447.7831201286 -1910069.1803581838
-5856259.135835046 -1627497.1372840337 -1909220.522119125
-5857143.523661447 -1628293.5366635737 -1905825.5171159813
-5859118.958520575 -1624657.2445120583 -1902854.4000420154
-5859732.427586976 -1623065.3264280688 -1902323.795580705
-5861415.329962045 -1619346.5479501279 -1900307.3665404601
-5862348.850553007 -1616961.7163640053 -1899458.2812562648
-5863829.831118759 -1613956.708159296 -1897441.555323736
-5864946.189790823 -1610520.5975836122 -1896910.8032843913
-5865561.2074872395 -1607277.1089935729 -1897759.9996116753
-5866689.941497304 -1602523.7721525247 -1898290.7285293299
-5867664.138268543 -1599708.8541703625 -1897653.8520937432
-5869943.9775068145 -1594608.4582945807 -1894893.8138235775
-5870689.316370843 -1590850.7337924163 -1895743.097954303
-5871617.447441929 -1586153.1030446629 -1896804.651142897
-5871181.926146309 -1584716.134519331 -1899352.1429916641
-5870533.912085002 -1583551.9454149196 -1902323.795580705
-5869772.414852435 -1586753.9687974916 -1902005.4259498878
-5871376.732567123 -1587297.62195904 -1896592.3451265416
-5873088.195166813 -1585780.5396952655 -1892558.0920320556
-5874935.207245073 -1580450.047478265 -1891283.9443347035
-5876162.594195668 -1574732.8672558025 -1892239.5628883676
-5875735.077365743 -1573519.191825171 -1894575.3227495747
-5875634.7604230065 -1573382.4238571245 -1894999.976360519
-5876491.366552307 -1574271.3369360287 -1891602.489038818
-5879407.299156075 -1571533.6817989955 -1884805.745322725
-5882037.8087624805 -1566518.4130823198 -1880769.0655055793
-5884648.89072397 -1560396.3087471144 -1877687.8847533544
-5885718.685087636 -1556612.6005968596 -1877475.371788763
-5887287.665172999 -1555928.2072072865 -1873118.3522454174
-5890043.071154171 -1554566.9671828921 -1865571.0022651295
-5893156.940273944 -1550658.897495297 -1858978.015179232
-5896068.019288989 -1544165.0596685316 -1855148.8297213502
-5898030.814245543 -1537421.247973183 -1854510.5609002677
-5898136.228162948 -1533931.269209089 -1857063.5140927017
-5897902.758414443 -1533540.8545227773 -1858127.1484472929
-5898266.273949189 -1534074.9977483544 -1856531.6756998599
-5899965.584299009 -1533197.7661998402 -1851850.8886535843
-5902351.0541337 -1528760.0049483113 -1847913.926847578
-5904838.657018876 -1521708.662837369 -1845785.5184233168
-5905799.710806957 -1515252.980116047 -1848020.341360425
-5906577.705974842 -1511827.237042312 -1848339.581521203
-5907014.660592662 -1508424.3447769142 -1849722.8969842163
-5908012.602054844 -1505164.8557714482 -1849190.863840632
-5908548.721278157 -1502666.1146852674 -1849510.085416929
-5910732.542528138 -1498389.745995959 -1845998.3693906732
-5912536.54233846 -1494674.4232481415 -1843231.1314645833
-5914716.927929521 -1488527.884382985 -1841208.679068806
-5914799.658917589 -1486353.4774963972 -1842698.9267926374
-5915795.425246359 -1483311.0340928494 -1841953.8166774567
-5915130.2823001295 -1483583.181675812 -1843869.7585417114
-5915889.4596437365 -1483993.0879682759 -1841102.2285952829
-5916029.87631556 -1484357.5700615074 -1840357.0595791435
-5916984.292028795 -1483718.8913303767 -1837801.9859043187
-5917212.450578074 -1484654.2830760493 -1836311.377318068
-5918341.299794088 -1481863.570135365 -1834927.1426019329
-5918143.68738644 -1480277.451392365 -1836843.7501179453
-5918924.023379912 -1477948.2286962946 -1836204.9010798456
-5919067.2680208925 -1476447.6133158181 -1836950.2229994463
-5920045.208932305 -1475703.8108477874 -1834394.7194775115
-5921071.902742707 -1473435.4281734256 -1832903.8604231926
-5922517.468737962 -1469075.9911703365 -1831732.3943907814
-5923554.377090595 -1463956.7475855392 -1832477.8805894544
-5924507.2754474 -1459694.6109534758 -1832797.366302179
-5924462.68711299 -1457599.9078337303 -1834607.6904038726
-5925153.889610194 -1453712.7014363618 -1835459.551752585
-5925063.646157032 -1451388.3965663319 -1837589.0485364113
-5925414.12442959 -1449281.966312671 -1838121.387757401
-5925176.524327936 -1449443.0549151476 -1838760.176344747
-5926352.153102156 -1448415.222005022 -1835778.99053388
-5927096.80296126 -1447391.3810050127 -1834181.746315996
-5928096.724734206 -1444237.3326339787 -1833436.3226525972
-5928384.048607566 -1443868.895118653 -1832797.366302179
-5930106.152687267 -1441657.2434564524 -1828963.2063686124
-5931579.084082083 -1438836.036834919 -1826406.6985162816
-5933406.245768602 -1434674.7344055227 -1823743.3287424494
-5934574.110945143 -1430243.7303598272 -1823423.701026746
-5934960.347823916 -1428912.0791765763 -1823210.613105657
-5936144.996368853 -1427114.8567000367 -1820759.9424062069
-5937866.451009774 -1424569.1686363444 -1817136.6744808552
-5940025.919784748 -1419496.793193499 -1814045.734373511
-5941021.189401588 -1416008.358801219 -1813512.7666731253
-5942143.747443425 -1412111.7136543351 -1812873.1872029097
-5942790.117336706 -1409526.1317935276 -1812766.5886915363
-5944179.886251258 -1407226.0593022262 -1809994.8336685149
-5945953.434861974 -1403153.3886669243 -1807329.3331116
-5948081.288223652 -1396314.6967008107 -1805623.2321447842
-5949343.202772524 -1389820.071917718 -1806476.300237285
-5949522.595093063 -1388219.4964788237 -1807116.0781956352
-5951093.743258683 -1383001.6795262021 -1805943.1368055472
-5952287.634797079 -1378133.7228168072 -1805729.8675817726
-5953546.380892182 -1372405.143239616 -1805943.1368055472
-5953078.020585811 -1368249.1655436992 -1810634.5025451996
-5953092.326911697 -1369455.7938713715 -1809674.9917864283
-5954482.51611959 -1367915.497443084 -1806263.036515215
-5956247.564487444 -1363178.1528190393 -1804023.6346052303
-5957007.535623128 -1357444.9332775404 -1805836.5024687047
-5957043.471827986 -1355156.5688792747 -1807435.9597437826
-5958194.844158268 -1354215.4562947485 -1804343.5640083165
-5960338.594874622 -1353718.1229519306 -1797624.0090851912
-5963517.85423931 -1347765.2369130647 -1791542.5388021455
-5966781.262045522 -1339530.0214883918 -1786846.8575772643
-5967867.122289729 -1335398.1411520783 -1786313.1907089774
-5969160.869835833 -1333609.2293719228 -1783324.404968077
-5970910.299784803 -1334328.3261351588 -1776918.4308788902
-5974891.121294961 -1330401.223175015 -1766451.1524650385
-5979508.908370229 -1323216.6051584005 -1756192.4810663955
-5983272.060862355 -1314960.3117016365 -1749564.4670470105
-5986516.99090275 -1305271.791186259 -1745715.0021598914
-5988256.075198811 -1297989.1753488034 -1745180.2997174428
-5989677.907669173 -1292278.800633107 -1744538.6392436568
-5990524.285288094 -1289507.3346108673 -1743683.0621871478
-5992365.688230265 -1286292.881666477 -1739725.576375416
-5995222.507080603 -1279464.8821724083 -1734911.4403570308
-5997543.232104403 -1272629.2059678147 -1731915.437645962
-5999802.280515248 -1264575.3841717918 -1729989.2174435048
-6001393.355411088 -1256708.2024562825 -1730203.2503456788
-6002874.415322319 -1247834.5745601994 -1731487.4034773938
-6004158.257029678 -1242090.0192481836 -1731166.3723127218
-6005189.434543556 -1234545.3252511644 -1732985.486132804
-6006870.081277423 -1229209.824437416 -1730952.348899502
-6008219.967796327 -1223805.882942825 -1730096.2341581006
-6010295.208968143 -1214944.9968682218 -1729133.0647580207
-6010667.73354148 -1209125.0199242935 -1731915.437645962
-6010580.980363093 -1202014.4629238194 -1737158.1705243182
-6009330.686719557 -1201764.4253571779 -1741650.9304670051
-6008612.261380689 -1200857.3219768263 -1744752.528194267
-6008740.5839104075 -1200992.0295487738 -1744217.8018321965
-6010090.847579868 -1196244.7405950285 -1742827.4511366398
-6010644.356422331 -1189703.5635142014 -1745394.1822894872
-6010275.550655024 -1183854.1559341934 -1750633.6403359165
-6008899.103562668 -1180859.668681831 -1757368.2044706508
-6007767.737848649 -1177370.526594258 -1763566.4011236138
-6006442.843497906 -1175151.5502024589 -1769549.1521428693
-6005250.936325273 -1174156.6097012323 -1774248.6994948993
-6005288.319861192 -1169920.5465935008 -1776918.4308788902
-6004833.423619999 -1164937.4957732395 -1781723.09451208
-6004023.970199943 -1160105.5855613183 -1787593.96833116
-6002323.542171655 -1158690.3483958251 -1794210.068979183
-6000993.8286002865 -1159954.6930166753 -1797837.3617348874
-6000607.247834026 -1161292.3947446628 -1798264.0604621898
-6001160.049224441 -1160747.4138283096 -1796770.5765855012
-6001639.582060045 -1159753.5303429614 -1795810.4231536163
-6002880.427239546 -1156298.5357505756 -1793889.9833840004
-6003097.810764761 -1151016.878615148 -1796557.2129866527
-6001955.445196824 -1148300.1226032139 -1802103.9543549193
-5999308.939378442 -1150724.645326654 -1809355.1449430154
-5998105.526850584 -1155813.065355724 -1810101.4465265416
-5998790.383558719 -1156596.5657037913 -1807329.3331116
-6000332.970029565 -1153418.5624257398 -1804236.9214235456
-6000945.9150084285 -1148215.548641678 -1805516.5961577715
-6000727.78131319 -1144482.9592386845 -1808608.816352596
-5999800.600113126 -1141918.7394709748 -1813299.575725751
-5999062.631777463 -1141561.293918344 -1815964.3036796586
-5999068.811625467 -1141020.0046671422 -1816284.0478108043
-5999480.632889251 -1139362.445996905 -1815964.3036796586
-6000492.546032191 -1135214.9744006235 -1815218.2146807306
-6000621.098848124 -1131117.6063524876 -1817349.8256137026
-6001214.073335307 -1127108.316773456 -1817882.693757315
-6000988.942408421 -1126415.4579957663 -1819054.95493678
-6001575.006203638 -1127935.2168101424 -1816177.466986984
-6001861.120446034 -1133087.031126673 -1812020.3836521339
-6003335.092298215 -1135318.640252107 -1805729.8675817726
-6003831.07109286 -1136931.9867955584 -1803063.8167244832
-6004825.832636709 -1135057.808909986 -1800930.728854198
-6003541.622046646 -1136768.6357890747 -1804130.2782891728
-6003587.634519982 -1136017.5916545074 -1804450.206043452
-6002665.94314007 -1136819.8727130732 -1807009.4499119185
-6003024.898595324 -1137973.1939341314 -1805090.046710126
-6003256.737892718 -1137257.3679487833 -1804770.1288507294
-6004227.569441315 -1134836.1851737793 -1803063.8167244832
-6003843.704388725 -1133135.7601691016 -1805409.9596207666
-6004306.160270735 -1131703.7225983767 -1804770.1288507294
-6003819.323060856 -1130201.4058190903 -1807329.3331116
-6004064.302422458 -1128728.5341486621 -1807435.9597437826
-6003659.4626440825 -1126265.887815387 -1810314.6705883972
-6004018.440839244 -1127092.592236305 -1808608.816352596
-6003952.26906345 -1125561.4991246543 -1809781.6062984257
-6004258.236711133 -1127354.5828926882 -1807649.2113563854
-6004915.962425671 -1124874.2739232779 -1807009.4499119185
-6004888.053758367 -1125194.497414253 -1806902.8210777547
-6004679.708774174 -1122877.5103334463 -1809035.2931391527
-6004593.122509618 -1123512.1195201029 -1808928.6747690279
-6005760.969592133 -1118632.3839221755 -1808075.707973634
-6005861.191720975 -1114638.5645200508 -1810208.0588331802
-6005968.565753017 -1109020.8455477557 -1813299.575725751
-6005402.947514171 -1105448.3476535478 -1817349.8256137026
-6005488.781944512 -1101996.756410703 -1819161.5208108677
-6006290.676288034 -1098676.7591011026 -1818522.1172552546
-6007990.948054009 -1093245.2499370025 -1816177.466986984
-6008101.330643261 -1089799.0238848254 -1817882.693757315
-6007314.8062845105 -1089331.4694452912 -1820759.9424062069
-6006683.482692216 -1088892.1410574468 -1823104.0683120238
-6006383.64397193 -1088404.6870181803 -1824382.5691732913
-6006330.188985395 -1086554.4673162964 -1825660.9900081852
-6006829.103872481 -1083613.434043169 -1825767.5214636996
-6007019.178182115 -1080400.4048065275 -1827045.8555400728
-6007414.4942107545 -1077116.3645745225 -1827684.9925280642
-6008062.732437828 -1071497.2723425864 -1828856.6916120304
-6007907.263973404 -1066168.9006184642 -1832477.8805894544
-6007941.999394467 -1063038.6885683897 -1834181.746315996
-6008034.392501517 -1060676.0548153128 -1835246.5897694358
-6008438.911192534 -1057828.0545448568 -1835566.0319055063
-6008773.673783595 -1055184.1109826458 -1835991.9469254126
-6009696.325048351 -1053075.686824809 -1834181.746315996
-6010952.693350923 -1048862.9726745316 -1832477.8805894544
-6012033.247268372 -1045267.5618665689 -1830986.8808512064
-6013061.647980272 -1041770.6575211077 -1829602.2832071516
-6014132.466325759 -1038388.6699334417 -1828004.5535064444
-6015533.095450731 -1034954.771511774 -1825341.392305001
-6017020.012621215 -1031750.9128205044 -1822251.6899731092
-6018391.309828555 -1029391.1368863079 -1819054.95493678
-6020189.708841888 -1024508.4704024106 -1815857.7211962177
-6021884.6436259905 -1020579.7239042155 -1812446.7898443441
-6023219.8955443455 -1019508.3321535102 -1808608.816352596
-6023970.556571733 -1020176.1509072612 -1805729.8675817726
-6025142.365554465 -1018535.7248696196 -1802743.8675433276
-6026233.021465336 -1015474.8862467031 -1800824.0686982768
-6026533.857046032 -1012929.6934651316 -1801250.7060302612
-6027192.248411711 -1010336.3998207628 -1800504.0849392693
-6027623.278843283 -1007380.4767289598 -1800717.407993793
-6027973.307939922 -1004519.2476236041 -1801144.0475202226
-6027425.260505658 -1003022.4155846345 -1803810.3455887672
-6027609.8661575075 -1002296.3468219355 -1803597.0543744166
-6028564.101717532 -997698.012163456 -1802957.1675466325
-6028879.207116824 -993858.7584662869 -1804023.6346052303
-6029097.925885723 -991949.3450283813 -1804343.5640083165
-6029616.205619716 -990737.6368640446 -1803277.1134324179
-6030634.283613439 -987446.1602312889 -1801677.3345831688
-6031838.985086855 -982995.7761326283 -1800077.4322489023
-6032418.062827236 -979631.8444608432 -1799970.7677053926
-6033715.675875086 -976924.487271904 -1797090.617878736
-6034651.8230152875 -973293.4359046944 -1795917.1090568444
-6036187.933514715 -967488.9967363509 -1793889.9833840004
-6036294.740325423 -965236.9941843718 -1794743.5340397684
-6037592.085934784 -963067.0462226503 -1791542.5388021455
-6038674.648423716 -958052.7514646268 -1790582.1444144237
-6039349.259625063 -953189.6668227047 -1790902.2807871504
-6039766.154068759 -948934.3529862923 -1791755.9537749435
-6040241.4165204875 -946308.5975583914 -1791542.5388021455
-6041614.763338075 -943391.0122931398 -1788447.776520169
-6043030.31617703 -940587.0922477267 -1785139.0757199612
-6044866.719310098 -938495.7740086109 -1780014.8954278878
-6046506.131111311 -937237.3057020965 -1775103.0503138693
-6048249.2308213785 -931022.6561487935 -1772433.0891760762
-6048239.015029149 -926807.0677122787 -1774675.8792291617
-6048289.253277167 -926274.5667352909 -1774782.6728113159
-6049975.932188137 -925884.4749299359 -1769228.6904264237
-6051591.691591788 -924294.2361995218 -1764528.0284499815
-6053361.762593884 -916133.3091673563 -1762711.5847467293
-6053642.220075781 -908071.6549455614 -1765916.9688296188
-6053138.366038224 -901839.6012565562 -1770830.95048667
-6052327.545435016 -897400.1360677788 -1775850.5788928536
-6053316.982857284 -894523.8171853906 -1773928.3090191842
-6055229.279175729 -888543.8314594072 -1770403.693000108
-6057365.746366817 -879679.5466373983 -1767519.4793749244
-6059075.035773912 -869132.3912612596 -1766878.4896879166
-6059335.849370219 -860752.7943955502 -1770083.2442224673
-6059352.275421471 -856008.4966992763 -1772326.2837082995
-6059326.847843324 -853308.4255264304 -1773714.7126668056
-6060648.063588387 -850797.7510160138 -1770403.693000108
-6062920.412992865 -843456.9428249234 -1766130.6438978016
-6065019.868147482 -832314.2004227538 -1764207.490844241
-6065725.516219931 -819363.6635413156 -1767839.9669502357
-6065567.576487582 -808457.532483854 -1773394.3140860365
-6065179.236368731 -801726.9810157334 -1777772.673497098
-6065827.83843771 -795135.1219499541 -1778520.107357722
-6067071.9982834 -790882.5190510078 -1776170.9401701726
-6068702.199812967 -785063.5460917928 -1773180.7123311025
-6069905.8539230935 -777895.9103688782 -1772219.477700641
-6070574.78050422 -766999.5814785925 -1774675.8792291617
-6070945.878087499 -763063.7628001996 -1775103.0503138693
-6070971.308276437 -759622.9638885552 -1776491.2965780175
-6070681.657640659 -754421.8770060436 -1779694.592642214
-6069896.201813633 -752925.8202743586 -1783004.1526515358
-6069779.628864072 -748286.3807184739 -1785352.5560678379
-6069356.764747053 -743287.8890782109 -1788874.6675406971
-6068552.691056973 -738782.1087843105 -1793463.194940273
-6067457.467240416 -737144.2897958586 -1797837.3617348874
-6066532.626285237 -733808.8205442126 -1802317.2609472107
-6064900.511866587 -733396.5981151626 -1807969.0846453977
-6063780.77134621 -731865.2853747295 -1812340.189124365
-6062038.020027826 -731762.2887830954 -1818202.407998637
-6060468.285187268 -730177.7272395366 -1824062.9514582562
-6058776.611708869 -731690.4582613329 -1829069.7205680597
-6057290.09661904 -733334.4496067025 -1833329.8313235794
-6056365.693261221 -735903.9978900445 -1835353.07104055
-6056550.350409213 -735711.901437571 -1834820.6590948203
-6056742.241721666 -734662.5345390654 -1834607.6904038726
-6055718.56603554 -733251.4316126367 -1838547.2490557588
-6054314.807576647 -734153.6510135599 -1842805.3688497923
-6053445.688339641 -733833.849247211 -1845785.5184233168
-6052536.359271604 -735974.6861530012 -1847913.926847578
-6052344.456386525 -734879.4215998969 -1848978.0466399007
-6051594.170145857 -733823.7431765245 -1851850.8886535843
-6050653.747878441 -730280.9251976998 -1856318.9363837733
-6049174.897201069 -732244.8461771592 -1860360.5963144414
-6048116.197236227 -731795.3750940863 -1863976.1247719117
-6047086.439704313 -735419.09063555 -1865889.9624235644
-6047516.519927003 -732686.6838679827 -1865571.0022651295
-6046876.455008098 -732823.3118167499 -1867590.996853066
-6046489.073232298 -729778.2716695917 -1870035.9786596012
-6045781.512252532 -729371.7072339358 -1872480.6591236528
-6045663.463815488 -724326.4967955055 -1874818.7667949286
-6044128.305776315 -722537.5584046168 -1880450.3449993648
-6042939.049245741 -721967.4881845207 -1884487.0901933813
-6041505.174798115 -722865.6937826981 -1888735.4001129034
-6041399.463851164 -722639.1426972791 -1889160.180508948
-6041009.008832888 -721736.9006479584 -1890753.0249725832
-6040181.635145963 -721424.2011742516 -1893513.6483282938
-6038847.268687108 -721157.9267011816 -1897866.1465515173
-6038045.646498213 -722558.6541364216 -1899882.828528262
-6037488.502039737 -723026.4027855863 -1901474.798311278
-6037108.40587237 -723408.4017040511 -1902536.039103898
-6036786.3502633255 -723583.5609221112 -1903491.1062670269
-6036134.638029554 -721475.1099248095 -1906356.0258615953
-6035523.877840455 -720974.7329721542 -1908477.9156263375
-6034742.15118101 -720774.5228017697 -1911023.876365514
-6034444.450443213 -722982.3550479405 -1911129.9507894372
-6034318.127686519 -721792.1120174193 -1911978.5252202207
-6034720.278827279 -721519.7190414768 -1910811.7257713072
-6034551.374070046 -720965.3882578204 -1911554.242663171
-6034196.764548329 -722525.3701838023 -1912084.5944035095
-6034147.776086064 -722092.2051951763 -1912402.7984585199
-6034171.539978813 -722736.0029460832 -1912084.5944035095
-6034119.289839019 -721768.3281222286 -1912614.9315824907
-6033522.8137335805 -723940.1208946545 -1913675.5622402288
-6033168.971173954 -724645.3779203489 -1914524.0247963679
-6032213.732371383 -726987.1818131846 -1916645.0178552715
-6031870.749853966 -731218.4098807173 -1916114.7914745805
-6031858.663307807 -736024.4336585323 -1914311.9126558714
-6033958.867271253 -734784.4239749843 -1908159.6469798766
-6034535.840656314 -731968.9725153617 -1907416.999795588
-6033892.497847469 -731463.497916303 -1909644.855892343
-6032195.60614129 -735745.0026027443 -1913357.379162296
-6031636.537705207 -743049.7221178863 -1912296.731022691
-6033068.8405075995 -748571.4930106357 -1905613.3095536763
-6035604.459472564 -748351.2988086987 -1897653.8520937432
-6037584.154100739 -745280.1154167781 -1892558.0920320556
-6038785.004439346 -741469.5651571302 -1890222.0912115546
-6039208.957351986 -740451.7113711679 -1889266.3741693625
-6039304.37918447 -743459.3179784858 -1887779.6105674666
-6040422.9637275385 -746486.8066437206 -1882999.9646255656
-6042350.369095024 -747474.4970295577 -1876412.7726562847
-6044499.05275815 -746347.9000788437 -1869929.681366047
-6046157.510475113 -743017.5009058529 -1865889.9624235644
-6046642.728081589 -740934.6692656234 -1865145.7140980375
-6047288.613709279 -738871.3078454874 -1863869.7950620907
-6047669.487426613 -738703.589817607 -1862700.130788556
-6048366.095296899 -738895.8173812553 -1860360.5963144414
-6049621.903506845 -737977.6394239168 -1856638.044509622
-6051394.926823515 -733049.4053022858 -1852808.4113044702
-6052137.088628404 -729602.6232189118 -1851744.4944269678
-6052931.909840524 -724340.0580931769 -1851212.51483343
-6052654.723872652 -723663.986737811 -1852382.8513244272
-6053550.542112869 -719699.1553195771 -1850999.7190484074
-6054152.806411778 -719556.4418193264 -1849084.4555218983
-6055416.874626121 -715741.3277457546 -1846424.064577249
-6056581.044590283 -709984.4721016423 -1844827.661242163
-6056930.097113831 -704774.7779790777 -1845679.0920962342
-6057004.492209484 -700497.9430325459 -1847062.590482876
-6056485.8005169 -699366.7830441328 -1849190.863840632
-6056815.690011076 -695655.9071672732 -1849510.085416929
-6057427.1695492705 -693155.4614061828 -1848445.9937821
-6058466.023784736 -686312.1282142429 -1847594.6799317237
-6059206.293811344 -680612.6521943274 -1847275.427950584
-6059249.648871542 -675584.8397453858 -1848978.0466399007
-6060082.085395332 -669253.4067637816 -1848552.4054799275
-6060722.517653532 -664613.466846356 -1848126.7553103336
-6061512.033115023 -660953.0017350722 -1846849.7507645772
-6063076.719950298 -656091.3596383444 -1843444.0094032262
-6063834.635619694 -651462.5462172355 -1842592.4841741638
-6064435.963334433 -649171.7934913153 -1841421.5783332286
-6064095.660868445 -649028.3145605996 -1842592.4841741638
-6064803.808095144 -649960.6255092376 -1839931.2363787591
-6065909.126562215 -646866.6807190459 -1837376.1089294571
-6067092.30561214 -644529.7765142753 -1834288.2331761317
-6067520.129476037 -640184.7323672376 -1834394.7194775115
-6067367.439754039 -638883.7575291255 -1835353.07104055
-6067508.5177989695 -636007.807434438 -1835885.469009268
-6067620.445262091 -637090.1949254022 -1835140.1079392727
-6068100.023469274 -634356.7081841216 -1834501.2052201023
-6068238.457810813 -634264.11205999 -1834075.2588971362
-6068881.778255737 -629941.4356379568 -1833436.3226525972
-6068498.56287007 -630222.8294459489 -1834607.6904038726
-6068524.961541754 -628726.796188235 -1835033.6255500943
-6067986.475285305 -630811.9467026186 -1836098.424282283
-6068689.621550442 -630242.6711812457 -1833968.7709195851
-6068917.351054518 -631765.2690197937 -1832690.8716228625
-6069846.796578855 -629934.5231711234 -1830241.3399818568
-6069680.368408118 -631844.6979913516 -1830134.831913025
-6070402.256772082 -631384.3672727384 -1827898.0337371165
-6070346.7604996115 -634377.3711646032 -1827045.8555400728
-6070928.407565993 -634331.0411134041 -1825128.3243893366
-6070622.670534099 -636334.2388596722 -1825447.9254288026
-6071066.099922003 -636380.7199732835 -1823956.4111085853
-6070795.420434025 -635602.51946405 -1825128.3243893366
-6070168.979911404 -633930.3895729762 -1827791.513410979
-6069385.491870497 -636204.5554341057 -1829602.2832071516
-6070318.414626617 -635873.9047097701 -1826619.753083313
-6071052.00406473 -634986.6622886905 -1824489.107300202
-6071879.141361772 -631966.4645067232 -1822784.4305991577
-6072449.883629739 -631704.4725502975 -1820973.0558591785
-6073767.979884877 -626377.2195010631 -1818415.5480569592
-6074424.555338066 -625266.3454076299 -1816603.7869625045
-6075311.829337666 -620964.5344346452 -1815111.6283259785
-6075564.898828392 -620668.9634477432 -1814365.5083629226
-6076909.591595145 -616519.8808210536 -1811274.1515660554
-6077245.529582229 -616339.6441153259 -1810208.0588331802
-6077855.706147536 -615329.849035486 -1808502.1957785408
-6078376.814444189 -616132.8414459971 -1806476.300237285
-6079770.621088118 -614558.9360228551 -1802317.2609472107
-6080808.583425615 -612412.4340027001 -1799544.1040486516
-6081145.513065874 -610945.4282309074 -1798904.0921190162
-6081834.631363448 -610049.701252021 -1796877.2575639505
-6082795.616947137 -608001.5100002486 -1794316.763084526
-6083654.708836141 -603798.053225725 -1792822.9958857275
-6083949.928723109 -599860.0631377822 -1793143.0978710023
-6084169.811389275 -596343.6472093497 -1793569.8928707659
-6084273.436017343 -593030.4456666596 -1794316.763084526
-6084335.343528254 -592071.6896975172 -1794423.4566432883
-6084583.886431593 -590809.4821950105 -1793996.679128888
-6085507.502296316 -590684.7383898039 -1790902.2807871504
-6086408.653199479 -590128.8422427678 -1788020.8767829626
-6086978.129206414 -591363.6817363268 -1785672.7725107002
-6087825.28729184 -591982.2669430212 -1782577.1419590886
-6088660.762694618 -591741.6944833784 -1779801.360779608
-6089401.447588021 -593422.9802343788 -1776704.8648108847
-6089841.627845459 -595611.893397045 -1774462.2904430947
-6090995.774491685 -599052.0200588439 -1769335.5115375533
-6092091.868324661 -598623.0482458398 -1765703.29160972
-6092082.741352744 -598085.3883114267 -1765916.9688296188
-6090999.810749816 -601843.2855254533 -1768374.102138356
-6090779.3086266415 -607189.0629871432 -1767305.818299244
-6092644.215594504 -610811.7585221628 -1759612.587427668
-6095129.632247659 -607515.3091237396 -1752130.3933431415
-6096820.992628873 -605319.7130724341 -1746998.2337729433
-6098320.329497783 -601921.773052798 -1742934.40437643
-6099044.4558049245 -599843.6112826793 -1741116.1271203496
-6099189.747047578 -598675.6362037908 -1741009.1648597647
-6099429.334529432 -599344.0446590321 -1739939.513090502
-6100036.361240146 -601231.1386885131 -1737158.1705243182
-6100961.699157241 -601107.3099228289 -1733948.4846366493
-6102203.240532697 -599294.0210994167 -1730203.2503456788
-6103039.592059386 -595397.2265395491 -1728597.952210002
-6103635.102012 -593949.7651110265 -1726992.5355980897
-6103404.024535357 -591024.0147906173 -1728811.9988091209
-6103199.577375721 -588746.3817929971 -1730310.2660062078
-6102491.20110279 -586958.0994884076 -1733413.4907482343
-6102139.334599791 -587139.2319124588 -1734590.4598720884
-6101898.7758636465 -586793.6347548837 -1735553.3870569605
-6101487.7447728375 -586001.7854335131 -1737265.1518566764
-6101226.724450838 -585546.8443169429 -1738334.9360688126
-6100915.252144983 -584979.6471232743 -1739618.6072229312
-6100925.851972308 -584550.825541451 -1739725.576375416
-6100967.638421663 -583157.8860810935 -1740046.4806530375
-6101241.231405575 -581249.8215929299 -1739725.576375416
-6101474.149592763 -576544.2343405047 -1740474.3456023685
-6101060.132244394 -575108.4959523064 -1742399.6328688487
-6100745.207243211 -572608.1463180602 -1744324.7481673793
-6100703.446768151 -571422.6789413329 -1744859.4718723656
-6101465.220833852 -567519.5485444325 -1743469.1626108068
-6101264.229821027 -563419.5845789681 -1745501.1227780094
-6101601.869152622 -558081.1368010907 -1746035.817244318
-6101077.25922309 -553416.3571213208 -1749350.6259928134
-6100690.387601331 -550912.2304682477 -1751488.9405729123
-6099907.086776328 -548694.9306651497 -1754909.799892375
-6099911.232039766 -547622.0707972113 -1755230.4774048552
-6099847.784569478 -543860.3636642856 -1756620.0243415756
-6100527.7681837585 -542096.5869595779 -1754802.9063190192
-6100503.180276855 -537158.281268548 -1756406.2537740492
-6100557.8677503215 -533729.6546120364 -1757261.323200783
-6100176.65242481 -529619.7806107749 -1759826.3258620223
-6099843.355432359 -528839.9977102021 -1761215.5734064977
-6099341.095795389 -526436.949422913 -1763673.2507536078
-6098849.849499267 -525322.1861499626 -1765703.29160972
-6098063.019470033 -521501.877966393 -1769549.1521428693
-6097449.243823411 -520699.0040214568 -1771899.0564387015
-6097760.890420972 -517402.50503474916 -1771792.248271842
-6097624.264138278 -512031.815519649 -1773821.5111131635
-6098068.9768540375 -505210.16010270984 -1774248.6994948993
-6097427.580511344 -501299.79974150413 -1777559.1160911387
-6098399.204429952 -494736.56185758277 -1776064.1536187422
-6098330.749957949 -489803.05188976583 -1777665.8950648725
-6099326.254415361 -484740.63097368105 -1775637.0020031454
-6099761.103776874 -479633.1311258013 -1775530.21274694
-6100759.4451089185 -475212.1499446396 -1773287.5134786568
-6100837.896581195 -468577.0202725085 -1774782.6728113159
-6101548.693053455 -464561.24791570543 -1773394.3140860365
-6101078.832364448 -459277.85494731244 -1776384.5116498428
-6101180.6609319635 -455430.4937893282 -1777025.2131009889
-6100626.703696478 -453676.06957674277 -1779374.2849774065
-6101237.054604988 -454256.839946318 -1777131.9947817742
-6101777.653264208 -454511.26271934644 -1775209.8417333092
-6103293.668653768 -452481.97156605497 -1770510.5081807738
-6104253.155426473 -449553.716796193 -1767946.7950650195
-6104641.934280114 -445940.29225776833 -1767519.4793749244
-6104274.068627448 -443342.9016242809 -1769442.3321097125
-6103287.46976188 -443271.24664960534 -1772860.3056477201
-6102893.393797249 -444848.81775509974 -1773821.5111131635
-6103009.122188758 -444964.337051992 -1773394.3140860365
-6103595.711860377 -444150.3605274489 -1771578.6303190007
-6103842.874336263 -441169.7569775431 -1771471.8205330824
-6103903.525148747 -438175.7334598799 -1772005.8640658092
-6103276.695874312 -436096.43117061676 -1774675.8792291617
-6102951.451651874 -435430.8338430725 -1775957.3665262915
-6102368.763869607 -433569.4728219129 -1778413.332716963
-6101966.814701438 -433969.06479891815 -1779694.592642214
-6102028.777529157 -433973.4715666398 -1779481.054741081
-6102308.166666698 -434421.5200096179 -1778413.332716963
-6102605.8948755115 -431980.627172796 -1777986.2287368951
-6102510.473072966 -430689.38063798944 -1778626.8814567125
-6101788.311810749 -429889.2327709827 -1781296.0577616822
-6100703.270575373 -434200.2510795425 -1783964.8949330263
-6101329.866484277 -438954.32478672086 -1780655.4863583213
-6103139.690342302 -438442.108325675 -1774569.0851064103
-6104741.133493237 -435130.16460088745 -1769869.6090079949
-6106476.006598076 -427648.9995786391 -1765703.29160972
-6106290.526849691 -421424.7892081413 -1767839.9669502357
-6106699.083497476 -417276.6844555445 -1767412.6491062767
-6105541.08308271 -416555.2056885791 -1771578.6303190007
-6105971.020175583 -416156.27910520486 -1770190.0610209228
-6106070.63248235 -414235.9200126779 -1770296.877280147
-6107086.1514939 -409272.36414244684 -1767946.7950650195
-6106557.0002681855 -404205.4431232167 -1770937.7635098265
-6106536.160534481 -399815.3796456499 -1772005.8640658092
-6105560.375855174 -396219.9995990033 -1776170.9401701726
-6105832.32246858 -394418.4161714833 -1775637.0020031454
-6105102.944782551 -392231.37325688073 -1778626.8814567125
-6105907.449524899 -391319.9970189135 -1776064.1536187422
-6106320.296661631 -387280.12884864525 -1775530.21274694
-6106773.683127025 -384526.6508992482 -1774569.0851064103
-6106512.606960134 -380765.3089657661 -1776277.7261805502
-6106141.119829101 -379244.35535060056 -1777879.451387783
-6105537.729412762 -376425.6650527185 -1780548.7225591056
-6104889.295891286 -373284.07616998046 -1783431.1546538374
-6104463.305657662 -369515.222139872 -1785672.7725107002
-6104146.750532049 -365432.96561076184 -1787593.96833116
-6103849.876355205 -363597.6855918387 -1788981.3889336044
-6102741.218959287 -366952.26675493666 -1792076.0721405584
-6103347.920689177 -372441.3817639885 -1788874.6675406971
-6104244.91282246 -374634.8820160133 -1785352.5560678379
-6105637.4223606 -372260.21296956396 -1781082.5361306702
-6105986.622763149 -369072.63408521865 -1780548.7225591056
-6106203.664914648 -365983.9286109847 -1780441.9582175044
-6105947.329579784 -362974.0041028722 -1781936.6096309463
-6105725.282542905 -361463.6437371652 -1783004.1526515358
-6105687.907080806 -361568.369028014 -1783110.9039668937
-6106993.31525955 -358971.7189567775 -1779160.7438240054
-6107855.871491744 -354850.7363486993 -1777025.2131009889
-6109158.303482151 -348400.7314965118 -1773821.5111131635
-6110149.57415645 -341824.3476819388 -1771685.4395652646
-6110570.76964557 -333075.97173135565 -1771899.0564387015
-6110566.860338876 -330294.70132299117 -1772433.0891760762
-6111521.518431684 -329811.4169013777 -1769228.6904264237
-6112120.108336703 -328452.9023243156 -1767412.6491062767
-6113086.98158522 -327113.85624340555 -1764314.3372502734
-6113554.166872857 -322965.7270549838 -1763459.550956407
-6113775.477520016 -319339.41972265654 -1763352.70025202
-6113813.370807832 -316238.5591880799 -1763780.0998463558
-6113817.979832945 -314954.91052404797 -1763993.796419985
-6114016.462392281 -310471.602219825 -1764100.6439008007
-6114353.35349495 -306851.13236382947 -1763566.4011236138
-6114670.580111616 -301089.86840826314 -1763459.550956407
-6114156.702043901 -295823.20993591356 -1766130.6438978016
-6113683.571803056 -290880.6383617346 -1768587.7524430894
-6113090.918241971 -285078.2031383496 -1771578.6303190007
-6112320.240490553 -278948.553505325 -1775209.8417333092
-6111228.508379545 -274944.1673737445 -1779587.8239626938
-6110420.352922714 -270740.2855417662 -1783004.1526515358
-6109879.772516684 -266015.2303135804 -1785566.0342403164
-6109909.083203731 -260995.19648898632 -1786206.4557027633
-6109609.188219809 -254786.66424066722 -1788127.6025343393
-6109333.597617384 -248580.2522068671 -1789941.8569429002
-6109622.871420563 -238979.76724817144 -1790262.0031327142
-6109006.598834908 -228918.4679379803 -1793676.590254907
-6109898.955010075 -220836.4482205484 -1791649.2465614278
-6110221.554720908 -208996.03230273107 -1791969.366564541
-6112161.646283484 -196674.18328897425 -1786740.1252920863
-6113434.940337176 -186889.12989971158 -1783431.1546538374
-6115596.79603895 -176913.03027622137 -1777025.2131009889
-6117173.6593629 -169372.26831281424 -1772326.2837082995
-6118372.767181879 -162779.87304310576 -1768801.4005928515
-6118685.96217351 -156696.95689137108 -1768267.2761779572
-6119810.984228601 -152450.60784168175 -1764741.717499666
-6120797.973252942 -146061.69745816107 -1761856.7340048745
-6121054.38175996 -139013.04333727306 -1761536.1561203615
-6120896.651770123 -133665.32076259697 -1762497.8752823304
-6120840.489334194 -130564.61515518473 -1762925.2920633175
-6121838.615391088 -131334.17229327685 -1759398.8468492788
-6122794.736958043 -132530.72241855794 -1755978.7062188738
-6123445.272837383 -135004.08523337913 -1753520.1417536684
-6124780.365996293 -134070.97757292326 -1748922.9374900875
-6125998.890934346 -131316.45627432803 -1744859.4718723656
-6126734.693754746 -126732.12643392244 -1742613.5430644052
-6127027.595487168 -127273.09890438737 -1741543.9708586186
-6127394.35108596 -127173.72798779371 -1740260.4141879305
-6128160.963071194 -128259.66945716966 -1737479.1129337563
-6128645.813586706 -128269.81716171438 -1735767.3650611793
-6129132.424151857 -128172.98134194869 -1734055.4818298898
-6129839.035759646 -127652.59574228457 -1731594.4128107796
-6130747.713297918 -126065.80542394485 -1728490.928120585
-6131531.791148153 -124583.0864759855 -1725815.154848174
-6131624.177227116 -121480.22015713861 -1725708.117079613
-6131135.75549525 -121791.6953667438 -1727420.6582727265
-6131119.692032009 -119543.33307972568 -1727634.7164529609
-6131061.479398799 -119435.15020822613 -1727848.772528125
-6131470.6092357645 -116980.87523093986 -1726564.4045063008
-6131398.513977928 -116016.03422156007 -1726885.503614169
-6131936.39437936 -113028.53696812376 -1725172.920352249
-6131915.261414974 -110886.99165245621 -1725387.000619976
-6132045.810221118 -108641.12009605036 -1725065.8794300926
-6131326.579861962 -108414.28681085634 -1727634.7164529609
-6131109.811925626 -108731.57874036818 -1728383.9035046392
-6130889.125800111 -109262.85510864203 -1729133.0647580207
-6130404.527136836 -112679.2044389993 -1730631.3098251666
-6130644.170004473 -117607.34232164499 -1729454.125966404
-6131062.677808642 -122432.54178694916 -1727634.7164529609
-6131870.401029191 -127159.56076434044 -1724423.6228631078
-6132043.640683696 -130375.2997852939 -1723567.251358802
-6132008.256564941 -136156.55915971706 -1723246.1033808182
-6132325.544087331 -142053.24383003896 -1721640.2926428544
-6132492.604752409 -146447.86172413075 -1720676.7495533368
-6131887.168920287 -151573.47492141 -1722389.6856782993
-6131043.203208651 -152837.48698312487 -1725279.9607488879
-6129783.897340808 -154947.141038267 -1729561.1453155982
-6128229.220941697 -156620.2723615661 -1734911.4403570308
-6126329.625286941 -159674.60387665397 -1741330.0500503627
-6125153.771522612 -161569.55364474264 -1745287.2412692874
-6123611.969697829 -162170.59504632812 -1750633.6403359165
-6122400.437739331 -159358.33777335123 -1755123.5854353255
-6120077.048287117 -155343.07791839988 -1763566.4011236138
-6117474.749145626 -149507.86254024442 -1773073.9106434067
-6114087.6442079125 -141737.53732222904 -1785352.5560678379
-6111348.642236949 -134310.53050539593 -1795276.9854326006
-6109160.453152588 -129462.08114891106 -1803063.8167244832
-6108552.340719777 -125396.08601975591 -1805409.9596207666
-6108818.736703512 -118361.89860144208 -1804983.407973479
-6109344.350262434 -110478.82873273862 -1803703.7002563118
-6109720.042938888 -101525.607129729 -1802957.1675466325
-6109756.754821633 -95339.75975291777 -1803170.465353089
-6109710.16991278 -90112.73559421863 -1803597.0543744166
-6110753.642500049 -87567.91822504273 -1800184.0962440781
-6111601.516173278 -85339.60109196787 -1797410.6542451442
-6113252.256396059 -83761.89933283032 -1791862.6604426585
-6114726.139858696 -81006.81546512387 -1786953.5893181378
-6116690.913742745 -73345.15887278547 -1780548.7225591056
-6116769.723258766 -63523.15740639993 -1780655.4863583213
-6116863.966662094 -57117.94765231201 -1780548.7225591056
-6116177.811930552 -53908.853408105206 -1783004.1526515358
-6117035.7687299 -51781.00786558206 -1780121.6619387085
-6117143.986883866 -46016.28272391996 -1779908.128374843
-6117118.970667322 -40784.401411965264 -1780121.6619387085
-6115878.706695021 -35118.576386298446 -1784498.6216265447
-6115715.367733266 -30741.197257867683 -1785139.0757199612
-6115615.225747323 -25403.700022562167 -1785566.0342403164
-6115417.222778301 -19959.35985060516 -1786313.1907089774
-6115117.52940747 -15795.917517044569 -1787380.510837935
-6115253.197044778 -10779.872756839577 -1786953.5893181378
-6114948.300488804 -5443.026490590953 -1788020.8767829626
