-5988111.618774191 627.0735846385319 2175352.8099782495
-5988262.256674089 3867.051573066672 2174934.7556201955
-5988983.590742545 3135.824761759698 2172948.8526929454
-5990270.150483913 5645.698280957221 2169394.535420507
-5991026.199945576 6482.916761653991 2167303.4036230217
-5991096.947476798 10038.188677393031 2167094.2759147044
-5991131.111217925 12024.98698590296 2166989.711070328
-5992075.643134824 12236.0465408804 2164375.375510321
-5992143.962029222 15373.682016784509 2164166.2108576526
-5992676.885051029 13596.975877373154 2162701.984468059
-5993649.433351394 16842.07993669804 2159982.3643793766
-5993840.752103597 15796.487222576647 2159459.309506342
-5993391.268142399 14644.646683816916 2160714.6135660657
-5992570.297531952 10249.838065675718 2163015.7581389532
-5993019.243140611 12342.571765841327 2161760.6278837947
-5992176.607300863 17256.27754446616 2164061.6275424385
-5991910.712390646 27713.518774347605 2164689.117544446
-5992480.8692977885 34305.4098151676 2163015.7581389532
-5994518.015680932 40176.246897284036 2157262.2995041613
-5996793.189700866 42808.215484436245 2150878.8661020305
-5998785.450818893 47115.31953079374 2145225.923232581
-6000339.506983878 49222.17395626872 2140827.8722306215
-6000960.437039327 50903.16852701677 2139047.3815515824
-6001211.89137727 47553.366843962795 2138418.92810877
-6002625.533463186 43059.39166306891 2134542.9472852964
-6002900.215167539 41070.62720526938 2133809.5534331254
-6002650.716988245 39392.588580862415 2134542.9472852964
-6001198.474372157 39068.822749749495 2138628.4151956467
-6000383.601510884 38016.21008040582 2140932.601108777
-6000031.494067668 40422.649203912304 2141875.1316609117
-6000477.3424496725 45976.52959875786 2140513.68168348
-5999763.094558275 51102.45843706846 2142398.7369110826
-6001822.407978541 58662.74278845919 2136428.6708652847
-6002816.657113307 63492.330098680904 2133495.232031623
-6004834.653477453 66029.2665761546 2127731.6372963325
-6006419.7929802695 63530.440789865264 2123329.0262198886
-6008033.368886044 61450.0814847034 2118820.4090572046
-6008194.006695277 60193.242314773524 2118400.942100098
-6007554.921586626 57460.436259441885 2120288.4620695338
-6006566.056967274 56297.69677820397 2123119.3495953246
-6005631.222355162 57127.55393558424 2125740.121382241
-6004704.29543944 60787.15549481863 2128255.681551912
-6004500.376297161 66025.59085845019 2128674.9052870995
-6004700.475335223 71268.5660572902 2127941.25694322
-6005793.603188227 78829.82269594009 2124587.031626878
-6006513.879910098 83138.22958596723 2122385.4610387445
-6008614.697586261 86314.03685870691 2116303.452483013
-6009912.584856964 88430.97982743327 2112527.321523831
-6011480.624821916 89503.48342496883 2108015.849998644
-6011564.158482807 91288.79745764738 2107701.0518343546
-6012244.929016685 90039.64730168732 2105812.141532799
-6011974.2416813215 88461.31543223145 2106651.6828921437
-6012457.793742952 85529.57408582137 2105392.3554568947
-6011275.117546247 85932.50156643828 2108750.3565723198
-6010657.245146899 87917.29521079871 2110429.110528453
-6009219.9678792 95134.71807962764 2114205.705000772
-6009740.4348494215 99444.56521718798 2112527.321523831
-6011142.921686396 105764.46165037197 2108225.7122308654
-6012840.973113871 109468.55097336063 2103188.3102544146
-6013396.634132715 113153.30105877675 2101403.8762362734
-6014607.718568481 113071.07803452581 2097939.4469451616
-6015046.900436636 113079.33439464257 2096679.481866619
-6015905.618897301 112150.17036270205 2094264.2917758697
-6017681.0530879395 110922.49521615775 2089222.8084532886
-6018021.342744886 116077.27883936421 2087962.208375501
-6016959.564787012 118157.90970478041 2090903.4659907892
-6016931.120198085 113955.17781185078 2091218.5711306417
-6017172.401599031 110808.06424485103 2090693.3927128725
-6017763.134093352 112394.93137321106 2088907.6670232662
-6016809.669502066 114583.18373655564 2091533.6705373004
-6015578.105328084 115925.12232286647 2094999.385372655
-6014201.848820574 117053.67767852539 2098884.3603650797
-6013690.153260199 122503.73606410698 2100039.1842133934
-6013306.508214829 128585.79043070834 2100774.0318179154
-6013739.308411497 133950.53335939275 2099199.3199977824
-6014708.217019366 141219.28237800533 2095944.4597613658
-6015125.04111441 145220.71293043846 2094474.3217080352
-6016675.108893492 150511.8474943007 2089642.9881167111
-6018074.565926641 151387.66651796168 2085545.8022717005
-6020256.314339844 152809.37451416202 2079135.446456493
-6022164.127047098 151911.23462051759 2073669.0198059904
-6023543.898671016 155943.6149873466 2069357.7481256942
-6023929.279727998 155006.7251606955 2068306.0576207489
-6024688.348798821 153553.18283312238 2066202.487630281
-6025131.476036274 148829.3695701163 2065255.7989823737
-6025625.655597133 147789.26927891863 2063888.2698672514
-6024956.471784363 148614.60791728616 2065781.7434127245
-6023874.334058996 148587.9153636518 2068937.0794862707
-6023033.190061493 148987.9108878987 2071355.7863937675
-6022476.399928602 152445.00760940407 2072722.7339801118
-6022324.13073013 156963.83949404428 2072827.879375631
-6022812.814354473 163077.720111875 2070935.1656801482
-6023657.733700635 167835.1375859717 2068095.71195823
-6024443.3803368285 170698.22132508492 2065571.367528179
-6025730.571679985 172313.50376985883 2061678.9599595154
-6027278.522312199 172252.48757976238 2057154.2710736757
-6028240.431294069 173754.16818688487 2054207.3389872739
-6029123.6555435285 174200.88845260369 2051575.7350455688
-6029288.046271147 173468.4093941197 2051154.6421550259
-6029965.274840825 171065.33487789845 2049364.8858651123
-6029485.152346585 169050.67075729603 2050944.0919607219
-6029504.166948715 165786.41293532014 2051154.6421550259
-6029093.018146473 166406.95233697072 2052312.6235423745
-6028365.673706138 168071.6098875607 2054312.5950135614
-6027514.8264141055 171522.24213126156 2056522.8269611811
-6027804.177104145 173952.17895044145 2055470.3699942294
-6028578.542300636 176923.14041801775 2052944.2178727018
-6030593.655558598 176560.9021589033 2047048.4628765427
-6031536.290797185 180908.36791864128 2043889.2179405277
-6031237.36327489 180161.88711891914 2044837.050296845
-6031966.516527877 177233.30558543297 2042941.3351532652
-6032958.721183934 172520.2019871093 2040413.4013471478
-6033572.636854304 172221.58270224984 2038622.56493313
-6033276.453291176 171370.04116640464 2039570.677165385
-6032917.717875402 170200.68638697526 2040729.4126606917
-6032264.321439099 168074.94002845598 2042836.011731564
-6032569.875876263 167345.86648143988 2041993.401958446
-6032522.822864783 171559.3798114403 2041782.7432942572
-6032427.912498644 171135.1979561114 2042098.7303575163
-6033092.739742536 170311.00529645834 2040202.7240303385
-6033656.060490264 170537.68991746116 2038517.216024119
-6033730.162899443 169169.68952311107 2038411.8664941394
-6033415.594172357 167685.47950285196 2039465.3338465288
-6033275.553181653 166311.63179013127 2039992.0442276038
-6032881.662735924 167670.64005618324 2041045.4183794593
-6032492.105163525 166290.03547529876 2042309.385289448
-6032415.030288384 166498.64206783043 2042520.0377328885
-6032599.655578211 167557.43228470822 2041888.072937349
-6032475.47145319 170715.06282043393 2041993.401958446
-6032128.056940826 170389.13725883307 2043046.657952651
-6032122.058812795 169335.32908468033 2043151.9801296885
-6032929.40716342 168514.97680654447 2040834.7485219652
-6033181.645375123 170945.8137092 2039886.7033940942
-6033240.869499767 171369.03043934022 2039676.019862953
-6033463.428945941 169794.53235744027 2039149.3001625466
-6034432.188737921 169505.583424215 2036304.745540725
-6034837.635960409 168989.9191503132 2035145.723239822
-6035310.535402456 167316.47640872005 2033881.249724841
-6035293.716215648 164048.14101804365 2034197.3764697544
-6035678.425088902 161633.9575909537 2033248.9795078787
-6035575.827216965 160155.39264892958 2033670.4954637336
-6035128.361174892 159616.48511621455 2035040.3538558164
-6034536.0485906685 157809.09838182616 2036936.9078907752
-6033606.003897032 156625.62122192676 2039781.3619392
-6033923.494968196 156739.24577813016 2038833.2608881216
-6033537.088722911 159258.2634921413 2039781.3619392
-6033835.613536669 158739.2260677011 2038938.6079340365
-6033378.534688437 158516.45094445412 2040308.0629995
-6034084.886496377 157375.7541324505 2038306.516343224
-6033400.629681431 156304.16937073309 2040413.4013471478
-6033405.089312946 153353.86521454074 2040624.076177776
-6033188.754218651 153453.73360783598 2041256.0857500017
-6032490.980642527 151434.2586692849 2043467.9429263964
-6031179.457427526 149610.73400571276 2047469.6531510518
-6030825.339984792 148022.1219813421 2048627.874944947
-6030572.498935941 148121.23298366024 2049364.8858651123
-6029654.652614637 149046.4000879154 2051996.8179369802
-6029068.53842127 149558.37009510756 2053681.0494702677
-6028773.981118091 149866.92376581757 2054523.105188766
-6028338.448830598 150066.65596579542 2055786.1136601602
-6027843.949688696 149738.53378994152 2057259.5095660202
-6027772.664218863 148263.00030218222 2057575.2212828654
-6027644.5397585565 147628.2551533142 2057996.1614636835
-6027308.481196845 146672.6927671498 2059048.4680281363
-6026237.528984139 146330.91196672304 2062205.0112600669
-6025675.325965797 142739.4954532678 2064098.6658793073
-6024834.012964181 143245.62804338126 2066518.0391848476
-6023681.164474693 140062.48206531818 2070093.893974498
-6022748.74358456 139725.28093987837 2072827.879375631
-6022160.053324693 140132.27661733291 2074510.1198091044
-6021072.675725752 141684.15025789483 2077558.7681686499
-6020115.429467051 140715.46727745794 2080396.6864907332
-6018346.8820377635 138572.19878339826 2085650.8703976946
-6018311.790829052 135313.48475566471 2085966.0709635932
-6017440.076617915 135188.80826565437 2088487.4695416046
-6016458.827765753 133380.75494847962 2091428.6380388227
-6014886.050038077 131770.42924218642 2096049.4648348985
-6013838.143567266 129437.23535467754 2099199.3199977824
-6012674.0830863565 128992.22334709269 2102558.5311466656
-6010879.819377888 126959.54379129248 2107805.9851978696
-6009748.043843424 124731.9854429583 2111163.5136406654
-6009214.365710151 121992.86485140176 2112842.0309782005
-6008783.0217892695 123243.10875224766 2113995.9160798048
-6006836.093080744 122678.7613638047 2119554.451381873
-6005164.727078126 121071.83090712942 2124377.370529418
-6004217.48778673 118327.02312925094 2127207.576837149
-6003796.570116988 117060.81257182913 2128465.294716241
-6002697.780361485 116200.93751741412 2131609.1808217065
-6001410.941118367 115337.75993254391 2135276.3092767387
-5999917.644227373 113423.44650231878 2139571.0748354634
-5998639.250882604 111828.28597204428 2143236.471373875
-5997240.766134461 108451.5943911896 2147319.828225164
-5995939.187477117 105706.31867195433 2151088.197696476
-5994888.158762503 103489.8793229716 2154123.211148062
-5993754.182884149 103784.22951864771 2157262.2995041613
-5991393.308653277 102906.54492428864 2163852.458934409
-5989827.902745488 99324.20974960827 2168349.002547608
-5988891.708625461 98681.35900711613 2170962.710813273
-5987667.818113211 96988.67386451877 2174412.1727660997
-5987377.677479391 96147.76105274777 2175248.2973826313
-5985891.3553566625 98736.42289671663 2179219.309904338
-5983803.807076141 100582.37777506527 2184860.678327611
-5982541.152074267 98472.2749922632 2188411.655698201
-5981545.881641154 98560.31888398307 2191126.5890776888
-5981182.641838827 99702.95368746019 2192066.268613224
-5979550.714024514 103329.50267514358 2196346.346158964
-5978094.746499684 103199.9742968103 2200312.2431096034
-5977092.204348184 103391.36957107148 2203025.19400446
-5976011.566608477 105772.33615479889 2205842.0089992974
-5974620.258965641 108146.84552603397 2209492.706699913
-5973117.053469605 108015.35125819547 2213559.6557226903
-5972216.795285524 108624.68615169678 2215957.632191544
-5970417.036243431 109634.33392016421 2220752.5134872845
-5969036.483068437 110859.56137577677 2224399.833988834
-5967287.903932956 110827.08599779237 2229088.026208177
-5965055.642120841 109327.59323002884 2235128.556428209
-5962828.150454992 107204.66211779836 2241166.7962384457
-5961057.769612826 103218.07816244468 2246058.1683649686
-5960004.05300877 100598.53007400535 2248971.459104358
-5958342.633082974 98906.1376858123 2253444.395301097
-5956140.755087057 96270.03326384388 2259371.679535343
-5953361.332155889 92171.76980979068 2266855.578470141
-5951532.452840843 87364.1710805637 2271842.8564479663
-5948510.324925792 84827.58052396683 2279839.9496091176
-5945694.792697099 77937.1981612245 2287417.8073184127
-5943459.021608015 74587.8911598272 2293332.1837358484
-5940781.408596716 70613.62450553823 2300384.961545744
-5938649.359282089 67271.06800185925 2305983.3891223758
-5936306.249713011 67762.63346055179 2311994.2333675358
-5931656.487787039 67502.47589648238 2323905.2748857415
-5926955.537654388 62276.11469352815 2336013.8570236824
-5924036.865903183 60177.347660474465 2343460.453741122
-5919523.905480371 60441.48195585826 2354830.049006805
-5914906.520168837 60704.07223549362 2366397.4461780917
-5910401.567564414 59935.67144790279 2377646.3205069434
-5905767.510444078 61538.05453027915 2389092.7525794767
-5900404.962222138 62512.105451665695 2402281.107292894
-5896262.7599247685 60821.49353721663 2412473.256193371
-5893849.250147998 61825.37962046035 2418338.1978053995
-5889787.046248841 65895.09814274778 2428107.7788846414
-5885424.895261198 68517.36342198201 2438589.791898059
-5881810.448045075 67653.91884609732 2447318.900456693
-5879455.0873560915 67934.71541563484 2452964.2782160463
-5877301.636844397 68833.16249111113 2458094.4785112822
-5874332.182267267 72797.49717699797 2465068.546061924
-5871462.167179141 71429.53722215528 2471936.6578851175
-5869662.300782841 70280.58243972686 2476240.3184062378
-5867527.022893327 67899.3128341858 2481361.988693551
-5865689.874160044 69311.50768778507 2485662.731562424
-5862757.380380346 67434.76613708964 2492623.0062149013
-5860958.7260791 64754.120732990945 2496920.2460321686
-5858358.749995517 63089.23812527901 2503056.832032334
-5855603.968093887 58766.72503144217 2509599.498101681
-5854244.893276405 54256.92899862078 2512869.6574241114
-5853385.085062224 52307.74349464712 2514913.1090241666
-5850880.358508349 52285.36044753841 2520735.2640656424
-5848055.433005157 47768.80312332932 2527371.5187813267
-5846772.282774042 42451.64357177392 2530433.309009203
-5846149.6071729185 36528.84757227035 2531963.944025856
-5846598.943508053 35307.100145509685 2530943.5399569534
-5844918.486112857 35398.96881325545 2534820.6649984433
-5843164.618817551 32430.75570545276 2538900.6446655435
-5841732.578502153 26203.244885416938 2542265.696425939
-5843526.98930479 21009.780423294393 2538186.737494516
-5843837.40751719 20908.900983210347 2537472.7924378696
-5843614.847652301 21214.07960977916 2537982.7570580305
-5841850.61144193 18556.69643274215 2542061.777890743
-5842712.743632907 10809.31724249438 2540124.397357417
-5843781.62065837 7343.5164289296135 2537676.7806050265
-5845596.299158173 7141.7467047074215 2533494.4055044367
-5844757.41015577 5712.57642314169 2535432.740756461
-5845423.762037517 408.08756395011466 2533902.4992433535
