-5267329.461860415 -551.5934533960988 3583975.590871392
-5267515.291571319 -4412.904323762284 3583699.7892314787
-5268263.079321647 -6896.1441834426005 3582596.4844302246
-5269141.73034811 -3402.6637351001496 3581309.0968783516
-5267076.284140374 -5607.599328534039 3584343.311106765
-5267569.978796861 -10113.020793114794 3583607.853168156
-5268883.083412851 -10115.541776099073 3581676.9437151174
-5268196.3852453865 -9562.537248711176 3582688.432499931
-5266750.733581176 -12869.125377315067 3584802.93683407
-5267614.175680448 -17192.319519090717 3583515.9160132026
-5267737.739701445 -17652.42467188356 3583332.038428523
-5265722.388386777 -21229.983652099174 3586273.555689304
-5265944.315334015 -27388.850793670936 3585905.927189609
-5266982.25110791 -40999.905248539704 3584251.3826856315
-5268563.115379548 -46437.85798776432 3581860.860587365
-5269709.807869926 -50863.083473957246 3580113.4741204823
-5269971.916342966 -55832.95422449779 3579653.5701348265
-5270473.816284908 -61266.18209128144 3578825.6742662336
-5271182.880881831 -69555.65612938098 3577629.6687889216
-5273356.393096528 -74923.51027491188 3574316.6925995885
-5273995.036186904 -82298.10774239563 3573212.053564401
-5275420.791661777 -90424.99420635472 3570910.2188833347
-5277011.207233504 -99020.43119397979 3568331.3569423663
-5280448.503717431 -107843.60882222303 3562986.718418208
-5283569.351405701 -113165.94134621025 3558191.8692793366
-5288558.395571729 -117705.44441490415 3550624.8076898903
-5291385.5141603695 -115920.42387609076 3546469.060327778
-5293873.619451387 -120874.34547550401 3542588.389000695
-5296497.764700862 -119639.41619513676 3538705.8140810835
-5296446.437796607 -119175.81973573066 3538798.2784473537
-5297960.348074795 -120505.08286082899 3536486.345969952
-5297730.278941963 -119759.76677182174 3536856.3004233385
-5297051.770730771 -122426.908355383 3537781.1111356993
-5297440.776023193 -124286.05759988146 3537133.754950903
-5298005.340116815 -126519.76993202728 3536208.8688184223
-5297745.246068791 -127068.65507612526 3536578.836199283
-5295521.900022617 -132101.70640378623 3539722.8628165326
-5296587.271747239 -136383.38827591116 3537966.0603470355
-5297092.416502584 -138339.1868479307 3537133.754950903
-5296374.636269009 -139800.48766959045 3538151.005247467
-5295850.169929479 -147741.4853956559 3538613.348636862
-5298289.86135254 -148827.54267671992 3534913.8472712035
-5296793.669272059 -149340.63327295493 3537133.754950903
-5296744.252185643 -155353.17738338525 3536948.7863432863
-5298853.847113677 -157081.18314593178 3533711.1382836667
-5299333.248586243 -157558.25636519535 3532970.919251889
-5298793.141652899 -159115.7853330272 3533711.1382836667
-5299417.557109563 -162930.22108951266 3532600.78390619
-5299721.450469937 -165069.0461752965 3532045.548605454
-5300429.288753865 -168054.3349194223 3530842.4059188752
-5301062.539872592 -169463.63425295323 3529824.2201312697
-5301225.376922726 -172062.19548587594 3529453.9384946055
-5302568.459996925 -174329.29293593115 3527324.485310403
-5303349.928318726 -174910.95248345376 3526120.629885355
-5305123.840401488 -175247.53653736695 3523434.4521987843
-5307736.510376578 -172458.99808761108 3519635.2126881112
-5310178.732977389 -169105.6382701522 3516112.356984613
-5311679.788295063 -168225.4421894411 3513886.5985142277
-5314212.17519776 -167655.74283367835 3510082.835044607
-5316494.187560119 -167170.4427760575 3506648.6274934257
-5320091.010415726 -163658.76588534514 3501355.2303704717
-5321288.266369293 -162487.1001995856 3499589.9943377944
-5324416.750802478 -162024.5396728006 3494849.8268620647
-5326891.310771928 -158842.87586009907 3491223.1243521255
-5328540.41343291 -156658.0798769263 3488804.4239282766
-5330975.392093981 -154587.85257509415 3485175.0264118225
-5331793.065867381 -151538.13988062378 3484057.9637729963
-5333693.052139366 -146654.48672535035 3481357.764879039
-5335274.611481933 -139802.26452872378 3479215.5936229276
-5337485.429331277 -131657.101268546 3476141.064364605
-5340080.212924695 -124633.67283953528 3472412.8163461033
-5341753.032933523 -117676.77775363547 3470081.801791282
-5344760.22768405 -112983.34151323795 3465604.402280682
-5346294.022093042 -106014.54448692381 3463458.1195229483
-5347073.930884303 -103229.21629905017 3462338.0982451406
-5350053.313764999 -98989.90216541574 3457856.494873874
-5350887.777834592 -92839.58022534139 3456735.7147117793
-5352481.332309228 -91372.09138883043 3454306.8375864425
-5353016.805774334 -88203.79443845089 3453559.3476505084
-5355228.558423203 -89268.6508536518 3450101.331123958
-5357470.855838126 -84629.52111257288 3446735.3935283977
-5359811.742104504 -81017.31920743368 3443180.98321699
-5361374.084729914 -76922.80165294616 3440841.7293116436
-5363379.997076402 -75172.65977803545 3437752.9111590646
-5365086.395061879 -73229.79335727202 3435131.2014080007
-5366024.285033763 -70338.77664798679 3433726.37653724
-5365727.09306799 -70147.54969820112 3434194.677648238
-5368746.602875545 -72811.15446016537 3429416.7798473374
-5372608.561889626 -70237.5129348305 3423417.142634975
-5373582.476381659 -68843.20891741967 3421916.565626624
-5375560.67947065 -68211.69710334265 3418820.7829173096
-5377647.94703428 -68238.18291037068 3415536.137731687
-5380187.309204535 -65265.079147899654 3411592.8812386584
-5379899.777854196 -64416.39577876947 3412062.41270573
-5379761.330557611 -66011.1799543823 3412250.218017144
-5384535.755884274 -69547.49652818346 3404640.7797784545
-5389565.497187994 -61051.22648723569 3396836.3957166285
-5388367.476673539 -56711.08034598755 3398811.6731723803
-5390399.536450782 -60684.30533922095 3395519.290552875
-5395864.282188817 -58956.270102554125 3386858.9882684154
-5398786.464574273 -50412.695843853595 3382337.101772586
-5397102.024328152 -47288.204625584665 3385069.3589195865
-5399147.6038159495 -49662.14010936087 3381771.698983869
-5402077.367621747 -45163.105670169694 3377152.8553080224
-5400891.733166179 -38365.826027887684 3379132.662386967
-5396007.113111186 -43982.14227303461 3386858.9882684154
-5401442.3785819905 -56282.99032217495 3378001.3996235877
-5409154.705208865 -50037.43365154528 3365736.5657980964
-5407224.090674612 -42091.59340315731 3368945.9673602493
-5406861.692328629 -50110.5977447169 3369417.838146948
-5413162.889875268 -54326.3951648798 3359219.7264343435
-5416459.53483791 -46323.3051618666 3354021.6545011112
-5413231.831374802 -46957.100900513185 3359219.7264343435
-5414810.814077399 -59257.801198701185 3356479.310341054
-5421560.789612121 -62360.022805820074 3345509.054254085
-5422937.115246584 -53761.88641974015 3343426.9400795423
-5419227.867014287 -56657.50232864981 3349388.0415391806
-5420822.080435296 -65568.75450415193 3346644.5450178795
-5425020.71531264 -65808.93675544232 3339829.4001747835
-5423927.880316014 -59452.25194760251 3341723.025456926
-5418872.934410772 -67247.82291330912 3349766.387529704
-5421373.5946078645 -76931.88930829575 3345509.054254085
-5424769.129011229 -76127.78312799083 3340018.7810194683
-5423156.015983928 -70330.32512897531 3342764.3458168847
-5421019.223947258 -77210.76189038351 3346076.817982901
-5425691.28404459 -80876.52457476474 3338408.914140878
-5427764.657749065 -74369.55940906894 3335188.2988406327
-5424535.779785152 -71863.29507590542 3340492.2153256894
-5424255.2555769915 -79434.74209788594 3340776.263698787
-5428606.434998757 -80635.67434000522 3333672.308718092
-5428858.494513168 -75237.47185903217 3333388.0316249533
-5424943.987331631 -76130.23697920129 3339734.708226371
-5426030.887850664 -85333.6301122805 3337745.9423482777
-5429357.218890904 -84817.24171984944 3332345.604102951
-5427442.561486416 -80618.38634415621 3335567.2557376265
-5423351.244335276 -85196.80940717887 3342101.70165928
-5424603.420763478 -94118.56973693386 3339829.4001747835
-5428611.36446109 -91344.86446113023 3333388.0316249533
-5427637.120128967 -86874.95465028088 3335093.55707642
-5425831.556501713 -90445.56315831488 3337935.367944559
-5429136.167049554 -94671.1391569125 3332440.3753173454
-5431607.473834324 -89498.76424367666 3328553.923460752
-5429574.932154901 -85768.5162864437 3331966.50909476
-5428884.926481985 -88885.23886986077 3333008.98128519
-5431655.102306306 -86559.96883032084 3328553.923460752
-5432636.275591592 -79367.8014132281 3327131.624872263
-5430220.693566101 -73455.28328284335 3331208.270361422
-5430157.416181032 -73833.59355185823 3331303.053754997
-5432796.500425228 -67515.448174916 3327131.624872263
-5433072.097049369 -58793.79272326629 3326847.137786885
-5429996.636381886 -52694.50780001272 3331966.50909476
-5429236.841505535 -53066.202683284144 3333198.5084857726
-5431544.331760283 -48822.45584037601 3329501.9957838235
-5430153.961767571 -41227.51064039993 3331871.732805202
-5427541.217484151 -40449.803226917786 3336135.6606003856
-5428287.224686729 -41876.56700074039 3334904.070500242
-5429899.000135097 -36202.52957476481 3332345.604102951
-5427946.265663504 -32115.7207700389 3335567.2557376265
-5426722.249149171 -32297.91360077727 3337556.512685053
-5427768.788184355 -32588.349692371772 3335851.4627417196
-5428902.026452565 -27667.88635672643 3334051.3306252174
-5427107.58008027 -25574.831266114645 3336988.199296034
-5426572.643437403 -27750.728904364547 3337840.6556548006
-5428491.23948483 -28329.02578074176 3334714.5798605857
-5429916.624746801 -22081.513831631586 3332440.3753173454
-5427242.471305177 -21312.84090342199 3336798.7533673495
-5428044.031834465 -24537.112368387177 3335472.5180374137
-5430265.949020638 -21988.156826833416 3331871.732805202
-5430226.401544 -16775.286745141446 3331966.50909476
-5429469.972592787 -16867.71298973364 3333198.5084857726
-5431037.992987796 -17536.117475185394 3330639.54869136
-5433435.748620544 -11664.273170100912 3326752.306731556
-5432573.6449985895 -6163.061946520922 3328174.666139711
-5431701.11036065 -7015.2829593400475 3329596.797438373
-5433212.289663882 -6353.44160472564 3327131.624872263
-5435072.977133363 -2086.9183103787855 3324096.625852903
-5435479.448933214 -189.73402569397595 3323432.5815676902
