-1409922.638995714 -243409.21922014962 6208261.520268456
-1407926.408396185 -240307.21008412525 6208835.371736168
-1407726.3367120393 -238250.72434987364 6208959.989666069
-1405422.5869312922 -234960.14310398474 6209607.240663125
-1404575.7607450546 -232123.04674002898 6209905.540626168
-1403192.3229585513 -229178.06693966812 6210327.665946781
-1404489.5081841557 -227955.6527915132 6210079.423144363
-1404175.4162134295 -225138.693488827 6210253.2129693385
-1404118.1807834287 -224124.16970754616 6210302.850179397
-1404593.414421174 -222516.0016014175 6210253.2129693385
-1405015.4284507884 -221929.3270994572 6210178.742966134
-1404008.420914662 -219259.3594099614 6210501.323348369
-1402330.8373512577 -216641.1919907154 6210972.211863982
-1400184.3553504643 -216334.61061494847 6211467.146116276
-1400393.7777082857 -219220.69143820577 6211318.745306931
-1400810.7048733844 -219361.10240127798 6211219.773592416
-1400849.8407089922 -216287.23490839585 6211318.745306931
-1400323.0579568616 -214004.4092312372 6211516.597915837
-1399724.8539624084 -209989.56261314152 6211788.447524067
-1397226.86243015 -206150.08971477422 6212479.395170191
-1395753.916840625 -204240.48913125184 6212873.5562719675
-1395655.716220811 -202658.90777266136 6212947.407541816
-1391664.6225464593 -199946.92740971764 6213930.463448399
-1388647.9155360635 -201864.05905379044 6214543.335462363
-1388368.143459112 -201526.47457414045 6214616.800597895
-1384332.5324192494 -202890.03071931386 6215472.634894342
-1383209.5950468855 -203070.70537909155 6215716.732991222
-1379422.616774917 -204950.19807744486 6216496.574489353
-1378653.280844598 -204221.10217203232 6216691.231888879
-1373766.4899989008 -204624.48368116945 6217759.681077608
-1373608.2814086538 -203473.78204478856 6217832.3963633785
-1370567.751870691 -199528.91951868802 6218631.139391355
-1370624.722223718 -194556.27591393734 6218776.143770707
-1365927.6687829767 -189756.8223885775 6219957.793426745
-1364247.1237759425 -184429.20216895867 6220486.850292056
-1360581.7458086296 -181540.36437394627 6221374.559458328
-1360380.113649477 -178928.3598919444 6221494.321175051
-1357094.0320118738 -178929.8846649138 6222211.896476329
-1356700.7968874471 -178588.95913689732 6222307.444300656
-1353492.234521996 -179656.81175043192 6222975.429895279
-1352584.5012734092 -180713.5830612385 6223142.1940858895
-1346754.0726735222 -183309.1259443019 6224330.665387469
-1342936.8937583463 -186347.8932505094 6225065.137174372
-1337898.5530877134 -187076.9946023404 6226128.063229696
-1334646.9763092622 -186788.578787833 6226834.546979947
-1329901.124500211 -186195.37788262387 6227867.635098567
-1327588.4919755813 -186249.60780874063 6228359.405137528
-1326061.7814083786 -187734.89916504023 6228640.040933778
-1327448.9673045417 -189562.22401602968 6228289.203499481
-1327675.6633763504 -190280.34692681223 6228218.984786226
-1328956.9010667182 -190534.98567860905 6227937.939184975
-1329068.888517385 -188207.9484935134 6227984.799090234
-1331361.459221081 -185168.000592571 6227586.2480143355
-1332135.6695006061 -182740.44553449046 6227492.391613982
-1334219.9501365419 -180322.478669177 6227116.662496717
-1334588.9741925918 -176744.73188868718 6227140.159793512
-1335669.0433584386 -175203.87664318256 6226952.128306685
-1334924.4766256586 -175864.65605778818 6227093.163303034
-1334329.600736821 -177871.6616995343 6227163.655193412
-1334377.9619781494 -179964.41351460008 6227093.163303034
-1336602.0940448567 -182164.93040644474 6226552.158323651
-1338185.7900595625 -181001.16603210344 6226245.9290633295
-1339800.3711400605 -182839.01070547456 6225844.991778802
-1340629.7144418973 -183190.53625969918 6225656.125757374
-1343203.398749382 -185214.17138286724 6225041.472978881
-1345984.5310729237 -184927.42776924183 6224449.251827109
-1347946.2812058488 -184214.2749910315 6224045.864538022
-1348958.059861986 -183225.45012847835 6223855.845628062
-1350573.5690225228 -182628.71376769547 6223523.020570047
-1353841.5199089302 -181963.92752915662 6222832.415230933
-1353762.442550381 -181736.81367962185 6222856.255747324
-1354506.4750035238 -181090.68492243477 6222713.184215375
-1355013.9726740126 -178920.30639741573 6222665.478540272
-1356831.4024391833 -175065.88641690553 6222379.085266984
-1357377.8438188916 -171645.18349449028 6222355.20684031
-1360887.6487038839 -167192.43343542845 6221709.7728684805
-1364080.7254744812 -164323.10790031918 6221086.938035747
-1370317.7001927872 -162454.56138499491 6219765.181743083
-1372538.7702373592 -163082.26614340174 6219258.999162589
-1376367.433122289 -163975.69952574623 6218389.313882286
-1381567.0163482665 -165279.94390207768 6217201.630917424
-1385638.0160600687 -166870.92347246836 6216253.082311608
-1390173.3908650414 -167318.6547247511 6215228.347463341
-1395234.3696253072 -165186.25530071568 6214151.233666268
-1395805.9893090744 -164043.61217215454 6214053.132498501
-1398808.864103715 -161699.26547004547 6213439.314039473
-1401069.8569936058 -157179.9255889019 6213045.84940557
-1405233.752296786 -152061.6950335487 6212232.798463804
-1406420.6149654065 -148093.76489516642 6212060.0681738015
-1407665.3225826428 -145567.38414820615 6211837.85012701
-1406524.9867350443 -142869.5981270628 6212158.782550636
-1407904.860222485 -141073.59061060305 6211887.245161017
-1410422.3547319868 -136528.7589613089 6211417.686748232
-1413722.3191129281 -133909.95012304204 6210724.460938515
-1414718.5756715466 -131413.80414793716 6210550.922722495
-1416760.4306578445 -128137.51830223911 6210153.915848265
-1416009.1244153385 -124357.92017488326 6210402.101898257
-1414951.0542781258 -116330.15247622995 6210798.806081395
-1416376.1848120042 -113511.08510882503 6210526.123981349
-1415582.7875513954 -112552.39619045018 6210724.460938515
-1416262.5089667747 -112208.45405035217 6210575.719571798
-1415867.4005188614 -111704.69590662702 6210674.888050442
-1416238.977021173 -112505.07291342501 6210575.719571798
-1415474.7307615122 -112543.80464021875 6210749.244544714
-1415499.9020149736 -113590.04223782725 6210724.460938515
-1414211.1873815786 -113387.26057296873 6211021.739345673
-1413697.4844505144 -114364.25574931334 6211120.771605169
-1412186.7146666218 -114217.23003649914 6211467.146116276
-1411242.2055378468 -115132.57243274273 6211664.907903008
-1409775.4473247798 -114443.24262890144 6212010.699631545
-1408478.7647774701 -116986.05566586186 6212257.466650161
-1406906.755562173 -116262.11834041537 6212627.262357892
-1405478.5944907547 -115106.85733362574 6212972.02084663
-1403509.9410111946 -116548.68806801221 6213390.157457713
-1402718.322930523 -119490.89471948182 6213513.0347166825
-1403595.2616678483 -119417.54752877212 6213316.408389788
-1403701.229311965 -119451.23981439958 6213291.821581767
-1401691.7895572127 -118762.79075307994 6213758.647277865
-1400269.5527152435 -117559.30800286912 6214102.186868232
-1397859.1746458497 -116447.93377515754 6214665.767889527
-1395802.1966752987 -115001.09342280557 6215155.024314999
-1393107.3583758278 -114681.14697846294 6215765.529889848
-1391313.1990197746 -115315.80883786303 6216155.632419883
-1390582.451423423 -114937.56788386071 6216326.149847847
-1389172.2653223784 -113551.71884694327 6216666.906341854
-1386124.8990898132 -109479.88064579797 6217420.117690057
-1387094.8257317555 -108216.76743583905 6217225.914801064
-1384215.111650979 -107457.38171598181 6217880.863750271
-1385106.905686413 -107186.1335235712 6217686.948745497
-1382329.072773693 -106510.04072371763 6218316.72929175
-1383278.7209916133 -106898.93704437776 6218098.87323373
-1380810.3857691016 -106441.50980738363 6218655.311523715
-1382763.766179996 -106519.25732211639 6218219.923318832
-1380352.4461810812 -105315.70628472001 6218776.143770707
-1381786.8695818416 -105061.29790996632 6218461.881424753
-1378632.823175751 -103587.32981890009 6219186.619161983
-1379397.7264394325 -103547.95960800635 6219017.666187703
-1376067.926761444 -101486.75767380268 6219789.264834888
-1376946.4039736616 -101382.40724690499 6219596.547050687
-1373221.4250330327 -98722.82462331826 6220462.822148256
-1373398.2535682246 -99289.71990768862 6220414.7601760775
-1369404.7738065578 -97295.35018834642 6221326.641505615
-1369253.8839008096 -97885.11385738336 6221350.601429538
-1366840.7243630723 -96609.68696187068 6221901.156608626
-1367248.6495919044 -100020.60561164809 6221757.63017511
-1363176.3017299068 -99124.73245930865 6222665.478540272
-1363251.42195379 -101067.83724236877 6222617.765283043
-1361108.0404934525 -100598.41482496654 6223094.556652565
-1358011.4461879379 -104111.82051047274 6223713.251817804
-1357711.9399366893 -106568.13193241793 6223737.022192517
-1356765.1314542105 -106136.43473812267 6223950.870250433
-1357120.7609312434 -109882.71921189925 6223808.321941478
-1355539.5460980977 -110564.3979019539 6224140.828490366
-1353950.4087033968 -113956.16938527556 6224425.538331304
-1352204.3777898364 -113975.58840640445 6224804.726731066
-1352955.1911429812 -116679.03080349184 6224591.492984099
-1354226.1416113088 -120837.6393546571 6224235.762107003
-1353926.4712499927 -122954.87787705747 6224259.490771153
-1352944.331953622 -126509.21398409709 6224401.822939429
-1352344.9648707556 -128239.08209370982 6224496.673130485
-1350982.9380147818 -131060.6349864402 6224733.665880806
-1351403.1544703604 -133458.83094625743 6224591.492984099
-1352817.9937659488 -135696.91761912635 6224235.762107003
-1352544.8607881356 -136241.79760408011 6224283.217539286
-1353443.659668836 -138146.06845428734 6224045.864538022
-1352002.7257193292 -137283.748250901 6224378.105651494
-1351444.1850732558 -139538.9768510228 6224449.251827109
-1350582.1044582333 -139426.1421570391 6224638.891534221
-1349610.0162687488 -141421.0665129204 6224804.726731066
-1349666.1394689097 -141927.07686619245 6224781.041677153
-1348592.3567670437 -143813.47350638153 6224970.469014897
-1348901.3848497148 -143989.29275824814 6224899.447984803
-1346943.857664739 -144921.70856335724 6225301.674833623
-1343840.4673692547 -145323.35304505654 6225962.9714061525
-1342141.1867252707 -145874.29564947519 6226316.625804092
-1338993.686823754 -146667.3086338138 6226975.638881546
-1336900.0503706795 -147807.7026631889 6227398.504861585
-1333511.608407726 -148776.06823751898 6228101.915653085
-1331816.5877484751 -150234.55909127917 6228429.589700173
-1329292.8067642313 -151265.7738606016 6228943.754726256
-1327568.2479222987 -152947.46660239084 6229270.4725006465
-1325895.982691601 -152262.4112846981 6229643.408831042
-1323615.744492063 -153053.92471389423 6230108.896083791
-1321511.2574300636 -152319.7613613324 6230573.624216669
-1319962.8573780358 -153401.99036445294 6230875.290398182
-1319081.372208523 -152506.270636509 6231083.948311805
-1318282.5145641079 -152786.97710627705 6231246.131507024
-1319253.536212884 -151009.72247102988 6231083.948311805
-1317687.1492484773 -149386.04550784224 6231454.516091163
-1315665.7040760946 -147901.08538423546 6231917.042456528
-1315300.31214815 -147255.6334381771 6232009.456610581
-1313488.3053472626 -146820.65274878038 6232401.877899274
-1311749.995942041 -145722.3785146948 6232793.750521998
-1309386.5355439796 -145321.01236612428 6233300.065286526
-1308225.2193349102 -143944.09465446742 6233575.849631593
-1306716.0886141276 -144724.5065093208 6233874.30744097
-1306118.5528732168 -146158.4363045453 6233966.076049611
-1305725.3623603524 -147706.7984605956 6234011.9489601115
-1303421.3817449603 -147745.69569735377 6234493.155903931
-1302151.0192117346 -149282.31575277142 6234722.007705663
-1299805.0638940763 -149679.9445701194 6235201.978289781
-1298556.0753998128 -151006.04204007034 6235430.24131532
-1295595.0977924664 -151028.41975066223 6236045.602703989
-1294352.6112282495 -152280.5154482365 6236273.162909194
-1291101.5402286288 -151966.56517255612 6236954.70369065
-1289672.2364374197 -153852.59130416662 6237204.173562984
-1287356.5652448058 -153963.75732305762 6237679.795833709
-1286596.2628177733 -156629.48788419837 6237770.2955486
-1285166.7048387881 -156660.32361648325 6238064.209654963
-1284514.4155344516 -159289.0041777129 6238131.990382398
-1283727.6539196726 -158554.4837484502 6238312.6553776665
-1283576.6402649551 -160651.48617789926 6238290.078904231
-1283357.7642461064 -160646.84156213264 6238335.229950803
-1283650.0162948181 -159181.81246975853 6238312.6553776665
-1283666.1647846207 -159934.57672492464 6238290.078904231
-1283366.3318850242 -157031.91982782225 6238425.509240225
-1283137.2965743633 -158004.12100847578 6238448.074311765
-1283843.8331281464 -154907.4851790577 6238380.373396154
-1281352.1183056808 -154652.21601689057 6238898.976662037
-1279835.3413665965 -153585.37520923713 6239236.654552453
-1277038.3722083343 -154041.1183188837 6239798.500734984
-1275481.6210084988 -154214.71351472952 6240112.615698943
-1273359.8391090157 -155424.07537380297 6240515.930348905
-1273378.2174215345 -156170.71076387464 6240493.540137339
-1271570.5596951123 -157481.0677667733 6240829.193705888
-1272081.1530304889 -158671.55290168722 6240694.983605944
-1270451.4361650625 -159414.13776886766 6241008.034045906
-1269334.991893469 -161299.70892370722 6241186.752714258
-1267813.6727695453 -161173.843489912 6241499.217600952
-1265383.7757343375 -162997.3821633718 6241944.949574308
-1262079.5903857318 -163064.4304817225 6242612.121463535
-1259365.7414706524 -164501.87696505545 6243122.460891268
-1256053.3490824315 -163779.35954325355 6243808.717893783
-1255070.0400393351 -165411.38687377024 6243963.426197191
-1253761.952540968 -165328.03835406157 6244228.423600041
-1253967.8273426807 -167092.28062939452 6244140.121565462
-1253147.423600504 -167472.70390746364 6244294.630153941
-1252669.767413486 -169389.86046052858 6244338.758345947
-1250238.6842069724 -168661.18283513997 6244845.685676875
-1247975.1681458892 -171550.50170015352 6245219.724321769
-1245297.4471322114 -174195.15507195107 6245681.012997338
-1246198.6531212279 -178714.17898587664 6245373.58043442
-1242955.4699003377 -179821.28909435408 6245988.0726617845
-1239881.7920435371 -184991.85960487538 6246447.962933721
-1241225.5269220716 -188515.5105306858 6246075.735500362
-1238312.0841975946 -188095.13234945296 6246666.663374688
-1238311.8301716354 -190262.5640512166 6246601.073221951
-1238514.0596988809 -190382.14269622 6246557.336939332
-1237601.9917313457 -189136.5578813658 6246775.942238956
-1239522.5602426038 -191711.01663547743 6246316.651335426
-1237935.3850776698 -190558.59743383472 6246666.663374688
-1237749.0060263812 -193184.5288151582 6246622.938509029
-1235042.4279075959 -192850.41697113684 6247168.952248864
-1233853.4543520007 -194098.9068045401 6247365.226042169
-1230190.9239628867 -192114.85481285857 6248148.779691435
-1227501.0346365524 -192375.18032700228 6248669.778437676
-1223051.6591479448 -188333.0637636414 6249665.294729699
-1220323.7985742856 -186692.18723663109 6250247.743398499
-1215156.8363070823 -180717.5310168606 6251429.919399188
-1210837.976166595 -176340.00808811042 6252392.869695591
-1204626.2364592142 -168891.83635200476 6253798.220125731
-1200431.5557866876 -164972.31607765396 6254709.362936021
-1194658.9172549578 -157110.13634511107 6256016.901869818
-1190249.5129451097 -152052.2044468695 6256982.277748338
-1184701.5819300525 -144476.69518157572 6258214.573368497
-1181607.3986624451 -140939.98441109457 6258880.161516146
-1179589.8600371403 -135627.8770487955 6259378.071427288
-1177427.2096856327 -133380.72226934656 6259833.524049886
-1173908.0732184774 -129455.4918173702 6260576.819373021
-1170693.389951735 -127694.86478484477 6261214.898742168
-1166859.4239926708 -124515.91869469722 6261994.5600927435
-1163630.417387084 -122836.38257690439 6262628.559546461
-1161231.7595597573 -119489.55811483026 6263138.514043201
-1160036.7855920598 -118282.27516832479 6263382.868662449
-1159341.296747963 -115370.24505212398 6263565.954327564
-1158867.6060253286 -114608.22738375046 6263667.601806555
-1158551.2392530022 -112229.2978712944 6263769.201584989
-1158108.145308811 -112267.98564305651 6263850.447062816
-1157690.626553704 -110901.95555453266 6263951.960978298
-1157189.3206780022 -111546.96362398677 6264033.137764762
-1156327.8969426008 -110221.52929017159 6264215.673907886
-1155567.9455911897 -110128.73881319065 6264357.539605284
-1155176.309042668 -108464.05027679753 6264458.814999434
-1154998.2641376278 -108020.28654490564 6264499.311799293
-1154306.5973613441 -106004.92676187531 6264661.222667215
-1152453.221153021 -104658.37552837637 6265025.075567199
-1149814.7403004032 -102254.13976843162 6265549.549232543
-1147759.39613178 -104353.29806578861 6265891.776736493
-1147714.0103572733 -103642.31672379404 6265911.890588133
-1149804.8969208158 -104802.31765649217 6265509.250909357
-1150180.540837202 -103075.81347501752 6265468.944951839
-1150258.8204947833 -103426.8674534681 6265448.789110219
-1149662.8866162875 -102726.03164529054 6265569.695531246
-1149033.6645269399 -103619.96165196809 6265670.398395613
-1146757.5920456743 -102062.95705600045 6266112.9241247
-1143548.4912426693 -102340.63729121862 6266694.841951014
-1140287.9960762728 -100724.94104150482 6267315.116719164
-1137370.4364634815 -100187.15010162094 6267853.861188324
-1137404.618507547 -102271.06684453896 6267814.001921577
-1137015.60650051 -104136.85880077492 6267853.861188324
-1138266.5297589693 -103670.49387678532 6267634.540712295
-1140537.2633047407 -102853.75540753531 6267235.184354573
-1143370.4401242493 -100635.2291340473 6266754.948720048
-1144150.6700992568 -100502.66622381378 6266614.672867107
-1142672.71401772 -101076.28469726475 6266875.11071596
-1139615.5610070592 -106902.664241549 6267335.095037494
-1141183.5249841984 -107753.03249469139 6267035.219806319
-1138975.4573545128 -107865.44805826453 6267434.957991927
-1136986.969688214 -107977.47009967297 6267794.0694242725
-1132624.410062364 -109917.29472902774 6268550.162043081
-1130734.766402916 -110132.34303798966 6268887.521328222
-1130212.233107178 -112093.0149386202 6268946.998032194
-1132832.6016244383 -110037.28919241548 6268510.436434161
-1135799.8658154139 -106584.7254172979 6268033.133377759
-1140314.549137371 -104097.8350194304 6267255.170309399
-1141247.6074596804 -103500.17586766045 6267095.229216077
-1142375.0756939235 -104386.46043490201 6266875.11071596
-1140032.5057541407 -107142.50348966575 6267255.170309399
-1139205.6316129367 -110054.24713710145 6267355.071446683
-1138038.842669929 -112989.59679857864 6267514.813990453
-1139891.6053137656 -115343.78122791972 6267135.225943929
-1140963.0618252666 -116699.6196921644 6266915.149442668
-1141084.0164110546 -118724.75466151164 6266855.088489104
-1140475.7350534045 -120331.72328009098 6266935.165942508
-1141219.2322619706 -122646.14387815211 6266754.948720048
-1140753.3151587583 -124912.65808143442 6266795.010354602
-1141052.3295087167 -126195.0910580775 6266714.879449644
-1140151.7767179536 -126377.50090786898 6266875.11071596
-1140576.8439041213 -125517.88231627649 6266815.038308419
-1140076.9269360912 -124053.32136270631 6266935.165942508
-1141534.8476909148 -121753.0746704401 6266714.879449644
-1143960.2931495165 -115331.9244103235 6266394.050401641
-1145189.725673595 -111802.54648204376 6266233.452626208
-1148474.9918702862 -108481.9555614509 6265690.533242614
-1150321.9113801403 -106347.65364123223 6265388.310133997
-1152560.2911902792 -104688.3808417672 6265004.877738573
-1152859.5249906802 -105019.87584224848 6264944.272802141
-1153787.4907979188 -106871.14598320439 6264742.132301575
-1154458.905280993 -111385.44846452 6264539.8009660505
-1156756.502079217 -114847.96991412788 6264053.427191059
-1159352.6824896187 -114145.41120951824 6263586.287639369
-1162282.1074968611 -112263.10122621435 6263077.382461095
-1164232.8013856744 -110236.91580657002 6262751.057368568
-1166767.4092780626 -107785.89413046939 6262322.014530477
-1168175.0939348382 -105592.79390143184 6262096.942062332
-1169983.3379060647 -103780.19785083683 6261789.653090898
-1170369.5162328086 -103135.09917264385 6261728.143794781
-1170859.6542134655 -103796.14096822715 6261625.590152707
-1170425.7256608477 -106187.54213207704 6261666.617331781
-1170734.1841616812 -107616.57080752637 6261584.555344031
-1170248.0512786407 -108128.03462246683 6261666.617331781
-1170079.3416005913 -107576.97050547448 6261707.636881204
-1169649.6540768424 -107475.70498349001 6261789.653090898
-1170077.4638500435 -107597.39222610925 6261707.636881204
-1169822.1837813847 -107985.72856043854 6261748.648800925
-1169985.5207766728 -107403.6050666257 6261728.143794781
-1169347.509916254 -107180.39074429839 6261851.145219962
-1169116.7409474642 -107303.27501228842 6261892.130435338
-1168780.8739337185 -107375.30402711056 6261953.593952276
-1168908.4316190747 -107181.29110506798 6261933.108020788
-1169662.7759819913 -107332.80451883111 6261789.653090898
-1170600.912237705 -107872.17090981296 6261605.073702066
-1172712.9935856021 -108768.65138548038 6261194.344144836
-1174948.3800877864 -109513.76653242623 6260762.257031404
-1177836.2755025013 -111483.49595103928 6260184.832594076
-1181434.2305602175 -114029.72773788586 6259460.949638763
-1184989.6532340418 -118068.81502490713 6258713.947501265
-1189445.571085852 -124952.80026874132 6257734.976101916
-1197940.3422934914 -133735.44429036533 6255932.765563119
-1205488.4267651702 -142636.2889029723 6254286.013768735
-1213264.8679791768 -153658.2533934633 6252520.971679467
-1220000.5180586893 -163606.43694390735 6250957.74019686
-1225078.5016867977 -173111.22533418948 6249708.486671048
-1228542.7077648337 -181174.40393721237 6248799.8568169745
-1231625.2955053376 -189983.3830000443 6247931.373315111
-1233338.3333962199 -198034.5419340026 6247343.425455049
-1234793.7345740672 -206677.91493343687 6246775.942238956
-1235330.5044185072 -214555.6219856597 6246404.200011993
-1235752.3096435189 -222191.0750599465 6246053.822644696
-1234524.6095802456 -228315.34055853923 6246075.735500362
-1233380.9793984087 -233830.17475932935 6246097.646453363
-1231437.7474018966 -243295.2375778445 6246119.555503695
-1229453.1891125904 -248772.25398992418 6246294.759409426
-1226762.8824022661 -253224.30637636886 6246644.801893277
-1223782.3429979978 -256843.11484960845 6247081.6699736435
-1221261.9008224974 -258228.5757657595 6247517.776866057
-1219013.6999742158 -257264.25241747324 6247996.615212211
-1217961.9277931247 -255377.42473960022 6248279.132159497
-1216000.6557804951 -254633.86713915702 6248691.462926231
-1214337.2505033694 -255126.3568491853 6248994.845899681
-1213864.1745053814 -256841.44065597068 6249016.50183564
-1214016.7547720685 -258224.3996331592 6248929.866670516
-1212826.8245978924 -260140.38909813078 6249081.458222133
-1211632.3588146581 -261543.64407136076 6249254.591494821
-1209772.6516919173 -262402.08432546636 6249578.888001971
-1207309.597112882 -262949.1243049868 6250032.183496848
-1204231.6143672129 -264767.4920569286 6250549.207398372
-1202623.9904232614 -266483.1947295044 6250785.810167005
-1200784.224927074 -267219.06698869204 6251108.079005192
-1199524.140218486 -267356.1584893939 6251344.13718769
-1197989.2707996843 -268221.43351301394 6251601.392415632
-1196663.4921815842 -268648.4727691937 6251836.968808332
-1194997.7554344444 -269589.2962665283 6252115.080182479
-1194028.5244047237 -269918.2023964443 6252286.065666137
-1193092.2186583024 -270100.5471067326 6252456.929258262
-1192777.6317910182 -270007.4439852903 6252520.971679467
-1192474.251253888 -269369.9700130121 6252606.334909601
-1192724.029433484 -267764.0715505362 6252627.670955519
-1192791.2707942112 -265462.18716172903 6252712.996092531
-1192904.5742128636 -262931.95309553255 6252798.29075458
-1192944.299711242 -260714.68338349886 6252883.554941248
-1193120.979781889 -258877.5193471361 6252926.175606184
-1192884.9935649987 -257387.87986985882 6253032.6939352825
-1192664.452952889 -256338.35572532893 6253117.874312512
-1192256.0164687939 -255641.0735117684 6253224.306925805
-1191695.9370212932 -255129.41423029854 6253351.963201931
-1191153.4140849113 -255056.7510146824 6253458.291047898
-1191300.035285724 -255414.34605538368 6253415.765624203
-1191975.6325343123 -255907.3778944113 6253266.866637281
-1192806.211375299 -256717.32613913942 6253075.287933488
-1194007.5176089015 -258393.5216000313 6252776.969946119
-1195839.4508924892 -259729.61879817783 6252371.51269885
-1196383.2289547937 -261334.98594844993 6252200.588160542
-1197717.7284959306 -263401.06600797904 6251858.373417651
-1198745.0960097564 -267841.44034387945 6251472.799079196
-1201125.822871835 -271676.8429760501 6250850.298209118
-1203281.6824412993 -275477.7826260147 6250269.288917134
-1205524.224961077 -277896.1547938088 6249730.079786072
-1206962.0146070952 -279425.8355494419 6249384.361496985
-1207902.4694514752 -280198.9133530359 6249168.040087321
-1207998.858324516 -281710.2887560189 6249081.458222133
-1208550.2163190022 -282706.37783485395 6248929.866670516
-1208970.067537842 -282826.8454424289 6248843.201048866
-1208271.073055966 -282463.14792447747 6248994.845899681
-1206815.7111303653 -281500.99997893634 6249319.485062336
-1204841.5984433345 -280840.97364469635 6249730.079786072
-1202196.7410953718 -279693.5903238872 6250290.8325318275
-1198385.2194182926 -279225.77379210194 6251043.659512383
-1193574.2391960868 -278236.5870419513 6252008.152358627
-1188356.9551772175 -277064.1110478559 6253053.991886781
-1181944.9455408275 -275242.92527216906 6254349.564726784
-1176019.4501984348 -273733.2102628767 6255532.701725261
-1170544.5360811378 -271726.70845766854 6256646.952238983
-1166636.3587816278 -269725.29849637137 6257463.453326738
-1163713.309959642 -266354.92486516386 6258152.074392476
-1162554.1721210277 -263080.4814966625 6258506.00839685
-1163295.9375845813 -257768.69606126007 6258589.206916371
-1164824.2152357062 -251290.67455984734 6258568.410146187
-1165990.6699982993 -246350.4667052345 6258547.611469536
-1167292.4377147646 -242265.8613919058 6258464.397698365
-1168281.2845871865 -239091.31126675548 6258401.9673523735
-1168849.3409964417 -236849.22739370272 6258381.153424197
-1169669.1193257489 -235549.2555969997 6258277.055187268
-1171233.9911262519 -235524.07598173438 6257985.326577829
-1173762.320758948 -235137.42535576 6257526.141021197
-1177163.681593118 -234835.95577388158 6256898.492113637
-1180222.4377748226 -234011.4477633283 6256353.142181839
-1182023.5603556905 -232782.32197021594 6256058.958589043
-1182868.793051643 -230740.6566759269 6255974.8375278255
-1183614.5978732533 -229192.5147626599 6255890.685975747
-1184247.1807849088 -227642.8137638726 6255827.5523023065
-1184719.1607359343 -226340.15989188597 6255785.453658498
-1185442.0625081498 -224291.61667239913 6255722.291400642
-1185809.0444129962 -223525.10945325845 6255680.173700718
-1185994.2967002662 -223131.35759297994 6255659.111992369
-1186337.2356499038 -222488.48751676202 6255616.982858929
-1186602.3150654414 -222259.51201724418 6255574.846103209
-1186863.4748485251 -222051.14211895675 6255532.701725261
-1187281.1098769107 -222193.6202699302 6255448.390102887
-1187434.939065898 -221965.01278600213 6255427.307433479
-1187557.752398213 -221902.16704954393 6255406.222858562
-1187374.0779602514 -221696.27364313003 6255448.390102887
-1186806.503789351 -221761.7918181392 6255553.77486701
-1185897.6019804908 -221870.43626859254 6255722.291400642
-1184938.2930278627 -222247.5350551952 6255890.685975747
-1184101.7118682258 -222561.31640355522 6256037.931182279
-1183122.722076339 -223040.12063305368 6256206.0970763
-1182071.3368851088 -223311.962872846 6256395.137917084
-1180984.753436015 -223768.53650751145 6256584.024387507
-1179369.4047872822 -224080.88881415976 6256877.540940045
-1177314.5148993533 -224946.8031157926 6257233.45167617
-1174655.6972487825 -226054.2037414583 6257693.22433529
-1171650.3815909417 -227788.20726646273 6258193.742282842
-1168915.9760049663 -229819.52964500876 6258630.794737305
-1166976.6343224267 -231744.98669311087 6258921.695954353
-1165613.2792346645 -232997.14188269884 6259129.253749782
-1164103.8241229488 -233857.74649887034 6259378.071427288
-1162235.5949250394 -234833.36256925276 6259688.707412986
-1160333.6251001519 -235967.09642154074 6259998.914366386
-1158373.147468177 -236831.8925082276 6260329.3288704585
-1156762.1748280681 -237617.49834166732 6260597.431185692
-1155971.4709950655 -237665.35092576532 6260741.660475605
-1155625.4862586043 -237720.3521543098 6260803.444421586
-1155651.031075663 -237052.93487974576 6260824.035255955
-1155363.303516835 -235733.38363440247 6260926.960820334
-1155069.9799123488 -234434.853105476 6261029.8387050275
-1154890.4529681297 -233118.48745243158 6261112.106682882
-1154240.4007810757 -231918.19240660942 6261276.551090487
-1153918.6401798734 -230743.25212514505 6261379.266858393
-1153730.9079408043 -229449.48026313394 6261461.405140901
-1153664.4431509692 -228661.89118836788 6261502.462838078
-1153458.5031132903 -227449.63810201202 6261584.555344031
-1153418.3574777062 -226521.6576360914 6261625.590152707
-1153365.6518786806 -225654.26310894248 6261666.617331781
-1153737.4422121877 -224890.82502950393 6261625.590152707
-1154060.0773121777 -223804.01904959988 6261605.073702066
-1154883.2013980222 -223001.72534985698 6261481.934943168
-1156380.687691271 -222160.58800554517 6261235.451432224
-1158360.9501792612 -221115.84285828736 6260906.379521808
-1160332.6490952815 -219519.81248771324 6260597.431185692
-1161979.9691344507 -217857.48779510884 6260349.963567684
-1163939.6159753173 -216290.84106555078 6260040.242876589
-1165778.454298405 -214759.6997469623 6259750.78312693
-1167377.99748126 -213306.35133816567 6259502.377304081
-1169865.2502294173 -211841.3107142983 6259087.757443612
-1173023.8953771198 -209707.88348202198 6258568.410146187
-1176352.0835105148 -206575.9329324225 6258047.871305682
-1178065.6246537284 -203741.37094950423 6257818.456760538
-1178671.8945589254 -202151.6700582398 6257755.849125911
-1178785.7922431398 -200837.18675069307 6257776.720243683
-1179179.4604660324 -199824.34507783502 6257734.976101916
-1180161.5417368335 -197279.5725795067 6257630.582388847
-1181046.2301371803 -195287.98405207138 6257526.141021197
-1182335.145257427 -192830.89466324617 6257358.93571341
-1183572.2426784248 -189280.94881915138 6257233.45167617
-1184863.4293359395 -185311.61279098367 6257107.899020688
-1186404.783324436 -182499.1766857968 6256898.492113637
-1188427.196582162 -181557.7397724189 6256542.062957188
-1190316.1068377607 -181484.91102768484 6256185.083009603
-1192062.183847724 -181623.39926518328 6255848.5987657625
-1194099.963231382 -182744.30011996333 6255427.307433479
-1195832.3151649884 -185124.62324063288 6255026.374674783
-1197877.3031251465 -191096.97692026524 6254455.444886434
-1200007.8000318615 -197734.83994766473 6253840.6769707175
-1202085.6970950803 -201871.96553846012 6253309.41872934
-1203246.5453163083 -201548.7197213334 6253096.582075401
-1204484.4726942736 -200762.0566334731 6252883.554941248
-1205482.5329397325 -199415.02844179946 6252734.322615088
-1206937.4776563311 -197968.05428783112 6252499.62611035
-1208182.1119739218 -196440.2747838846 6252307.430281165
-1209491.6791009398 -195180.08166533624 6252093.698426688
-1210407.9712293698 -194981.15075226157 6251922.575819035
-1210690.2789551117 -195286.78186499336 6251858.373417651
-1210321.1080602235 -196202.6742237588 6251901.17692301
-1210023.410245866 -196674.62341127635 6251943.972810617
-1209523.8912771242 -197026.81476298283 6252029.541732363
-1208895.8993151465 -197487.69514955176 6252136.460033765
-1208534.8921405815 -197666.94180800088 6252200.588160542
-1208003.3308793034 -197536.7050333741 6252307.430281165
-1207919.760189681 -197371.52092215794 6252328.79299163
-1207825.8394460357 -197269.60200323226 6252350.153797528
-1207971.3905376797 -197055.2815082263 6252328.79299163
-1207969.8674108863 -195021.0306788899 6252392.869695591
-1207391.4465541511 -194495.22743844753 6252520.971679467
-1207068.2303667392 -194443.16146923605 6252584.99695903
-1206895.9505016548 -194826.03858580792 6252606.334909601
-1207838.411202643 -196514.22242517563 6252371.51269885
-1210615.8182909216 -199808.36555425584 6251729.9171955865
-1214132.4552820663 -202609.75125519643 6250957.74019686
-1217610.1003412236 -204959.79739662475 6250204.646649433
-1220876.0285913178 -206583.3962084809 6249514.062966981
-1222756.722720497 -209185.35589261382 6249059.807996873
-1224108.8525569758 -213531.1191974228 6248648.092045666
-1225840.7014945035 -218156.8275344372 6248148.779691435
-1227028.5449756123 -223254.36486379371 6247735.544850173
-1227833.6728174994 -228518.78517490468 6247387.024726232
-1227163.3950513485 -234426.91552049926 6247299.818571668
-1225857.9867755142 -239459.6598547778 6247365.226042169
-1223408.5191004043 -242307.97966278307 6247735.544850173
-1221638.990725351 -242821.78675801432 6248061.839980074
-1220179.6386472348 -242332.48385734748 6248365.995738265
-1218970.3748324318 -241141.54983109076 6248648.092045666
-1217440.6418071978 -239315.78189067173 6249016.50183564
-1215859.1143244219 -237176.03517195798 6249405.983167868
-1214215.930364595 -234766.32136649775 6249816.433208329
-1212893.4377483516 -232403.10671877713 6250161.542284683
-1211491.2733228314 -229855.46179267718 6250527.686631481
-1210635.7409329037 -227329.8444785703 6250785.810167005
-1210469.5298680717 -224653.21393496703 6250914.76911417
-1211210.1230905186 -221839.80147375748 6250871.790414928
-1211633.5622083202 -218902.4988944893 6250893.280716615
-1212042.3393568234 -216006.75192405345 6250914.76911417
-1212181.2866848067 -212715.14054358087 6251000.70366295
-1212391.6205100596 -208958.80212789238 6251086.60774511
-1212231.547731658 -204707.19321707622 6251258.324507898
-1212063.566005774 -200416.75279784703 6251429.919399188
-1211470.0860879626 -195933.26419333654 6251687.083219742
-1209930.9276098798 -191742.4693904262 6252115.080182479
-1207393.2539120642 -188209.2423426528 6252712.996092531
-1204257.3973528238 -184922.64102502546 6253415.765624203
-1201391.6620357607 -181264.4722216977 6254074.053407198
-1198894.412153203 -177293.90321057546 6254667.062313723
-1196090.031535754 -173083.78147493833 6255321.865503896
-1193045.6813902943 -168924.615243417 6256016.901869818
-1189832.4927112593 -165102.90198166453 6256730.829358551
-1186934.3572002014 -161323.68552244443 6257379.843048302
-1184493.7569569715 -158171.46032906912 6257922.764693355
-1182464.3475670454 -155191.51135823058 6258381.153424197
-1180820.8131958637 -152586.5084891097 6258755.512444193
-1179607.577634421 -150023.19553387287 6259046.253510934
-1178128.1455147543 -147787.79273393768 6259378.071427288
-1177032.3286785085 -145981.3132435919 6259626.6145377485
-1176198.530324116 -144710.76120629368 6259812.841679413
-1175615.9286305606 -144076.73296562882 6259936.90729931
-1175310.6914620127 -143872.75859855476 6259998.914366386
-1175552.9513880722 -144589.67845160133 6259936.90729931
-1176258.9098613253 -145114.17263354055 6259792.157402092
-1176896.8199303441 -145297.1390078158 6259668.011694709
-1177941.0586027948 -144862.53893784175 6259481.664424796
-1179247.3117013387 -144083.08568153472 6259253.696908734
-1180696.4504313758 -143026.33381185727 6259004.741951797
-1182169.3699239662 -141760.41853426854 6258755.512444193
-1184195.5064000315 -140452.18995058825 6258401.9673523735
-1186101.9324744197 -139209.03315067067 6258068.715735687
-1188178.1472511166 -138380.6363011551 6257693.22433529
-1190388.5847218516 -137332.64140162477 6257296.202272157
-1192894.9262653717 -136567.0460834316 6256835.632875006
-1195308.7440565364 -135638.8020791141 6256395.137917084
-1198785.5500887628 -135016.2081253868 6255743.347392205
-1201801.1445332833 -133593.09225716756 6255195.272307624
-1203953.6736378567 -132003.22861475986 6254815.081149017
-1205099.9313082388 -130553.9786137169 6254624.754070304
-1205769.6536407091 -129434.32679525405 6254518.9501196835
-1206442.8070700555 -128271.37678766961 6254413.098538177
-1206917.6624345293 -126894.7528681233 6254349.564726784
-1206924.490146607 -124723.51331262966 6254391.92250624
-1206757.1660696552 -122067.24385184825 6254476.615202742
-1206257.302181468 -118274.56258204402 6254645.909144651
-1205844.191035801 -114601.65185902506 6254793.941317043
-1205421.8254541785 -110911.2209361892 6254941.880128796
-1205430.2275405296 -108408.87791524967 6254984.131212544
-1205020.5709840134 -105616.37491966345 6255110.838734529
-1204561.2607441277 -103330.8626350084 6255237.477661549
-1203687.0729473555 -100716.77704650271 6255448.390102887
-1202978.4537160888 -98691.45688356055 6255616.982858929
-1202041.9929583818 -96735.11782170652 6255827.5523023065
-1201156.3783502225 -95482.34531967163 6256016.901869818
-1200028.6641182275 -94507.526906276 6256248.11949244
-1198458.1277645815 -93584.10454937968 6256563.044625277
-1196800.5394831896 -92361.9406403011 6256898.492113637
-1194941.3140127952 -90896.83629600971 6257275.287312901
-1193481.4568864175 -88460.5985946186 6257588.811560293
-1192475.6134478461 -84201.71830292871 6257839.322159608
-1190037.7640370196 -78207.79136748951 6258381.153424197
-1185678.070250398 -70940.67819646467 6259295.1627083635
-1181007.1782784825 -64601.94187483969 6260246.771011562
-1177253.3988011184 -58977.91341971625 6261009.266942501
-1172905.0676504576 -53835.6917404347 6261871.638781387
-1167941.2820869433 -49808.91939063233 6262832.684428528
-1162920.1035557252 -46890.66317213766 6263789.51581654
-1159054.681926737 -45032.877415158706 6264519.557336813
-1155603.9911980713 -43707.081690731255 6265166.406931037
-1153223.4034729816 -42992.20971367628 6265609.982402841
-1151715.0384179165 -42352.24324652464 6265891.776736493
-1151483.8501027501 -42685.859597239025 6265932.0025310675
-1151254.8147318386 -42959.06293256463 6265972.220690793
-1151558.4912115687 -43614.455227433624 6265911.890588133
-1151958.6616833583 -44596.08926701622 6265831.423729397
-1152569.3590673339 -45768.1138464918 6265710.666180976
-1153623.2693395205 -46777.977806400006 6265509.250909357
-1154906.4182421823 -47516.48657857501 6265267.300650966
-1156310.890899858 -47958.372556507275 6265004.877738573
-1157731.1245943522 -48017.277213701025 6264742.132301575
-1159061.2604554808 -47606.37538742915 6264499.311799293
-1160626.090738602 -46798.16517335736 6264215.673907886
-1162526.821269779 -45777.40976800398 6263870.753662093
-1164969.6140159569 -44855.43144583856 6263423.567721516
-1166880.5996378222 -43501.3504749992 6263077.382461095
-1168245.2037539834 -42082.190527212115 6262832.684428528
-1169705.8661002556 -40990.11033370471 6262567.284881296
-1171157.7671937766 -40120.05987301964 6262301.562934947
-1172396.6467350826 -39056.280745607975 6262076.469483478
-1173395.3283847913 -38618.00249534633 6261892.130435338
-1173841.6561296878 -38345.55973918955 6261810.152374711
-1174051.38512106 -38619.08095051071 6261769.151899634
-1174337.2788718075 -39880.141368452845 6261707.636881204
-1174428.988732743 -40396.295738227825 6261687.128060202
-1174633.2577926768 -40813.836298964634 6261646.104695947
-1174413.3910931982 -40847.241108289876 6261687.128060202
-1174087.151166462 -40794.861264590094 6261748.648800925
-1173772.94267394 -40394.24047509311 6261810.152374711
-1172906.8626252334 -40138.98802867444 6261974.077976262
-1171724.787256592 -39525.26146155355 6262199.276343327
-1170756.7455866688 -39042.5629157434 6262383.3578713685
-1169240.237685634 -38603.8285270403 6262669.399784719
-1167815.9827474286 -38679.23222659405 6262934.675328652
-1166488.000957662 -39144.79029388204 6263179.258891976
-1165813.919327382 -39672.17385937506 6263301.447649139
-1165371.359950982 -39820.01948457852 6263382.868662449
-1165789.4674615343 -40384.32161064728 6263301.447649139
-1166964.84341797 -41179.55233783884 6263077.382461095
-1168579.50845507 -41910.43557206246 6262771.466995189
-1170738.2843360133 -42703.9578165809 6262362.911998695
-1172900.9322382452 -43377.302161806445 6261953.593952276
-1175481.3206422944 -44561.60625451532 6261461.405140901
-1178298.5508841982 -45245.06887227802 6260926.960820334
-1181455.4785863445 -45614.10091924347 6260329.3288704585
-1183775.9187838319 -44979.50092424202 6259895.559720154
-1185436.9545687702 -44421.03754294564 6259585.209753624
-1186036.9793787159 -42971.80792103329 6259481.664424796
-1185740.6196775616 -42090.75907071971 6259543.797342385
-1184891.1892095043 -41377.31209118815 6259709.401224452
-1183256.9601940312 -41216.85930216436 6260019.579574943
-1181291.4507265536 -41148.39393081779 6260391.227241095
-1179304.8811911843 -41676.829650041276 6260762.257031404
-1177310.5796750372 -42408.74087424946 6261132.668909252
-1175068.428272524 -43909.279934478 6261543.512905805
-1172932.647821148 -45428.56313362103 6261933.108020788
-1170901.5339087592 -47007.7945945334 6262301.562934947
-1169014.363750139 -47688.18398792823 6262648.980619446
-1167040.1449560449 -47811.676041760715 6263016.233708408
-1165080.8051094953 -47568.45710304014 6263382.868662449
-1163110.5373261874 -47589.684202571894 6263748.885445384
-1161584.574749648 -47446.01868045803 6264033.137764762
-1160064.2988779913 -47160.83538870872 6264317.016089954
-1158659.66993156 -46718.876170238604 6264580.282499657
-1157495.0083983354 -45741.1377978541 6264802.794489696
-1157365.197428136 -43429.80922502137 6264843.2264066115
-1158702.1218236755 -39713.6168440901 6264620.756400061
-1160697.7261747506 -35523.35370800152 6264276.484941744
-1162661.4948055919 -31927.764525425504 6263931.662011394
-1165265.2622235434 -28519.169356582934 6263464.2591487905
-1166951.1802120884 -26583.715210899667 6263158.887421522
-1168279.0585077095 -25879.543021587862 6262914.2809642
-1168582.9265050734 -26947.388533764195 6262853.086424114
-1169320.9525531728 -28107.91723631792 6262710.232392105
-1170480.4291736418 -29852.855735016175 6262485.558620152
-1171538.9579646324 -31189.363966572368 6262281.109431811
-1172055.3175154426 -32308.557878066593 6262178.813302253
-1172578.1532224196 -33162.70385306515 6262076.469483478
-1172886.010964171 -33867.98369713184 6262015.040301711
-1173320.0359737328 -33982.99362494464 6261933.108020788
-1173637.0340106331 -34361.19648701861 6261871.638781387
-1173953.3004685733 -34760.091138307405 6261810.152374711
-1175032.249903558 -35243.618927761774 6261605.073702066
-1177178.0108792805 -36582.99538066093 6261194.344144836
-1179420.01157096 -38280.507271825554 6260762.257031404
-1181362.8326360234 -39045.352462515046 6260391.227241095
-1183298.7756638057 -39998.38560357542 6260019.579574943
-1185567.813200027 -40779.43277901404 6259585.209753624
-1187275.722102033 -41958.52048682767 6259253.696908734
-1188648.0755970462 -43315.69022008641 6258983.983312324
-1189674.8906436486 -45099.673739416445 6258776.2920558695
-1191122.435797103 -47236.57738950204 6258485.204000829
-1194666.9631801671 -48797.3000710592 6257797.589455227
-1197941.4983597999 -48910.108660939055 6257170.683925623
-1200577.245916551 -48597.949035608544 6256667.924377716
-1202548.7998687427 -48488.55097636685 6256290.13428553
-1203949.2497675421 -48987.01361932524 6256016.901869818
-1204409.44254966 -48416.18996787607 6255932.765563119
-1204561.9899186823 -47327.36948127638 6255911.726722264
-1204804.8132340282 -46705.11482315108 6255869.643323578
-1205234.6892199412 -46890.31558491839 6255785.453658498
-1205946.9123962307 -48225.015935869014 6255638.048378437
-1207144.2623266634 -50995.347937668244 6255385.136378137
-1208546.7402070798 -53928.67240279169 6255089.725577701
-1209961.790574546 -56446.58548789104 6254793.941317043
-1210916.4531231062 -57063.00742133919 6254603.5970906885
-1210402.6490898062 -53969.15306381437 6254730.510389233
-1208437.9929504427 -51409.19624891361 6255131.949985943
-1206393.1114944227 -50668.31539191422 6255532.701725261
-1204531.5638701997 -50758.61269091314 6255890.685975747
-1203327.132156614 -50813.05524741925 6256122.029375079
-1202487.7903561043 -49978.69232017976 6256290.13428553
-1202075.6645385928 -49373.11536719732 6256374.141002362
-1201768.073290801 -48877.25507465537 6256437.126029101
-1201542.1710541553 -49057.11858836416 6256479.10651784
-1201092.867464093 -49353.74713410976 6256563.044625277
-1199864.960309658 -49974.56953652331 6256793.717186203
-1197539.4025122179 -50694.286220389164 6257233.45167617
-1195407.1285434964 -51983.56835775985 6257630.582388847
-1194478.230879774 -53217.34080797869 6257797.589455227
-1194318.4377314365 -54338.12217867072 6257818.456760538
-1194391.2398269628 -55135.248552608085 6257797.589455227
-1194912.568197957 -55681.814542730615 6257693.22433529
-1195546.6554814363 -56150.51219559667 6257567.9232867565
-1195845.3572739486 -56771.16247299731 6257505.247029187
-1196352.876394166 -57590.52093691636 6257400.748477087
-1196518.2776949848 -58686.97291014829 6257358.93571341
-1196785.4794602375 -59914.549014150194 6257296.202272157
-1197043.9394660594 -61288.97300731719 6257233.45167617
-1197307.373173893 -62538.67895294449 6257170.683925623
-1197904.4412802034 -63660.067159729384 6257045.096961535
-1198292.5157738752 -64582.574922926906 6256961.334198626
-1198896.8106366042 -65538.54309488041 6256835.632875006
-1199187.1270854555 -66226.18791563547 6256772.756482906
-1199477.0460078984 -66914.17727724802 6256709.862937507
-1199537.8822271095 -67778.64825291398 6256688.8946105605
-1199748.8276977143 -67916.60678070936 6256646.952238983
-1199844.7897052823 -68153.13346049652 6256625.978194365
-1199716.6895401925 -68481.96753428376 6256646.952238983
-1199608.8626822631 -68454.80726147133 6256667.924377716
-1199388.42794407 -68484.23128266787 6256709.862937507
-1199175.1593086366 -68388.0629607253 6256751.793873685
-1198963.0733674688 -68270.99882447784 6256793.717186203
-1198650.2650440547 -68001.33128464108 6256856.5878604995
-1198118.1505896288 -67740.38360568704 6256961.334198626
-1197270.6249758056 -67252.24910226809 6257128.829228366
-1196240.7385193582 -66105.35506994084 6257338.026472419
-1195278.2036588667 -63687.86627857884 6257547.033107055
-1194271.463099777 -59893.17157854722 6257776.720243683
-1193427.5010833915 -54694.167828303514 6257985.326577829
-1192037.5584148539 -48939.97798641073 6258297.878647439
-1190388.639407068 -43545.549524670925 6258651.585788042
-1188372.278576618 -38633.360230639904 6259067.006430584
-1185334.8755223986 -34330.98070712908 6259668.011694709
-1181714.7807545222 -30841.09602039173 6260370.596357899
-1177733.9418938856 -28310.147092528445 6261132.668909252
-1174619.9656207813 -25876.42891521522 6261728.143794781
-1171275.9434226255 -23757.583687547474 6262362.911998695
-1168251.0809919026 -21901.240312638984 6262934.675328652
-1164604.759308456 -17725.804138025363 6263626.948538981
-1158462.782334077 -10210.854267476056 6264782.575668681
-1150628.6955663217 -3594.736092973457 6266233.452626208
