-6209800.81740406 8128.6149044766735 1424060.6496170023
-6210627.078481773 16909.800801846428 1420375.4259581524
-6211111.150518428 27101.256936082307 1418099.0084539726
-6211675.83718291 37403.349468378634 1415388.7392538288
-6212105.5530115 46839.059991506496 1413220.3298505177
-6212883.434468767 56930.11108270554 1409425.1992055825
-6213239.195552166 65717.98815787393 1407473.2128487437
-6213431.517708973 76782.85331145409 1406063.3585219835
-6213217.09755846 85673.89471291595 1406497.167566269
-6213096.065236364 95650.73862326457 1406388.7159477803
-6213155.3077430045 102702.04849740928 1405629.5426247157
-6213279.993535903 109754.9132820695 1404544.972913624
-6213030.889909079 117994.55882200731 1404978.8059340974
-6213171.769502597 125807.94281210932 1403677.286338047
-6213324.187130294 136009.19510042583 1402050.3002638025
-6213857.02264648 143833.3824950108 1398904.5214692305
-6214143.529959786 157188.08930143918 1396192.3555300995
-6213636.064846694 169981.0382912775 1396951.7888094485
-6213106.419149827 181795.89347957284 1397819.6870244641
-6212388.334259409 191867.68029912747 1399663.8802277579
-6211751.42656141 200421.37546621767 1401291.0072031887
-6211532.63678816 208554.0062982858 1401074.0624865135
-6211397.132643682 216798.226024924 1400423.2180945466
-6211677.982088001 225383.6050158993 1397819.6870244641
-6212002.263506836 235057.9975784183 1394781.9241588858
-6212242.513313162 247663.27282335298 1391526.80860952
-6212138.628612436 257976.30934604252 1390116.140010394
-6211878.2088829875 269261.2473546051 1389139.481361653
-6211248.748081254 279661.3305813371 1389899.107718445
-6210875.487705572 288877.8464392279 1389682.0737329458
-6209856.305102346 297085.84159871476 1392503.3833719078
-6209555.465420822 303806.5651551882 1392394.8767612586
-6209449.026321036 311840.8415645263 1391092.7643593936
-6209165.5185620785 317910.9515686295 1390984.2522374017
-6209020.052447042 329095.6942557647 1389030.961617794
-6208530.287609183 337763.4810954328 1389139.481361653
-6207731.214631384 349565.84534691926 1389790.5909373725
-6206909.600383213 358431.61435106344 1391201.2760576345
-6205775.920905897 367821.4837533907 1393805.429604148
-6204948.994293598 375923.90120478225 1395324.406264662
-6204350.734775498 382517.7986055649 1396192.3555300995
-6203831.924176203 388898.8648830941 1396734.8099996753
-6203896.612078168 394447.1306120419 1394890.421429923
-6203642.677811883 401823.9413442391 1393913.930697869
-6204180.78293456 406643.4924452873 1390116.140010394
-6204496.387580083 413624.95276723726 1386643.4202613146
-6204639.698440767 421575.59017796774 1383604.4356314293
-6204924.179528929 428014.35316216276 1380348.0140111109
-6204931.293210928 435196.9951032592 1378068.2936577736
-6205154.706075875 443267.0507919952 1374485.5020503467
-6204823.78175633 450863.38617787824 1373508.2978836657
-6204937.344304794 454246.69108343037 1371879.5489734183
-6205199.071938488 458839.12379488384 1369164.7585622664
-6205740.961189899 463780.1063430248 1365037.778074409
-6205901.733264082 469891.99759446 1362213.7085151337
-6206478.710792241 474511.6089335425 1357977.0784037483
-6206959.153934948 481522.70580852637 1353305.192916212
-6207033.116520049 487850.0809200112 1350697.29731341
-6207148.867510121 495926.3284727125 1347219.7345998911
-6207254.833504122 500187.1416441238 1345154.7328369296
-6207470.429588298 505657.11377652996 1342111.302789027
-6207596.839531297 510139.2115725157 1339828.5198700703
-6208057.375514147 514213.3364300602 1336132.2041481824
-6208055.444413509 519013.6356265236 1334283.8697674226
-6208448.290532312 524611.7712850606 1330260.6185314052
-6208440.403362834 532360.2511318082 1327215.6271332907
-6208096.5381821245 538771.0920719565 1326236.8125484646
-6207732.062895542 548237.7605290737 1324061.5519033556
-6206448.845873473 555876.2019415626 1326889.3592424598
-6205943.270725107 564566.6596770807 1325584.2513106556
-6205660.089262513 574480.0481476176 1322647.545952693
-6205637.024249339 581688.3263595537 1319601.7635039894
-6205195.198244042 588093.4428737715 1318840.2686216226
-6205299.788721272 596190.7522499599 1314706.09606382
-6204383.943364755 605174.8097625376 1314923.6985264514
-6203563.61673857 613293.5506252092 1315032.499156961
-6202599.031027434 622053.8535181861 1315467.697672849
-6201648.12546455 631690.1896323819 1315358.8986448657
-6200361.42217731 640854.3957332266 1316990.841974527
-6199345.611558501 648842.7484959975 1317861.1748490522
-6198456.20114213 658156.8402924157 1317426.0116222769
-6197380.654205919 667779.4441009155 1317643.5940384192
-6196180.341149895 679248.7643335067 1317426.0116222769
-6195450.363536224 686501.5254699262 1317099.634988315
-6194451.282379486 696899.1184524308 1316338.0754682145
-6193292.110492112 707936.0273300849 1315902.8897773074
-6191805.15996799 720030.5077331169 1316338.0754682145
-6190161.463883992 729915.2273884418 1318622.6950390597
-6188843.187761333 739070.4091999688 1319710.546879555
-6187036.988544782 750795.5715018095 1321559.802730087
-6186028.433148746 759439.1908589782 1321342.2492536642
-6184828.584798421 767839.9817943223 1322103.679375588
-6183629.211490165 777994.4727837727 1321777.3545962297
-6182317.1483051125 787257.6271271794 1322430.0005303235
-6180782.40149125 798136.7391717053 1323082.6319623496
-6179118.599157641 805927.2446425145 1326128.053351957
-6177423.908777953 816344.6669269368 1327650.6453274756
-6176209.143214875 824959.9746541083 1327976.9047267623
-6174282.486655476 834247.0936081352 1331130.557753765
-6172988.201303691 842740.6009078497 1331782.9951410687
-6171364.022829923 852176.0941344975 1333305.2922366096
-6169814.12287607 863157.9970646185 1333414.0246984004
-6166385.245188725 886832.0215327977 1333740.219646553
-6162740.258733426 913881.3469642908 1332326.6818078074
-6160895.310138678 927018.8948259512 1331782.9951410687
-6159559.663304317 936934.724234923 1331021.8167698216
-6157913.887409411 950434.2954478215 1329064.4097585748
-6156712.777391128 960592.9215290118 1327324.3822883593
-6155465.659611442 970635.4470943111 1325801.773338796
-6154794.7908683205 979008.5828703227 1322756.3180595422
-6153486.703686429 989815.1765288633 1320798.3585193683
-6152256.854237316 1000305.3471904921 1318622.6950390597
-6150867.090751945 1009668.3634636342 1317969.9646522205
-6149409.766041534 1020895.3924978005 1316120.4834245874
-6147965.762996053 1030250.6779473957 1315576.496300118
-6146742.614073689 1039864.3950450362 1313726.8651619276
-6143560.457685834 1058637.565892145 1313618.0597270213
-6142535.5676396815 1067515.2436353455 1311224.238979601
-6140975.148238547 1076852.91599502 1310897.7938914925
-6139658.785616678 1086565.5382217267 1309047.870533716
-6137923.681761672 1097752.3227551163 1307850.7998831512
-6135803.972567756 1110308.2627842987 1307197.8319346516
-6133040.6264905315 1122304.4872260282 1309918.4370673422
-6130772.311968203 1131734.2983434484 1312421.1735403854
-6129520.036894011 1137367.3027697685 1313400.4476567898
-6127578.209994121 1147409.2574827273 1313726.8651619276
-6126790.322897836 1154457.593139659 1311224.238979601
-6125899.401320105 1163592.2048619986 1307306.6609217497
-6124680.700468941 1171447.6187066229 1306000.6868029817
-6123082.056613789 1179895.5869646722 1305891.8530397285
-6121255.667416769 1191958.286651415 1303497.4096641378
-6120764.795047635 1198738.5981702998 1299578.8152175222
-6120046.668527172 1205919.8016874425 1296312.9278640952
-6119656.741048564 1213944.7321577214 1290651.2150869376
-6118832.349069813 1221774.914830105 1287166.5554498679
-6117686.178238798 1229097.9431572622 1285641.8905405006
-6115419.837903374 1239195.1751119192 1286730.9447422205
-6113593.332466477 1246713.9833611115 1288146.6566013782
-6110392.093648195 1256506.3258844162 1293808.8401669208
-6108762.243701291 1261950.826225302 1296204.0588267134
-6106417.601287692 1269803.127150699 1299578.8152175222
-6105173.719396435 1275548.4470589818 1299796.528383009
-6103365.177843639 1283733.3765944522 1300231.949962429
-6101123.335533884 1291826.3269662203 1302735.5009981291
-6098736.851226442 1299664.4723997242 1306109.5201684036
-6095796.260655139 1308717.388732281 1310788.9780634341
-6093198.789892719 1317618.84621866 1313944.4748311539
-6090886.917296128 1325244.386091149 1316990.841974527
-6089641.351823774 1333213.0689167979 1314706.09606382
-6089293.140975208 1337369.5944798994 1312094.7416375699
-6088845.143429372 1342173.4730352834 1309265.5145603383
-6088735.39716259 1344155.1977683066 1307741.9728875267
-6088545.4837259725 1349129.1248798044 1303497.4096641378
-6088813.245479073 1349076.9695761544 1302300.1158864328
-6088232.007087918 1354523.0741701736 1299361.1004685382
-6088064.955904446 1355378.0664619387 1299252.2425003175
-6087305.434995794 1358889.2554308802 1299143.384136322
-6087125.186929946 1359072.0891279255 1299796.528383009
-6086529.970284857 1361839.1520587427 1299687.6719982196
-6086215.045481101 1362103.3197386952 1300885.070448697
-6085986.966844163 1362498.4455314814 1301538.176669164
-6086545.538700374 1362288.836033461 1299143.384136322
-6086149.596018976 1364989.1046885226 1298163.6410559646
-6085432.27947039 1368286.7986574809 1298054.7787360444
-6084318.694844963 1371272.0215141533 1300123.0951616012
-6083454.029460509 1375205.8199882733 1300014.239964733
-6082010.916122323 1379008.49548074 1302735.5009981291
-6081127.877042604 1381151.9067422943 1304585.8168619792
-6079661.126171453 1383385.4356508183 1309047.870533716
-6079183.562783784 1385174.0173235848 1309374.3359754283
-6077702.158073622 1389300.50890477 1311877.118370536
-6076281.136616819 1392323.857910361 1315250.099216201
-6074886.935634054 1394906.1294860234 1318949.0548103084
-6073181.815280025 1398309.0327303233 1323191.4024572612
-6071400.041717605 1403255.82825956 1326128.053351957
-6069173.458901502 1408656.5101612487 1330586.8487798553
-6068453.116796826 1414518.1275616183 1327650.6453274756
-6066191.945516072 1424488.070971026 1327324.3822883593
-6064737.12290324 1431072.7648894954 1326889.3592424598
-6063541.155288164 1435930.7119592961 1327106.8715739292
-6062906.304006288 1438909.789301973 1326780.602470418
-6061939.992125951 1443375.1962841148 1326345.5713409777
-6062045.32009198 1444630.1425782272 1324496.6169474903
-6061647.525242601 1446995.255893823 1323735.248885151
-6061436.426314941 1449964.3564982747 1321451.0261931443
-6059776.536886206 1454711.7727438489 1323844.016961163
-6058906.242204908 1458529.7695071776 1323626.480405906
-6057693.490088545 1462377.0496351924 1324931.6755361888
-6056927.607567667 1466332.1463624453 1324061.5519033556
-6055825.095594202 1469310.4060691802 1325801.773338796
-6055048.307301361 1473486.8254773833 1324714.1470489013
-6053739.1797533585 1477197.7923873772 1326563.0877138863
-6052744.6516863145 1481657.0344029216 1326128.053351957
-6050916.430541615 1488039.4264885394 1327324.3822883593
-6049344.049409469 1494708.5244424553 1326998.115610308
-6047025.365910167 1501080.4721106559 1330369.3623528203
-6045307.167292774 1508273.0277666603 1330043.1296729476
-6043376.640354151 1516085.1939731871 1329934.3846359705
-6042362.180534064 1521548.879627707 1328303.1604853247
-6040752.915143698 1528208.9381675646 1327976.9047267623
-6039065.342718894 1535522.5382470696 1327215.6271332907
-6038010.104031852 1540416.3102854516 1326345.5713409777
-6036318.260297711 1549638.510662383 1323300.172549106
-6034305.165896955 1558105.695249641 1322538.7734429424
-6032203.087729444 1566775.0214687213 1321886.129925363
-6030093.6720775645 1575330.4308326496 1321342.2492536642
-6027895.344266762 1584537.6727878982 1320363.238689646
-6026616.988780604 1592188.3659593312 1316990.841974527
-6024471.116008961 1600736.2082808723 1316446.8708885754
-6022450.208241213 1607966.4671369712 1316882.048559561
-6019507.437473993 1618328.3255522673 1317643.5940384192
-6018442.781303709 1624576.6443899944 1314814.8974953934
-6016560.527866669 1633197.5227652744 1312747.601845124
-6014127.109838544 1643699.5959397508 1310788.9780634341
-6011972.101206381 1651909.6848850986 1310353.7107586407
-6009928.666474603 1659586.3979290978 1310027.2560887858
-6008584.500246871 1666327.9569759767 1307633.145493541
-6006025.139036109 1675104.5451959681 1308177.2784795277
-6004333.631197234 1681411.5886715052 1307850.7998831512
-6002757.886362785 1688881.8927742308 1305456.5140090748
-6000938.815772151 1696171.5975581252 1304368.1386005464
-5998174.903099551 1705003.7977578018 1305565.3493633182
-5995786.473238012 1712471.1105754222 1306762.5120046388
-5994573.403439299 1716878.349397036 1306544.8496511239
-5992627.374316871 1723905.9622029418 1306218.353135962
-5990913.840283111 1731000.928504599 1304694.6553966128
-5988895.390971173 1738461.5192555415 1304041.618228481
-5987119.23452767 1744405.9025496326 1304259.2988738136
-5984537.854234036 1753403.2990638276 1304041.618228481
-5982292.059240907 1759436.3676683367 1306218.353135962
-5980334.483124957 1764305.4133123716 1308612.5776956314
-5978909.76087571 1767515.580212116 1310788.9780634341
-5977564.650244574 1771656.7036830112 1311333.0532101714
-5976045.765917048 1777335.2955423843 1310571.345209483
-5974271.129986586 1783051.4404747887 1310897.7938914925
-5973084.670651412 1787580.4829348293 1310136.0747111721
-5971434.728111506 1793561.3035129348 1309483.1569916601
-5970231.45010931 1801041.1678540814 1304694.6553966128
-5967637.946931353 1809694.4992974638 1304585.8168619792
-5966135.590764327 1815266.9405787853 1303715.0942813111
-5963655.524888526 1822931.0298171774 1304368.1386005464
-5962423.381430222 1828586.8285718851 1302082.4209502323
-5960059.7652718 1836970.3768971588 1301102.774107629
-5959008.592088315 1842911.8813656722 1297510.4612059542
-5956710.571475581 1851317.7543845687 1296095.189394485
-5955351.009477129 1857736.2668296236 1293155.5655935882
-5952416.595021391 1866287.0649356716 1294353.2248067923
