-4875670.95634195 2134791.498097609 3501448.1268660463
-4871603.890889357 2137977.5700723846 3505163.111773696
-4867923.968468282 2138288.0368035603 3510082.835044607
-4866391.987055742 2139641.862092959 3511381.8832902573
-4862222.473581604 2143177.9550141464 3514999.554841987
-4856999.542481277 2146345.0485003944 3520283.9909749473
-4854245.070405429 2148166.551067253 3522971.2268652455
-4850456.734821089 2151553.8029818456 3526120.629885355
-4847322.788348468 2152695.3465649122 3529731.651334901
-4849255.911510555 2152135.4125423334 3527417.082053267
-4850471.394660959 2155614.11527382 3523619.734819301
-4847736.736256074 2162813.73923713 3522971.2268652455
-4845496.832812084 2165567.416865078 3524360.8223648705
-4843046.276955348 2168935.805243345 3525657.560229345
-4839530.311331883 2178119.2267688937 3524823.967190363
-4834611.616081395 2181691.9750712 3529361.365397536
-4832791.15501645 2187066.4558027033 3528528.159147573
-4828146.904835925 2192685.2424008655 3531397.7251338786
-4825842.707012598 2194179.266426863 3533618.6146719037
-4822762.639734268 2200198.0450245123 3534081.221966138
-4819342.5873500835 2207383.0768408873 3534266.25734823
-4817075.044555981 2214690.3004239094 3532785.8537313356
-4815893.356296855 2222705.6784952553 3529361.365397536
-4813723.653927208 2233843.4481260423 3525287.085172786
-4809994.255718593 2243754.847279281 3524082.922586368
-4808166.861000066 2252309.939484402 3521118.057276772
-4806343.087631083 2263128.007176154 3516668.7002212475
-4803804.078393005 2272389.220411569 3514164.852048354
-4803434.269196502 2277038.1411400354 3511660.2234985945
-4802178.279733354 2282399.206318936 3509897.2396142725
-4801968.880518902 2285691.112362719 3508041.0501295603
-4804853.341988589 2290871.098466478 3500704.9250389677
-4804106.774188144 2300505.281561005 3495407.637416486
-4801185.263407995 2305186.9761839886 3496337.236489869
-4802109.467026888 2305940.1208953564 3494570.907212478
-4805949.048671045 2310468.194402953 3486291.9361737655
-4804197.4706051815 2317889.9482928375 3483778.6742320196
-4803299.966763997 2318490.495614955 3484616.5141989575
-4808171.196284163 2316083.983867899 3479495.0390672963
-4811212.5024645645 2318997.5225263517 3473345.037085332
-4811216.456818062 2317033.6214648476 3474649.9683629363
-4813495.61798229 2312855.2065821537 3474277.1520204204
-4816022.423948324 2314172.783960359 3469895.2920807377
-4817083.1953480905 2316856.0944689405 3466630.6879471825
-4817948.114460378 2315615.6535591385 3466257.5079413205
-4817883.255061913 2316309.1078419406 3465884.3110413393
-4813214.269452581 2327524.2005468477 3464857.9324709424
-4816111.812691919 2329443.950636846 3459537.3807043578
-4817754.894487206 2329512.415883332 3457202.7248759903
-4818487.182109794 2335472.120331815 3452157.622559614
-4818366.1601955695 2334063.5264486116 3453279.0215655128
-4817402.517782635 2334946.3944763215 3454026.5367514994
-4819799.535438976 2337458.8391458155 3448979.503198203
-4821914.143852116 2336821.3547134427 3446454.837289203
-4816991.379072854 2338693.662943643 3452064.165806459
-4818291.747590853 2339325.0038311826 3449820.8883285695
-4818768.926608413 2337790.154252639 3450194.8099538707
-4819930.294370756 2339808.681667449 3447202.9662612956
-4818441.70642295 2338878.2266983506 3449914.3703112793
-4817308.226807504 2342588.917085416 3448979.503198203
-4814380.193099606 2342411.9458577195 3453185.5774332853
-4814034.237555164 2345049.8537298418 3451877.249145502
-4810910.825010008 2346230.1128205284 3455427.9462167476
-4808249.22262245 2350856.076027202 3455988.4436954623
-4808050.038793328 2349615.062049141 3457109.324949283
-4805852.710164444 2348749.0851616464 3460751.1414658814
-4802249.621261394 2353637.2074427847 3462431.4391530887
-4799160.996024925 2354305.337647066 3466257.5079413205
-4796720.921283376 2355705.522693999 3468682.875915777
-4796071.36074004 2354555.405265765 3470361.5584291723
-4794482.292979135 2357514.9463820686 3470548.057568816
-4790485.461368264 2362613.8833205863 3472599.268956917
-4786239.946733454 2364363.882600709 3477259.208478172
-4783706.531537778 2366748.7924545375 3479122.443021774
-4781633.7891665455 2366554.4234521375 3482102.7364424374
-4777989.223295128 2369528.1867479538 3485081.943696959
-4773948.089707226 2368769.973408674 3491130.110703151
-4772619.815935256 2369252.8762092073 3492618.2014523894
-4770203.963862323 2367534.7406500415 3497080.839066679
-4767099.65031341 2365682.934114474 3502562.801609886
-4764035.591179101 2368827.317614644 3504605.9729021476
-4759639.141796186 2371616.612124737 3508690.765082562
-4754014.626793043 2374928.039036031 3514072.10194075
-4748868.024452807 2377123.02910623 3519542.5257869116
-4742418.940484461 2384358.632404928 3523341.809278563
-4735708.60653222 2388652.3166969246 3529453.9384946055
-4727312.104160532 2394465.075522645 3536763.8134260043
-4722305.345677122 2396280.4280385864 3542218.7019421156
-4717488.986222819 2400570.18376772 3545730.031696126
-4711043.8637428945 2405577.5325351153 3550901.779668467
-4705254.828995622 2410495.4707614817 3555239.73589008
-4698786.298178881 2421590.621782809 3556254.656874273
-4687912.108236215 2432474.653661212 3563171.0771092735
-4679947.459599937 2439965.0124363033 3568515.5896353894
-4673284.757529871 2450824.7890098603 3569805.096726396
-4662666.391090908 2462298.5200933 3575789.3007471273
-4653539.831284732 2469124.3543809764 3582964.2701608404
-4647052.9261026345 2477856.645951437 3585354.4516707454
-4639206.226267521 2489605.9149725535 3587376.3363068467
-4630975.526834695 2500930.7446101084 3590132.5992951924
-4624658.246460898 2509835.057902286 3592061.3978001317
-4620074.076520409 2520620.1002308745 3590408.171472456
-4612748.797413075 2535041.4591706907 3589673.2904611207
-4604936.9214026425 2545838.14574629 3592061.3978001317
-4600548.639856432 2557373.245380027 3589489.5592729566
-4594327.417959989 2573789.725746489 3585722.106385674
-4589088.8871272355 2590886.276637066 3580113.4741204823
-4584716.671487353 2607340.0445314785 3573764.3926773504
-4582982.51816405 2622574.7893139184 3564830.10992919
-4580464.492777679 2637821.3539107745 3556808.194892614
-4579025.981803073 2649245.8459115336 3550163.166094326
-4577885.8291600915 2658620.272902471 3544621.359142216
-4581697.145706063 2666076.1770015582 3534081.221966138
-4585524.206992946 2677846.4998881225 3520191.311579336
-4588437.271930193 2687931.0847910796 3508690.765082562
-4592795.613833683 2694038.4532012627 3498289.0478379615
-4599899.147616846 2699392.348143982 3484802.6891827807
-4604799.849011177 2705078.2123172646 3473904.318744699
-4612426.737447789 2705120.8768966864 3463738.1011061515
-4623625.34205328 2704860.4553361647 3448979.503198203
-4633477.977313419 2705742.0124884434 3435037.553740358
-4642753.695832421 2702906.590411433 3424729.928526459
-4654360.754725457 2697061.8715764466 3413564.7387679685
-4666249.337768804 2690044.031667503 3402854.8640020248
-4675285.774102757 2685043.6166702835 3394390.1819105227
-4683501.695960557 2675106.909285993 3390907.8265008815
-4693988.101735784 2663739.632517649 3385351.9567273404
-4703882.330239214 2652124.1815145668 3380735.0308903237
-4711241.191831837 2642527.9518915233 3378001.3996235877
-4717376.174369573 2629865.2650535125 3379321.191771406
-4723459.06822191 2616855.278215189 3380923.5252678376
-4728168.03152428 2602342.1380461995 3385540.350109706
-4732422.821245844 2586096.973847385 3392037.394075857
-4735152.225100159 2571298.9209633903 3399469.9975410174
-4736691.33442261 2556100.1936225756 3408775.1469653137
-4736524.048680691 2545985.072848078 3416568.59218489
-4733039.560918376 2537195.4389068806 3427917.2714013564
-4729705.107281896 2526276.0689896867 3440560.974812329
-4727178.01635301 2517084.4981328426 3450755.660861568
-4725364.777116646 2508291.006724958 3459630.753240591
-4722242.6268811915 2501143.021886906 3469055.9460655367
-4720273.1792306425 2493457.541344868 3477259.208478172
-4719091.185146416 2488410.313868858 3482475.196768025
-4717744.650722818 2484964.8186470396 3486757.27010968
-4715742.055284737 2483279.1910576727 3490665.026506961
-4712133.099069993 2484636.1566863623 3494570.907212478
-4708166.466681423 2484960.571883823 3499682.9110934315
-4705507.08710617 2483451.9531330657 3504327.3890538765
-4702789.9396703 2482437.6927448073 3508690.765082562
-4699148.9088239595 2482508.5720115528 3513515.578816716
-4695425.470115226 2480227.062557129 3520098.631111413
-4694661.521726525 2478251.7556890654 3522507.974702748
-4694023.640463075 2479591.3713348764 3522415.3210510826
-4691472.29307951 2480338.6241360772 3525287.085172786
-4689698.847079234 2479610.4814765793 3528157.81731135
-4689173.779859871 2478495.1516760094 3529639.0814633165
-4688576.207405511 2478702.7869812073 3530287.0479838536
-4685845.208525731 2478724.158638534 3533896.182277875
-4683385.920416283 2476377.205698794 3538798.2784473537
-4682706.148651469 2473299.3760250043 3541848.9976191903
-4682681.1712855855 2469106.6028476353 3544806.148700048
-4681371.167113105 2464553.564975407 3549701.497462723
-4681723.879168995 2461087.8749127774 3551640.324015951
-4680661.445638763 2463240.9881472946 3551548.009758841
-4678380.422501047 2466108.4447052535 3552563.4070783816
-4676641.682118304 2467278.3464650745 3554040.1148746544
-4676218.92991738 2469142.334652673 3553301.795613242
-4674959.212324245 2473383.386402783 3552009.5702251955
-4672394.915887746 2479546.7270707274 3551086.4222459
-4667031.021723523 2484221.6419726545 3554870.6412224034
-4662755.890042771 2489470.6213603322 3556808.194892614
-4659639.67145607 2492930.1100671114 3558468.5748947603
-4656205.582174429 2493288.351782467 3562710.1722415714
-4651593.237867693 2495835.091761936 3566949.47317077
-4649088.642846008 2497208.9513960322 3569252.476923957
-4643621.806104177 2498555.771705819 3575421.174847702
-4638296.889091453 2501330.583606299 3580389.4034253214
-4635292.660701042 2502948.7086997624 3583148.15647766
-4631185.405274725 2503968.1481051147 3587743.894879542
-4627025.249531615 2506521.705201212 3591326.6743018674
-4620858.377302662 2509339.1076006554 3597294.274865175
-4617489.7844241895 2514088.192362344 3598303.7186655737
-4613052.7431445625 2516058.102031893 3602615.3022722397
-4609134.926305559 2520082.8639921024 3604816.0271674916
-4605432.518090662 2523176.9830271294 3607382.7401088467
-4602676.559991091 2526369.097919072 3608665.773549577
-4598228.711839673 2529883.668462429 3611872.4143663133
-4594704.7891124785 2531184.3102419833 3615443.9407203738
-4590979.658336069 2532579.9460883928 3619196.8160650427
-4587595.274043377 2534264.904728873 3622307.5510279955
-4583995.994278611 2532798.730878746 3627885.3776403493
-4585493.682225352 2527988.0772339157 3629347.733634041
-4584984.821286609 2524578.1025861623 3632362.9488961934
-4582780.282377351 2520029.7663939595 3638298.4841738543
-4581538.944393105 2514766.844718263 3643499.6387697184
-4580201.06931627 2512576.3571130484 3646691.5436201375
-4577062.822492896 2512205.988721395 3650884.5488710986
-4574263.467777498 2510150.100353434 3655803.769494723
-4572621.265607754 2509560.4621015913 3658262.162334486
-4570206.103542479 2508650.1449395483 3661902.7323835148
-4568508.026371512 2506161.865085061 3665723.4100477956
-4570430.479187458 2498920.8855509995 3668269.434307042
-4570604.040646563 2497668.8949063523 3668905.803511804
-4568349.691493468 2496851.1618171846 3672268.5593463485
-4565231.003488004 2495871.0374727375 3676810.3906914587
-4563872.760342124 2497819.173423448 3677173.6162826694
-4566899.663728449 2496162.1616650736 3674539.8248091605
-4566500.917438912 2491805.366566785 3677990.8083325247
-4564228.209953125 2490875.36671894 3681440.1740271267
-4563226.292180279 2489088.360796488 3683890.0551593653
-4566472.698432871 2483934.8806359083 3683345.7078079823
-4569736.692262606 2483850.2484652125 3679352.5934039154
-4571258.793379633 2478892.7838389818 3680804.886187314
-4569656.87324543 2475238.1691757324 3685250.746781875
-4570179.172023411 2471705.2004641974 3686973.926894746
-4569176.232775684 2470853.5664379913 3688787.362678752
-4567109.010139995 2466954.830186764 3693953.1880244873
-4565494.52805722 2465465.2000492527 3696942.2583569884
-4562580.362144144 2464611.5175430356 3701106.7948075784
-4559381.520011774 2462780.774114375 3706263.888827632
-4557832.26416902 2461019.1788284825 3709338.303948332
-4554110.700126847 2460139.059537811 3714489.5394558003
-4551543.1173448255 2457931.1383191114 3719095.4236524054
-4548042.352440358 2457989.00957232 3723337.453042694
-4544524.558538023 2457522.7877361616 3727937.671770045
-4542377.862404248 2456976.7406597207 3730912.7101819147
-4540044.679216394 2457456.171556075 3733436.0146652935
-4537594.387283016 2456641.88804412 3736949.131364341
-4537634.609338554 2454922.972186039 3738029.7420922453
-4537147.216790299 2454864.0223742044 3738660.0226317435
-4536687.18906206 2454205.6969404854 3739650.3507286683
-4537098.826843188 2452483.8650630806 3740280.487752679
-4538354.236640529 2450297.3409265988 3740190.4715956645
-4539194.559397949 2448602.7903415933 3740280.487752679
-4542614.782469264 2443492.1329097804 3739470.3013260765
-4544116.470987157 2442766.2529839245 3738119.7855855427
-4544830.082475805 2442127.5163465557 3737669.55673264
-4545356.322825842 2441285.7930437606 3737579.5075462726
-4546521.157048699 2439253.7640982866 3737489.4572213716
-4546729.494895345 2440796.4890863774 3736228.6331422944
-4546555.120002757 2440294.014968119 3736769.01363832
-4546983.039762041 2439910.39602752 3736498.8285122192
-4546908.594922587 2439359.4280085927 3736949.131364341
-4544749.715599916 2440346.806723345 3738930.125780591
-4544591.16167459 2437605.441485558 3740910.5689483145
-4548675.570918332 2435095.680933492 3737579.5075462726
-4550774.927175903 2436423.9352117176 3734156.7950629233
-4549174.853907003 2439961.7799580717 3733796.4139631437
-4549234.194368475 2440402.583425272 3733436.0146652935
-4549528.329733054 2442196.686567283 3731904.1146680275
-4546676.116829724 2445165.191362397 3733436.0146652935
-4545104.286540478 2446161.045073723 3734697.332587369
-4544735.991210266 2447395.1661010203 3734336.9787879884
-4542454.625029064 2451077.8880967563 3734697.332587369
-4541038.813249913 2452053.854148743 3735778.2847637134
-4544862.709976044 2452377.2744975975 3730912.7101819147
-4545039.644719322 2458211.436063143 3726855.5329577834
-4544909.79097158 2461320.4962090617 3724961.396695521
-4546196.747456716 2460991.3823714172 3723608.1358418465
-4548381.669952814 2462276.7936321003 3720088.4634613297
-4550192.350010295 2463975.884340888 3716747.6937901396
-4553199.7409881875 2465501.647317741 3712049.938475856
-4559444.2346081715 2465385.144166016 3704454.799619481
-4565072.911519712 2464208.5070882817 3698300.5213344526
-4569085.159459989 2460301.748019868 3695946.0377950417
-4573608.628734452 2455020.2178323213 3693862.5910014985
-4576389.057427304 2451062.385205089 3693047.167163232
-4577971.893969389 2446874.229874929 3693862.5910014985
-4578825.517706318 2442811.52448049 3695493.165230694
-4579506.405516347 2440300.5794366 3696308.315581392
-4578803.00383155 2436540.746083974 3699658.5308343973
-4579722.038901515 2429854.896772996 3702916.718889048
-4579233.360577265 2425807.3345341887 3706173.445090822
-4576678.382555881 2420670.2762654913 3712682.5067934976
-4573881.8408984365 2415412.4578685206 3719546.822379453
-4570724.615107976 2411093.243946388 3726224.2098191213
-4565599.621315446 2408389.76934466 3734246.887494215
-4562358.68078816 2406985.5137622743 3739110.188851817
-4560867.966010276 2405893.7838938483 3741630.593369986
-4561240.421318267 2404767.523164735 3741900.583722731
-4558384.120096042 2406821.32758081 3744060.137171729
-4558498.634581859 2404643.942899087 3745319.5733333696
-4559061.139589254 2400772.0367177897 3747118.379928909
-4559081.801622519 2394688.1110539488 3750984.267747764
-4560881.1350311665 2386601.3656305177 3753949.679162917
-4562540.127359891 2378043.939797151 3757362.852670052
-4564331.645659157 2369766.669967776 3760415.343860863
-4565416.789948444 2359819.2622378003 3765350.393207556
-4567488.614331127 2350495.13346553 3768668.383595243
-4572479.99388513 2338748.6055695843 3769923.429655643
-4578906.692851558 2329044.3322692374 3768130.4378277236
-4584351.33299193 2319037.583239306 3767682.118122324
-4592269.4245852055 2305956.391913889 3766067.9296331536
-4605817.216614225 2290156.199264518 3759158.5960305384
-4621520.283341993 2277778.1361182695 3747388.161544001
-4630227.962614228 2270730.747877453 3740910.5689483145
-4637919.983413017 2258558.6620928673 3738750.0581535893
-4650531.208058931 2244350.702109311 3731633.7452664594
-4659580.882822503 2234697.359669563 3726134.0162588013
-4667852.287725355 2221153.4481175323 3723878.8084325157
-4682029.617047367 2203794.799583136 3716386.4366372903
-4695522.396364709 2194548.698162418 3704816.653578292
-4701865.082296714 2187522.373972467 3700925.7775925174
-4708117.494116012 2174957.135978503 3700382.698891421
-4717685.0940954285 2161419.031574085 3696127.178940026
-4724302.364383048 2150499.6378400614 3694043.7839222355
-4729131.668288988 2138763.5923892087 3694677.923697358
-4737359.3102653455 2123788.610328541 3692775.338966753
-4745866.226104917 2113591.3110362994 3687699.3551303134
-4750186.942719473 2103703.808557359 3687790.028605032
-4757012.398568251 2086301.2662894279 3688878.0226712655
-4766508.258719392 2073723.9190071018 3683708.610530651
-4771961.785262367 2066001.167432043 3680986.4026052896
-4774404.064959598 2054504.1166374707 3684252.930950447
-4779627.692791383 2039374.1920274894 3685885.6497718357
-4792625.209492433 2012961.065810014 3683527.1614134503
-4796502.210215828 2003371.7628281128 3683708.610530651
-4801117.427955568 1989767.9344968856 3685069.3358238614
-4806996.822376898 1979240.259142782 3683073.5189847653
-4811686.391310792 1970866.1336411568 3681440.1740271267
-4817622.471381916 1961426.7860094532 3678717.125080512
-4825211.344135352 1953137.5049290417 3673177.1494534626
-4831753.733667833 1946860.066436341 3667905.7701776414
-4837275.0949323 1941532.615801034 3663449.434307575
-4842939.7040407425 1936155.3131064554 3658808.361550986
-4849239.234347512 1931903.8374625286 3652706.8607899956
-4853411.336320717 1929346.6725443709 3648514.8783601685
-4856524.041563859 1926855.0667150414 3645688.5200997107
-4859193.28525675 1923400.2213281714 3643955.7084452137
-4866406.531980173 1921050.480719364 3635559.5877428018
-4868373.27251413 1924184.3005804042 3631266.646346694
-4869409.487979363 1925871.397509593 3628982.1711646654
-4874141.759057609 1923022.5095457737 3624136.7993483725
-4877937.079775312 1926487.933886062 3617183.308369168
-4877949.415810935 1930233.577839934 3615169.267374489
-4879065.130273985 1929985.6780368215 3613795.751992253
-4881552.035233081 1931067.940786367 3609856.968825615
-4881792.573212027 1934908.468016443 3607474.392498186
-4879725.183619987 1937046.0664218178 3609123.9475674215
-4880202.705992156 1934475.4361448954 3609856.968825615
-4883698.630377007 1935565.3114903953 3604540.9711374943
-4883188.513800593 1941282.5067706387 3602156.73834333
-4879839.626679759 1943404.0490514673 3605549.4615961537
-4880785.467986259 1941708.4054404853 3605182.753167434
-4881976.59450645 1941096.7397935654 3603899.1353052603
-4882638.094336498 1940965.0053868853 3603073.8387656636
-4882809.930381528 1941724.1652149053 3602431.879992739
-4884576.205088304 1939662.5508063564 3601147.801144035
-4888403.212971442 1938022.2350389324 3596835.392939908
-4892875.711961634 1938313.239110022 3590591.8807888404
-4895516.895263023 1941336.854870647 3585354.4516707454
-4898007.045284996 1941335.107175706 3581952.817386857
-4902812.635101068 1940566.9639967845 3575789.3007471273
-4905730.7979902765 1942514.3153641275 3570726.0427334835
-4906484.265705398 1945686.0095965562 3567962.8785128337
-4909052.775850104 1945118.2963990432 3564737.9506679126
-4912816.091071678 1945915.0250964777 3559114.183390436
-4915265.856388557 1949168.384594404 3553947.828755862
-4918292.9937409675 1951958.412066036 3548223.976200369
-4923960.336856436 1957789.6722200736 3537133.754950903
-4926536.151960369 1966485.398663707 3528713.323616692
-4929870.399461208 1970909.272085119 3521581.3899049815
-4937098.917751972 1972500.0397667594 3510546.804908381
-4944396.890334687 1976816.8967396002 3497824.373466097
-4952290.150744254 1973158.9270734082 3488711.3826385755
-4959075.540737396 1965639.8800139793 3483313.170439708
-4962759.044917594 1956984.2630630047 3482940.7483062875
-4962974.60644814 1956769.0035949068 3482754.5308736768
-4959749.343694596 1964104.2273941082 3483220.0664978987
-4954671.337359985 1974909.3423432973 3484337.243762231
-4952715.803707091 1988469.1710263535 3479401.891645717
-4952470.43368878 2000123.610177179 3473065.3819717057
-4954455.94617021 2005553.4659661325 3467097.139194384
-4958552.912419942 2008319.9610529335 3459630.753240591
-4963051.362305597 2006210.5961245224 3454400.2690936443
-4970617.469473671 1998074.6385068642 3448231.533861789
-4979055.681575545 1985736.6987048315 3443180.98321699
-4982644.917310309 1978504.9070503137 3442151.7922339765
-4984856.696147605 1969821.0490014693 3443929.406039436
-4988556.429120695 1962731.7420808831 3442619.622047535
-4993988.031335655 1956619.785698688 3438220.987238698
-4996845.665127496 1956230.567397118 3434288.3347322047
-5001386.846460705 1950864.3409673076 3430728.6303629503
-5006290.944778019 1949154.002497971 3424542.400201779
-5010888.03048896 1945406.6500560348 3419946.6533588255
-5015915.065472827 1943329.8358469768 3413752.510811188
-5019328.44346868 1940119.7609791583 3410559.82056384
-5025794.386472301 1934759.056288916 3404076.846813469
-5031031.866132346 1933045.8524483913 3397306.7412721147
-5035247.525220369 1930330.0756840978 3392602.1220696624
-5039902.428988601 1927273.4015339166 3387424.057010678
-5044035.099240605 1925726.2282298687 3382148.638297316
-5047214.235654263 1924013.5512248068 3378378.5036778008
-5051070.704605683 1920840.5163930655 3374418.0902278656
-5054736.067382403 1917489.8112045738 3370833.296535165
-5057446.408453093 1914984.7902997003 3368190.9207385667
-5059755.5969878165 1910206.8931673053 3367435.808452267
-5064158.061543435 1902684.9275715072 3365075.659490712
-5069644.712692353 1897580.6470938 3359692.1250087097
-5073248.689631449 1896809.9602695603 3354683.39903708
-5075228.267609979 1894521.8284366159 3352981.6690864544
-5077678.497565465 1891802.3594565317 3350806.7548153275
-5080356.767713828 1888964.02625728 3348347.505897528
-5082275.885948313 1887153.8620448047 3346455.3067503637
-5083208.657058009 1883967.7288014821 3346833.77920761
-5084763.197990621 1879599.5692223525 3346928.3947732337
-5087538.445619354 1873765.3873543637 3345982.1932427804
-5089010.959314911 1870778.1246548556 3345414.4233989296
-5090230.298199253 1864573.2719261406 3347023.0093193245
-5091259.10298081 1856992.342857687 3349671.8025625963
-5096151.101943739 1845585.785677795 3348536.7033768184
-5101388.09312675 1838825.714244547 3344278.7736577317
-5106411.75066478 1831578.3363003395 3340586.8991343323
-5110631.750632586 1823935.954248273 3338314.206935374
-5115998.62974817 1814584.8097268345 3335188.2988406327
-5121178.285212459 1807270.1598112104 3331208.270361422
-5124728.969074188 1802088.447370397 3328553.923460752
-5126738.157091495 1797769.3660835961 3327795.392597552
-5126832.785797823 1794688.162339795 3329312.3894320796
-5126052.680958148 1789696.2354181784 3333198.5084857726
-5123394.921448919 1787063.0466215222 3338693.0296556507
-5119571.581907834 1781721.4432495993 3347401.457307786
-5114511.846504748 1778459.531264908 3356857.349905651
-5109777.862133038 1772416.064340556 3367247.0201223213
-5106810.67766602 1764799.0699419002 3375738.429619293
-5103572.165041264 1758994.78928239 3383656.2306909114
-5101273.269371375 1753322.9813128691 3390060.5532050948
-5099224.716750422 1746153.1401387604 3396836.3957166285
-5099624.309048165 1737642.9974926854 3400598.4355447893
-5100096.134988105 1731646.4447257456 3402948.8689000434
-5102179.191180575 1724015.3373570822 3403700.870764275
-5106003.213234138 1716574.3441722956 3401726.7243816224
-5111856.441489239 1710502.4469896902 3395989.708530822
-5117931.129325516 1708761.5692569527 3387706.5774519737
-5120229.3778514005 1712509.2257153208 3382337.101772586
-5120621.545964166 1711149.9839437471 3382431.331964757
-5123695.639047944 1710884.9990707843 3377907.121037468
-5125207.567284858 1712682.4874179498 3374701.0370606007
-5126051.366919187 1714058.5565092007 3372720.214984268
-5127440.842042598 1713428.7773031811 3370927.6522142696
-5129201.017821357 1715211.274144368 3367341.41480017
-5129219.386442089 1718303.4817506133 3365736.5657980964
-5129112.177361842 1719362.8677018809 3365358.911201958
-5129844.71855351 1719210.0629950382 3364320.2764934944
-5131368.583365966 1720019.6296755802 3361581.463415018
-5131268.40701818 1721978.6830801112 3360731.3118062257
-5135246.236473685 1715638.5610228495 3357896.874341781
-5139340.179618623 1713915.8505345953 3352508.907586061
-5142473.230074801 1712467.677488142 3348442.10514717
-5145897.204955927 1707723.3221541655 3345603.6840901407
-5151598.948691309 1700337.7432659264 3340586.8991343323
-5159384.974224296 1695122.1629204864 3331208.270361422
-5165631.644002682 1690983.5703598182 3323622.313568633
-5172344.36164071 1683491.3791090292 3316979.2855954235
-5180899.075201744 1675482.0524546136 3307670.730964041
-5188722.898744468 1668314.4860958618 3299018.407879458
-5193951.523107737 1661997.3692834196 3293975.3065409916
-5199302.082190497 1654111.1148990225 3289500.7642037547
-5204677.835110779 1647222.633251436 3284452.3484457466
-5206579.289043735 1642727.1747564422 3283690.079197116
-5209512.228497588 1634359.6946132877 3283213.6284070294
-5215848.92589937 1615572.573373817 3282451.2551379497
-5216361.269420694 1609646.8522367794 3284547.627599874
-5216084.198551481 1600990.5657308754 3289215.079933553
-5215042.76031568 1593403.35615439 3294546.3652337533
-5214589.327387301 1587395.6798611037 3298162.2310397
-5212580.513607864 1584696.847084895 3302632.4790982655
-5210621.944233554 1580823.5103519217 3307575.6957914587
-5209429.16093973 1575994.636373772 3311756.28983654
-5209531.336357513 1571858.1788360737 3313560.9427223816
-5209415.700795232 1570037.8775597317 3314605.5752285
-5207799.533971263 1566973.2595119097 3318593.0479562143
-5207915.827507941 1561954.256491113 3320775.9084619945
-5208668.34333264 1557623.1015150857 3321629.9256225
-5209053.833651128 1552886.3924456711 3323242.845517245
-5209355.075400059 1548621.165628025 3324760.6205218057
-5210465.86842292 1542223.350128894 3325993.6218094286
-5209989.975662077 1536249.30059291 3329501.9957838235
-5210796.0475565465 1528977.096387107 3331587.397846967
-5212003.245897795 1521331.938723127 3333198.5084857726
-5210975.363930702 1515703.7101009807 3337367.078955117
-5210140.353487799 1505603.0783134326 3343237.632524967
-5210041.445906228 1497301.8235392792 3347117.6228458537
-5209269.196986114 1488323.6945538886 3352319.7958370736
-5209249.411180532 1480060.9269268138 3356006.7378805773
-5209224.661122932 1471116.4878308193 3359975.5518725114
-5209486.297323561 1463045.2549003798 3363092.6392401885
-5207838.1521171825 1455426.3465939458 3368945.9673602493
-5208102.873143091 1445705.2999125218 3372720.214984268
-5208375.099073787 1437657.7764334555 3375738.429619293
-5208747.048535707 1429643.2688605837 3378567.0495303445
-5208224.6760860225 1423734.3567804513 3381865.935357522
-5208420.118392253 1414705.9763106916 3385351.9567273404
-5210110.098630638 1409600.8935511655 3384880.9552252805
-5209658.456845399 1405381.1003224577 3387329.881466472
-5209863.36847486 1401437.7447096377 3388648.245174904
-5209810.366428494 1396159.3956383574 3390907.8265008815
-5210159.830892676 1395083.5322632424 3390813.689154908
-5208106.590139445 1393364.8289609842 3394672.4730319153
-5208254.201701239 1390287.7438888927 3395707.4608472567
-5207626.605682909 1388270.409112011 3397494.872250359
-5206656.273633866 1386843.822480726 3399564.039737473
-5205280.202214771 1384628.8542083898 3402572.843088671
-5204391.006342615 1381961.0805375795 3405016.714346569
-5203753.40716687 1379264.1881287226 3407084.057775037
-5202490.796677205 1375431.6489177237 3410559.82056384
-5203078.775400804 1369467.907172129 3412062.41270573
-5205769.035805182 1365319.5031912455 3409620.56540865
-5207871.7034393065 1368785.774157764 3405016.714346569
-5204781.86096358 1370013.2991446676 3409244.8342633364
-5203761.367944325 1366637.4433194273 3412156.315881138
-5205502.9465200305 1363987.4574668296 3410559.82056384
-5205445.120982637 1366788.2876488012 3409526.6341801947
-5203874.664787528 1365502.1927847406 3412438.0191708347
-5204521.257364311 1362565.4187878266 3412625.816166572
-5205216.273855318 1362262.0129725246 3411686.789610648
-5204737.980782745 1362913.3601920602 3412156.315881138
-5203880.8315119045 1361718.4235104842 3413940.2786948527
-5204538.952034437 1360143.7685025255 3413564.7387679685
-5205135.561194956 1360687.8976830484 3412438.0191708347
-5205606.589832755 1361005.1596417627 3411592.8812386584
-5206118.6153674945 1358809.4834524204 3411686.789610648
-5207585.391463974 1356959.6838192411 3410184.1309671532
-5208096.693236664 1356413.4450232044 3409620.56540865
-5208718.98246398 1354731.2362934663 3409338.76860751
-5207902.258384604 1354324.7294721976 3410747.659128803
-5207738.028700715 1352826.5362218826 3411592.8812386584
-5207080.385170074 1352752.7125127139 3412625.816166572
-5206388.495595937 1352572.965816112 3413752.510811188
-5204418.8732367875 1351382.5437479217 3417225.543090495
-5204874.976709362 1350337.4337111034 3416943.9989474844
-5203296.029795266 1353805.5858471857 3417976.281668113
-5203280.224050289 1352444.0912397017 3418539.2918727733
-5204700.59600704 1356693.0281735868 3414691.3086293982
-5204026.7478890205 1359039.6474464808 3414785.1826907317
-5203954.946983484 1357662.6961255628 3415442.271992779
-5209401.179826688 1352579.2014819628 3409150.898880648
-5213963.043320972 1356289.4747248918 3400692.465312557
-5214020.484198692 1356304.4166140507 3400598.4355447893
-5218605.027313896 1350206.0836949574 3395989.708530822
-5223129.133415946 1353516.605273176 3387706.5774519737
-5222790.216512722 1358585.655574674 3386199.6944606984
-5223459.41315066 1356715.8822665932 3385917.124498671
-5227769.84815489 1354913.935260156 3379981.012189332
-5230810.497154394 1358917.582455272 3373663.5201147897
-5232097.028870644 1360519.1324286961 3371022.006866531
-5235151.712397581 1357412.2045290063 3367530.2010785853
-5240587.467531079 1358431.1788352537 3358652.814377284
-5243653.501578943 1364794.469132998 3351279.608209806
-5244113.785290173 1368824.0767372383 3348915.0860948986
-5246830.865860878 1368359.5926045617 3344846.6168685043
-5251891.325483811 1369287.7651423072 3336514.576851041
-5254474.226445596 1375741.3089966476 3329786.397704685
-5255543.038362342 1378079.650345357 3327131.624872263
-5260144.379308206 1376539.2042755422 3320491.217865927
-5266228.929387954 1379113.6039659968 3309761.2497933013
-5269327.9796881005 1385036.6579604738 3302347.2104825377
-5272258.228897713 1385216.6321927013 3297591.4012680617
-5278148.565377697 1382924.1971969656 3289119.849839542
-5285708.091206348 1381652.0135313899 3277494.2697219774
-5292034.022919314 1380937.649295844 3267572.2041022596
-5296688.522800765 1375045.3078073235 3262511.6235666825
-5302805.86149999 1365475.9514808375 3256588.156517316
-5308488.743175879 1357952.7152895257 3250469.610166012
-5313070.800549108 1352606.0484981327 3245208.2438448737
-5316514.649780987 1347556.0896021798 3241667.0964243445
-5320937.63132703 1342748.685831145 3236400.7307851464
-5325498.83644747 1336882.3822831425 3231323.047752668
-5330247.645346857 1333229.7788850535 3224996.0303802546
-5333663.28002282 1329534.9866978675 3220871.5799426874
-5337661.395223543 1324398.4570615608 3216361.3846819536
-5343274.661993103 1319457.0459015325 3209063.724908449
-5347379.362119303 1317302.4343078756 3203106.1883969917
-5349166.160981423 1313782.234612762 3201568.1504892493
-5353133.150957362 1304854.2164568356 3198587.4916775567
-5358882.138396979 1299618.5964393574 3191083.6295150286
-5362421.671899432 1299188.8093849223 3185307.4027968296
-5363138.721058486 1294804.873694085 3185885.1827618014
-5366552.129773708 1285126.5619174533 3184055.426382445
-5370992.137838783 1280640.5447125304 3178371.320426922
-5371278.817695617 1279916.3166510188 3178178.5797756654
-5371132.713785053 1272849.8257158648 3181261.9653343703
-5374451.677795609 1265317.3795658087 3178660.424142328
-5376061.033438482 1263319.7684891731 3176732.9014710733
-5376273.672069894 1259013.8530674428 3178082.20799783
-5375879.063256267 1253874.9090148965 3180780.2517284667
-5377448.234330644 1248601.4924011966 3180202.16342731
-5377408.222791613 1246317.40524911 3181165.624551208
-5377108.334158929 1240711.341533903 3183862.8000759915
-5376478.276248731 1237008.4819772532 3186366.6393781197
-5375941.875135938 1233131.4400301164 3188773.5584028466
-5375515.079391454 1231256.0474230049 3190217.418440218
-5373215.551086739 1228064.7211815428 3195317.3053937755
-5373129.452342573 1225183.7270212395 3196567.803662415
-5371072.570719589 1227673.5766092548 3199068.3064541006
-5367618.787807266 1226982.718065782 3205124.484063974
-5365229.958254412 1224367.615890682 3210120.314911505
-5365066.082148895 1224330.2186871746 3210408.455288038
-5361165.140635661 1228560.097200748 3215305.4944124813
-5357524.932646634 1226840.1905122956 3222022.771957617
-5355376.525338635 1226643.3329021304 3225667.2806876157
-5353346.622845667 1228440.307411063 3228351.800345605
-5348850.860702707 1233896.2534737578 3233718.5260352106
-5344892.167234335 1233965.5864105828 3240231.1109227138
-5342892.558892505 1232816.410319156 3243964.2110508685
-5341344.4993634 1235994.469910079 3245303.9317561695
-5335438.5339247985 1240123.0736853585 3253433.7879882497
-5329159.506576299 1239251.8628679959 3264039.640360648
-5327571.406354043 1232219.5957434713 3269290.256013467
-5327481.261694038 1235137.7887951187 3268335.8225539196
-5321638.340569856 1243868.2331176 3274537.859121162
-5314502.111246998 1243961.1716480071 3286071.9579740376
-5313077.9515492655 1239716.007589528 3289976.8846129216
-5313077.248136857 1242747.3861566863 3288834.1535460874
-5308235.670591087 1250803.6630890376 3293594.5806773845
-5303018.750346354 1248597.4753079663 3302822.6531452695
-5303833.022619361 1244881.7935128887 3302917.738659639
-5301743.560801621 1252497.466866257 3303393.1511390177
-5296001.952520674 1256705.0733237143 3310996.327025997
-5292932.178639574 1254610.5852185604 3316694.473686004
-5291795.999053862 1254633.9200157702 3318498.128844342
-5290179.529845177 1258932.6169526218 3319447.2744690315
-5284750.319922759 1263197.1270707557 3326467.8074853644
-5283037.343769683 1258109.8394163914 3331113.4859531038
-5283634.429851695 1259616.361506102 3329596.797438373
-5279949.889344831 1264777.7052264423 3333482.7916714456
-5276671.548917898 1264966.238996916 3338598.325501045
-5275484.1580406325 1261663.6316361574 3341723.025456926
-5275881.459238182 1263511.0471617633 3340397.530499474
-5271789.369636859 1266812.4688312353 3345603.6840901407
-5269636.97245535 1265517.0061119306 3349482.629567306
-5268625.372907306 1263718.041008418 3351752.4360828316
-5268303.701284856 1264807.8150616512 3351846.9985945453
-5264507.252048487 1269825.8001103527 3355912.2203214723
-5261100.772866603 1269198.4733490185 3361487.0062207533
-5260547.9282639185 1266733.5657485651 3363281.5177805326
-5259342.185610854 1271980.1280481743 3363187.0790226036
-5254620.74688523 1275498.775336128 3369229.0929112174
-5251779.900354103 1272479.9486436758 3374795.3506155657
-5252847.605469348 1271573.9669198403 3373474.867309179
-5250349.343869156 1277373.3691830707 3375172.5945549235
-5245217.004787553 1280003.969193493 3382148.638297316
-5243668.0081136 1277880.6477008385 3385351.9567273404
-5243559.414734883 1280569.1785974707 3384504.135463772
-5239657.409697156 1285819.7600245865 3388554.0830472233
-5235481.613194527 1286442.080570505 3394766.568004265
-5234230.922279833 1286812.8776071626 3396554.1759662814
-5232052.080380863 1289957.5765823568 3398717.6226924257
-5228953.21765345 1293841.3945044498 3402008.773277696
-5225446.883555723 1295393.6833047532 3406802.17687965
-5224156.653628401 1295654.5417473246 3408681.206390477
-5222962.156703736 1299229.5633574286 3409150.898880648
-5220025.549060787 1303627.693867647 3411968.5084909485
-5217645.0161975045 1303323.427083609 3415723.86608818
-5218367.170221922 1304858.5454948028 3414034.161076781
-5216164.451062696 1309726.0443767307 3415536.137731687
-5213616.387926679 1312278.8576989556 3418445.459441863
-5213187.189701065 1311783.827588518 3419289.9138291753
-5211911.90483638 1315622.8753839296 3419759.0187016586
-5209983.062069084 1317651.1339665542 3421916.565626624
-5208631.159871656 1319340.5865135791 3423323.3643919826
-5207011.709150644 1320864.7596815398 3425198.7310810913
-5203655.34597898 1326298.3941863638 3428198.449600468
-5202380.127160314 1327423.9236181248 3429697.9079116723
-5200953.389024182 1330831.1972074024 3430541.2356853234
-5198816.915532282 1333378.634408977 3432789.6958708474
-5197374.970421048 1336102.958970845 3433913.7001197576
-5195618.390147357 1338358.5857537403 3435693.065438447
-5194288.511005414 1341593.5126477089 3436442.158869947
-5192362.150061989 1345446.9700786483 3437846.528469504
-5190251.624072685 1347607.173040232 3440186.6208072756
-5190468.67390033 1348920.674416621 3439344.262994148
-5189812.241262084 1353586.0268604597 3438501.8203186025
-5187985.801054936 1353689.9194245888 3441216.0539699662
-5188997.154312181 1353857.0790257023 3439625.0583620407
-5189383.6500787 1358311.9946481246 3437284.8088994455
-5186385.450872336 1364299.8735600924 3439437.862497834
-5186419.691999683 1364405.6651330455 3439344.262994148
-5185455.335624347 1371121.4831625891 3438127.3741173414
-5181492.448058085 1373654.2469227426 3443087.425644047
-5183191.212369855 1372168.3469402129 3441122.4743776964
-5183282.495211603 1376743.362316141 3439157.060843751
-5181908.567393581 1379574.0452321486 3440093.029686088
-5180982.128731034 1381651.6839451552 3440654.5606935266
-5180871.309764063 1382300.1303125292 3440560.974812329
-5181799.306931725 1386035.904765059 3437659.2928014263
-5179873.4241306735 1389977.931409506 3438969.854502845
-5179404.262867662 1390336.5818740646 3439531.4609538075
-5180485.183891564 1391402.2224735736 3437472.052944663
-5180054.839918084 1394388.8942915213 3436910.3082445557
-5179286.636671221 1394472.9472643496 3438033.759948671
-5179533.464283209 1394248.5482107382 3437752.9111590646
-5180606.269023815 1393955.5243925878 3436254.8917923016
-5181426.133613281 1394370.0892548377 3434850.255265982
-5182509.930420899 1393109.8277455424 3433726.37653724
-5184038.47518888 1393423.699717287 3431290.7893134826
-5184653.364122 1394365.2215849846 3429979.0265732952
-5184351.526231242 1397098.2588856947 3429323.068403201
-5183082.516066222 1397435.5229867517 3431103.407177258
-5181591.900180689 1400429.5340803643 3432133.9571842663
-5180237.019668166 1400160.3672371884 3434288.3347322047
