-3784966.0724089593 -1585.4429736823215 -5124809.295679564
-3781744.026942304 -3498.206888873189 -5127186.448456382
-3775921.945704746 -5931.209200802186 -5131473.402513424
-3771886.639361387 -8031.496724073209 -5134437.425353184
-3767580.0506979525 -9666.252686725538 -5137595.558735799
-3762281.063550988 -11950.923129432365 -5141472.490861153
-3759036.9316564607 -15483.474358269372 -5143835.39865581
-3753462.4004621743 -16901.765764049225 -5147900.090195107
-3749214.1582506113 -21594.16215027677 -5150977.3720852425
-3743628.3982141265 -23195.514561066688 -5155031.4629679015
-3738196.541620146 -27794.387043109935 -5158949.029431098
-3732948.927376779 -30752.557473041878 -5162730.6326986905
-3726780.1930026524 -35125.115846795794 -5167157.498981413
-3719713.363287987 -38045.1763895858 -5172226.412245529
-3713005.1574021922 -40374.58606882282 -5177026.520494606
-3706568.728875574 -41986.79227020343 -5181623.912191676
-3701306.995164389 -43219.359900318545 -5185373.623421649
-3695868.4017660352 -43736.48050001388 -5189247.043367742
-3691712.618994975 -42720.68096713191 -5192212.811718233
-3686580.8658330836 -39508.09856503401 -5195883.142433167
-3681702.0046006087 -37592.13221047998 -5199355.554385152
-3676839.4054132397 -33499.208681212614 -5202823.347935056
-3671687.5106044794 -30504.227007864596 -5206478.782882509
-3667341.048263358 -28419.75506314619 -5209553.047358743
-3663446.151056688 -26279.46084184625 -5212303.971205613
-3659537.9561315817 -25612.683755816288 -5215051.959286993
-3657465.5929241753 -22342.463814650688 -5216520.607731412
-3652747.5586873787 -19189.670501239387 -5219837.931301071
-3649749.8209231356 -17326.571301883894 -5221940.925996622
-3644113.183126916 -13483.637486157704 -5225887.321793377
-3639549.4645514553 -13974.93539784475 -5229065.441956511
-3634079.899080478 -11607.118161453243 -5232873.929487238
-3627494.9127729204 -13422.147976408733 -5237436.5393530335
-3622916.843781318 -14986.028576328972 -5240600.152844436
-3617795.88359729 -14270.267671180929 -5244138.661790618
-3612938.2227489194 -15512.281562992232 -5247482.993561827
-3608175.387581828 -15239.929426588867 -5250759.860915351
-3603309.8226311486 -16791.65018857028 -5254095.294397868
-3598441.7797232023 -18087.89355290481 -5257426.23210724
-3596687.517118717 -20087.901455069463 -5258619.246572006
-3593577.0542243207 -18063.44056953748 -5260752.671193281
-3590622.724849808 -20931.412137944986 -5262758.908004247
-3589708.1124245496 -20236.88329580863 -5263385.520380191
-3587313.9148616074 -21162.573912979136 -5265013.962156764
-3587126.0033935746 -21850.16887978498 -5265139.182006261
-3585105.6240325836 -21587.565425428656 -5266516.1768999575
-3583991.9811248835 -23269.842256685755 -5267266.937765151
-3583621.7993275924 -23642.730845087983 -5267517.140044468
-3582136.9654917056 -25633.672100851047 -5268517.692417147
-3583312.47194245 -28268.93798233431 -5267704.774905959
-3582003.584783799 -30884.536946203803 -5268580.213299749
-3583057.138871354 -36209.66017289045 -5267829.856790478
-3583111.971492244 -39712.68534459837 -5267767.316650545
-3583769.4076022278 -46225.960893201845 -5267266.937765151
-3584898.9396111495 -51059.17669590203 -5266453.603066298
-3586469.4241495575 -56653.82006136533 -5265326.999751563
-3588956.9839988397 -61830.923780260266 -5263573.472829123
-3591442.043344953 -66701.83550747449 -5261818.68885979
-3595371.7453552634 -72424.53391152025 -5259058.632453982
-3599507.3968646913 -76593.10544694182 -5256169.802823571
-3603776.429889319 -82662.15476361362 -5253151.759805158
-3609296.56049343 -85751.11082819152 -5249311.010542434
-3612207.7944519417 -90362.21149329457 -5247230.747778744
-3616577.669461857 -94956.07754506971 -5244138.661790618
-3617894.673211814 -97075.88248852552 -5243191.337972005
-3621104.4969988796 -100197.87140528762 -5240916.294731327
-3623750.4290706813 -100460.97042068154 -5239082.116290237
-3626163.015329547 -102491.33488861618 -5237373.226392108
-3629183.0858740965 -102386.52027518491 -5235283.003780341
-3631695.0250464766 -104043.2938520048 -5233508.119613182
-3635406.5167608117 -105229.1645479155 -5230906.9271801775
-3636524.0469503324 -107611.88877543541 -5230081.599492131
-3637508.042507421 -111326.5597887774 -5229319.519572257
-3638035.890848509 -111978.26987485432 -5228938.393591373
-3639199.607904873 -115638.04395083842 -5228048.876647602
-3640007.1595049053 -118907.10408598094 -5227413.316292381
-3640575.660685666 -123760.08304078752 -5226904.7533572735
-3642442.862695559 -127833.41293137285 -5225505.679887498
-3644036.211585372 -131773.8836896894 -5224296.769157727
-3645234.3787085977 -136404.1487292391 -5223341.960133416
-3647733.062448823 -142618.43208298748 -5221431.268143623
-3649574.477883044 -146773.45293263035 -5220029.1841999255
-3651229.4106936795 -153095.6913897696 -5218690.113406177
-3652042.955619997 -159643.22446437384 -5217924.615322549
-3653382.024451929 -168391.09047723052 -5216712.108604366
-3655812.3216682086 -176752.4327732633 -5214732.576676165
-3656411.453412057 -186697.38793105635 -5213965.896387974
-3658539.326658916 -198203.44822431979 -5212048.195134242
-3660466.9106941475 -207792.28134126382 -5210321.042270642
-3661176.6706462936 -219053.01491986957 -5209361.012923739
-3665343.723220592 -228356.07310241216 -5206030.147293104
-3666435.7047412153 -236969.24366718746 -5204876.156120777
-3668879.098642845 -245487.6018221363 -5202759.171525555
-3666595.02450884 -250992.0565999112 -5204106.543276259
-3664747.560855579 -259220.91493910778 -5205004.402732165
-3667273.317813235 -263388.1041222416 -5203015.867654259
-3666512.5788744683 -266356.81776000257 -5203400.864299046
-3669239.4809535514 -271383.7485459139 -5201218.462287167
-3670364.1045860504 -272175.4519215775 -5200383.5303886505
-3670399.1033101752 -277782.5975160976 -5200062.331447295
-3674563.563857019 -281645.56186002685 -5196912.486530724
-3676865.3287741346 -282467.4988157247 -5195239.596608751
-3679735.839590791 -286499.87243311456 -5192985.940085614
-3684021.7682258296 -287480.45941151876 -5189892.060216163
-3685806.5266091446 -290208.72085214045 -5188472.814494338
-3690773.8639215226 -291701.72257093963 -5184856.737697093
-3693013.5122226025 -292073.30844766955 -5183240.818352328
-3697218.1893304903 -293964.274013155 -5180135.487232712
-3701546.9725212525 -291968.1169418731 -5177156.133333065
-3706381.9323943066 -293846.6269596613 -5173589.482269102
-3712772.4903908474 -295461.83046590287 -5168913.206984103
-3717087.838606636 -295805.2451745161 -5165791.154993578
-3722248.5393762887 -297981.175958646 -5161948.665948296
-3727360.4125902723 -298455.8739734143 -5158231.232306831
-3732216.0767165576 -299828.0520942166 -5154639.395328819
-3739349.978812682 -301977.65213202295 -5149340.951380712
-3745728.148560486 -303348.1692798649 -5144622.5833656825
-3752470.9926024377 -306795.0108257047 -5139501.850472449
-3760088.6318825977 -309333.76750586886 -5133779.027253498
-3765129.0382305663 -313585.95253481594 -5129825.355296787
-3771425.390223454 -318816.7521270731 -5124875.3550248435
-3776127.9233154017 -323661.9697000085 -5121107.481407477
-3782444.585665173 -330455.37671873067 -5116009.499636401
-3787474.0402325275 -336423.98249314725 -5111897.915507326
-3792221.107049343 -344385.0851587035 -5107846.805491497
-3796674.9392922325 -352407.3903980043 -5103989.560779214
-3799430.8197400407 -361159.2080653721 -5101326.34443623
-3802804.017308258 -369785.99691510043 -5098193.88827354
-3803828.4565153206 -374845.50388198154 -5097060.027272952
-3804480.758395529 -384432.5951615928 -5095858.979482802
-3806587.2416789387 -390082.61340471753 -5093856.115577517
-3804417.980646799 -396369.8517415777 -5094991.243286066
-3803029.834123731 -401929.2616609109 -5095592.01166906
-3800395.217397918 -407352.6904908794 -5097126.737401069
-3798895.0428492255 -412960.4126500351 -5097793.753281854
-3797912.7181403204 -415402.4490419746 -5098327.254180329
-3795180.088477343 -416645.3400091227 -5100260.36165545
-3794820.0042387815 -417477.2252356158 -5100460.263725103
-3792729.668547321 -415304.4641528222 -5102192.162529324
-3790912.0192037784 -417984.8289140771 -5103323.989857394
-3790902.4269447746 -416443.57318261877 -5103457.116478898
-3786800.6625021533 -417063.24880943773 -5106450.82116393
-3786896.52935696 -417006.91180685797 -5106384.3286076225
-3782722.889962101 -415812.29595217656 -5109574.216340512
-3781394.606006975 -416467.84712710127 -5110503.924856205
-3777995.5170227317 -413090.5209537684 -5113291.219445094
-3775163.250871197 -412714.16096860205 -5115413.02834948
-3773266.882033038 -409508.1643496822 -5117069.581340832
-3771082.5152062885 -408938.13556280255 -5118725.160114365
-3770329.4590276047 -405927.26388026425 -5119519.491790933
-3767716.2584884996 -404315.5412936428 -5121570.475800353
-3766486.401247328 -401523.97978189663 -5122694.57247639
-3764316.06084786 -399100.01669045596 -5124478.97553698
-3762232.318860816 -396687.9804114823 -5126196.214067135
-3759495.63797258 -394475.52191804943 -5128374.26585391
-3758290.8453824804 -392227.09432753664 -5129429.678627987
-3755501.465375226 -389617.0414435095 -5131671.102533884
-3752765.463299008 -388207.7752986157 -5133779.027253498
-3750931.3814843814 -385900.8363275272 -5135293.109055936
-3748392.429413137 -385176.8316007993 -5137200.989207668
-3747926.7691104724 -382683.28134546976 -5137727.069392048
-3746293.006222577 -378354.7213344984 -5139238.991949266
-3745607.193933449 -375313.8942794724 -5139961.792612351
-3745087.3257257487 -370574.93571264984 -5140684.403823087
-3744197.0690049063 -367715.53303372435 -5141538.154601286
-3744854.3796685813 -363755.08947056934 -5141341.158682363
-3743882.032838162 -360758.6348868575 -5142260.352369001
-3744836.825061566 -359267.5034171874 -5141669.4773829235
-3743682.104866782 -356255.534444112 -5142719.834083728
-3743287.35689994 -356613.51942118065 -5142982.360599645
-3743017.7350754975 -353753.4369486669 -5143376.103373863
-3740480.6819131114 -354831.0395940537 -5145147.247803062
-3741559.5750608626 -354867.4959319189 -5144360.213534952
-3742204.120712427 -352819.89711827587 -5144032.215987802
-3741695.1796153025 -351520.1301014491 -5144491.401584521
-3742875.6202895083 -351433.32345113566 -5143638.567221701
-3743922.38823853 -349883.6798240212 -5142982.360599645
-3744677.795035237 -350481.7043982909 -5142391.6406913325
-3745675.1991476356 -349453.98745640233 -5141735.13642439
-3746255.4976654113 -350959.1578655562 -5141209.820239005
-3748247.6175488024 -349891.9490536467 -5139830.388400689
-3748152.191134468 -349949.02892012685 -5139896.09128937
-3750307.7540200283 -350018.2334851808 -5138318.789873314
-3750691.4989761724 -348799.4769633535 -5138121.563799164
-3751760.7242822866 -349889.63789270306 -5137266.754708009
-3752698.2515620408 -348523.6586434096 -5136674.808870912
-3751833.922710829 -349103.8632958808 -5137266.754708009
-3752558.0428426154 -350030.06014938763 -5136674.808870912
-3751557.7374553955 -350134.89510940725 -5137398.281013968
-3752358.9059710284 -353116.5827647209 -5136609.029287363
-3753039.103073713 -352585.854928978 -5136148.528392035
-3752379.21606191 -355761.5221280315 -5136411.681148596
-3753948.1864816435 -356306.9256718891 -5135227.296617884
-3752958.0732336943 -358195.7946983246 -5135819.552243874
-3755083.232604697 -360448.93685464805 -5134108.245852576
-3754804.038152787 -361480.3658189896 -5134239.922344776
-3755907.6732446626 -364961.0905467121 -5133186.335255016
-3757187.3998884666 -366607.97328736493 -5132132.347868815
-3758316.644576734 -370691.73833726975 -5131012.0477568535
-3760588.5773728336 -374097.2002332255 -5129099.905101345
-3761665.9210464414 -377718.7644253248 -5128044.367343055
-3762939.944270787 -382026.4420309677 -5126790.396866301
-3764537.5942516997 -386636.6834082027 -5125271.678312159
-3764808.4150210638 -392708.01762735803 -5124611.108277171
-3767759.175769633 -398002.1441406294 -5122033.39374737
-3768144.897853821 -402831.5555555171 -5121372.058992291
-3771583.6589092207 -408459.682868086 -5118394.122312216
-3773949.404255676 -412314.8407251035 -5116340.818029625
-3776622.7843934195 -417410.0686268919 -5113954.456094558
-3778696.648133916 -422179.3100412157 -5112030.6407096805
-3781509.7527221087 -426704.0165920913 -5109574.216340512
-3783792.0218904987 -431108.64570100774 -5107514.490501192
-3786113.6623864835 -435122.1074879864 -5105453.269501703
-3787471.950267844 -438895.35803798825 -5104122.656307056
-3788522.0021157223 -442971.1077695707 -5102991.146099166
-3788859.855814982 -446965.9849872166 -5102391.929405078
-3788704.055239042 -451306.1544563648 -5102125.57046228
-3787738.5844694744 -454879.13139021693 -5102525.0995508935
-3785765.03806564 -458597.20664850564 -5103656.794751588
-3782879.132274289 -461664.6049815387 -5105519.783833077
-3778839.5984469256 -464585.7000017454 -5108245.532133647
-3774579.276150456 -467071.5675682278 -5111167.815560829
-3767857.6990494556 -469778.96487335954 -5115876.961369991
-3762850.0443699057 -473823.9738941625 -5119188.54754819
-3757732.7508974536 -475111.8369831602 -5122826.789497293
-3751857.141398482 -477363.05539847875 -5126922.420310047
-3746931.091717006 -479195.3308320634 -5130352.836680257
-3740012.164846497 -481030.78786164254 -5135227.296617884
-3733908.4703061213 -483492.2097026039 -5139436.138189976
-3727514.617363891 -486038.2380779824 -5143835.39865581
-3722301.4938555155 -489191.11237621674 -5147310.428215216
-3717392.934308547 -492044.51879272365 -5150584.720541826
-3713480.173209026 -495550.0091044512 -5153070.559546031
-3709020.7607529475 -499699.6090544904 -5155880.748913266
-3706312.371252602 -504275.20592147246 -5157382.681495796
-3702580.515275008 -508309.6783397162 -5159666.636403173
-3698886.7413537917 -513986.77794319735 -5161753.138879919
-3697596.402239852 -521901.00872016913 -5161883.491831229
-3697228.7458623606 -525140.2402334409 -5161818.316141765
-3692768.7201298196 -532136.1016015859 -5164293.886777072
-3691916.9012278174 -541751.5733265936 -5163903.158195993
-3692362.0972457053 -550443.7398580678 -5162665.477451969
-3691370.942672486 -558860.4827621294 -5162470.002276055
-3690962.4270712407 -570467.7212973713 -5161492.414109137
-3693805.4013306345 -580878.586685141 -5158296.494447688
-3697708.274387501 -589033.8952924354 -5154574.045226513
-3702690.22180422 -595461.2808362267 -5150257.46777579
-3705678.784928596 -602313.1233146137 -5147310.428215216
-3709222.8998864917 -610134.3052911154 -5143835.39865581
-3711223.4839570457 -618382.6535922856 -5141406.825554839
-3717570.839869654 -628246.1347028321 -5135622.147781298
-3722055.692102618 -634484.400312981 -5131605.204090235
-3726072.5810386348 -644944.0210232068 -5127384.453166985
-3732793.673386581 -652752.4059127646 -5121504.338424426
-3736254.7759795194 -660416.3407762082 -5117996.825497842
-3742070.058495149 -670540.571143741 -5112428.778942972
-3746244.709171207 -676553.6440410615 -5108577.761543959
-3748971.5512874015 -687456.3304355942 -5105120.674517084
-3755756.7625293587 -692902.160508826 -5099393.957783336
-3757704.7536087483 -697534.8612318159 -5097326.858469303
-3762425.0394168533 -705206.2293696167 -5092787.350442523
-3766068.6958944155 -706025.254231173 -5089979.952631636
-3766400.9097407465 -711464.5928448432 -5088976.647640683
-3771286.5187731707 -715251.0115183111 -5084825.9541346915
-3771971.536900497 -715449.1315830217 -5084289.946976825
-3774568.5670700716 -720310.5705295721 -5081675.492834027
-3778478.8533567283 -719211.5370553818 -5078924.425476565
-3778509.657500208 -722361.3730066668 -5078454.471093109
-3782261.1458281404 -727732.565725177 -5074893.785838463
-3782052.8556680954 -726939.5345186576 -5075162.668337499
-3782706.4018834336 -731036.5898302962 -5074086.989940099
-3787253.063494009 -728967.23638099 -5070992.210735322
-3785951.3515580418 -728237.0177118616 -5072069.0265088035
-3789439.0781886317 -731651.6700271338 -5068972.115374417
-3791895.893874461 -729654.9876063886 -5067422.434441313
-3793453.824989352 -733250.9735416272 -5065737.072477599
-3799480.51905639 -731870.9432994715 -5061418.1518290825
-3801064.8835025704 -730181.0483013181 -5060472.545929399
-3805239.636343035 -730914.1499193057 -5057228.175142157
-3804946.457598451 -730100.4147307789 -5057566.296077486
-3802593.9078138988 -733916.1948138111 -5058783.212517279
-3801886.3196632955 -739425.0220637686 -5058512.829785358
-3798804.8419729494 -743230.4802157026 -5060269.876783373
-3794330.89340146 -748132.5337516565 -5062903.493384167
-3791528.8952117017 -749092.6157574862 -5064860.303087573
-3787798.8400379457 -754264.7719283388 -5066883.223564076
-3787581.3934958805 -758964.777626805 -5066343.913905341
-3788664.4218292087 -762552.5851784877 -5064995.207658459
-3793835.4513557926 -762835.5281233595 -5061080.47012382
-3793734.891320519 -761093.2050099787 -5061418.1518290825
-3794766.7591288607 -766262.042056481 -5059864.496872824
-3797156.1423652 -767365.3161803848 -5057904.378497246
-3794785.419888821 -771506.051088635 -5059053.570593302
-3795178.114688668 -776208.3971066759 -5058039.600680213
-3794243.6674375087 -778570.3261645099 -5058377.62917385
-3794349.499953465 -784183.666739454 -5057431.052325078
-3796318.354624954 -785557.8585190906 -5055739.985527003
-3795676.461861112 -789087.1694706873 -5055672.322832073
-3798723.8600089415 -792626.0967772385 -5052829.099238015
-3798688.8675623364 -793656.6441156737 -5052693.639902287
-3799617.3330916944 -799112.0951326981 -5051135.415080632
-3801188.975532543 -800204.7193385274 -5049779.775340526
-3798915.0333093097 -804574.2044769974 -5050796.562839047
-3797360.895321886 -811033.9496617628 -5050932.108351508
-3797253.1416638927 -813644.6230284474 -5050593.233031204
-3796300.003709178 -818916.7136077326 -5050457.6721334485
-3797679.6190887974 -823793.6319822674 -5048626.9977750415
-3796637.4359672936 -830647.2492501445 -5048287.860960868
-3795326.385585023 -837026.3830018895 -5048220.0289845625
-3794947.9426265247 -838332.1451726899 -5048287.860960868
-3791904.628224916 -841478.263189192 -5050050.9525178615
-3790241.88987915 -843677.8135219186 -5050932.108351508
-3786440.7904282226 -845329.0367866973 -5053506.303562565
-3783015.5714460253 -848516.2935408062 -5055536.992822096
-3777712.7472443306 -850374.4401555763 -5059188.740384942
-3778790.249419995 -856023.5988957399 -5057431.052325078
-3783803.7228172924 -856256.7914332052 -5053641.725955503
-3782924.810546165 -856543.750239821 -5054251.050519687
-3786937.2710066917 -857591.2334686057 -5051067.64770956
-3786188.8354752534 -854504.469314699 -5052151.740995489
-3786091.841002118 -858928.219762693 -5051474.22885562
-3784029.6780240424 -861238.5444179826 -5052625.907925705
-3785061.9968211898 -865434.976608985 -5051135.415080632
-3787160.4822288286 -868906.1179757823 -5048966.09614172
-3788215.612886268 -874926.6975098954 -5047134.50824021
-3791207.1216505873 -878406.0137250276 -5044283.143896422
-3790905.1995812315 -881264.6144046102 -5044011.443998345
-3790840.0380533678 -886969.902947083 -5043060.300765556
-3789238.0999399694 -889176.4204681257 -5043875.584830262
-3785313.048784791 -893554.5370034019 -5046048.593909915
-3786408.5646839426 -897721.0423720168 -5044486.902686
-3783806.6870539323 -897243.6675905492 -5046523.729853513
-3780820.7653839635 -902183.0769063128 -5047880.846036808
-3781271.919502294 -902569.7501209917 -5047473.775756538
-3776339.9894503276 -904249.2685752136 -5050864.336364568
-3773778.5633109105 -909627.2456784062 -5051813.004161432
-3769332.587689926 -911131.5451433263 -5054860.250375227
-3763392.672112156 -919504.1159611824 -5057769.150151376
-3767131.9226836357 -922786.9753709543 -5054386.439043183
-3765046.404137702 -924993.12910804 -5055536.992822096
-3764568.69994191 -932822.0307650411 -5054454.130995459
-3763610.4532329626 -932654.3078171371 -5055198.640847431
-3758939.854885 -937905.8394612642 -5057701.533667402
-3757586.202693089 -940773.327125781 -5058174.816700113
-3750889.642685337 -942784.7436750801 -5062768.493175386
-3746200.761117057 -952318.6523977285 -5064455.552347297
-3745094.6540925903 -955587.2732372631 -5064657.934659959
-3740593.5342056933 -961047.5127156357 -5066950.63032606
-3740497.219153155 -966383.311313508 -5066006.795210825
-3737434.1763462145 -966218.23948185 -5068298.441407321
-3733068.3092992236 -971069.6478405971 -5070588.302864726
-3731481.414689286 -973299.5831750482 -5071328.758148077
-3726261.6285571405 -975064.4326250326 -5074826.5613489
-3721230.3245526035 -981663.022208614 -5077245.668909312
-3716481.2630890813 -985060.0347376904 -5080065.4276367705
-3710334.822873333 -990226.0767134861 -5083552.775291128
-3706661.0050849123 -991255.6068416077 -5086031.60777516
-3699783.7452982017 -995300.0653870758 -5090247.441713192
-3694440.546388201 -1006873.7429683673 -5091851.8551626885
-3692947.961462268 -1011661.9292970605 -5091985.515959627
-3688407.410607357 -1018450.4210280608 -5093922.900210063
-3690058.338757189 -1023482.4614589432 -5091718.188161485
-3685371.299387859 -1024745.9084666271 -5094857.722128181
-3681615.347842357 -1036519.595803578 -5095191.5133826705
-3685678.5374684236 -1041760.8719076922 -5091183.458117253
-3683079.479731943 -1048318.8629052708 -5091718.188161485
-3683737.8023788026 -1056364.3972660918 -5089578.672494811
-3681503.9868798936 -1058992.8859549165 -5090648.628817779
-3679753.3871578467 -1069206.4758882788 -5089779.319540182
-3684705.621184545 -1072528.6534963239 -5085495.823677409
-3684091.6062429002 -1076536.044959632 -5085093.92054004
-3685252.564895917 -1082672.1385624632 -5082949.495451302
-3681999.1072006137 -1084299.7642451576 -5084959.940435301
-3679145.9430466425 -1090511.18872258 -5085696.754333107
-3677112.9349746853 -1094238.584432274 -5086366.422484867
-3670488.4907659558 -1099663.2761726247 -5089979.952631636
-3668103.705186687 -1108513.7285468224 -5089779.319540182
-3664645.23090042 -1111657.977391106 -5091584.514956176
-3663389.0042866953 -1122178.1275985667 -5090180.571768619
-3668710.275533484 -1126330.0537237127 -5085428.84369389
-3668194.4522661 -1132830.4515111619 -5084356.953292444
-3671642.1295866016 -1139091.6089958663 -5080468.027510848
-3670406.551287295 -1148125.4785336226 -5079327.183181769
-3671142.419519307 -1150818.1372291183 -5078185.891696997
-3667043.560272722 -1155581.1429717904 -5080065.4276367705
-3667873.7687845225 -1162954.454359783 -5077782.976196124
-3666993.747874411 -1165141.1390241599 -5077917.287550425
-3662759.8138214448 -1173163.4751077646 -5079125.811291522
-3661732.355885457 -1176076.6406151585 -5079192.936802155
-3654781.658860605 -1181166.7765244474 -5083016.532738308
-3652846.0830208077 -1188573.507652794 -5082681.330819932
-3648414.9539992847 -1191287.7842716086 -5085227.894448747
-3643510.248732113 -1198841.3358075921 -5086968.991348691
-3642421.4397715796 -1202711.8278351065 -5086835.098003264
-3638631.4980054167 -1206533.4816302257 -5088642.135130757
-3636626.3771987557 -1212282.9254858263 -5088709.040733001
-3635592.0572770294 -1213418.9013963374 -5089177.336544511
-3631726.3161440236 -1217414.4681790732 -5090982.908760864
-3631595.530518429 -1218921.9515183994 -5090715.487907878
-3627466.123723009 -1217817.7236177293 -5093922.900210063
-3623873.7568265917 -1220131.5813219815 -5095925.7175555695
-3617989.0709935166 -1219204.9062707177 -5100326.9972323235
-3612230.5420409697 -1224007.8322229078 -5103257.424214791
-3610200.2657986092 -1224724.9308871164 -5104521.905574624
-3605829.1104854816 -1228999.3096458637 -5106583.801609984
-3606039.925842629 -1232795.5183719345 -5105519.783833077
-3603497.780818767 -1233893.5829727359 -5107049.184170144
-3602218.8655399214 -1238444.9679488668 -5106849.743835275
-3601940.001618696 -1238981.7958460045 -5106916.22550256
-3598584.3497584034 -1241059.393931066 -5108777.080516368
-3597727.048500031 -1242450.2303445835 -5109042.817359036
-3594925.5079857656 -1243730.408761064 -5110703.1084143715
-3591040.7988757747 -1247581.872231252 -5112495.129864634
-3594283.6106474376 -1248849.0831276262 -5109906.290119468
-3594330.881226972 -1252241.193480788 -5109042.817359036
-3596515.2261493537 -1258424.7810661884 -5105985.340605119
-3598694.1772488416 -1259751.2167123635 -5104122.656307056
-3597303.7498804033 -1266669.4853026464 -5103390.553945437
-3597702.1123572607 -1271964.1944113623 -5101792.586814516
-3595217.1368396655 -1276311.811069205 -5102458.5152551355
-3594263.79134439 -1284031.762694419 -5101193.118342268
-3592943.7827796713 -1288512.1878448569 -5100993.267547035
-3591779.1824425226 -1293332.5200697242 -5100593.524003126
-3589046.8424873035 -1297233.394429053 -5101526.171922476
-3586966.5120637785 -1302713.8477157764 -5101592.777976558
-3585425.3338263114 -1308248.9520484812 -5101259.732166216
-3585787.1676745694 -1311927.909351209 -5100060.445603146
-3585417.695619026 -1314489.6359013442 -5099660.571552767
-3582752.0845660986 -1318906.1023382714 -5100393.6312555475
-3580848.018302302 -1325093.2714692503 -5100127.085840842
-3581103.1924975542 -1330804.378355278 -5098460.613874961
-3582115.2511728327 -1335736.2078135167 -5096459.566252926
-3581006.7006473946 -1340736.025873183 -5095925.7175555695
-3580799.7723213895 -1347360.86460665 -5094323.575418969
-3582065.2911400087 -1349550.2050701126 -5092854.159899463
-3582596.2848919313 -1353178.7074081537 -5091517.6760270335
-3583474.7884162986 -1353367.5956754293 -5090849.201435894
-3580641.1560909776 -1355083.038738407 -5092386.4611232085
-3578305.796620041 -1357984.643951216 -5093254.984061577
-3575765.938770779 -1359163.099274588 -5094724.194762365
-3573308.2395644947 -1361870.3562228805 -5095725.498680424
-3572677.764974842 -1363772.8661898775 -5095658.755950855
-3569777.1654882296 -1366378.838231717 -5096993.31559218
-3567832.1004106486 -1370705.6859783567 -5097193.445976515
-3565093.8341821893 -1372867.9515526188 -5098527.291392667
-3562507.13466836 -1378087.102180215 -5098927.32388309
-3563043.094795825 -1380153.5554743174 -5097993.827765917
-3560441.9600146604 -1384150.938460994 -5098727.3146271035
-3560490.269107577 -1387461.3121059488 -5097793.753281854
-3556767.1923789964 -1389658.458663205 -5099793.869116892
-3553887.5395712843 -1394327.7065037896 -5100526.894640969
-3550334.7546389583 -1396796.4183730255 -5102325.342000744
-3549069.694950497 -1400735.5080881396 -5102125.57046228
-3548348.6724360976 -1403529.671361494 -5101859.186652341
-3551502.9981103935 -1406928.2943662659 -5098727.3146271035
-3555474.7197088785 -1406563.6349876367 -5096059.189044163
-3558476.0122634927 -1407679.1347797734 -5093655.7523699
-3564294.565183311 -1407463.4499292993 -5089645.55639367
-3568090.1392877526 -1407522.7312460653 -5086968.991348691
-3572688.91042473 -1409408.8907807474 -5083217.635308992
-3576176.018702309 -1409270.0350265745 -5080803.484847126
-3580035.211293834 -1410357.732119461 -5077782.976196124
-3582756.515940746 -1412152.1971346936 -5075364.313979026
-3585171.3335127565 -1416647.6120926954 -5072405.450327332
-3588377.980924264 -1420811.7959724658 -5068972.115374417
-3592917.311661618 -1425438.9323506264 -5064455.552347297
-3597091.33139451 -1426658.9568117994 -5061148.009548341
-3600090.509170665 -1430830.7319302517 -5057836.765094663
-3602280.0455512675 -1431773.7512296974 -5056010.620905854
-3605857.782876469 -1433997.469859256 -5052829.099238015
-3610531.8077955456 -1435126.4942499646 -5049169.536705856
-3612316.2750704084 -1437077.0689307877 -5047338.073362508
-3614301.45677983 -1441375.1243426905 -5044690.647645829
-3616369.962122787 -1444029.2518226353 -5042448.692543792
-3616211.3854433578 -1449164.1462593307 -5041089.117738972
-3618249.867260057 -1453060.2144981278 -5038504.233511692
-3618479.332303594 -1456967.4203257386 -5037210.960224031
-3620624.6089151334 -1461283.8758024725 -5034418.325451098
-3622945.7811431764 -1462808.9933810767 -5032305.109567612
-3623705.329574984 -1465617.1787835052 -5030940.962649486
-3625536.6812669234 -1468346.2255728317 -5028825.32353571
-3625409.5137224714 -1471462.813445209 -5028005.971203545
-3624131.9081258415 -1478095.465911319 -5026981.470639865
-3619926.752159555 -1491360.967247623 -5026093.291451106
-3621981.408126583 -1496498.073145822 -5023085.226855723
-3621395.9268298144 -1501808.8063926874 -5021922.226616199
-3622327.988145142 -1509610.1481943731 -5018910.0556564005
-3624047.271745398 -1513222.73459358 -5016580.441661817
-3623751.370541988 -1517334.5197977873 -5015552.109142629
-3624470.9939483036 -1521503.504613033 -5013768.851819722
-3622088.7330758804 -1523106.6470522478 -5015003.524568056
-3619505.520186443 -1529460.130422971 -5014934.944621556
-3617739.7018734086 -1532510.6024608396 -5015277.829077271
-3616670.2599383947 -1537495.3567883666 -5014523.4328629235
-3616885.0778609226 -1538108.4500353648 -5014180.464390646
-3614441.9527314026 -1538261.5100229504 -5015894.92484812
-3612723.3348484547 -1537827.9946661687 -5017265.805661734
-3610225.0768238073 -1536764.5611363593 -5019389.462704395
-3607646.5257384465 -1537452.251058829 -5021032.5751822665
-3606973.852256103 -1536124.2719776821 -5021922.226616199
-3603852.5960105425 -1533383.3670053284 -5024999.792638749
-3601082.826950232 -1532947.2190423585 -5027118.090623536
-3600344.26519206 -1528403.7922894678 -5029030.127153129
-3596379.2961656298 -1525609.5162842877 -5032714.234082244
-3595544.8597647 -1520370.838520664 -5034895.299288319
-3592193.6329072765 -1514521.4001217016 -5039048.603880878
-3589463.2190260994 -1510124.7638131694 -5042312.762708895
-3585060.4991704654 -1503782.095409062 -5047338.073362508
-3582100.717958771 -1497617.2022613883 -5051270.945206763
-3577753.217072375 -1491546.5996074372 -5056145.929354468
-3574319.048821805 -1491066.940764411 -5058715.619145738
-3570788.1757002287 -1489667.1658068635 -5061620.742350851
-3567043.8767851866 -1488543.6833544842 -5064590.475431826
-3566750.548021458 -1485571.4885111784 -5065669.637936461
-3565072.1546807 -1479472.119008392 -5068635.297690802
-3562925.8803877537 -1478873.0197364967 -5070319.000058932
-3560967.8505436936 -1481048.3714138959 -5071059.52330738
-3558058.4809492654 -1489170.7965152385 -5070722.945000168
-3556278.3140856293 -1492731.136413525 -5070924.896618551
-3551635.7355168 -1491438.6611639038 -5074557.64793205
-3546266.1168151214 -1490494.5225568237 -5078588.751509331
-3542026.9292461574 -1489367.502478957 -5081876.688296817
-3539053.994796303 -1491171.317781579 -5083418.723943747
-3539395.5687446226 -1488988.071626906 -5083820.859403262
-3540011.1041605747 -1487065.9154267702 -5083954.892167687
-3539015.2562184515 -1487374.3098797302 -5084557.962946517
-3541821.412854351 -1493283.7350518343 -5080870.571671359
-3541259.850877332 -1500987.8235403998 -5078991.555628707
-3539450.067936185 -1501168.177613054 -5080199.63378492
-3537721.675195607 -1501382.2864525206 -5081340.136103642
-3538581.3437808254 -1500945.4711515135 -5080870.571671359
-3538507.312143347 -1499529.733993385 -5081340.136103642
-3541157.3353679203 -1497591.7257716144 -5080065.4276367705
-3542620.645584982 -1497773.2603192432 -5078991.555628707
-3544487.6943395943 -1499729.4961997902 -5077111.326621025
-3542690.9984858595 -1502834.560944986 -5077447.170742061
-3539942.0841636243 -1507941.998601882 -5077850.132646675
-3539650.802673793 -1510884.4062698653 -5077178.498538468
-3538498.2505499683 -1514482.749119672 -5076909.801589322
-3537036.8817214854 -1520362.305210048 -5076170.757395612
-3536693.5632762103 -1521384.9823341772 -5076103.56228167
-3535049.590085874 -1525871.7542164505 -5075901.96766231
-3533887.6426495113 -1530568.022892743 -5075297.100311201
-3534824.423303374 -1534418.5412668453 -5073481.746949967
-3537023.8026065617 -1537354.5234812133 -5071059.52330738
-3537785.8922865177 -1539374.5086972807 -5069914.999515425
-3537442.713399008 -1543926.953749213 -5068770.029396376
-3537525.697814628 -1548154.64609386 -5067422.434441313
-3537038.770748009 -1549927.9834590214 -5067220.241938974
-3536092.1035581403 -1551426.2812246804 -5067422.434441313
-3534606.38223968 -1551510.1468600587 -5068433.188552534
-3531335.29864055 -1553236.225817157 -5070184.339388908
-3528904.97891051 -1551946.7499199037 -5072270.885435207
-3527852.411867017 -1549720.6249587561 -5073683.508523321
-3527500.3356729504 -1546335.3909059754 -5074961.008782125
-3525387.7308539357 -1543209.1989933583 -5077380.005011129
-3523105.0654019895 -1538694.1982944468 -5080333.833743
-3520229.4532703194 -1536414.1773093531 -5083016.532738308
-3517594.265461234 -1534021.6978162392 -5085562.8021118
-3513606.3525083875 -1532282.5702941325 -5088842.847287142
-3510917.8809545743 -1530891.3409418312 -5091116.609882626
-3508872.8279446545 -1528687.8689120603 -5093188.183913175
-3506406.8742663353 -1528560.217885447 -5094924.4834831245
-3503133.993074449 -1529389.5634316665 -5096926.602358774
-3500705.097288375 -1530948.67449763 -5098127.202990637
-3498710.882153447 -1532841.5798312244 -5098927.32388309
-3496392.927483405 -1535245.9051115518 -5099793.869116892
-3494559.1519526048 -1537206.0472381534 -5100460.263725103
-3492803.894283006 -1538762.725522993 -5101193.118342268
-3490774.037468563 -1539614.7971854561 -5102325.342000744
-3486978.6610388644 -1539831.3645084454 -5104854.57053731
-3483319.320029725 -1540395.4486263865 -5107182.136614942
-3477759.160762055 -1540840.267063878 -5110835.889669137
-3473511.1842112774 -1544473.29383762 -5112627.827035871
-3470072.1995609934 -1547588.9252806504 -5114020.771191941
-3466385.624232135 -1550589.2232174485 -5115611.866136709
-3463048.8298674086 -1553232.983705388 -5117069.581340832
-3459763.4031003495 -1554008.4414941762 -5119056.158935193
-3458433.0999745955 -1555224.7424389403 -5119585.675961077
-3455825.6353068436 -1556228.0819089287 -5121041.333111276
-3451125.173491835 -1558170.252860517 -5123619.96053489
-3445524.075660239 -1561654.0452824736 -5126328.265620388
-3437633.4438059377 -1565605.5070167875 -5130418.764820824
-3433624.82143702 -1569644.648759445 -5131868.788485577
-3428584.36566444 -1572045.3415481045 -5134503.256561268
-3423864.0155697544 -1580162.2544372429 -5135161.482615554
-3420528.2301144595 -1586305.321032381 -5135490.536984212
-3415925.0209832 -1595558.3733248694 -5135687.95083325
-3406564.891541238 -1617118.7919198342 -5135161.482615554
-3401843.5568006965 -1628065.6468607897 -5134832.389140404
-3398078.9501073235 -1639623.6006034128 -5133647.328866857
-3397360.403126268 -1649742.852491165 -5130880.218044857
-3396192.5570920445 -1659296.3707372786 -5128572.1862142775
-3394733.226256645 -1667767.2347029198 -5126790.396866301
-3391318.9109544917 -1676315.1507248138 -5126262.240624536
-3390692.5109641827 -1684629.8636446293 -5123950.382137603
-3388165.698847149 -1693709.4914130627 -5122628.461625233
-3385955.8269687435 -1703698.8810838393 -5120776.72432709
-3384911.725318699 -1713699.6378388726 -5118129.264005639
-3383430.6562876333 -1723125.8945268155 -5115943.231282399
-3383076.2736035082 -1732847.086408128 -5112893.202689438
-3383957.4517481728 -1740312.6438386175 -5109773.465277444
-3384673.2898012907 -1749429.6455304124 -5106184.841605819
-3384436.839500365 -1758599.2597190219 -5103190.857017645
-3383165.8936018315 -1767398.432954254 -5100993.267547035
-3382676.038204389 -1776773.14088821 -5098060.516154756
-3381544.916522439 -1785602.5928630906 -5095725.498680424
-3382211.5868423874 -1795553.1368102483 -5091785.022437611
-3382959.4467645376 -1804359.7883397143 -5088173.752513689
-3380496.5037102043 -1813669.9547547908 -5086500.337523123
-3378108.6934571783 -1822043.488634603 -5085093.92054004
-3375565.416220666 -1829732.324090004 -5084021.906226919
-3373183.213880933 -1838202.8089263435 -5082547.2392145265
-3370363.951769788 -1846137.9396497312 -5081541.3547856305
-3366613.2325556893 -1854256.043091942 -5081071.822857648
-3361989.5796884936 -1861894.0590936411 -5081340.136103642
-3356496.17078967 -1869045.9263904348 -5082346.0901947245
-3350064.4776503122 -1876740.7606733488 -5083753.840698108
-3342363.009457802 -1886092.5862438367 -5085361.862161258
-3334723.402826071 -1895079.4747373993 -5087035.935697048
-3327021.6030492815 -1905711.7026042421 -5088106.834511302
-3318997.7713935007 -1914679.836237126 -5089979.952631636
-3309845.2881065584 -1923747.4442911337 -5092520.097101449
-3300578.741141182 -1933806.182850253 -5094724.194762365
-3289521.5535803805 -1944177.9357780742 -5097927.13782414
-3278678.990068977 -1953554.3523642132 -5101326.34443623
-3265206.286415295 -1962709.5857992508 -5106450.82116393
-3251784.143372004 -1967179.1453907068 -5113291.219445094
-3238665.204008098 -1971927.5458431367 -5119784.219114342
-3226248.0946727647 -1975963.182209423 -5126064.156267766
-3213611.5007644435 -1977722.8984065931 -5133318.055534132
-3201248.1849738834 -1976590.9247791816 -5141472.490861153
-3189031.232309911 -1973124.52738088 -5150388.373588919
-3176656.0319145997 -1974987.2702884902 -5157317.397358729
-3169576.527067619 -1975114.1536053056 -5161622.779639168
-3162681.7075246028 -1976800.176602782 -5165205.366553442
-3156409.521490189 -1981547.6517571113 -5167222.545668219
-3149436.104530454 -1985686.3326923316 -5169888.10436347
-3140616.2514888206 -1991865.6571191207 -5172875.579875639
-3131663.5336925965 -1998703.1292346276 -5175665.204872482
-3123895.831619424 -2007816.0650946475 -5176832.089409375
-3115280.864734807 -2017834.5457202673 -5178128.028536474
-3107202.499063728 -2029425.8785518673 -5178451.914740168
-3097777.1862484682 -2042142.2968136205 -5179099.568836587
-3091420.846430664 -2056813.928113824 -5177091.327702352
-3087537.521908984 -2070596.00017073 -5173913.920320003
-3084144.093232162 -2084042.8658320939 -5170537.839099093
-3079565.0680431146 -2095778.7220197835 -5168523.14883253
-3076575.0750580765 -2108152.71693379 -5165270.460451812
-3076790.806344672 -2116913.437065415 -5161557.597660302
-3074610.51632944 -2124518.360664837 -5159731.863970686
-3074671.9695973587 -2132022.1148508913 -5156599.168168788
-3075577.375850098 -2137502.353542553 -5153789.7215310475
-3080448.4673580057 -2141206.670638145 -5149340.951380712
-3085230.3956067967 -2146288.0513627576 -5144360.213534952
-3089711.910898394 -2150846.415091215 -5139764.6839463245
-3092966.863545452 -2155116.4576572864 -5136016.942626311
-3098329.534355864 -2159174.393648272 -5131077.960268368
-3103178.7733668615 -2162392.8244250193 -5126790.396866301
-3109109.060582651 -2164832.784665931 -5122165.641975903
-3114059.5328376754 -2165698.318799024 -5118791.3629971165
-3118451.4666260467 -2166734.546470922 -5115678.142282537
-3122549.58502167 -2167562.3583579916 -5112826.86111221
-3126174.449009243 -2167815.478400106 -5110503.924856205
-3129491.544584396 -2168821.7856986113 -5108046.175814571
-3132924.2221327885 -2169501.376876749 -5105652.807830116
-3135942.4147359054 -2170619.825304822 -5103323.989857394
-3140227.969395749 -2171155.083909463 -5100460.263725103
-3144217.7436395506 -2171643.3016457194 -5097793.753281854
-3149014.9534101235 -2172522.1428880454 -5094457.121407596
-3153534.8587955404 -2172230.231729918 -5091785.022437611
-3159804.4910022956 -2171267.489414185 -5088307.583868603
-3164958.5166842337 -2172857.934237936 -5084423.958059279
-3169379.9020076664 -2173940.6154218563 -5081205.982576293
-3174025.471923159 -2174846.965737935 -5077917.287550425
-3179346.216625387 -2173033.7584165717 -5075364.313979026
-3183262.5391234574 -2171067.4424385657 -5073750.7592900675
-3187727.116721993 -2167027.831320794 -5072674.561569704
-3191578.0021578684 -2166714.872840881 -5070386.328077192
-3195943.529157249 -2166583.421623648 -5067692.002833586
-3199534.021616121 -2166328.8293676972 -5065534.764224933
-3203540.0783798196 -2165455.1485570273 -5063375.945532989
-3206582.1043358324 -2164740.2800437743 -5061755.794989441
-3209468.0985038253 -2164569.073135167 -5059999.629675185
-3212084.751721437 -2165110.6219687182 -5058107.2094605565
-3214136.5095759565 -2166330.4467122485 -5056281.231642322
-3215458.3672918123 -2169262.343028814 -5054183.35394851
-3216319.535926863 -2173030.474630606 -5052016.250878642
-3216700.073597725 -2176559.888316636 -5050254.319248434
-3216822.8577980893 -2179836.5739117092 -5048762.641735557
-3214392.582932753 -2183105.0102094105 -5048898.279544308
-3212208.713939969 -2186786.8637111494 -5048694.8205242595
-3212133.5032898337 -2190183.253694822 -5047270.219859221
-3211170.0535567156 -2191908.10548057 -5047134.50824021
-3210445.765952326 -2195934.382813348 -5045844.941162674
-3209656.194791203 -2199425.8340475545 -5044826.469935578
-3209242.3269255525 -2203919.7230436765 -5043128.2495538965
-3210944.930862833 -2205171.444261381 -5041497.054683306
-3212277.1594160157 -2205096.4246472437 -5040681.125512912
-3211569.859914767 -2209232.0817573066 -5039320.752226566
-3210721.9478602945 -2211704.6937089562 -5038776.430975477
-3207964.9153872817 -2214927.889834188 -5039116.643269825
-3205168.716055917 -2219281.2772964444 -5038980.562956949
-3200484.158202932 -2223566.1200738642 -5040069.033530367
-3195816.1163180075 -2227194.0401777783 -5041429.069031783
-3189707.511116219 -2227488.953601815 -5045165.998766609
-3182720.6624080753 -2228564.999833934 -5049101.724722515
-3173821.612597587 -2230350.933246951 -5053912.552268084
-3163172.5996904806 -2234433.376344152 -5058783.212517279
-3153920.1747131916 -2235580.1423287415 -5064050.746069051
-3148195.6790964403 -2238298.7224276788 -5066411.333014437
-3144923.9714154196 -2239693.2746603345 -5067826.77776756
-3140762.4593394846 -2241111.2595714536 -5069780.320312296
-3138479.944795163 -2240805.494213818 -5071328.758148077
-3134437.437555953 -2240067.361861245 -5074154.231433222
-3129184.0640341043 -2239036.8741436903 -5077850.132646675
-3123859.3683851645 -2240837.295360461 -5080333.833743
-3118889.7057253746 -2244866.103516916 -5081608.424583802
-3112717.571233011 -2250087.0555640766 -5083083.568476939
-3106302.5558664245 -2257275.1052793725 -5083820.859403262
-3099912.980911025 -2265139.6460664766 -5084222.939112443
-3090740.000219328 -2273448.602558107 -5086098.57381577
-3083175.5881090853 -2280264.273910608 -5087638.365097811
-3075576.0426952513 -2286040.4886793215 -5089645.55639367
-3067343.243611961 -2292328.88372242 -5091785.022437611
-3058266.451693159 -2298215.2434826847 -5094590.661188783
-3048623.5479126307 -2307161.808166297 -5096326.113393002
-3046412.360904444 -2313023.337142736 -5094991.243286066
-3039862.632770006 -2319865.862952894 -5095792.239857747
-3035247.6942939027 -2326924.0178467752 -5095325.01902002
-3030140.43837528 -2332258.777425572 -5095925.7175555695
-3025305.346305365 -2337800.001313654 -5096259.384634386
-3020121.5139432866 -2340283.341518123 -5098193.88827354
-3011740.996076842 -2342804.06990769 -5101992.381665622
-3003592.9251231514 -2347170.5519919973 -5104788.040654748
-2996047.500334297 -2351313.041763773 -5107315.082836794
-2993277.4074722747 -2357000.113497231 -5106317.834495822
-2992880.9432290294 -2362108.6453653527 -5104189.201738781
-2991465.5715120416 -2367777.7203952344 -5102391.929405078
-2991048.738950397 -2372461.4937622272 -5100460.263725103
-2990273.081564561 -2376015.3212722135 -5099260.641578354
-2988217.8431184194 -2380599.573920563 -5098327.254180329
-2987141.736885397 -2384945.37755579 -5096926.602358774
-2983737.830299068 -2391194.360156107 -5095992.454076029
-2982264.3659827053 -2391894.651341966 -5096526.290354193
-2980077.0691998033 -2395187.2465749844 -5096259.384634386
-2979492.832134165 -2395488.124122132 -5096459.566252926
-2978088.8345509465 -2395814.457839778 -5097126.737401069
-2978132.768758584 -2394908.1500143544 -5097526.965562924
-2976648.1720747496 -2394056.504910608 -5098793.985932287
-2978038.5616041413 -2393463.278505408 -5098260.572003444
-2980110.452143199 -2392304.6464433586 -5097593.664821901
-2982070.7682905314 -2391140.7473663604 -5096993.31559218
-2984639.420826031 -2392344.673172215 -5094924.4834831245
-2988058.2498665177 -2391489.517790373 -5093321.782658486
-2988460.5593274003 -2391982.6486283923 -5092854.159899463
-2991737.7588531505 -2393149.7353069074 -5090381.176950583
-2993931.5909173726 -2393962.181754171 -5088709.040733001
-2996313.4941459014 -2397238.775453607 -5085763.728119983
-2999307.484038467 -2399462.448733506 -5082949.495451302
-3000956.985509427 -2400524.3756031413 -5081474.283439534
-3003667.8520252504 -2403380.6752988542 -5078521.612074723
-3005672.164176467 -2405414.678092022 -5076372.333459614
-3006756.8435344165 -2409728.1878248095 -5073683.508523321
-3008425.271275606 -2413308.182933127 -5070992.210735322
-3008497.213221664 -2419153.229706316 -5068163.688086542
-3009823.01802578 -2424980.3538023587 -5064590.475431826
-3008508.189492709 -2429988.5218399214 -5062970.991175194
-3005908.2274965337 -2438395.853786556 -5060472.545929399
-3004479.302238097 -2444635.9233346027 -5058310.026556781
-3003182.12176621 -2451955.1092365314 -5055536.992822096
-3007397.399503635 -2456971.68805792 -5050593.233031204
-3010697.9836812816 -2462122.493080975 -5046116.475084795
-3015117.706629645 -2471450.3486690344 -5038912.520498059
-3016810.4596473947 -2481300.4088214333 -5033055.12901902
-3016871.7342712902 -2489925.389421538 -5028757.052599473
-3015627.3968848577 -2496251.420859209 -5026366.604916103
-3022846.2018977837 -2510060.915735784 -5015140.679878062
-3027306.113566752 -2520019.3284640852 -5007450.576783438
-3030819.0314595173 -2533528.9669510974 -4998500.572387934
-3039139.925838413 -2543820.3712614966 -4988210.844574425
-3044115.3730995622 -2554135.01627995 -4979899.287522945
-3048700.6612804327 -2564608.1802316043 -4971704.955022713
-3046753.694287337 -2572975.115597926 -4968574.441513411
-3043309.57098577 -2585757.8127457267 -4964047.178358688
-3042058.168189981 -2595776.6392270257 -4959583.323283507
-3038864.5103353746 -2605634.079968815 -4956371.10486384
-3035924.8279062347 -2614627.8861203706 -4953435.419627899
-3030867.0018267054 -2620885.750202334 -4953225.625955711
-3021688.0761035434 -2628565.746126634 -4954763.797500684
-3014599.4494137126 -2637874.369622338 -4954134.633786621
-3011594.3709501727 -2643795.206193528 -4952805.997873262
-3007023.1552435835 -2650954.248251418 -4951756.690055226
-3005500.3082050835 -2657639.653214938 -4949096.924797365
-3001032.9691391853 -2662943.474678023 -4948956.876838733
-2994384.337749971 -2670806.73406516 -4948746.793594299
-2993721.8071188456 -2675568.189214831 -4946575.139067711
-2991706.7628312125 -2681572.912137418 -4944542.280345152
-2993025.9653274086 -2688885.0636093062 -4939770.610622998
-2993877.380705011 -2693996.6957630916 -4936468.477821006
-2993734.2987985886 -2700589.0585017167 -4932951.924081335
-2994355.79753484 -2705038.560587949 -4930135.976167572
-2993669.063788312 -2709261.4543548417 -4928233.852858841
-2992009.6751528666 -2713654.865850901 -4926824.167030457
-2990120.7051993026 -2717654.037989271 -4925766.508690706
-2986070.7314926893 -2722741.392149262 -4925413.880883495
-2983313.0764672398 -2726909.4840712575 -4924779.056309207
-2980630.241667791 -2730096.197892778 -4924637.967679127
-2977433.8208574103 -2734344.3030584394 -4924214.665786443
-2974185.0706162904 -2738258.328754601 -4924002.994589791
-2967537.8733033687 -2741915.398093937 -4925978.067369514
-2961955.785176333 -2746933.07051197 -4926542.157821055
-2956177.158451492 -2749742.7128218077 -4928445.253945002
-2948669.627198742 -2754011.8182364763 -4930558.521572323
-2942642.352252026 -2758689.5967813693 -4931544.250571306
-2940441.140416439 -2761161.4504510737 -4931473.851120919
-2941980.436557994 -2762413.6534210835 -4929854.249194678
-2940480.5894198483 -2763130.623434765 -4930347.25562836
-2938956.3070387817 -2764500.6620180486 -4930488.101092908
-2937408.2387999003 -2764010.936283631 -4931685.0449653575
-2933063.0605038297 -2762722.6084065423 -4934991.982983079
-2927985.3231906225 -2762959.0739997854 -4937874.046852811
-2923650.52074346 -2763405.946167836 -4940191.920284145
-2918829.237722228 -2763482.428178552 -4942999.266656456
-2915189.7593868943 -2762932.714485643 -4945453.718516712
-2910653.2859850284 -2759308.2853836766 -4950147.092258729
-2903147.911951059 -2757296.59737751 -4955672.3736970965
-2896331.4129106198 -2758813.954047614 -4958815.474842692
-2892472.6591729787 -2759474.54082074 -4960699.867407719
-2887573.152486521 -2758460.7883522436 -4964116.876964338
-2883569.3988856054 -2756754.454385778 -4967391.005350261
-2879688.850589163 -2753910.4660045193 -4971218.187629993
-2872871.2187030213 -2751617.6161676752 -4976429.689560934
-2866600.036406173 -2750123.3287560963 -4980870.095466014
-2858661.50313195 -2747590.007539944 -4986827.103577788
-2851330.1030901666 -2747924.8402415127 -4990838.277844261
-2845220.8917758856 -2746350.5699492954 -4995189.44825331
-2840005.476454747 -2745724.2981669786 -4998500.572387934
-2835951.987912656 -2744392.117660825 -5001532.687764361
-2830693.521115746 -2743420.2759755356 -5005043.494204586
-2826384.6222436666 -2744223.162462106 -5007038.066736761
-2823572.4188485965 -2745612.4360648203 -5007863.031917275
-2820843.6294161137 -2748040.159251973 -5008069.238890465
-2818747.01452495 -2750315.8386715823 -5008000.504758252
-2814484.763566931 -2751051.599053364 -5009993.175144605
-2809233.1652828422 -2753791.17479268 -5011435.3421658445
-2805134.262436801 -2754096.687645785 -5013563.024915679
-2799915.5797213083 -2755410.569511946 -5015757.803149564
-2797196.4600515054 -2755426.790755443 -5017265.805661734
-2795197.4666578644 -2755958.0072983527 -5018088.0407180535
-2793632.508889244 -2758167.6541366177 -5017745.469526298
-2793610.1830109083 -2762674.689959667 -5015277.829077271
-2791882.875059671 -2766658.8397419876 -5014043.266309742
-2789349.9876730503 -2769460.8945624963 -5013906.062119379
-2788997.8618183625 -2769691.315964475 -5013974.664978232
-2790755.086003483 -2772887.909066099 -5011229.359518553
-2789776.1053217486 -2778211.702019406 -5008825.213654221
-2788747.7902800036 -2783204.6002974454 -5006625.501781767
-2785510.042110457 -2788915.2651771707 -5005249.888763153
-2781649.7917822488 -2794984.1125193997 -5004011.315598908
-2776844.6501749465 -2800987.9840105292 -5003323.005985462
-2770445.9195761075 -2807930.4822686077 -5002978.794023704
-2764593.4054974327 -2815039.1527810884 -5002221.393600011
-2758110.3241972863 -2822001.8282991787 -5001877.059727922
-2750418.5474236677 -2827428.7137327245 -5003047.639464129
-2740605.2552378 -2834512.652847562 -5004424.228201484
-2738529.32404938 -2840886.3157793586 -5001945.929549742
-2734723.956549159 -2848059.868910712 -4999948.0861881375
-2733527.3479388165 -2856577.610648521 -4995741.545797997
-2733148.250223 -2860076.270767347 -4993946.872734681
-2728011.868682532 -2864494.447337839 -4994223.043226837
-2716371.253268001 -2870976.101658765 -4996845.448692952
-2707956.1962294453 -2877836.9639190794 -4997466.222837687
-2699784.78036419 -2881321.121157312 -4999879.172188729
-2691150.660457017 -2883180.5953493137 -5003460.680101617
-2684608.469407171 -2887365.4115950307 -5004561.853540422
-2678504.286600465 -2888979.518307165 -5006900.551185797
-2669749.0427452424 -2892672.787533068 -5009443.601142399
-2661851.5441875695 -2896973.5655938527 -5011160.695583079
-2653473.7017410756 -2903582.8587986715 -5011778.616046308
-2649352.288355505 -2909355.1794863385 -5010611.329147519
-2646116.805923672 -2912534.535857546 -5010473.972275015
-2641573.152425011 -2917953.705863608 -5009718.400351882
-2638732.1517004054 -2922290.262760107 -5008687.777428336
-2633288.7391518713 -2924255.500237685 -5010405.291549337
-2627785.9188155155 -2926145.6924595376 -5012190.494322357
-2621625.4375686958 -2927086.6787413927 -5014866.363147421
-2617954.264438113 -2928022.5038033193 -5016237.702355386
-2615655.3407033775 -2928432.9650776912 -5017197.276138958
-2614724.693126078 -2931610.7616304005 -5015826.364762796
-2614588.8436459666 -2936303.7857946586 -5013151.329873257
-2613521.77186297 -2941818.4038367947 -5010473.972275015
-2610791.357435086 -2948680.610289723 -5007863.031917275
-2606564.3950493196 -2955214.9896969544 -5006212.881922982
-2601585.9144989764 -2962157.1390832015 -5004699.472781452
-2596945.541933698 -2969707.4724268676 -5002634.543962083
-2593363.164581629 -2979434.9823225117 -4998707.401189232
-2595665.257006576 -2987024.062660018 -4992980.084344322
-2595208.59655758 -2992611.805698083 -4989870.531461723
-2592663.733365489 -2999076.5156414993 -4987311.482053128
-2590260.702875307 -3006782.200749611 -4983919.269851314
-2587748.0543847685 -3013531.390511365 -4981147.414545216
-2584628.020895696 -3020441.5841608956 -4978581.286900157
-2581870.7897263397 -3025654.592636366 -4976846.24146822
-2577373.776522984 -3031082.536106522 -4975874.202127874
-2574181.3724879874 -3036981.931801976 -4973929.232251319
-2572176.77167265 -3041067.655689327 -4972469.725276152
-2569922.4130726755 -3044108.775909979 -4971774.48716397
-2566780.92528233 -3046531.201830902 -4971913.546902997
-2563222.2270982023 -3047484.957798467 -4973164.811918242
-2556041.1827263013 -3048980.047538739 -4975943.643362312
-2549821.5135923065 -3049768.641199638 -4978650.669004318
-2543403.9742868776 -3048899.184693664 -4982464.348608631
-2536996.537247994 -3050839.984828764 -4984542.60258268
-2533360.3925133254 -3055894.1327135367 -4983295.814146669
-2533575.7450463353 -3058652.0201914962 -4981494.029253813
-2533058.218660774 -3059983.5751738856 -4980939.427511756
-2532130.048225907 -3059623.2471835725 -4981632.664515251
-2529768.716613192 -3057965.072947561 -4983850.003067715
-2525305.790062609 -3056913.0356809916 -4986757.900576274
-2518613.4305715063 -3058257.554841805 -4989317.399765007
-2513035.2639827277 -3058221.9417102104 -4992151.171310971
-2507878.1260535996 -3057381.4228833346 -4995258.465772293
-2497398.8037028974 -3058406.199113631 -4999879.172188729
-2487575.2937420025 -3063253.9895664435 -5001808.188382443
-2479353.4710628144 -3067106.0886964113 -5003529.514873493
-2472479.25174095 -3071080.713031746 -5004493.041633181
-2465520.624696118 -3072414.4121572967 -5007106.8222244065
-2454946.59912883 -3074047.873871051 -5011298.02192752
-2447196.254363531 -3077539.4863899797 -5012945.461736005
-2442880.949261185 -3078173.588131459 -5014660.609559402
-2434690.31199873 -3080751.6791725056 -5017060.212508448
