-4876512.596875337 -4083474.912371175 366740.41575940314
-4875592.240141383 -4083428.0992463967 379283.8859720963
-4873868.926029922 -4084301.0627201446 391825.88089997094
-4872421.400217487 -4084970.25418 402701.776960639
-4869418.375184235 -4087665.380121097 411579.18749320775
-4865521.255553957 -4091057.414357276 423784.3132833056
-4862598.49525688 -4093672.913317698 431994.15817174414
-4859517.383102142 -4096444.214000257 440314.2115716039
-4857403.453716554 -4097853.7242628145 450408.1952716672
-4856229.119370066 -4098459.1577650527 457506.5817166001
-4854345.367275269 -4099336.166689311 469483.8098232224
-4852362.64239753 -4100709.5289505473 477911.23217501043
-4850319.131580008 -4102030.8802693784 487224.7727131652
-4847869.21604075 -4103298.0382726914 500749.7112050375
-4844936.653251497 -4105172.0160036697 513607.384098553
-4839325.002131251 -4110003.2035249546 527681.9030078413
-4834840.925260506 -4113899.205658366 538319.1925889336
-4829938.131000148 -4118309.5327632464 548511.8440491239
-4825087.573742549 -4122907.8367867 556598.4864137312
-4821059.861815706 -4126896.4213797897 561915.2391528619
-4817603.318379648 -4129914.7597666974 569335.8795988376
-4816344.036259397 -4130585.584621629 575094.6465622227
-4815467.120873426 -4130708.7776198 581517.3275851173
-4815048.993764272 -4130350.1080916757 587496.5295529449
-4815596.256196247 -4128777.4854264525 594028.7645765218
-4815233.923152858 -4128029.388694384 602110.1488875685
-4815407.578732287 -4126574.5887695495 610633.289306347
-4814751.479622979 -4125720.862762081 621479.3255113532
-4811971.046001971 -4127418.2875573733 631659.6646736715
-4809266.763545724 -4129033.987867588 641617.1164243704
-4804153.047758049 -4133390.7150918627 651794.2084043281
-4800149.940220406 -4136511.7628086116 661416.6520038795
-4794597.133181079 -4141506.71679768 670374.1083987999
-4787200.415040015 -4148850.9579427885 677782.3507719215
-4779640.4901304925 -4156489.395694217 684305.2597976037
-4771336.27346993 -4165235.7859668187 689058.7876019448
-4763486.645733105 -4173790.0927051106 691601.213098292
-4754652.555412357 -4183832.564897781 691711.7508121415
-4747413.579124051 -4192481.758574164 689058.7876019448
-4741669.045575126 -4199502.515313167 685852.9624584703
-4737123.051156715 -4205223.286551535 682204.7408545404
-4734285.142053516 -4209061.24680271 678224.6046811787
-4730524.661935689 -4213855.191523688 674686.4810318183
-4727399.2700115 -4218031.226509423 670484.6859445348
-4724480.527687445 -4221947.994919307 666393.1810117866
-4721166.728771326 -4226105.738316362 663517.9030833867
-4717425.7837261865 -4230920.989946202 659425.9259901945
-4712640.037157547 -4236285.401607763 659204.7301898503
-4708964.067808872 -4240714.440205735 656992.728053724
-4704152.541353368 -4246205.059675393 655997.3009591948
-4699520.651301633 -4251858.537371474 652568.4838932942
-4695657.171775237 -4256716.682528062 648697.0092755796
-4693661.915419458 -4259387.269187241 645599.6552249775
-4691218.04229539 -4262846.488100773 640510.8106262676
-4688702.363331563 -4266390.886035222 635310.9125810929
-4687070.356615095 -4268496.129617591 633208.7045987884
-4685378.6352520855 -4270696.898207362 630885.130562864
-4683257.093403807 -4273104.926208837 630331.8861462552
-4678885.169142628 -4278103.274809226 628893.4282084102
-4675188.475743615 -4282370.005766717 627344.2834549973
-4670514.888212953 -4287693.105883125 625795.1012459854
-4665891.052405269 -4293062.459090262 623471.25790555
-4660715.9493856495 -4299128.468608434 620372.6698870012
-4655907.306794286 -4305082.185525032 615171.1358756962
-4654096.485088478 -4307779.532111687 609969.1879158309
-4650675.331368497 -4312003.532617991 606205.820567972
-4649635.497953591 -4313605.666320286 602774.3289651489
-4647934.3583154455 -4315500.424414437 602331.5429807745
-4645106.280727784 -4318312.440590175 603991.9752674033
-4642568.0536740115 -4320637.8833383 606869.9597668697
-4639312.053082287 -4323806.987346597 609194.3945065107
-4636092.266728249 -4327009.458132384 610965.3374909315
-4632244.219538013 -4330533.334837877 615171.1358756962
-4628585.321787638 -4334081.805539708 617716.6193504032
-4624429.211658675 -4338073.741526746 620815.3344063456
-4618880.433543906 -4343489.567138209 624245.8816738682
-4614210.778691786 -4347908.184571093 628008.2072268245
-4609491.38279882 -4352430.987222339 631327.7226371386
-4605022.15999236 -4356580.304589219 635310.9125810929
-4601162.407191289 -4359781.962509172 641285.2267356076
-4597419.136630743 -4363092.8671430815 645599.6552249775
-4593278.040945734 -4366482.504714525 652126.0419487032
-4590315.114871063 -4368701.660187125 658098.7391452042
-4587305.753332295 -4370722.842298479 665619.0811978952
-4582457.058682528 -4374655.74467415 673138.4856923077
-4577132.920994623 -4379355.710735222 678777.4174190197
-4571479.817061185 -4384810.587392807 681651.9602335126
-4568124.996213612 -4387720.034481948 685410.7658726369
-4564734.695180972 -4390901.335624226 687621.7153526107
-4561099.941052683 -4394000.147084178 691932.8256076842
-4557417.252481878 -4397051.735260065 696796.2573284891
-4554087.4020327 -4399674.73859987 701990.8326845942
-4551261.240021629 -4402015.153574206 705637.8056622528
-4548500.359590594 -4404264.313649862 709395.0481322363
-4545613.194653212 -4406852.088262645 711826.071993564
-4543847.595353709 -4408064.330305554 715582.9023154299
-4542048.158988007 -4409397.315500339 718787.058517379
-4541066.745218459 -4409522.35124792 724200.5587653524
-4539076.143227952 -4410514.8416603375 730607.6905376436
-4536129.022242689 -4412425.209386909 737345.4177890295
-4531549.367173367 -4416444.290996279 741431.8292311361
-4529060.065256526 -4418644.459689442 743530.1366819987
-4526265.751009015 -4420855.090124437 747395.2256762544
-4523000.329637371 -4423222.070418891 753137.1281907852
-4519458.863578391 -4425935.630779907 758436.7953993182
-4516375.197199664 -4428323.804419799 762852.7782794395
-4513838.935795231 -4430165.646922394 767158.0036261538
-4510468.099188262 -4432888.913460758 771242.1196496809
-4506232.142354402 -4436618.0835945355 774553.3290445613
-4502988.793466266 -4439775.06782962 775325.914048868
-4500828.203076002 -4441984.617764456 775215.5454708028
-4499559.155065934 -4443058.125520172 776429.5868341946
-4496467.332391768 -4445433.324523156 780733.6843973439
-4493090.243668036 -4447835.764085762 786471.9181094407
-4489747.497972024 -4450270.953832323 791768.1743605856
-4486966.409617665 -4452485.18574644 795078.0525654386
-4480848.421929586 -4458070.392156965 798277.3943088831
-4476362.857144174 -4462633.533490583 797946.4373912491
-4472496.327387425 -4466567.714734054 797615.4782859996
-4470500.345327382 -4469096.116787263 794636.7480457724
-4469066.694632468 -4470470.913927894 794967.72679873
-4466979.800609686 -4473065.0970803965 792099.1719640921
-4464705.232822059 -4475003.042052074 793974.7840051398
-4463376.795114987 -4476014.5703428285 795740.0020784268
-4460093.445757516 -4478815.079367377 798387.712795134
-4457482.559501547 -4481039.617019396 800483.717787062
-4454274.305821191 -4484071.095570555 801366.2198831643
-4450692.0320823565 -4487508.482944546 802028.0862035574
-4447607.636376111 -4490821.362482702 800594.0314028723
-4445235.9477495365 -4493913.919317537 796401.9428651494
-4445272.514284953 -4494735.344398625 791547.5080855933
-4443944.533834944 -4496687.839248025 787906.375502477
-4444293.145391355 -4496883.603844389 784816.7246579959
-4443043.6262792135 -4498445.073557908 782940.7737257283
-4442622.234970402 -4498803.609782596 783271.8289033975
-4439070.042298901 -4502116.557824196 784375.3306483111
-4437222.230579832 -4504014.594273457 783933.932815676
-4434431.660905577 -4506685.276944526 784375.3306483111
-4431856.359723993 -4509102.6219875375 785037.4202285599
-4428349.853112596 -4512776.545287245 783713.2324664243
-4425735.792335773 -4515627.205624461 782057.9494271899
-4423795.366169606 -4518062.029212278 778967.944428105
-4421789.266384895 -4520272.419959695 777533.2359681234
-4420037.5619683135 -4522269.636208638 775877.7533958547
-4417235.646627531 -4525403.317537983 773559.9884813536
-4416835.170699792 -4526415.248301227 769917.5766375783
-4416177.280134531 -4527637.750118234 766495.6843504654
-4416442.6315701995 -4528384.133167669 760534.4334904195
-4417290.339691538 -4528462.647012853 755124.565536814
-4418949.338859912 -4527633.221209018 750376.6752731625
-4419630.409452256 -4527224.374593667 748830.7592038836
-4419545.369346915 -4527453.420762809 747947.3585135404
-4418393.37304243 -4528486.449248702 748499.4856548816
-4415595.59042896 -4531469.632222321 746953.5153081707
-4412948.5367719615 -4533974.700904115 747395.2256762544
-4407634.536086612 -4539122.612959394 747505.6526991853
-4403977.612714615 -4543124.168165828 744744.9089023978
-4399278.5067674015 -4548431.80983911 740106.5403967975
-4395860.687781909 -4552683.016459699 734252.7938339688
-4392691.383342035 -4556557.042366546 729171.6741429786
-4389682.150425544 -4560598.707406749 721991.0305781272
-4389567.160661674 -4561753.8805282805 715361.9192589005
-4389455.695834864 -4562913.021052996 708621.5185893627
-4391213.924086802 -4561871.400395968 704422.1739521885
-4391875.700838378 -4561762.07265682 700996.1632242836
-4393171.5748558715 -4560717.764825278 699669.9103759535
-4391933.000461263 -4562299.671671786 697127.8400141896
-4390516.3633995205 -4563696.746673565 696906.7851026905
-4389250.197403147 -4564931.399305958 696796.2573284891
-4389706.618399926 -4564289.832210127 698122.5766003616
-4389696.742417588 -4563960.685829379 700333.0406401241
-4387628.642528619 -4565796.2418542085 701327.7216340866
-4386202.516807342 -4567183.258491219 701217.2023777439
-4384838.737857538 -4568475.639625481 701327.7216340866
-4384293.957410584 -4569184.903806047 700111.9980717094
-4383060.10081331 -4570453.1302085 699559.3879191014
-4382098.971619675 -4571526.768604178 698564.6762220624
-4381204.347559217 -4572350.377629111 698785.7247562779
-4380573.4259673245 -4572650.400630858 700775.1232166806
-4379682.146239159 -4573317.632609914 701990.8326845942
-4378537.503422247 -4574039.760645874 704422.1739521885
-4377489.248744953 -4574223.113341401 709726.5575527297
-4374088.99244197 -4577062.733836056 712378.5627931311
-4369700.982569417 -4580787.230095509 715361.9192589005
-4364272.456922628 -4585821.497776886 716245.8462524449
-4360826.9577342365 -4589253.168032384 715251.4274037513
-4357412.964185332 -4592718.300319686 713815.0134721624
-4354236.645609614 -4595952.677878997 712378.5627931311
-4351916.382225589 -4598645.124600564 709174.0407713808
-4350704.620515066 -4600097.800241709 707184.9356711787
-4349931.432569866 -4601371.123107527 703648.5766153715
-4348735.081081023 -4602518.700679021 703538.0618524682
-4348476.576166224 -4603049.719909635 701659.2781211598
-4347225.446528558 -4603978.395909142 703317.0316837654
-4344611.583341937 -4605717.044485029 708068.9910108834
-4340457.955676677 -4608882.191547281 712931.0481676253
-4334473.487762526 -4613808.619490154 717461.2230651407
-4327599.888874223 -4619723.286106828 720886.2334780315
-4321209.974289636 -4625183.121648666 724200.5587653524
-4314116.26360431 -4631020.4635406565 729171.6741429786
-4306342.034871264 -4637745.796621504 732375.0436903189
-4299589.901991393 -4643622.421884839 734805.0609937451
-4293124.919468014 -4649320.456229274 736572.278280121
-4287131.0159845585 -4655040.09219513 735357.3225576609
-4283174.4592098575 -4658733.130460496 735025.9662910502
-4278369.476851739 -4662971.963987438 736130.4793380897
-4275054.246011084 -4666220.495861783 734805.0609937451
-4271651.078928834 -4669700.531101813 732485.5013674905
-4269947.882176554 -4671275.294700107 732375.0436903189
-4266877.701055922 -4673646.342019687 735136.4186038671
-4263793.169602414 -4676164.995177126 737014.0736321883
-4261167.138289072 -4678366.549818484 738228.9923220424
-4258741.439138626 -4680295.7309576655 739996.0981943799
-4257105.541799371 -4681451.614217282 742094.4614558741
-4255130.055359688 -4683054.617123768 743309.2660598516
-4255317.219176479 -4682603.742785329 745076.2056548281
-4254575.329621465 -4682608.306717527 749272.4540755661
-4252750.223134802 -4682898.093041474 757774.36603214
-4248193.414762409 -4685433.24027516 767599.5451366004
-4241060.427622892 -4690711.309766377 774774.0687974368
-4234216.39356763 -4695976.63208224 780292.2551074575
-4227864.879611705 -4701126.793546727 783713.2324664243
-4220072.635261528 -4707478.414230666 787575.3504707759
-4213934.207152749 -4712863.386688859 788237.398374088
-4208703.883890722 -4717608.50711823 787796.0340652084
-4203696.963783464 -4722272.882957666 786582.2624242075
-4201065.668284425 -4725291.842511959 782499.3634833626
-4201651.166508893 -4724953.867033065 781395.821196749
-4202630.690466128 -4724228.59130019 780512.9702279164
-4205873.408295562 -4721232.394311159 781175.1098820291
-4207834.087809828 -4718954.188179409 784375.3306483111
-4209984.300374001 -4716226.084599095 789230.4540193054
-4209651.693045636 -4715522.141458853 795188.3780899525
-4208434.845957121 -4715318.5366402315 802800.2524606561
-4205786.96539932 -4716492.682232472 809749.208165532
-4201103.6865271125 -4719028.002030705 819233.5021826227
-4195464.5987652065 -4723140.48685542 824416.0005331394
-4188964.7922877152 -4727941.765981598 829928.6875754714
-4181924.989057083 -4733627.523912167 833015.5165188026
-4174541.4798295065 -4739421.660344171 837094.2352228751
-4167085.9077161844 -4746133.678467766 836212.3796184871
-4159928.5055400096 -4752350.103736125 836543.0773814925
-4153707.239674965 -4758465.424938153 832684.7943489538
-4149696.4081448456 -4762924.1546760695 827172.422795282
-4146729.425248315 -4766232.864191298 822982.5988941675
-4143626.683885363 -4769386.481607836 820336.2076914721
-4143139.8412894313 -4770339.404207067 817248.5694019623
-4143309.20337344 -4770870.778840272 813278.4620589545
-4145715.0907029402 -4769099.665684046 811403.5774448066
-4150087.000073142 -4765051.351704769 812837.3191730726
-4152129.5622910834 -4762023.875211604 820115.6685877368
-4151218.6793271396 -4761482.483742823 827833.9407246632
-4148684.8046151046 -4760924.153255678 843597.4151824045
-4140478.953811964 -4766099.412209467 854617.7075024565
-4131511.662570664 -4772408.039750894 862771.0496786574
-4117769.9933320265 -4783632.706828103 866296.3743308643
-4106919.018154449 -4793825.489852774 861448.9834918319
-4099393.851238981 -4801639.885318449 853736.1794741167
-4092561.7059257706 -4809253.901000394 843597.4151824045
-4090299.596752501 -4813059.59218695 832795.0353259319
-4091216.7908577938 -4813628.062923181 824967.2975589349
-4092775.3109142943 -4812567.3758274475 823423.6500682458
-4094725.5997576127 -4810775.932580468 824195.4799646658
-4096058.654277922 -4808940.123544468 828274.9476345791
-4094292.643173438 -4809586.939214715 833235.9966966691
-4090811.8062935625 -4811109.229195908 841503.2681072355
-4084265.004163149 -4815488.822506096 848226.2528871899
-4075564.701589729 -4822096.650335362 852524.051262083
-4067728.0797321335 -4827674.438711382 858364.0155385507
-4055587.048122173 -4837545.545221053 860237.0562906621
-4046149.828488911 -4845324.241695737 860898.1114248007
-4037179.248832367 -4854008.105860995 854066.754436139
-4028071.933743512 -4862359.973565982 849548.6943378953
-4023968.4792348547 -4866390.012220314 845911.8908531256
-4017999.457025944 -4871797.244943853 843156.5498154599
-4014717.7595110903 -4874920.767732231 840731.7168985889
-4008090.5057377545 -4879876.524965814 843597.4151824045
-4002491.752608144 -4883303.850428398 850320.1013118366
-3994800.1162022804 -4888694.520841303 855499.2188695839
-3987383.2162663825 -4894070.287564617 859355.6347719784
-3978408.6317766462 -4900846.059604614 862330.3651518932
-3970068.443647397 -4907352.826898896 863762.574485922
-3959572.96984972 -4915573.309333418 865194.7393531565
-3952368.685882776 -4921909.089165117 862110.0213122919
-3945223.738180701 -4927792.192571937 861228.6354520215
-3937382.8251569136 -4934040.225133034 861338.8096031161
-3931192.485412106 -4938646.793589226 863211.7300003801
-3922518.060332019 -4945616.157993413 862771.0496786574
-3916094.4878823813 -4950991.815589658 861118.4610385819
-3909305.0243394915 -4956794.1347107785 858584.3771993712
-3903991.249430053 -4961266.117636297 856931.639261635
-3899009.543645182 -4965448.135309383 855389.0308604406
-3895099.2761321184 -4968497.128467378 855499.2188695839
-3889838.923210752 -4972502.752256824 856160.341450671
-3883874.3248177497 -4976859.336878678 857923.2890795066
-3877859.593705755 -4981509.353861404 858143.6528318396
-3865717.1418493805 -4990843.178852209 858694.5576374886
-3858781.4782090858 -4996283.304548745 858253.8343159148
-3849958.9905649726 -5003065.85883061 858364.0155385507
-3842330.35723835 -5008870.339959738 858694.5576374886
-3835480.6167881642 -5014060.761529489 859025.0973822664
-3828500.462651934 -5019806.7482023155 856601.0846224827
-3820422.4280973063 -5026295.061465684 854617.7075024565
-3814744.852370853 -5030661.606569997 854287.1364433918
-3808832.547069389 -5035083.336192973 854617.7075024565
-3803390.8188280105 -5039213.8456256315 854507.5174097214
-3798118.903862491 -5043020.412276349 855499.2188695839
-3792677.5453349724 -5047151.289443239 855278.8425907305
-3787209.084302038 -5050695.122357842 858584.3771993712
-3780467.018185845 -5055293.795803214 861228.6354520215
-3773112.879006038 -5060728.803350823 861559.1571181351
-3765433.106247197 -5066464.267239874 861448.9834918319
-3756921.8934130203 -5072928.377020205 860567.585037379
-3751245.531754267 -5077667.82793683 857372.37512584
-3747877.181826277 -5080340.38362094 856270.5276349098
-3743335.870692613 -5083650.351739175 856490.8992208493
-3739812.656778106 -5086112.840582548 857262.1915514605
-3737051.116353964 -5088309.221859598 856270.5276349098
-3734972.8615904027 -5089760.75306531 856711.2697631804
-3731463.302455085 -5092241.565103464 857262.1915514605
-3727943.983156864 -5094335.718185032 860126.8795176257
-3723221.509504156 -5097583.549706379 861338.8096031161
-3719137.251779102 -5100210.207959109 863432.0685836799
-3713580.9661726677 -5103996.148031435 864974.4091939004
-3708350.5326734213 -5107480.13114175 866847.1819259791
-3703294.920497286 -5110829.042805688 868719.8783456571
-3696833.5225781472 -5115616.931615186 868058.9353923318
-3691252.0426979233 -5119365.3567186445 869711.2749110435
-3685772.2197205247 -5123442.8941473495 868940.1905467723
-3677710.952831365 -5129213.842598731 869050.3462503054
-3674230.8890681714 -5131165.313675332 872244.7463599036
-3670247.582128631 -5133358.83197827 876099.7591767973
-3665114.5794602414 -5136215.045544322 880835.4700805998
-3660353.75281444 -5139212.086968874 883148.0789823866
-3655545.2182253543 -5142141.033565252 886011.1446444892
-3650509.033752354 -5144938.18582301 890525.6080274639
-3643779.7103127465 -5148961.896289725 894819.4305387421
-3637414.0003279382 -5153116.363702306 896801.0550628473
-3632140.4708653814 -5156143.98044286 900764.038383341
-3625891.298651827 -5160078.603765962 903405.8298005861
-3619466.0718290773 -5164144.05163855 905937.3978395896
-3613468.552650256 -5167859.366840365 908688.9366378146
-3608009.4165882445 -5171575.493404264 909239.2236540369
-3602853.686318508 -5175149.292680616 909349.280226505
-3599999.010482382 -5177212.8079902725 908909.0522749458
-3597495.682056242 -5179203.508974454 907478.2808494085
-3595054.668222404 -5180512.159416877 909679.4482817538
-3591102.312295219 -5182923.994786527 911550.353460519
-3589210.765831477 -5183671.930035165 914741.7122909273
-3586303.8351223115 -5184885.658832753 919253.2333462072
-3579999.1627044845 -5188341.731512374 924314.3794631633
-3574215.5671745003 -5191581.7765596565 928494.8770247165
-3566039.086003884 -5195998.285216809 935204.8209438247
-3558477.5741650527 -5200724.2106037205 937734.5250147871
-3546616.3388419137 -5207926.780175454 942683.5086023896
-3535549.043822166 -5215903.011552913 940154.1005608747
-3520541.8158155275 -5226498.497385268 937624.5410204715
-3515924.480346606 -5230078.335772143 934984.8395489294
-3510426.965456683 -5233926.972281088 934104.9025795208
-3506489.504935726 -5236349.735808275 935314.8112139698
-3501628.0962069216 -5238775.188835825 939934.1448699799
-3495710.8849869827 -5241399.170293983 947302.0353747129
-3486006.081461778 -5246463.624680939 954998.4475962433
-3472779.9936769386 -5254366.470651977 959725.5376436973
-3461142.155632977 -5261477.5190226035 962803.3523622875
-3449286.9489430063 -5268854.938027245 965001.6507122519
-3436706.3050033376 -5277129.794931404 964671.9134490975
-3427683.6918150247 -5283215.388136936 963462.8541975046
-3420202.166389009 -5288041.760204511 963572.7701430296
-3412047.6550822337 -5293447.03422333 962803.3523622875
-3405304.871374533 -5297186.900857397 966100.7558105278
-3398342.1017465983 -5301395.904136784 967529.5484367594
-3391803.205236721 -5304838.691440448 971595.839195649
-3384880.775376231 -5308290.432219073 976870.4231881761
-3376711.204796483 -5312234.120519627 983682.4122596378
-3368068.0890167067 -5317066.747491684 987197.8274214168
-3356918.04652188 -5323480.79198384 990603.0922194994
-3346535.9273009873 -5329461.460835263 993568.7317721832
-3336251.9546491867 -5335802.985101897 994117.9000889009
-3327817.4526182027 -5341373.845919367 992470.3724435547
-3320972.7885862794 -5345550.582099724 992909.7198047647
-3313978.501804292 -5349276.936542792 996204.6706125861
-3304778.4132328476 -5353817.89638498 1002354.5140209055
-3294161.6765232147 -5359822.176495475 1005209.4733303472
-3282464.5839226437 -5366581.920032833 1007405.45505286
-3270460.523942498 -5373679.222735056 1008613.1926954607
-3257775.2016483606 -5381769.688367592 1006527.077078787
-3248214.9227099735 -5388241.4113396155 1002793.7519794924
-3240052.9398936927 -5393846.208014049 999060.0737586858
-3233482.127882907 -5398477.599780548 995326.0437311355
-3229148.8366686786 -5401717.231757096 991811.3423326954
-3227396.1276308624 -5403066.818387962 990163.7194869829
-3225999.2120029177 -5403941.237562502 989944.0313108638
-3222187.3155768486 -5405913.04746799 991591.6632117348
-3219421.056282441 -5407278.712417635 993129.3916707584
-3216228.7454907517 -5408572.105706298 996424.3242990049
-3212545.1656180895 -5410112.505219771 999938.6179803693
-3205719.3741184613 -5413672.450473495 1002574.1336110022
-3197826.674075352 -5418663.175492133 1000817.1427077348
-3191769.1545690224 -5423526.092861831 993788.4000070797
-3188854.936123108 -5427021.797368193 984011.9954826738
-3190193.5561814466 -5427564.7907235455 976650.6625177924
-3192863.1591564147 -5427118.475564865 970386.9841894093
-3195540.506781205 -5425817.419268447 968848.3897306172
-3196255.2915045056 -5425082.081658167 970606.7786704022
-3195316.564443521 -5424787.590253359 975332.0735144581
-3191242.6514038094 -5426314.089616158 980166.6902595453
-3186486.647668224 -5428412.681159966 984011.9954826738
-3181092.635993992 -5431376.231962074 985110.5867374839
-3175445.960274011 -5434559.963652546 985769.7270885832
-3171979.890428988 -5437339.041459278 981594.9892581991
-3168457.4366469793 -5440459.784885723 975661.7247784435
-3168035.7023431654 -5442137.877407172 967639.4534997073
-3170874.0922359256 -5441769.838261303 960385.0886891979
-3176863.892421619 -5439165.811108722 955328.2620616574
-3182179.7024390376 -5436713.107245136 951590.2116425631
-3188379.0245827488 -5433156.824179953 951150.4189493768
-3193003.2381742676 -5429958.372664787 953899.0471408474
-3194940.222486547 -5427830.765165274 959505.6849560472
-3193505.536015864 -5427993.598776879 963352.9379584918
-3190027.9783706027 -5429452.062583537 966650.2973258417
-3182953.2273160294 -5433465.651580325 967419.6430790855
-3176985.4148996156 -5436976.783599004 967309.7374267187
-3170647.683660943 -5441162.965157552 964562.0004402898
-3167367.7187448475 -5443830.851816131 960275.1642461277
-3165190.7133780587 -5446429.209560357 952689.6730798734
-3165066.188911532 -5447746.883305506 945542.6564910617
-3167703.160051007 -5447469.136960886 938284.4407009399
-3170552.7670582393 -5446680.397164037 933224.9473992566
-3172147.38661303 -5445921.401102506 932234.9760751558
-3172576.70038867 -5445784.253190255 931574.9824120386
-3172848.593889363 -5445813.908861165 930474.9702751666
-3173182.7707254705 -5445731.930922569 929814.9493858324
-3172253.7662410056 -5446104.0329357805 930804.9768938612
-3170360.6954630227 -5447225.066419298 930694.9749711244
-3168716.806371745 -5447899.379616608 932344.9740252917
-3165373.8809393924 -5449371.23455971 935094.8303888
-3161703.2241752343 -5450934.748202217 938394.4229808514
-3155593.9442919986 -5453772.115272046 942463.5661014921
-3150287.8015723904 -5456458.530787844 944662.9393898995
-3142559.0896534068 -5460665.930602385 946092.4703194418
-3136932.437358899 -5464337.493639377 943563.2671169862
-3132413.504455562 -5467289.429048257 941473.8106403275
-3129869.9269577893 -5469708.620622805 935864.7582903265
-3128696.841448179 -5470980.709500076 932344.9740252917
-3127323.2654661555 -5472345.944318196 928934.9056733195
-3127237.5239003473 -5472861.085275413 926184.6524250233
-3128551.3649510504 -5472277.6300742235 925194.5180620984
-3129609.1584044825 -5471467.982728455 926404.6791808596
-3127335.706967789 -5471702.640257532 932674.966171514
-3122888.7098556887 -5473452.83732573 937294.5873239589
-3117718.997679297 -5476154.290397123 938724.3681053434
-3113904.712396477 -5478568.909732562 937294.5873239589
-3108006.7734558205 -5481992.180783654 936854.6450648701
-3102090.332996717 -5485829.934983288 933994.9091775423
-3098100.571827179 -5488831.122750965 929594.940156461
-3095631.324627969 -5491171.15678655 923984.3228418636
-3092371.2452913825 -5493229.659618984 922664.0710341587
-3089139.711509757 -5495563.970055074 919583.3261896003
-3086299.3049086793 -5497472.226235344 917712.7667692198
-3084534.675104208 -5498149.99288614 919583.3261896003
-3080865.720488039 -5499930.525510628 921233.7525721175
-3078635.78006385 -5500902.438917489 922884.1158142692
-3075909.4462441728 -5502113.347054166 924754.4510162014
-3072598.176831787 -5503630.0936445445 926734.7171980373
-3068709.3635338917 -5505465.692536377 928714.8919148233
-3064396.403448985 -5507216.925179711 932564.9690735041
-3061115.9173405473 -5508107.241223165 938064.4752836978
-3055380.692089198 -5510464.854299692 942903.4499546554
-3049401.493284111 -5512832.8397954935 948401.6096722926
-3040882.8519650265 -5516284.08681057 955658.0739079845
-3032815.80949895 -5520094.19846305 959285.8310992684
-3022107.889112595 -5525715.506957746 960714.8602629746
-3012779.168308938 -5531569.3215663945 956317.6897397621
-3007849.3278618255 -5535160.832821852 951040.4700516541
-3004485.6242192364 -5537722.21539082 946752.2374026532
-3004047.362891945 -5538297.987596331 944772.9050350595
-3004859.9345120937 -5537950.935194208 944223.0739319879
-3005217.312061721 -5537456.72683738 945982.5081300243
-3004297.99370578 -5537145.824244977 950710.6216203986
-3002349.130085161 -5536781.0141675295 958956.0481225699
-2997053.420811977 -5537850.898803797 969287.9940539942
-2988124.4029221577 -5540974.157166254 978958.0901534195
-2976453.5614207983 -5545948.072430683 986319.0024570335
-2964013.9416329707 -5551804.443496596 990822.7767753619
-2955370.269124657 -5556371.335197599 991042.4601239369
-2946436.4653034722 -5561563.558639053 988516.0287765191
-2941021.619566701 -5565188.295305 984231.7161326841
-2939100.747836553 -5566726.689514804 981265.386279458
-2940898.559177354 -5565660.85609551 981924.5895458421
-2941183.7653582315 -5565024.867617312 984671.1538346678
-2942520.7717635934 -5563558.185711096 988955.4195952606
-2940343.766728087 -5563435.503049011 996094.8433141679
-2939508.173930823 -5563029.547131329 1000817.1427077348
-2939890.5793580865 -5561638.124737289 1007405.45505286
-2937250.139063733 -5561575.798524963 1015419.7446531693
-2931887.161203991 -5562936.708737972 1023432.3859165043
-2925981.7202150575 -5564911.610230865 1029577.9442495138
-2920699.1077543176 -5567361.013063651 1031333.6376663046
-2916675.666652445 -5569612.081685884 1030565.5316844952
-2915209.1050892384 -5570359.537570063 1030675.2620525202
-2916428.1214330415 -5569375.894964058 1032540.6302455355
-2915950.1563234422 -5568463.145789658 1038794.4357858527
-2914265.176048282 -5568319.320235435 1044279.3838648085
-2912214.9229993876 -5568422.797476212 1049434.5100133135
-2907661.241356729 -5569890.759480625 1054259.9456320964
-2905389.50532633 -5570514.98626667 1057220.7007612304
-2900934.9465005524 -5572169.28060239 1060729.4398115322
-2900806.6116771656 -5571922.772709696 1062374.0474094537
-2899102.0104384613 -5571972.1019263 1066759.3113850383
-2898355.748897836 -5571012.740141261 1073774.6514118407
-2895032.9670824814 -5571511.628480655 1080131.1463014288
-2893359.4252472017 -5571380.148882984 1085281.2874853257
-2890075.655937429 -5571950.344500557 1091088.017246067
-2886277.1833993546 -5572477.237958297 1098427.263420278
-2881679.495244035 -5573839.516943617 1103574.7940433559
-2877406.5186727317 -5574873.000195435 1109488.0612208536
-2873530.423847821 -5576195.563024234 1112882.269662788
-2870476.2886319724 -5577199.671818926 1115728.7739699462
-2867092.595485596 -5578040.414449376 1120217.0252594377
-2863431.9174134494 -5578818.987504811 1125689.725898627
-2859689.740409473 -5579675.991547505 1130942.7120527197
-2856948.5346021405 -5580324.8764240015 1134663.0972223107
-2853114.555055142 -5581238.407216326 1139805.3244066988
-2848045.8345154873 -5582617.563900131 1145712.4681754794
-2841149.705598276 -5584983.395522445 1151290.5029215727
-2833283.573294474 -5587848.9132584315 1156758.2789400124
-2825723.7101227976 -5590587.390667057 1162006.5151987588
-2818126.0123955226 -5593488.249954899 1166488.7379980145
-2811821.413243907 -5596523.45380931 1167144.622994664
-2805788.4432116337 -5599368.1389631 1168019.1164124622
-2801374.1064966577 -5601782.993058848 1167035.309717193
-2797935.7055163304 -5603705.983298114 1166051.4742264817
-2795829.2413501623 -5604870.936311435 1165504.8865203247
-2793185.7031634846 -5605938.685508119 1166707.3677519173
-2790052.3546848968 -5607248.48238533 1167909.805980184
-2788160.196048881 -5608598.98787358 1165942.1573955165
-2787735.7327779387 -5609218.67062764 1163974.393736971
-2786905.680807676 -5609267.901872768 1165723.52266812
-2785092.6454369896 -5609303.608054452 1169877.3392967752
-2781099.3772877855 -5610599.926757247 1173156.3048123938
-2776838.325160401 -5612092.48035416 1176107.098810595
-2770178.754794711 -5614649.149737434 1179603.9978894303
-2763102.8191862125 -5618088.872587047 1179822.5418760255
-2755803.59197866 -5622314.193095372 1176762.7953652574
-2752345.3662148057 -5624943.646430621 1172281.945419136
-2748570.2789724013 -5627176.06079773 1170423.8558464695
-2746249.0608420484 -5629148.793413383 1166379.4225880473
-2745283.92344625 -5630162.497012963 1163755.7462355765
-2743827.6490704315 -5630917.532282432 1163537.0973161806
-2741531.907612284 -5631696.593584198 1165176.9296359671
-2737653.4449845804 -5633469.9150578845 1165723.52266812
-2732620.1539295064 -5635867.899440703 1165942.1573955165
-2727968.5778960907 -5638301.6859886935 1165067.609964604
-2724513.7954486753 -5640197.6196880285 1163974.393736971
-2722048.0035179066 -5642131.262686184 1160366.5288017353
-2718883.807899565 -5644128.343221538 1158070.4142602317
-2717160.89385416 -5645339.011040346 1156211.5409109471
-2715314.9125998085 -5646294.29573232 1155883.4938668155
-2714210.9172794526 -5647026.441011566 1154899.333724497
-2712892.0799690867 -5647816.622781464 1154133.8561338452
-2711625.2324545924 -5648715.266454824 1152712.2091987194
-2709241.4666918064 -5649814.328849549 1152930.9279761463
-2705853.556493105 -5651348.419087976 1153368.3613162995
-2702156.9173665913 -5653250.707043877 1152712.2091987194
-2698374.0039691804 -5655480.476273886 1150634.3107991489
-2695808.9292611512 -5657724.700495034 1145603.0858566228
-2694803.8449067627 -5659175.876273605 1140789.9188187954
-2695331.003870205 -5659519.493745337 1137836.0512360935
-2694917.421548541 -5660177.875188079 1135538.4239494188
-2694336.539353958 -5660739.571457027 1134116.006783545
-2691355.2171189664 -5662113.78877039 1134334.8439956992
-2687636.202715378 -5664230.387353512 1132584.1076205925
-2684061.1064205673 -5666907.499153128 1127659.6884887062
-2680778.783467594 -5669438.525197598 1122734.5737596664
-2678465.898725528 -5671461.494023866 1118027.70590403
-2676150.587267071 -5673737.820334124 1112006.376051996
-2674714.5500466935 -5675570.472041237 1106093.5279903433
-2671474.07533998 -5678457.595760567 1099084.4362174901
-2667478.5956263365 -5681287.09172653 1094155.3469488926
-2661454.099639302 -5684953.569103533 1089773.367563253
-2654132.6732326355 -5689213.253196186 1085390.8570353126
-2647951.796244253 -5693591.473395393 1077501.0064246429
-2644233.0199379427 -5697033.120304269 1068403.6514473718
-2639693.480425758 -5700795.52381788 1059523.3480276722
-2636476.251183365 -5703765.707683822 1051518.2969383774
-2630792.177824079 -5707939.446718413 1043072.7633753694
-2627174.0712487055 -5711360.938547312 1033418.4191287017
-2624631.00008617 -5713973.385726671 1025407.8508544589
-2620595.083801157 -5716493.669970922 1021676.3322792549
-2613487.2453990276 -5720216.657741993 1019042.1024803814
-2604992.5599232614 -5724870.08208449 1014651.322375517
-2596884.7112961854 -5729850.456324146 1007295.658879806
-2589243.1380818277 -5734537.8859991105 1000268.0670385417
-2583714.9842894417 -5738308.824756248 992909.7198047647
-2579644.6348209917 -5741577.624199191 984561.2948590104
-2576713.496809913 -5744169.50744761 977090.1826682729
-2576114.2583271507 -5745518.7288888935 970716.6754674198
-2575882.5370328543 -5746345.123610141 966430.4816028572
-2575259.238369445 -5747104.34669771 963572.7701430296
-2570603.1355513074 -5749077.897275526 964232.2596510658
-2564134.151439618 -5752113.365568153 963352.9379584918
-2556178.3945247126 -5756405.747839296 958846.1198793965
-2549642.5120873274 -5760379.7444355935 952359.837694318
-2543641.0675889645 -5764208.8744815895 945212.7647374205
-2539792.743582241 -5766929.630629729 938944.3300919681
-2538108.5752413 -5768563.634752954 933444.9379006524
-2537398.83688746 -5769408.851337559 930144.9611055221
-2535667.3100099335 -5770116.863863193 930474.9702751666
-2530783.008349001 -5771852.399115717 933004.9557607548
-2524161.6321557136 -5774555.531243157 934214.8956969549
-2515989.0170662045 -5778103.258741226 934324.888529811
-2507530.9241561485 -5782098.452448763 932344.9740252917
-2496960.053988589 -5787307.925409589 928384.8691553925
-2491647.1741086915 -5790546.811852788 922444.0251298101
-2486972.826953007 -5793324.812698348 917602.7313445681
-2485979.9632135457 -5794359.59841073 913751.3156248875
-2483500.8435581266 -5795838.408618816 911110.1476907058
-2482596.6652187416 -5796243.0611340655 911000.0955543186
-2480942.5079663955 -5796014.294336304 916942.5129279576
-2473443.220876858 -5797784.848301771 925964.6245406594
-2464459.2831832385 -5800834.727564782 930804.9768938612
-2452577.046802614 -5805497.680334527 933114.9517221274
-2442928.4052230325 -5809793.877681722 931684.9820655221
-2433302.114663824 -5814430.3420238 927944.8348504106
-2427460.801388698 -5817571.75187312 923544.2434064897
-2423873.8733014865 -5819833.426308134 918703.073007255
-2422137.718128599 -5820816.480091406 917052.5500292131
-2419634.764249035 -5821388.620109411 920023.4460589391
-2417102.932489005 -5821603.381620198 925304.534119081
-2409872.055845165 -5823407.06865705 932784.9629854147
-2399808.614882354 -5826412.568231328 939934.1448699799
-2389349.0090818554 -5829892.010468557 944992.8354619624
-2379344.7946380414 -5833607.648959928 947302.0353747129
-2369804.3525769473 -5837293.3916837 948511.5655136551
-2360400.7716141795 -5841316.321502299 947192.0763572964
-2354436.6822893554 -5844167.717919524 944443.0072363316
-2351427.899953502 -5845822.499604857 941693.7583067493
-2349862.724962131 -5846646.556743624 940484.031949228
-2347172.659499475 -5847620.857278606 941143.8869898589
-2343655.246726449 -5848304.2163600465 945652.6198329291
-2338821.7641086723 -5849544.077829365 949940.9651462601
-2331031.217639668 -5851973.302284384 954118.9295575923
-2325130.705658653 -5854391.877436234 953679.1635618053
-2318976.102021179 -5857065.048423842 952249.8919855442
-2316333.0490974714 -5858752.866052751 948291.6535420304
-2314571.338993574 -5859680.238333388 946862.1975739937
-2311286.8782962575 -5861242.768866769 945212.7647374205
-2309818.3364232806 -5861715.225094422 945872.5456524441
-2307139.9975645784 -5862716.690144376 946202.432220663
-2305616.662589746 -5863049.524000758 947851.8261326549
-2302679.0346848667 -5864292.720950899 947302.0353747129
-2297717.2230211925 -5866398.334268532 946312.3938336544
-2292264.024739871 -5869362.386568493 941143.8869898589
-2286452.302588638 -5872016.129806895 938724.3681053434
-2279071.045606222 -5875795.939411548 933004.9557607548
-2271309.888829974 -5879514.406159919 928494.8770247165
-2264895.322091213 -5883061.064092821 921673.8556150857
-2256960.1554990015 -5886951.556763662 916282.2844559471
-2250056.95136856 -5890157.3106695535 912650.8484431705
-2243909.2550799237 -5892876.556202506 910229.7228313041
-2236648.549346253 -5896077.2705940865 907368.219573008
-2229165.7971480684 -5899316.105149749 904726.6660964579
-2224072.4770190967 -5901406.8424238935 903625.9719367274
-2221945.028955813 -5902628.83087591 900874.1161844063
-2216114.0167220337 -5904635.670460714 902084.9538769006
-2209553.950623623 -5906891.75844334 903405.8298005861
-2201562.4197950126 -5909403.00929777 906487.7194142138
-2191580.9896933385 -5912875.599732908 908028.5830842354
-2181904.7338316427 -5916537.492678439 907478.2808494085
-2174000.625080072 -5919598.153312662 906487.7194142138
-2164732.037232895 -5923094.8878366975 905827.3326966377
-2155745.6084745624 -5926724.296622163 903515.9010062701
-2147313.1803907156 -5930270.170619451 900323.7244355308
-2138826.642059943 -5933669.8853754485 898122.0889183701
-2129303.534175115 -5937443.1743337335 895810.2538524107
-2122558.4469668586 -5940487.235590535 891626.6275720855
-2116435.498456878 -5942984.928185906 889534.6672427972
-2110858.9959575473 -5945707.205141092 884579.6345826697
-2106566.9538090657 -5947441.9828788005 883148.0789823866
-2099092.671799085 -5949756.762250146 885350.453356202
-2093854.6084394937 -5951126.27692379 888543.7045097423
-2086779.9359127537 -5953577.848064412 888763.9203459433
-2082837.4247296182 -5954645.665172175 890855.9167407074
-2074585.671282102 -5957063.784164972 893938.6801683343
-2066819.9625648337 -5959199.922845388 897681.7486743391
-2058586.0520967294 -5961999.572819843 898012.0042676539
-2054486.5086866973 -5963280.820705408 898892.6738111634
-2050594.3360179025 -5964487.5581407305 899773.3258302974
-2047249.5258540509 -5965254.049970356 902305.1026136539
-2042197.1182069615 -5966468.650897455 905717.2672777552
-2037810.993768919 -5967247.980387093 910449.830710456
-2029818.7138580289 -5969382.688775817 914301.5387799195
-2021936.493544864 -5971837.955105069 915732.0863866202
-2014463.1834671043 -5974126.715832878 917272.6233936403
-2008648.6990644 -5976168.620079293 916722.4378875297
-2004763.5931925897 -5977388.632988664 917272.6233936403
-2001414.711380281 -5978477.005602438 917492.6956403985
-2000348.3721778248 -5978411.100175088 920243.5043122114
-1997535.5341877814 -5978672.550086798 924644.4335504026
-1995060.5845402286 -5978902.200851997 928494.8770247165
-1990350.664250487 -5980078.404180077 931024.9798886831
-1986235.3159234477 -5980949.15531276 934214.8956969549
-1981461.877414192 -5981929.861555127 938064.4752836978
-1975511.5084515333 -5983552.351541855 940264.0779767578
-1969335.2716529106 -5985190.059052669 942793.4794221182
-1962640.1104249223 -5987007.401559538 945212.7647374205
-1957409.5886447665 -5988702.166615466 945322.7289432737
-1952644.0645446042 -5990049.295014447 946642.2769429155
-1946602.2160460786 -5991737.243843016 948401.6096722926
-1940908.3519009056 -5993427.409703885 949391.2018401488
-1935925.0156725463 -5994812.38861737 950820.5713871316
-1931315.6719477628 -5996281.507716082 950930.5208642278
-1927134.0843070566 -5997644.159345321 950820.5713871316
-1921606.997175312 -5998771.164501564 954888.5088592424
-1915930.245795729 -6000148.65484862 957636.8899344931
-1910277.6388890077 -6001599.472246901 959835.4635490153
-1903312.3717363037 -6003636.190294116 960934.7065156295
-1896089.7308309479 -6005586.655191283 963023.1874808636
-1888655.2301044888 -6007593.702443605 965111.5625454353
-1884160.1146103204 -6008686.939674483 967089.92523804
-1877007.4068327511 -6010854.412443938 967529.5484367594
-1871345.9319829058 -6012265.279988787 969727.5936531791
-1866388.32260078 -6013717.486269358 970277.086505501
-1861439.5928513026 -6015197.92886025 970606.7786704022
-1855859.605048592 -6016495.808554556 973244.2201186398
-1848322.7807227776 -6018156.6262075845 977309.940957815
-1838817.565964791 -6020513.848838464 980716.0420037917
-1828427.6740171576 -6023355.081529504 982693.6464132171
-1818764.519886576 -6025939.178136533 984781.0125103774
-1810084.1128128942 -6028354.778247923 985989.4381370454
-1801278.6003778505 -6031117.398967245 985220.444213067
-1792091.6068303245 -6034140.354088151 983462.6886126575
-1782913.9934243548 -6037198.133440788 981375.2542379937
-1775063.4606422733 -6040099.065078773 977749.4539641638
-1768334.4805768337 -6042534.129924131 974892.5343365233
-1762886.9074517759 -6044656.506104612 971595.839195649
-1755423.4715528372 -6046934.083507985 970936.46817433
-1749022.2438293996 -6048929.743700186 970057.2902510277
-1740823.3021267876 -6051435.288757122 969178.0934159593
-1732695.0793762817 -6054189.32947713 966540.3896115621
-1724267.854423201 -6056700.040571961 965880.9371441305
-1713863.6779425968 -6060299.164999939 961814.0798148712
-1706745.6900673758 -6063003.611039065 957417.0261509375
-1698383.7903891443 -6066164.65682864 952249.8919855442
-1692032.2322232656 -6068765.249877356 946972.1574569033
-1683848.0072731103 -6071759.76068597 942353.5944203904
-1678319.771418955 -6074462.808097054 934764.857014783
-1673396.0741211867 -6076883.174422567 927834.8255674107
-1671225.9707963704 -6078534.45995007 920903.6723432235
-1667032.7316376297 -6080301.068485872 916832.4755473852
-1661827.9621615047 -6081709.073292104 916942.5129279576
-1649295.049894533 -6085103.241431349 917052.5500292131
-1636494.5314490495 -6088773.515046666 915622.045935777
-1622442.5840572582 -6092879.765549067 913311.1320904582
-1608306.1900412356 -6097103.770490424 910119.6684758035
-1595464.34137795 -6101066.551932815 906157.5272975669
-1582612.2338329141 -6105438.367291773 899222.9203728987
-1571635.1194376815 -6109161.559372761 893168.009297402
-1561878.6035726354 -6112337.221789886 888543.7045097423
-1552084.7086680345 -6115374.334201006 884799.8698657595
-1543230.5342399236 -6118091.607598825 881496.2275689988
-1535255.7340359453 -6120698.961032577 877311.2671820046
-1528167.6872504828 -6122771.990533204 875218.6421606687
-1521039.9715167703 -6124688.148723855 874227.3651229563
-1512110.2153102723 -6127118.735712134 872685.3357537647
-1504271.650728835 -6129376.807201969 870372.1940343301
-1495898.074257725 -6131769.31002806 867948.777307758
-1487795.3926912758 -6133880.569061214 866957.3426529659
-1479949.920458039 -6136120.16142597 864533.7457138217
-1470697.6236792558 -6138638.759562195 862440.5366776894
-1460548.6849314114 -6141200.549386579 861448.9834918319
-1450229.0569182993 -6144000.475795269 858914.9177289698
-1439506.8382270287 -6147502.802048487 851862.8771719248
-1431465.3812440927 -6150383.459334812 844589.3472217501
-1424862.3870606688 -6153135.66544654 835661.2115860955
-1420684.2331338497 -6155129.823680715 828054.4446841007
-1418246.9366661059 -6156827.994822284 819564.3164571103
-1417657.8356261528 -6157709.692933678 813940.1689549418
-1417895.629172625 -6158250.965626824 809418.3276461284
-1416855.6043834055 -6158649.668948014 808205.0800965353
-1414784.5533755897 -6159486.979414077 805447.5885855575
-1412681.485439964 -6160185.776551804 803793.0200393618
-1410574.8806031689 -6160869.785944281 802248.7063562196
-1407278.70310218 -6161795.748234845 800924.9707869189
-1403465.7516044772 -6162937.3790347 798828.9843077742
-1399252.1903658325 -6164309.184622018 795629.6777653899
-1394071.5707328795 -6165909.075994382 792319.8358267162
-1390557.909086164 -6167380.602478629 787023.6372868723
-1387275.3042249552 -6168877.213930679 781064.7538677132
-1387415.4117229974 -6169500.238033783 775877.7533958547
-1385910.844666892 -6169852.274848642 775767.3859990147
-1381257.1867271732 -6170283.365031485 780623.3274315259
-1375400.2116191585 -6170891.164881259 786140.8837278364
-1365164.664584728 -6172132.536020546 794195.4396531434
-1354998.433707832 -6173674.608000633 799601.2000851176
-1342188.8859422666 -6176028.45509127 803020.8691908374
-1328574.3727354417 -6178828.030313633 804123.9381595183
-1316102.9906976316 -6181697.16564615 802579.6347522871
-1306051.890644755 -6184285.663352861 799049.6186042053
-1296040.9312114685 -6187073.079403242 793754.1273897019
-1290056.8647162325 -6189183.151285012 787023.6372868723
-1287783.5412268373 -6190174.33484575 782940.7737257283
-1286016.181466364 -6190890.048151609 780181.8971906753
-1286343.1038975366 -6190836.035063511 780071.539036236
-1283569.7252090855 -6191049.467203798 782940.7737257283
-1280690.8613286817 -6191296.1657090355 785699.5011999098
-1275927.3990215568 -6191689.810977965 790333.8263403262
-1268524.9409418758 -6192390.664707534 796732.9099838926
-1259783.0418789038 -6193691.427973478 800483.717787062
-1247695.8661135596 -6195694.914019561 803903.3263243081
-1235399.9688378968 -6197771.386277476 806881.5033420247
-1220766.17569744 -6200526.752942821 807984.486431149
-1207395.2187940567 -6203416.883591126 805888.7975457968
-1195650.0575402179 -6206006.0098443935 803462.0997155611
-1186258.4975549814 -6208576.108882395 797505.15809827
-1178453.3355615665 -6210641.558364357 792981.821621007
-1172689.0572501826 -6212224.30522073 789120.1154643755
-1168395.0402500401 -6213271.312713029 787244.3232798922
-1165764.4375068883 -6213611.520988829 788458.0790879971
-1161723.7813433579 -6214214.133334261 789671.805834556
-1157501.1999606926 -6215044.093620525 789340.7923338221
-1153457.2693310957 -6215627.598975109 790664.8333435473
-1149233.6832870112 -6216451.993230611 790333.8263403262
-1145933.5339462662 -6216808.394468415 792319.8358267162
-1141166.5178061281 -6217727.370709904 791988.8396708322
-1136371.4201330948 -6218493.048468692 792871.4912589861
-1130912.1156153404 -6219305.1971328305 794305.7671142733
-1125992.5298913063 -6220000.328054444 795850.326149067
-1118937.898905122 -6221287.39309526 795740.0020784268
-1113120.3821183252 -6222598.615985703 793643.7987192792
-1106873.4797933542 -6223388.742653538 796181.2969062749
-1102573.959866604 -6223784.328688821 799049.6186042053
-1095307.001674764 -6224499.355482567 803462.0997155611
-1087752.164270699 -6225481.817776379 806109.4005531243
-1079242.3867027904 -6226762.605295153 807653.5940872077
-1060507.1019931382 -6230408.937870136 804344.5490149277
-1053827.6128414753 -6231925.909704239 801366.2198831643
-1048555.5204194854 -6233169.099699175 798608.3490379942
-1045349.2238476311 -6234060.334851563 795850.326149067
-1041378.0520955627 -6235062.355403109 793202.4816203472
-1040002.0067673136 -6235530.342871924 791326.8408461247
-1037528.2608142572 -6236124.275347534 789892.4802990292
-1036394.5689877034 -6236032.889517711 792099.1719640921
-1033712.0988304578 -6236042.756059318 795519.3532099905
-1029462.5059862648 -6236039.64255147 801035.2834270276
-1021854.350065327 -6236679.862167218 805778.4956738846
-1011768.8331968165 -6237881.358820554 809197.739400322
-1000275.1526470257 -6239347.835948694 812175.5974167896
-987392.1351888851 -6241198.457215283 813719.600981016
-974473.3356596478 -6243530.0073434515 811403.5774448066
-960247.2714855114 -6246077.089208939 808756.5599510291
-946205.4720384676 -6249115.216863634 801807.4650736481
-933837.5292781063 -6252185.037782175 792319.8358267162
-927076.5060947451 -6254730.893158617 780071.539036236
-920623.4250572774 -6257118.184652539 768482.6169317807
-917300.6449201333 -6258804.931272646 758657.603340472
-912755.1400155028 -6260533.697082422 749824.5675294847
-912393.333438184 -6261113.883607116 745407.5003645899
-907659.2989354811 -6262326.190272253 740990.0698971347
-904178.2350288806 -6262947.268974659 739996.0981943799
-897506.207530072 -6263880.780031694 740216.9823737654
-887975.7284280446 -6265108.355235532 741321.3897363313
-876813.7832063566 -6266627.962810704 741763.146360298
-864906.4301890888 -6268400.025192235 740769.1888756884
-851352.1993225772 -6270359.610827718 739885.6557665467
-836943.2951809745 -6272598.238012469 737345.4177890295
-821454.9091968244 -6275111.354790331 733369.1547494343
-807649.3327744253 -6277737.889263999 726189.0586949243
-793050.5255821655 -6280285.837257616 720223.3446752838
-780082.1849293294 -6282540.741959673 714698.9648605083
-767200.4913871803 -6284615.426902523 710389.5705555408
-754199.0834986232 -6286637.233879027 706411.3759387534
-743370.1068892031 -6288224.314207283 703759.0911639312
-733832.3652304405 -6289443.364719078 702874.9687757173
-721954.7416482673 -6290632.404135612 704532.6869994004
-708436.2511753503 -6292057.717024333 705527.2947626852
-695115.6599349751 -6293257.782999359 708068.9910108834
-680713.1021656825 -6294719.9757707715 709063.5367668961
-666191.0642881483 -6296099.036639852 710610.5731589939
-651902.6890535549 -6297582.031127794 710721.0741360408
-638570.366541433 -6298635.577812611 713483.5281128391
-623141.1471691208 -6299804.466576089 716798.2935336226
-607377.532529544 -6300940.62113768 720333.826691086
-588302.7252752754 -6302243.576551766 724752.9270349186
-570327.7604267717 -6303411.620443656 728950.7452101728
-551289.2196029404 -6305066.911551443 729282.1382762208
-534359.7618452532 -6306753.8755088765 727293.7499212059
-517519.72572923556 -6308196.262213992 726962.3448780269
-501791.0800540239 -6309682.987608013 725084.3453476591
-486726.8511095666 -6311179.622571128 722322.4654210318
-473971.91528671805 -6312465.7927968465 719560.4479744035
-459996.9749920988 -6313751.001225993 717350.7353560694
-448878.91105732555 -6314726.717930289 715803.8845000432
-437850.0387932568 -6315400.773853526 716687.804513951
-426819.32822127827 -6316042.948237297 717682.1978275963
-414328.14548377227 -6316358.368013442 722211.9873600509
-400190.6780586595 -6316864.685721108 725747.1760086517
-385186.294199517 -6317644.944336992 727072.8134472435
-369982.8732978705 -6318794.707634292 724973.872797574
-353330.87654395937 -6319785.7246744465 724642.4538224154
-338781.02788366703 -6320784.790109368 722874.8524247841
-324338.1162675382 -6321731.63395329 721217.6749153337
-310012.8038553526 -6322840.083615685 717792.6848809131
-296574.0289120684 -6324022.18537079 713041.5445911451
-284239.29493562714 -6325209.046728561 707516.45804015
-272457.6667215642 -6326453.366538749 700996.1632242836
-261226.2972903194 -6327694.684854471 694032.994077705
-250877.12313612705 -6328933.330831137 686516.2510688641
-241407.6501320998 -6330100.644796228 679109.1025807846
-233705.954444007 -6331262.077616583 670926.9940847247
-226878.10595208994 -6332163.573723493 664734.3835314286
-219611.0139302943 -6333204.706174516 657213.9318741497
-211233.72183536383 -6334197.508186844 650356.2424080712
-205285.36959029347 -6335059.768770423 643829.6693525511
-197785.47152608164 -6335902.630597503 637855.5971698014
-190720.43093634912 -6336530.007893026 633761.9239861717
-181882.59383845143 -6337131.95660039 630331.8861462552
-171938.73650018813 -6337804.491432623 626348.3849002823
-160115.49973453474 -6338626.035677763 621147.3308103047
-148508.20953621122 -6339297.738704694 617163.2618310074
-136897.78538243877 -6339892.160803522 613732.3404705264
-125289.00668059516 -6340633.609095606 608530.2786322344
-113012.13837782074 -6341266.568359946 604324.0567607357
-101398.53367064772 -6341935.643964343 599342.660907776
-90226.18616823007 -6342614.727422266 593918.0539566979
-79386.27217157469 -6343460.128188245 586389.3091425436
-68876.36723376467 -6344324.955869935 578306.0611498316
-62241.01314804164 -6345254.443128394 568782.1272171676
-56488.88385997274 -6346057.166910705 560364.5601762526
-53282.47514610658 -6346755.154126931 552721.4410582933
-49297.81455038596 -6347190.828205742 548068.7145071025
-46751.92209102871 -6347486.688158665 544855.9455758266
-43097.6346236024 -6347749.691040371 542086.2051249113
-41104.52884470713 -6347932.901893939 540091.9280648931
-38112.848365701146 -6347904.411882059 540645.8992702531
-35120.47090987427 -6347742.036058027 542750.9522653562
-32239.134119204726 -6347596.004873215 544634.3701501375
-28249.670432812844 -6347357.653207966 547625.5822938608
-23595.737897693212 -6347089.051760764 550949.0086856624
-17945.635889726567 -6346953.439465817 552721.4410582933
-10966.636491657568 -6346882.435448339 553718.4153352911
-3766.338455653886 -6346919.776377557 553386.0920931274
3323.143588791847 -6346736.165126029 555490.7802997519
8861.673139242797 -6346701.754377862 555823.0939122088
13957.320308683282 -6346779.824300089 554826.1485070207
19829.05497712573 -6347024.947739877 551835.2302511338
24039.102999042723 -6347154.652267472 550173.5560042792
29800.352228053314 -6347293.179638854 548290.2796121507
34786.698330969666 -6347487.399940528 545742.2406369783
40769.96418640779 -6347594.449643439 544080.428683166
44758.80231374743 -6347643.484351965 543194.1137194751
50299.64784974159 -6347791.22577102 540978.2800174574
54623.596042831945 -6348122.265394341 536657.2149519299
58834.944783222294 -6348206.2365184035 535216.8045766236
66036.32807276986 -6348098.026677275 535660.0107071229
74012.21950764209 -6347897.710772965 536989.6134255282
79329.37484805955 -6347767.830939118 537765.2041371756
85643.31931037262 -6347610.628673051 538651.5836924815
94283.90177331405 -6347441.13040135 539205.5655829584
104471.3755914396 -6347007.863266105 542418.5794386695
112224.12092526059 -6346790.22268663 543415.6934538712
120312.20760966654 -6346736.817892693 542307.7881659353
127844.77060033957 -6346599.020843311 542196.9967280045
134705.72596878977 -6346143.698385279 545853.026771885
142673.32639959975 -6345654.049616644 549508.8757408353
151972.93470680053 -6345294.022762132 551170.5650846771
161499.38459142036 -6345154.835842752 550062.7763791563
168592.7396316583 -6345190.701091089 547514.7988234252
177009.70138115212 -6344980.589765436 547293.2313822402
182769.7986570734 -6344874.581604518 546628.525058604
194844.39248291528 -6344658.219525932 544966.733039729
203599.89069500845 -6344620.595531943 542196.9967280045
213231.01034197977 -6344228.403821201 543083.3236040606
222533.56306403078 -6343956.312539108 542529.3705461735
232054.78793927995 -6343596.218172268 542750.9522653562
241911.89129369878 -6343322.666966691 541643.0370615866
249779.67012181444 -6343206.5596573595 539427.1571896255
257544.00641978128 -6343262.067004628 535106.0026363235
263431.9935147898 -6343512.964713651 529233.2673808913
268886.8163436221 -6343990.22695427 520700.3747888872
274442.42289559817 -6344204.720011795 515159.0308781022
276890.5148932646 -6344376.408203687 511723.20036386076
281665.2559022139 -6344469.064349364 507954.69791256683
281671.9278927464 -6344619.349969062 506070.3795277231
283983.8542213669 -6344214.560810496 509838.9715799063
284962.34065267403 -6343767.8945925385 514826.5377257565
289805.412270556 -6342923.241106218 522473.52129394846
294867.01742670534 -6342027.667295466 530452.1743689063
301352.21917909203 -6340767.353278903 541753.829324993
314367.77157722623 -6339275.513179494 551724.4531434407
327171.53709378885 -6338045.586482889 558370.7809157459
342859.50059274375 -6336863.69769167 562358.2841309947
358450.70637794497 -6335961.549609914 562801.3263682614
372291.1470884701 -6335477.25182177 559256.9118468023
387359.6830053085 -6335089.3686719155 553386.0920931274
400010.782650487 -6335052.0981802335 544745.1579459516
410452.3627258521 -6335140.1527513685 535881.6127934791
417809.952805597 -6335577.615953187 524911.5311835906
422941.1470467527 -6335911.291480878 516710.6469000743
426741.7853910558 -6336266.593863789 509173.93893151317
429431.1010681443 -6336607.0444447985 502634.1549556226
432975.4399938013 -6336444.908339319 501636.5137656015
435196.23382436135 -6336424.187696111 499973.7509557562
439716.44119124755 -6335910.414275415 502523.3065465034
442911.0169946889 -6335511.669588898 504740.24559928104
448522.0568120385 -6334717.530781024 509728.13319324184
456688.4926806865 -6333928.363183404 512277.3767343567
463642.9253865163 -6333288.406112218 513939.88242167153
470936.044389528 -6332723.281649613 514272.3793357947
480102.4839665528 -6331944.831329601 515380.6921950902
486723.3495425122 -6331312.847607679 516932.3038155602
496768.5401880424 -6330405.712031257 518483.8845725798
515335.4332464555 -6329011.99741801 517375.61575666314
521546.9231586702 -6328819.091982587 513496.55101122777
529836.8556652371 -6328202.352690972 512609.88068434095
535947.301810249 -6328116.520832281 507289.64946258353
543584.3494305965 -6327660.107103656 504851.0909397624
551133.3145344395 -6327464.366221964 499086.93010492437
557123.9588293855 -6327253.253213716 495096.1161175822
561910.3570776294 -6327261.304521544 489552.9949997391
565466.8185115148 -6327200.932241607 486226.94310722366
566920.5264991781 -6327274.771565476 483566.00557209156
568263.0133736396 -6327348.725120157 481015.86081110185
568926.3604199756 -6327297.542676628 480904.9831906464
570248.5189670708 -6327144.79485823 481348.492793178
572200.4625579183 -6326569.95778582 486559.55431010545
575278.2678363078 -6326137.031196535 488555.19348293735
580422.7330253007 -6325175.869548028 494874.39848388714
587239.6359711529 -6324250.568554823 498643.5160296941
592716.7035520509 -6323291.277776246 504296.86270016705
600970.8074049979 -6322272.716373054 507289.64946258353
608792.900898908 -6321399.5770387305 508841.42051296704
614530.6289394033 -6320853.289099929 508730.5807300693
621809.5807879623 -6320123.530607436 508952.2601408627
627450.7550837308 -6319726.341008076 506957.12315099104
633531.0642242944 -6319261.736519985 505183.6260383525
639195.4342578666 -6319088.122820827 500195.4546461324
642634.5600868438 -6318940.611729666 497645.82547783165
646075.3667729537 -6318807.399357446 494874.39848388714
649171.1779832189 -6318568.162545172 493876.66167416493
651284.0951977252 -6318523.643778111 491659.42517098435
655062.5608014364 -6318416.669375112 488000.85409657564
656402.5581469845 -6318439.948371491 485894.33057132305
657078.2292081229 -6318505.888548811 484120.37457096006
656540.7792730846 -6318697.42700688 482346.38081789354
656776.9765763317 -6318824.915357909 480350.5928916645
655134.77369555 -6319113.200029151 478798.2806070114
654893.4620658593 -6318936.02029241 481459.36982732743
651892.3062043043 -6319017.543694701 484452.9942008934
652856.101991275 -6318636.471318327 488111.72227129026
651173.8160570845 -6318535.009867571 491659.42517098435
653988.5323377596 -6317731.923752767 498200.0995241359
656480.2990996933 -6317042.792580811 503631.7837436429
661615.0121191936 -6316053.798895325 509284.7780942006
666969.396531094 -6315041.28728738 514826.5377257565
671991.4188064111 -6314054.622521882 520367.9052945086
678340.8196803703 -6312981.062206482 525133.1646141537
685591.5706685847 -6312003.71153772 527460.2769519591
694611.3046229057 -6310896.928521499 528900.8348149643
703423.3217070753 -6309930.090054893 528790.0236373856
712233.9928311206 -6308950.945279177 528679.2122987281
722270.0457645087 -6307958.213868214 526906.2090010565
730437.5588931863 -6307202.429320408 524689.8971134387
738598.9280038583 -6306389.9919830905 523027.62122766534
746889.7136353578 -6305724.871708648 519259.6633483465
753217.0399985696 -6305435.159103235 513607.384098553
761413.6017718831 -6304899.661005037 508065.5387795328
764685.1661256043 -6305176.942298122 499641.19427802105
769484.0622639874 -6305151.337890623 492546.32697625103
768551.5182735323 -6305746.989434908 486337.81365634245
770142.41984061 -6305969.556721984 480904.9831906464
767780.4822364612 -6306753.041548558 474362.9454486887
765828.9525730985 -6307239.636068689 471036.29223755177
762870.4474996845 -6307713.899079881 469483.8098232224
760334.3833161821 -6307987.070684854 469927.3790916291
761637.7730913417 -6307680.8095690515 471923.41242492944
760844.3907460147 -6307585.227021949 474473.83165438316
765657.9979210468 -6306751.5929608755 477800.3504655453
767393.8889207051 -6306329.981549555 480572.349450463
772799.0791406635 -6305771.156578978 479241.80132368556
774015.7962075451 -6305672.451239884 478576.51937343733
777791.1369566673 -6305484.551893285 474917.3750314934
779155.2265799259 -6305673.468991917 470149.1628670791
783064.2512351199 -6305657.37020351 463828.1018176198
783133.5023091994 -6306215.0173505675 456064.76788183535
784851.6979535499 -6306550.228471439 448411.67244649224
784830.4681023483 -6307277.889726171 438095.6038464938
787080.050798774 -6307388.004942423 432437.91316563234
783848.3551021493 -6308370.277905606 423895.26187584945
785561.4675950061 -6308659.641378162 416350.4652048996
783853.0515624017 -6309307.981043154 409692.80430765194
785127.28937528 -6309663.289284485 401703.01882599376
783083.7099789288 -6310316.765172658 395377.32148735324
782919.8246381577 -6310798.606748327 387941.35285109584
780857.6396482104 -6311305.195756489 383834.69439352374
780775.3126090337 -6311543.761120342 380060.8670767775
776378.5342059761 -6312166.172951825 378728.896001982
775716.7150846878 -6312240.878838544 378839.8942268749
773512.4758250385 -6312504.706607393 378950.89233636664
773074.1888386793 -6312578.378612152 378617.8976617216
773085.4115090377 -6312670.017923459 377063.90880343225
772778.7627563574 -6312905.589977748 373733.8569897928
774561.4140492043 -6312850.800741244 370958.7355039995
776796.4069323115 -6312835.544247122 366518.394445888
778818.4702619758 -6312906.232278482 360967.71716913354
778416.7545009734 -6313276.976751014 355305.7431815003
779901.8073542555 -6313526.298770137 347533.94887899235
779186.2329531151 -6314073.496143774 339095.4138160532
781004.6591077517 -6314302.223424476 330545.2370080398
779071.1679220942 -6314954.535823347 322549.7260836434
777361.2612047544 -6315607.24796187 313776.28825269156
774544.5776799635 -6316361.620335619 305446.522877175
774031.2133301037 -6316738.035796719 298893.40559761354
771523.6703153139 -6317279.313488132 293895.05187754147
770551.0977780945 -6317562.375390099 290340.5565338203
768230.0239409262 -6317799.021717854 291340.26755093253
768890.3889986973 -6317708.439163588 291562.42457938317
771075.7886752872 -6317277.036051221 295116.88853516814
775584.1701928871 -6316626.166104079 297227.3080244966
779197.8488511298 -6315981.379506381 301448.048715595
784247.5213593586 -6315185.701969489 305002.253896299
789303.5053741231 -6314442.682428541 307334.6494113151
796899.192188052 -6313423.563818365 308667.4283319052
803609.4143389121 -6312485.8142608795 310444.44582088105
811539.2072466231 -6311454.854260101 310777.63390908885
818047.003878741 -6310685.596015227 309333.81271847844
825215.4986697375 -6309828.248294441 307778.9105523106
832183.6796308556 -6309149.529561223 302891.9559734843
836618.4253712808 -6308795.7437165985 298004.8227673692
841388.9711519263 -6308436.635255642 292117.8155956553
846369.5917201069 -6307969.475279452 287785.7070012513
849811.6652378395 -6307727.786822156 282898.0398966394
855124.6513517795 -6307227.057593125 278010.20595593675
857797.627691078 -6307096.877911586 272677.83658645663
862773.9969424171 -6306589.72261792 268678.4337643054
867084.9693320645 -6306134.905098714 265456.6153895016
871277.9075752047 -6305636.189411824 263567.9315685061
876464.0268209757 -6305019.128721277 261123.71808695197
883955.188770004 -6304037.478264517 259568.2894402445
891222.0278871631 -6303055.346318126 258568.3628350222
900698.309090711 -6301826.042700797 255679.65022493806
918196.303845234 -6299394.585090645 253346.42080681407
927118.2264484103 -6298207.63566097 250346.50444736832
935810.9770401925 -6296987.942055342 248679.8601831605
948464.0238411174 -6295203.663233224 245902.08192311597
959796.6677201345 -6293602.304008542 242902.02883405657
970482.7366252729 -6292179.571341055 237235.1152561762
979295.6849694392 -6291000.555269566 232234.7411526755
984811.9261908795 -6290313.984482241 227456.47201025192
991867.5985229195 -6289399.863620859 222011.31161790184
996492.1692693986 -6288762.395197307 219344.23479318377
1002672.095847659 -6287997.813645498 213009.77394919578
1009830.6005023487 -6287015.927919863 208119.8701974801
1013588.6099289693 -6286585.500574898 202785.28986029743
1023374.5526874713 -6285138.247458267 198450.8383679557
1030312.9748630496 -6284181.016975988 192782.57106777432
1036139.1424109888 -6283307.662016945 190003.95259829343
1041636.4972003262 -6282488.701476637 187003.00403638312
1045154.7283242388 -6281963.604231756 185002.34855006903
1050641.158419651 -6281077.72719761 184002.01394744596
1055692.5953609627 -6280285.756913165 182112.48066423537
1060738.0891149298 -6279458.060195444 181334.43287826978
1067095.7726728134 -6278390.41921555 181000.98299790005
1074102.790430427 -6277163.311558486 182112.48066423537
1079791.7427814528 -6276141.860197568 183668.56806978208
1087241.2960201546 -6274865.3848018 183335.12168858043
1093272.978918176 -6273869.009346878 181556.73252238455
1100727.988935012 -6272622.938393313 179556.0277938862
1107750.6238768252 -6271484.250765097 176110.3282202645
1114878.5578637684 -6270301.548781623 173220.34684868436
1120360.5716033764 -6269385.386677515 170997.25995168078
1123865.560247202 -6268779.198144424 170219.17460147766
1126496.0371405391 -6268334.123541293 169218.77541951757
1129349.7720236545 -6267874.300331845 167217.96455436357
1134062.73868599 -6267076.352040421 165217.13718545812
