1623414.048586157 5431434.939783262 -2907521.680358496
1625550.4742266883 5426499.274494443 -2915532.9323560507
1626614.6323584393 5421445.148013764 -2924328.6998686437
1624241.644812829 5418689.467895965 -2930748.117762608
1625864.5644927712 5414138.671836391 -2938249.114702907
1624481.5657514008 5409190.5454310505 -2948110.9690364813
1619934.5903557362 5406035.792377105 -2956387.987816659
1615168.9386417316 5403849.384346245 -2962985.3409943907
1611717.925805703 5402611.552209413 -2967118.9297987306
1609875.7031205453 5400564.9540042635 -2971841.0788740143
1607121.6296224454 5397863.767561007 -2978232.3305027406
1607077.1293770396 5397714.303912522 -2978527.2188736848
1612956.507779684 5395417.66150617 -2979510.121130393
1617594.6849875662 5391040.168583543 -2984914.4603855396
1618343.4232752225 5386021.718727984 -2993555.68007884
1619225.4348862835 5382479.859860276 -2999443.373230412
1622613.6267715814 5377408.217669327 -3006700.3307209676
1627631.1825602578 5369629.176915088 -3017870.148959312
1626995.6667882225 5363148.951789259 -3029712.7621565266
1628911.958469168 5359026.583836718 -3035971.1634479486
1636148.3460311627 5353605.171195663 -3041639.567852599
1640211.5473314018 5348526.229768762 -3048378.9543749774
1642729.4267855661 5346082.872673177 -3051307.7440473405
1648897.2746540545 5342566.7210654365 -3054138.112234372
1654450.4219249417 5338727.803638855 -3057845.6861074315
1659954.8862736828 5335732.8955633985 -3060089.090653858
1665209.618757379 5333255.834644098 -3061551.9149334366
1672324.5619011978 5330525.026990791 -3062429.508786579
1677317.0171625952 5325927.64784632 -3067693.48433688
1679581.9008108212 5322741.832561527 -3071980.6350900475
1681277.1593702328 5319054.962990706 -3077434.3882630384
1679129.3706511327 5315165.148490548 -3085317.6499168086
1672592.8108165297 5315135.798524543 -3088916.5952559705
1669486.6662700346 5318878.935982951 -3084150.1480154046
1675576.5741997492 5321697.945277571 -3075973.8495672424
1686172.1270915957 5320320.312321355 -3072565.1062459536
1695264.7101583877 5317092.292268635 -3073149.5437074127
1702736.203064651 5313915.658006733 -3074513.1000475236
1709554.5437096888 5311895.138956936 -3074220.924853519
1718462.3373809068 5308738.04730272 -3074707.878827492
1726867.7578479806 5303411.88923883 -3079186.756269471
1731518.3499652497 5298839.734244206 -3084442.036175816
1734091.563600946 5297318.3249965375 -3085609.504247727
1740914.7595167453 5294399.4521422675 -3086776.8369696597
1747470.442821477 5290366.026542112 -3089986.3036386324
1751189.174318281 5286748.60439763 -3094069.5967689813
1755166.1901378753 5285770.967223035 -3093486.370918571
1762541.226688866 5282690.139485338 -3094555.5923923044
1771357.0542132696 5278714.86710079 -3096304.981480017
1775739.0960532161 5274674.689474029 -3100677.1168520874
1779450.6484243753 5274736.8816711465 -3098442.708678058
1787525.0451713696 5274345.689614329 -3094458.395152833
1798371.984448226 5272425.264682707 -3091444.8133336026
1805027.1825956753 5269351.909685235 -3092805.8978842003
1809450.0245774826 5269660.238938385 -3089694.5762823205
1818525.7362846928 5269727.018018046 -3084247.445008401
1831601.754890122 5266449.879865151 -3082106.6941869096
1840251.6708674412 5262293.492933 -3084052.8500829237
1844965.0719532857 5261327.182078674 -3082885.2016240377
1852228.2221047042 5259687.118933718 -3081328.126662524
1863200.2760599968 5256266.784999958 -3080549.499066061
1869819.7894894907 5250774.02029125 -3085901.3501192704
1873288.9729343483 5248049.879910963 -3088430.326533061
1878434.132530158 5246840.158202285 -3087360.4525583824
1886948.8803492154 5242924.755022637 -3088819.343393146
1892564.4048682835 5238146.909582301 -3093486.370918571
1894261.7019194926 5235695.14180155 -3096596.516622196
1898502.9414365592 5234848.487172895 -3095430.325124502
1907337.7447152932 5230140.22401494 -3097956.9016894563
1911584.3680679312 5224497.404773211 -3104853.1481015836
1912475.3174277858 5221283.6336326245 -3109706.7992641362
1914811.2905121238 5218634.38414642 -3112714.8739214796
1918990.873014502 5214260.262283814 -3117467.713779081
1922280.5184959024 5209449.325371938 -3123478.243015786
1922305.7081249147 5205600.8025615 -3129872.52917454
1921828.573647146 5204029.220342975 -3132777.6504772664
1923413.962101683 5199942.494546341 -3138585.315680217
1922655.3562395037 5195661.898301542 -3146130.133936162
1921816.1199489578 5192280.262540368 -3152219.769676293
1920092.6212453651 5189571.354873173 -3157726.156353479
1916498.245872212 5186252.79910256 -3165352.646605051
1910310.811461368 5185648.130552091 -3170079.978441461
1908559.019129102 5188708.740952607 -3166124.6141083846
1910933.1786758946 5190130.080670579 -3162360.6897939458
1914723.0918883595 5188968.427519933 -3161974.563400343
1915890.2829867085 5187949.202312458 -3162939.8504844564
1918773.55693939 5187118.933781237 -3162553.747211004
1924588.1243052694 5184198.796297964 -3163808.5264828955
1926978.206866381 5180657.961110578 -3168150.7350887866
1927664.121721754 5179458.558737159 -3169694.1606645747
1930485.5201879332 5178466.670006653 -3169597.70380642
1933867.9384401788 5177322.579440792 -3169404.787193595
1936688.2400591115 5176327.30673425 -3169308.327438984
1936785.1498315143 5176586.3245208 -3168826.014185119
1938392.383203903 5176752.293737205 -3167571.8867965234
1942703.325622393 5175608.401597265 -3166800.035040339
1948541.7627935144 5173590.318035799 -3166510.5747140315
1960945.448467993 5170378.841580243 -3164098.067802578
1968034.0997308076 5168925.339307261 -3162071.096443606
1975924.0881924555 5168748.419453967 -3157436.424394469
1986642.876002749 5167293.128572111 -3153089.4066992425
1996018.4132964008 5166626.43204441 -3148257.106000362
2006387.2434362653 5165553.871147426 -3143422.4077667426
2017265.684026311 5165492.743912893 -3136553.024042972
2031402.7787144654 5163887.018756852 -3130066.23063245
2043178.3200924436 5162585.2642544415 -3124544.2454231833
2055328.8049168512 5162977.036666225 -3115916.0166051197
2062617.8764497559 5160830.573188137 -3114655.083728614
2053484.9922184984 5158083.403334967 -3125222.550631198
2040824.6939538177 5162166.9388762275 -3126772.787351449
2040284.5282552317 5165546.394978934 -3121539.761893553
2044630.2106648816 5162303.672810881 -3124059.713148864
2040260.5227759508 5159159.663250573 -3132099.8656317196
2034566.4505272224 5161349.070043795 -3132196.694900739
2035497.9644827377 5163976.3290655445 -3127257.186327562
2039302.1677056185 5161477.273859715 -3128903.964684893
2037777.1090357278 5158671.134457697 -3134520.3110528607
2035186.387810798 5160281.770284037 -3133552.2044708114
2039291.385581578 5160659.301496211 -3130259.9282764685
2047123.7572661676 5157028.284191136 -3131131.5204713256
2048530.2973425123 5152702.413155755 -3137327.2800791212
2044748.357136134 5156029.607180003 -3134326.6973741427
2050362.048739279 5158621.107549689 -3126385.251025931
2063321.5051213005 5155800.868835959 -3122509.0500132022
2070366.5518020443 5150977.888478757 -3125803.917967702
2071306.2437310414 5150717.692057046 -3125610.1326639163
2076810.9409016103 5151674.278565286 -3120376.4906370225
2087499.1641036838 5150171.300617806 -3115722.037370971
2096569.5066554483 5145956.999979626 -3116594.9140244746
2098603.7344746436 5144011.230671031 -3118437.401067942
2101596.7781280284 5146724.16304809 -3111938.683788423
2112027.498576758 5145561.810057397 -3106794.8925113245
2120466.923745654 5141327.047354612 -3108056.823393123
2121729.848123984 5139044.591130674 -3110968.360808309
2122530.6137940926 5140475.423155558 -3108056.823393123
2131427.2911571506 5140137.4004417285 -3102522.5554523603
2140385.019992409 5135122.759261452 -3104658.952849274
2140228.7327726865 5131720.973163113 -3110386.121530902
2140353.3774185237 5133785.222210374 -3106891.9697967474
2150634.116109723 5131191.27949719 -3104076.3443956943
2159592.0521732634 5126192.61790748 -3106115.32501627
2163478.840764626 5122669.393655176 -3109221.5406548716
2167052.991288133 5123396.173493958 -3105532.801690656
2177145.0687640235 5121823.125675786 -3101065.6585840317
2188283.843574098 5116249.723815212 -3102425.435608944
2190908.395698744 5113004.516384013 -3105921.1543587907
2194515.350552769 5113285.298591808 -3102911.0253749047
2204254.3338896716 5111098.773593439 -3099608.549172015
2212990.017893078 5105847.917974652 -3102036.946785047
2218303.265912936 5102478.821524479 -3103785.0274035023
2222661.1961288746 5101054.664210092 -3103008.140492613
2229891.222258355 5100379.234716548 -3098928.492070669
2241065.1529248008 5097310.126321989 -3095916.2547526117
2249519.9110749057 5092639.210991007 -3097471.071108565
2254712.5249793003 5091406.331841082 -3095721.8857303704
2261758.1024883245 5091706.489541773 -3090083.544208248
2272676.6685966915 5088731.61638945 -3086971.3792606937
2284437.9856983535 5083816.951962271 -3086387.741104396
2292686.7702465905 5079156.4274618 -3087944.03429041
2301018.1765438817 5076334.018046406 -3086387.741104396
2310958.3417814886 5071638.966762264 -3086679.5644136984
2318695.2882085186 5067039.695778049 -3088430.326533061
2324541.7308755433 5062758.158954841 -3091055.8981283917
2329907.9186085183 5060231.459918197 -3091153.1283421526
2337971.3741995445 5057283.503736642 -3089889.0621277527
2343512.6734869536 5053052.9043218205 -3092611.46853769
2346223.4915604615 5049889.338773657 -3095721.8857303704
2351023.202868538 5049146.0448449515 -3093291.9547628127
2354677.3609986426 5048931.68066235 -3090861.4348761304
2359425.0619381224 5047607.796420416 -3089402.840455436
2360351.6811189707 5047293.605626046 -3089208.3451987
2364067.8747109845 5046744.5057505295 -3087263.1856445814
2368240.3671628013 5045561.516597158 -3085998.6301964526
2372010.711400198 5044206.695221216 -3085317.6499168086
2373916.2322025932 5044143.225627122 -3083955.551210986
2373525.475307247 5044683.988300322 -3083371.7382524386
2373841.5995631157 5048100.176091773 -3077531.7500110115
2372788.6329682735 5052271.021550691 -3071493.55005927
2373086.3991502505 5056803.849851301 -3063794.504580418
2370801.9980364996 5061120.319684486 -3058430.9695958393
2369279.250823325 5067305.893860921 -3049355.310497686
2368067.976253341 5072096.502787507 -3042323.474953666
2365225.4210116654 5076173.969193531 -3037730.656638634
2363823.1844398556 5081965.91678252 -3029125.8431048095
2363651.952036581 5087866.214163303 -3019338.9734193864
2365692.710533809 5091328.776983744 -3011894.799621064
2366554.300364099 5094113.648344376 -3006504.262624575
2367249.4471146134 5099336.274212202 -2997088.6903191865
2367049.5560188103 5104036.22877148 -2989235.951667142
2367010.894122887 5106754.877635986 -2984619.7491212594
2364146.472274636 5109687.996059309 -2981868.716184332
2363390.272882345 5112501.578087525 -2977642.5292666806
2362929.498979914 5114316.816953063 -2974889.691851046
2363123.266258506 5114970.672852328 -2973611.3472221494
2360893.511069278 5115771.581272372 -2974004.7003387446
2361065.1613520207 5116378.232331782 -2972824.597511812
2359894.529685074 5117832.231911061 -2971250.924236239
2359765.7883425755 5119432.701747961 -2968594.825239967
2359359.7613537475 5119962.095084082 -2968004.4914735216
2359511.5022886265 5120291.38265081 -2967315.7276096395
2357989.4330849284 5121220.549598849 -2966922.128372477
2359720.0178522877 5121449.350526778 -2965150.7528852625
2359007.688445846 5121549.5736730555 -2965544.417179201
2360909.03012305 5120502.386181291 -2965839.6559145167
2360163.9740082347 5119591.424555933 -2968004.4914735216
2362148.7568176 5118961.191843106 -2967512.5218049646
2361666.2108517885 5118385.096461274 -2968889.9799157376
2361574.368766114 5118655.721492278 -2968496.4385394324
2361072.526798136 5117802.803963627 -2970365.6311877007
2362185.3776406543 5117631.810153829 -2969775.39510353
2361197.939830671 5116431.241692781 -2972627.9010278867
2359954.790285841 5116319.010258289 -2973808.0255921944
2359380.200456482 5116012.354931095 -2974791.363085204
2357314.061793599 5115992.615573334 -2976462.8288405165
2354355.0469815405 5116382.608526557 -2978134.032564609
2350519.6594276745 5117688.114443829 -2978920.3906657803
2347210.833912935 5117546.997706555 -2981770.4518333343
2339443.6921108183 5118754.854422048 -2985798.5450752727
2332353.5237885816 5119066.490249193 -2990806.9661010886
2319266.4956396664 5122772.991650073 -2994635.336434782
2308671.325365442 5128645.338440283 -2992770.4061504845
2301120.2858055644 5132438.43544334 -2992083.2436010255
2289834.0591989644 5136053.737699702 -2994537.190417462
2273718.9640481365 5144750.317629138 -2991886.9032406225
2266134.056520647 5153108.843684715 -2983244.3217101176
2260499.900006651 5158366.248027711 -2978428.923657308
2252712.9054078283 5163132.334354977 -2976069.566348735
2241931.7726821313 5171385.957036182 -2969873.7700460134
2234875.776350907 5179118.781880518 -2961705.5740657924
2230037.9519573376 5185811.740368015 -2953629.686722961
2224694.8595774425 5190852.2097190255 -2948800.962870302
2217648.301687128 5196941.467535031 -2943378.397868515
2213256.2602708363 5203496.519318324 -2935091.42954935
2206436.7469764617 5210170.664708494 -2928378.3099529655
2202642.6156183067 5215655.078011428 -2921463.4372306867
2197000.2358064745 5220079.998970517 -2917806.670808446
2191200.997225027 5225165.559337252 -2913060.944655273
2185416.8680427037 5230560.302548072 -2907719.559084514
2182547.582109098 5236534.788680005 -2899108.5627781856
2180837.497335245 5239383.334953752 -2895246.289976977
2176350.783855154 5243818.06212972 -2890589.973845334
2172105.2616778393 5249885.7292004265 -2882759.0191566744
2172464.9307227684 5253869.576159778 -2875220.2700806046
2171274.438196985 5258266.060562039 -2868073.6305704825
2171976.0125644617 5261006.2006046595 -2862512.0013798904
2171569.33531397 5265491.713418775 -2854562.074617096
2171869.602065538 5269350.625846414 -2847203.437325068
2173767.0030441163 5272648.020961867 -2839640.974405657
2177115.5479467283 5275282.391724481 -2832173.1194350147
2181233.0380934263 5277160.790055253 -2825497.731273757
2185440.378470384 5278725.475263036 -2819317.0642835214
2190866.422403805 5280094.237788829 -2812534.472544782
2198125.0211092937 5281695.478921897 -2803850.969561197
2205104.267581989 5282863.279892772 -2796160.176930551
2215381.2796723004 5282050.662601854 -2789564.048984149
2223653.869695017 5282635.494954139 -2781863.888697829
2234238.8868094306 5283009.57252754 -2772657.110652332
2245946.6370210517 5282401.176786753 -2764344.861108279
2260486.4004414356 5279707.845258288 -2757630.74071519
2274872.342148825 5275096.954412475 -2754623.1953707477
2287317.1301880623 5271284.171479839 -2751614.894830734
2299762.617909405 5266704.569712418 -2750010.159369744
2310240.648671441 5263374.278948247 -2747602.6541208923
2323665.6251364658 5258509.436577333 -2745596.031463167
2335779.832661702 5253401.824373051 -2745094.323516912
2349223.8493996607 5247823.568748227 -2744291.547321907
2362340.7134880153 5242247.196074329 -2743689.430064519
2374932.7892163633 5236239.027202876 -2744291.547321907
2389517.6681377934 5229283.435521766 -2744893.6344847702
2403710.447669424 5221719.584356673 -2746900.374260201
2415594.662446053 5214435.010637265 -2750311.063607622
2427082.698912395 5207030.921636398 -2754222.1322476016
2437661.022904205 5200068.358806268 -2758031.6896575913
2448209.67645209 5194471.637994082 -2759234.4558231067
2459584.4568340504 5187815.713894088 -2761639.6250006845
2471003.463841392 5181264.648996022 -2763743.7505579223
2478597.080053974 5175549.113687115 -2767650.42708801
2485819.779824657 5171387.029365017 -2768952.367728227
2492328.8060334115 5167823.886418614 -2769753.4911210565
2497982.6053690566 5165254.45279651 -2769453.0761757703
2506511.1107685515 5161497.358296521 -2768752.0784446984
2512158.790396519 5157083.721656881 -2771856.183075721
2514766.8347311127 5153981.187055119 -2775259.751882401
2515438.9834661097 5153760.967390406 -2775059.5689934464
2520442.7111178096 5153740.095035493 -2770554.560516116
2527832.6348848413 5150388.778487136 -2770053.898472906
2533725.491895021 5147169.000365598 -2770654.6903930027
2533653.1506652194 5146341.978394429 -2772256.6536198477
2534623.0581807047 5147858.580259502 -2768551.785787529
2541106.7890309296 5147191.8532806225 -2763843.9377545374
2547688.7755653625 5144905.782791394 -2762040.4394320394
2548278.7118412363 5144290.796476605 -2762641.635837492
2547513.4663776066 5145906.763544878 -2760336.8851514906
2550330.9402474468 5147304.348393531 -2755124.5053945617
2556066.0786843845 5146229.5723403 -2751815.471678507
2561614.8696268904 5142074.098995117 -2754422.665487265
2562994.180037332 5140795.740041802 -2755525.538307136
2565282.178406457 5140890.116903828 -2753219.4157151296
2568502.4767423826 5141053.569969209 -2749909.856281675
2575889.6279802574 5138107.725896649 -2748505.525107216
2578098.9216180365 5136247.923599173 -2749909.856281675
2576937.0389864235 5136616.157598054 -2750311.063607622
2575828.7892872025 5137762.548901125 -2749207.7112121307
2579971.0260130316 5137293.71911351 -2746198.0533985775
2584137.76608329 5135306.356951323 -2745997.382765941
2588831.8328695674 5132136.171480258 -2747502.330937166
2586165.8720959094 5133533.801816988 -2747402.0069165025
2586548.004643502 5136076.989139767 -2742284.372800111
2588337.100995954 5138066.868645183 -2736863.3332591793
2592644.2419657987 5137018.073734979 -2734754.494414764
2590585.962042314 5136505.323662258 -2737666.603744616
2583403.7190965083 5140549.126233479 -2736863.3332591793
2579181.016737454 5147363.617640309 -2728023.83983242
2583683.1332535334 5149838.911961974 -2719077.3522986635
2585795.2079579746 5149787.367737313 -2717166.577446951
2582369.327801354 5151930.454165339 -2716361.951263953
2579603.8932711165 5156968.955573721 -2709419.8539667833
2584789.00569987 5159230.141995185 -2700157.6135369246
2594895.4936663746 5156684.561925084 -2695322.3751071864
2602638.4808445317 5153465.878150707 -2694012.50568063
2606004.157659283 5152976.1252154885 -2691694.7046835944
2609788.4632821847 5153533.483224661 -2686956.9803406806
2616048.8386334144 5153615.538581812 -2680704.4511420634
2627084.989037954 5150831.974989894 -2675256.14209054
2635718.726687252 5147101.168500013 -2673944.157048897
2639775.158334563 5146385.020392588 -2671319.774066467
2645540.265327879 5145676.317466883 -2666978.2414540527
2654039.3617586726 5144750.567744584 -2660311.572340238
2662505.268560052 5142203.26696502 -2656774.784603362
2669140.262397159 5140068.028910612 -2654247.90059659
2676926.681043043 5137948.637973831 -2650507.1850237898
2685718.519345407 5135340.840614929 -2646664.2185130846
2693580.2603623555 5132473.069497789 -2644236.481834824
2702001.022871593 5129139.941698147 -2642111.831637257
2711497.536785732 5124804.046291709 -2640796.394104824
2718166.188881385 5120748.24366578 -2641808.2811998064
2726999.8337699743 5116885.163079424 -2640189.223233098
2736674.826250945 5110514.470744462 -2642516.5542860483
2746198.7742038495 5104512.3881419925 -2644236.481834824
2756777.261590663 5097914.871934443 -2645956.1765997396
2768341.3616416254 5089961.2555583175 -2649192.6170702246
2778285.19294124 5082219.972511996 -2653641.373223525
2790088.078367144 5073263.540531232 -2658391.7249476323
2803258.088639494 5064087.899321876 -2662029.0825644652
2815518.812120233 5053713.85640527 -2668795.8101313105
2824449.570279733 5045896.227914378 -2674146.009862978
2831369.938989459 5038639.749034967 -2680502.704350746
2835482.4124469487 5035252.407064176 -2682520.0252483566
2846082.6508768713 5027976.701058181 -2684940.378852717
2852351.499612422 5019618.656403647 -2693911.7407486103
2854440.338095497 5012087.623604501 -2705695.66092786
2854659.3504977915 5007390.182111629 -2714148.9562490107
2858664.299424485 5001827.806043836 -2720183.4537182627
2863244.1401778916 4995866.087288332 -2726315.468103306
2867073.8404178303 4989217.802537921 -2734453.2017261577
2866670.2939819656 4984487.143314024 -2743488.717625526
2868872.57042368 4980067.081403862 -2749207.7112121307
2873117.6494040056 4974180.0823499225 -2755425.2813379876
2875523.8484565145 4966330.713278975 -2767049.483348604
2876344.235498964 4959759.32658635 -2777961.889812672
2875132.193141015 4951693.287713136 -2793562.144714312
2871231.058417427 4950345.252906726 -2799956.265051828
2872793.568394541 4945081.408462102 -2807644.5603162525
2874330.2131317207 4938395.514226623 -2817821.245385257
2871845.14153577 4932541.640438124 -2830579.348540042
2865933.85686974 4931687.978398187 -2838048.239859665
2864500.59224536 4931202.587449536 -2840337.726144021
2862097.391914219 4929442.2422028845 -2845810.7280674195
2861959.124296017 4927223.46586269 -2849789.446311927
2857723.1582080955 4925075.220907518 -2857742.714004169
2853661.9757460533 4926391.612290234 -2859531.431989784
2853296.122505641 4926949.525031142 -2858935.224010799
2855929.859927532 4923172.194044983 -2862810.015169818
2856239.7424563738 4920737.887710536 -2866683.4799228883
2854611.693005211 4922087.353429254 -2865988.3404106377
2856626.976069813 4921207.18360639 -2865491.7859960967
2861608.638682239 4917328.131224162 -2867179.9819492786
2858913.7466655634 4918026.973219113 -2868669.3570043794
2858038.8608271885 4919288.055012787 -2867378.5766462954
2857756.1449106527 4919394.420646649 -2867477.8726846385
2859076.323100324 4917121.455237121 -2870059.263000316
2855624.959246937 4917504.010723906 -2872838.5608384307
2855053.83638019 4918299.372624493 -2872044.5457221353
2853701.038637871 4918736.672611361 -2872640.062309452
2854046.5194330607 4916564.103661795 -2876014.0610741656
2851382.6153512755 4915728.790648574 -2880081.3595558754
2850030.251444919 4915176.063817225 -2882362.369225463
2850110.4836210893 4913733.253834507 -2884742.0580208055
2852445.9103037626 4909464.137993838 -2889698.1168529997
2849068.3941902043 4907396.648276491 -2896533.8633806976
2845911.640691051 4906888.879347329 -2900494.6921373056
2845301.8388938988 4905837.465939313 -2902870.5109551707
2845697.568865393 4902969.985591853 -2907323.798089751
2840836.108207254 4900502.3229398 -2916224.9894628306
2832663.953098615 4902760.192795942 -2920376.417647428
2828136.802534869 4905196.541038823 -2920672.8882106273
2826810.888301582 4905666.583642966 -2921166.988021801
2823950.568814583 4905253.55330792 -2924625.0636024815
2821650.135996777 4909577.407769538 -2919585.790338812
2824645.0976569983 4911613.246053981 -2913258.72408706
2826206.041884561 4911946.718870424 -2911181.8630572166
2828390.0845058677 4910982.578467255 -2910687.3146835947
2825237.6322108996 4912445.175200458 -2911280.770071671
2824754.2768156053 4913191.957301363 -2910489.489127413
2821091.4579026653 4915354.5840546135 -2910390.575019428
2821620.4285308486 4914289.344505254 -2911676.38926092
2817727.079897148 4914060.768271856 -2915829.533588291
2815813.359918352 4914101.545786559 -2917608.9730811208
2812895.6185575346 4914774.590754104 -2919289.2904228684
2811303.6861701165 4913982.298860014 -2922155.1209025104
2809785.1977909403 4912322.584042782 -2926403.0775985336
2805509.0873602424 4913000.6936095115 -2929365.7923399657
2804850.3258961276 4914436.145715136 -2927588.2598153977
2804511.2413873062 4914041.249431983 -2928575.813567608
2805551.2093232833 4911680.844827834 -2931537.9394468004
2801329.209389258 4911850.4916688455 -2935288.8117040675
2799248.3540334846 4913979.783887643 -2933709.654342839
2798811.426180113 4915406.720457609 -2931735.385938475
2798482.213888849 4914828.542058806 -2933018.701050486
2794151.5057527684 4916997.486234924 -2933512.2435842967
2792723.1575018666 4920279.912791675 -2929365.7923399657
2790711.3540181583 4922537.594439231 -2927489.499534811
2781954.294046807 4927315.876390041 -2927785.7777011576
2777283.3627386815 4931298.544460432 -2925514.106692591
2772770.6314766975 4933954.511382801 -2925316.5477988212
2767082.8570848475 4936736.848794908 -2926007.9883311447
2763154.8293586588 4938819.4497677805 -2926205.534747585
2757253.200603306 4941824.207364765 -2926699.385189131
2752103.8923800294 4945570.359532346 -2925217.767015268
2747366.4073771005 4947619.628874924 -2926205.534747585
2741776.0733127426 4950369.434469461 -2926798.152602989
2735429.615003537 4953587.337158876 -2927291.9762983755
2726335.8841005694 4957956.6477393275 -2928378.3099529655
2721425.632931585 4961119.884200943 -2927588.2598153977
2718255.9113578405 4963556.268220397 -2926403.0775985336
2713434.9900640473 4967298.824540078 -2924526.2765820534
2711544.836880494 4969609.650597953 -2922352.736797944
2710138.1024828195 4971364.233843886 -2920672.8882106273
2708865.7418960463 4973160.214684653 -2918795.1061113686
2708311.1107522068 4974621.978291495 -2916818.146624049
2707255.3269058657 4975370.490200433 -2916521.5720413444
2702393.6991718872 4979054.99274237 -2914741.956661577
2700695.706262481 4980901.874058233 -2913159.8348148665
2700614.4683762803 4981581.99706168 -2912071.9942590124
2698750.5250565056 4983747.638010358 -2910093.8273762604
2695028.64280288 4986223.100002361 -2909302.461325551
2693477.9931376465 4989598.078776891 -2904948.934619877
2693788.6543235886 4991215.522167898 -2901880.64832235
2691372.487328134 4994243.974070859 -2898910.5301664774
2688169.451105717 4998322.618226853 -2894850.0835559415
2685905.27707576 5002690.9529642435 -2889400.815343258
2686167.983554156 5004437.663233459 -2886129.976099316
2684714.382677427 5006131.932210781 -2884543.769947774
2681289.130721691 5008766.6212649625 -2883155.655037669
2678449.804156041 5011027.131159014 -2881866.537056274
2676895.24988572 5013168.717771183 -2879585.4264632785
2675682.033669991 5014898.348592521 -2877700.68074837
2671695.7827932583 5018388.2307229005 -2875319.497020564
2670441.24602909 5021100.975706273 -2871746.775617258
2667298.559630458 5023225.067902665 -2870952.683515971
2662961.760434938 5026489.204598836 -2869265.051979797
2655506.8537068935 5031507.174605396 -2867378.5766462954
2651322.4692961713 5038908.265161976 -2858239.608410669
2653143.2245512437 5046215.1015842 -2843621.8416943895
2658247.0271427264 5050357.227948449 -2831475.8718371084
2663455.610980847 5053189.412790776 -2821510.5824352056
2664112.9861633517 5058288.465627109 -2811736.259939673
2666760.2750406303 5063314.81055417 -2800156.025061462
2670893.2480855635 5066871.53570295 -2789763.986077349
2674970.8044642243 5069886.810289083 -2780363.272329862
2677791.5313131115 5072015.222786536 -2773758.297806322
2679527.899664864 5075089.544087127 -2766448.5092651052
2681857.9298489937 5077785.369814741 -2759234.4558231067
2684267.53374437 5079341.872523283 -2754021.595652002
2686954.193428761 5078845.326369957 -2752316.8991280138
2688664.4849436753 5078646.568525551 -2751013.1441718363
2693447.623897149 5079531.62711534 -2744692.9421080593
2695680.484121028 5081813.701127017 -2738269.0215840293
2698994.8892403655 5082703.426764902 -2733348.3977361377
2701462.5708107837 5083066.156472703 -2730234.3173123826
2705864.292651573 5083852.114010409 -2724405.8274466186
2711547.675125308 5082546.714274831 -2721188.913459823
2715079.22941638 5082329.378408045 -2718071.718583277
2718520.4501868077 5081726.440901224 -2715758.4468728984
2722803.4769175737 5080561.770151198 -2713645.9470173516
2727252.118017069 5076938.076879256 -2715959.6183126457
2730054.149361958 5073654.496417974 -2719278.4691033815
2732325.9392572497 5071298.892222881 -2721389.9954620562
2733077.4308762657 5070786.012242163 -2721591.074148359
2739285.3315841635 5066624.95053192 -2723099.0585755897
2746250.508518674 5063231.445585335 -2722395.355729356
2752227.019424369 5061174.7066928875 -2720183.4537182627
2754775.4990261863 5060598.640776353 -2718675.108750134
2759523.6679936945 5058173.19685613 -2718373.417392993
2761107.2142960783 5056876.450820749 -2719177.911115177
2765009.6913612722 5054581.407646786 -2719479.5825947407
2765601.4838439743 5053987.083315247 -2719982.351825588
2768312.7373670656 5052448.375582406 -2720082.903186218
2768457.3501201617 5050202.053778575 -2724104.2778455303
2773612.0290144924 5046015.977983849 -2726616.9629116994
2777038.5221529445 5043696.383846658 -2727420.9125198713
2781828.807682707 5040729.650958538 -2728023.83983242
2786494.648719068 5038369.516921747 -2727621.8916143267
2788579.2998955254 5034874.243073328 -2731942.1378629077
2787511.317858852 5033775.077936364 -2735055.7796058846
2786073.181590829 5034080.089518758 -2735959.5901860804
2787788.101821371 5032202.307746043 -2737666.603744616
2786186.9090963695 5031176.21994671 -2741180.284370722
2783787.74251408 5032230.694639622 -2741682.155275332
2783191.884640633 5035509.956232468 -2736260.845379003
2783163.6354663647 5036289.281289638 -2734854.9236448985
2787529.2140902085 5035673.675316676 -2731540.31936493
2791866.820325602 5034795.768605894 -2728727.217219266
2795995.6121800933 5034572.850164363 -2724908.3935166607
2796535.2147256043 5035958.626480083 -2721792.149518485
2799290.7054078653 5038226.989025712 -2714752.5400430216
2803113.9046044713 5039512.887976733 -2708413.426663197
2808993.029300212 5039103.944822598 -2703077.9853004892
2813563.4712294666 5038821.259011034 -2698848.2567757773
2819078.0555233504 5039188.550802612 -2692400.1683120127
2825643.1585451923 5038739.374942376 -2686352.0342598557
2831752.4140234073 5037673.265680121 -2681914.8632878675
2839985.247796822 5035023.726199743 -2678182.381560687
2846669.18811584 5033930.437133617 -2673136.713213834
2857441.850678826 5030825.054088232 -2667483.1480531045
2865952.9922089735 5028016.298978617 -2663645.348700498
2873842.4850178524 5025330.862800006 -2660210.5350321755
2882061.3075813367 5022601.152417091 -2656471.5852199625
2894248.17998242 5018849.68199582 -2650304.9526797677
2904807.7414518474 5014081.284717324 -2647776.775985636
2914264.948712186 5009018.172548298 -2646967.6529546916
2923433.1644957946 5002655.829541644 -2648889.2358645564
2937341.859976447 4993589.834746358 -2650608.2999847303
2948223.0887208586 4983783.231679713 -2656976.91347918
2955169.552301465 4975292.344021855 -2665160.409556595
2960460.322375469 4966612.558927269 -2675457.973720846
2963625.159574219 4960694.374161376 -2682923.4502129126
2967898.992352205 4951738.31587817 -2694717.8372250404
2965897.141881101 4945461.743260385 -2708413.426663197
2960280.9813348316 4943527.449522763 -2718071.718583277
2954276.8591039116 4944850.602957683 -2722194.2903092285
2949977.362119378 4944315.6217168495 -2727822.867385258
2942755.636005958 4945345.321580907 -2733750.1563004986
2932895.731908803 4949590.0786719965 -2736662.507300246
2927309.8973160326 4956718.786595027 -2729731.9714015
2927060.7628845903 4960843.923626811 -2722495.887195501
2930544.33714411 4963580.416150158 -2713746.550517054
2936517.4212858775 4963402.475332859 -2707608.225416703
2942142.9184722863 4962430.525810277 -2703279.364732715
2948205.2841264396 4961792.088724185 -2697840.964720313
2955555.1874154205 4959170.629942757 -2694617.0780381677
2965098.909655005 4955496.848316244 -2690888.4113412183
2974880.276918173 4949466.692194132 -2691190.7774931393
2984765.0016145664 4942633.854697017 -2692803.272342727
2994160.7408345225 4937332.45009122 -2692097.831677274
3004639.3513355637 4932062.636369641 -2690082.065538587
3015785.679095924 4924594.140863726 -2691291.56457092
3026099.9407128617 4915778.839973969 -2695826.1340972646
3037392.283412589 4908754.155165573 -2695926.8834318155
3048656.3346781717 4900158.532121691 -2698848.2567757773
3059785.3534203772 4891549.349835236 -2701869.6395497345
3071681.8127039857 4882471.201314871 -2704789.605465547
3080154.4664464304 4875901.684572591 -2707004.28984002
3088341.5875444636 4869264.890420116 -2709621.1295244438
3095036.5564199346 4864227.198439453 -2711029.9659697795
3104182.28093212 4857609.493154207 -2712438.640553034
3112122.6169992075 4850049.402833507 -2716864.848835206
3119086.3373745843 4845630.332160226 -2716764.270976042
3125438.1160549507 4846943.40632723 -2707104.947831148
3129019.519247451 4847666.096689204 -2701668.237067332
3131466.988612521 4846815.093494466 -2700359.040702601
3133843.0876174555 4847522.431154558 -2696329.8725574515
3137809.843116748 4847532.362472472 -2691694.7046835944
3142519.5694882884 4846830.37677191 -2687461.0795664005
3147994.3269543964 4844338.825479478 -2685545.393661231
3152274.7313823807 4840379.546709969 -2687662.7135263714
3156520.857715802 4835818.093406185 -2690888.4113412183
3160403.9628800787 4831259.629049078 -2694516.318030467
3165480.17820623 4824669.656326657 -2700359.040702601
3167577.6325602704 4819792.573537275 -2706601.649629809
3170465.7402428254 4813929.12953471 -2713645.9470173516
3171441.993991622 4809196.3013802515 -2720887.2842396377
3174363.364056155 4803222.268669655 -2728023.83983242
3175317.022415296 4796471.217750164 -2738771.0135120666
3173150.087931778 4793197.9575347025 -2747000.702465091
3171273.619719193 4788910.6268331045 -2756628.3095618966
3171234.33148893 4782864.901859255 -2767149.6427459116
3172426.036406468 4776150.889529926 -2777361.4680075124
3172330.3368394594 4769682.411734279 -2788564.3125380334
3171223.2781727714 4765852.983543965 -2796360.001720132
3172132.115735409 4760550.263821476 -2804350.1967388587
3169227.5480674375 4755471.766793402 -2816225.492356977
3164448.8258836553 4753153.39526618 -2825497.731273757
3158146.1237364053 4751412.744007942 -2835459.574250289
3146922.144767279 4751777.367803726 -2847302.9100539335
3135834.060057885 4750508.253671026 -2861617.9129269426
3127386.178430892 4750864.848871027 -2870257.8070133505
3118764.7389260493 4754010.963575959 -2874426.4230331434
3111763.503078894 4758716.484293795 -2874227.9525146703
3101895.065445687 4766112.364955158 -2872640.062309452
3095546.506246786 4773104.391916467 -2867875.048102873
3088113.031597026 4779346.78888962 -2865491.7859960967
3083942.115745789 4786258.6817220235 -2858438.360078794
3083223.791945524 4788263.586094502 -2855854.31681353
3083517.9060937883 4788903.968060068 -2854462.665283524
3082644.0213356833 4788281.143807212 -2856450.6867060848
3080931.913645589 4790212.629093784 -2855059.1082411143
3080591.955995459 4790786.688338205 -2854462.665283524
3080491.400573738 4791917.115114693 -2852673.148620802
3082114.1406078744 4792234.584164478 -2850386.1342988075
3082311.52499054 4793644.786395651 -2847800.260687585
3085130.918253948 4794901.599671551 -2842626.7547289347
3087436.552137681 4797012.93704934 -2836554.850219796
3086953.400263863 4799206.576716474 -2833368.302674524
3087751.91969102 4800632.166874017 -2830081.249861724
3089961.975964586 4800384.425574685 -2828088.639663373
3090990.414887909 4799957.092273377 -2827690.0762646506
3091108.1123168906 4799587.76356044 -2828188.2783594164
3093179.5057511823 4796548.9839160815 -2831077.425662266
3093912.080170595 4794193.693304997 -2834264.608544702
3094567.214903478 4793005.2226479435 -2835559.14911223
3092303.4776030625 4793169.884101827 -2837749.5774897565
3090764.323436288 4794457.130840742 -2837251.789585088
3087691.0450341324 4796672.490590636 -2836853.5437041977
3090436.1361369076 4798728.364057053 -2830380.111655234
3092957.8041285034 4798043.58724291 -2828786.0924427947
3098663.61333455 4795124.67484128 -2827490.7893969854
3103369.2742634164 4792492.047231708 -2826793.258230709
3107878.6814763127 4788274.527594475 -2828985.356910664
3114073.661181921 4783363.955188748 -2830479.730528745
3122261.083648202 4779321.519697881 -2828287.916193946
3126539.831080124 4778763.791271576 -2824501.0730925896
3128016.472141325 4779563.995096068 -2821510.5824352056
3129810.4812573288 4781212.419018638 -2816724.188775625
3133196.402707582 4779464.465459122 -2815926.264211089
3137042.127189359 4778234.158828334 -2813731.688637945
3142556.8905320438 4775725.628285528 -2811836.0395133942
3147895.881507002 4773853.390274007 -2809041.8877903237
3154416.8041374134 4769782.173912524 -2808642.6684791744
3161574.464614976 4764864.34980539 -2808942.0842459854
3168182.3462910196 4758941.375473821 -2811536.698222749
3173701.480970788 4753550.635204634 -2814430.0076977303
3179458.0777790495 4748342.0449681 -2816724.188775625
3186475.847525179 4741976.3204089 -2819516.492205705
3193067.094151777 4734273.106732852 -2824999.412939973
3194521.0532094142 4729659.274250876 -2831077.425662266
3196108.915322345 4726139.205240571 -2835160.844482205
3194455.0713324933 4726181.848905541 -2836953.1064707288
3196565.86925848 4723438.699043068 -2839143.26864181
3197464.9000424067 4721393.308162223 -2841532.059055078
3195599.9295231304 4723254.474774971 -2840536.7902827756
3189766.3274096726 4725819.861832487 -2842825.779050305
3186952.999976966 4725741.646667566 -2846109.1800718987
3185807.2661917503 4722975.693544616 -2851977.149429252
3181840.552284967 4724027.89120132 -2854661.4830811196
3182424.840004801 4724895.373854716 -2852573.722771546
3186415.317863527 4723165.8394924635 -2850982.791027706
3191937.522700764 4719615.866066455 -2850684.4665709133
3195675.3081014697 4717686.642414555 -2849689.995275602
3196425.5645494075 4718439.500018672 -2847601.323036381
3195311.937675217 4721053.239459315 -2844517.345902631
3199987.681745655 4719084.521315299 -2842527.241269364
3203976.7355281864 4717696.013907335 -2840337.726144021
3209255.3209509254 4715545.412480801 -2837948.6866008407
3213524.9626895203 4715092.824134181 -2833866.259012528
3216775.9922626186 4714910.1487375945 -2830479.730528745
3218328.265731751 4716301.247394094 -2826394.650048179
3218776.0836735074 4717488.013917336 -2823903.036883119
3220189.0052745147 4719028.06936563 -2819715.916692394
3222774.1001485363 4718216.333717557 -2818120.4246186246
3224949.7773416606 4718218.347096293 -2815627.0283451793
3228927.1302526644 4715199.502130516 -2816125.7504995116
3231970.261624168 4712935.348233871 -2816424.973498263
3235499.79923687 4709618.184206711 -2817920.9726547776
3241576.589646725 4705079.283724748 -2818519.318244693
3247577.598881108 4699204.331705168 -2821410.886086783
3254730.286567454 4691674.320402735 -2825697.0525826113
3260691.7592990533 4684887.444754713 -2830081.249861724
3267529.4683255595 4677105.920407621 -2835061.2661655243
3272979.781567489 4668574.294087806 -2842825.779050305
3277083.726666947 4661261.933607387 -2850087.794212206
3280332.607232545 4654650.724424109 -2857146.4119896013
3287289.5115695596 4646071.580009668 -2863108.021111188
3289878.9142354843 4643196.993893779 -2864796.5731556807
3292863.0502055995 4638135.699427745 -2869562.887668534
3292260.561458405 4635058.769204895 -2875220.2700806046
3297460.0741653033 4626796.072171974 -2882560.6959472247
3301001.7844986375 4619813.092776919 -2889698.1168529997
3296854.8049746654 4615882.502348692 -2900692.696482451
3294285.58152177 4612796.011745242 -2908511.038556493
3289739.6664151708 4613918.357345027 -2911874.193533981
3288624.138048272 4616272.940212237 -2909401.385183991
3289492.4486132646 4614593.856312462 -2911082.9551559654
3290306.004105515 4612328.038922131 -2913753.1571359867
3290388.545803371 4611081.806105727 -2915631.8003216265
3294142.6506408458 4610213.607993196 -2912764.2688524
3301371.7952950313 4604851.919655461 -2913060.944655273
3309368.1079005706 4596663.890668881 -2916917.003041297
3316193.6188741955 4588725.040789762 -2921661.0655870168
3320619.0934124663 4583885.826337548 -2924229.910175721
3327535.962318773 4580632.795193207 -2921463.4372306867
3332729.8556266595 4576350.585579389 -2922253.929295312
3337567.636887828 4571749.768710138 -2923933.535752446
3341325.5875303796 4568687.7964708395 -2924427.4886707645
3346182.799471126 4564118.636138407 -2926007.9883311447
3349181.8908378785 4559191.871285905 -2930254.450194409
3351284.891564453 4553387.579851668 -2936867.7401654306
3350559.9757711976 4549907.030988214 -2943082.543545818
3350909.9072699556 4547223.336644731 -2946829.4351783614
3350140.4960597306 4545680.839759808 -2950082.26320915
3347909.3523007026 4543483.631707706 -2955993.9880151395
3343678.3262759317 4544547.685941853 -2959145.582865623
3341973.709974395 4544390.534375901 -2961311.7689488027
3342026.7722806614 4541140.61591442 -2966233.294913214
3338901.6750957407 4540545.274479713 -2970660.737015052
3336244.579627305 4541082.14166361 -2972824.597511812
3337540.706092357 4538196.613842184 -2975774.609960886
3340041.15931281 4532805.622750551 -2981180.846654113
3341119.3339687525 4528970.042339272 -2985798.5450752727
3339149.5402954905 4528284.870173859 -2989039.558470066
3337056.4925737106 4530410.601134767 -2988155.7440162604
3341321.699700985 4530568.3775529545 -2983146.070078452
3343380.255002859 4530213.941592668 -2981377.3853466515
3345235.9679278783 4529749.237105401 -2980001.5382252177
3348997.635015529 4529877.658169805 -2975577.967836574
3351963.1747126966 4528265.145983947 -2974693.0334131885
3352588.747555241 4526961.985494193 -2975971.2484593084
3353323.6512260484 4525641.765951128 -2977151.0032927073
3354511.540813559 4524437.897733924 -2977642.5292666806
3357356.510067101 4520189.899739056 -2980886.0318044834
3359040.520167163 4515044.67154177 -2986780.7749912585
3358168.774290575 4510748.702384277 -2994242.746892491
3354875.681147044 4509939.58275788 -2999149.0666390415
3354267.839704792 4508629.486800406 -3001797.5298604094
3352292.887368304 4507288.8491911935 -3006014.076357028
3352869.552400259 4508885.832810935 -3002974.410690863
3357455.4456666936 4508476.2004686445 -2998462.319284815
3359673.468566836 4507019.404950175 -2998167.985288791
3359660.8908868292 4505853.581533685 -2999933.865941977
3358641.5871383306 4505306.920294884 -3001895.6082928586
3360308.0135064963 4504260.235428597 -3001601.3702523424
3358771.5184734706 4502528.586146584 -3005916.036356347
3358254.2888057544 4500360.072224671 -3009738.917587987
3356589.0388361593 4501077.952679259 -3010522.9260495002
3359274.8743786146 4501563.830520639 -3006798.363395339
3362981.9336728402 4500301.388816775 -3004543.380216684
3370111.2282930817 4497715.543920667 -3000424.3358077393
3376121.220666832 4493140.5128483 -3000522.4270390673
3379048.7955484157 4489037.631008929 -3003366.6750312974
3378826.068026885 4488089.599556036 -3005033.6351493495
3381700.875479527 4488483.539751141 -3001209.0400643665
3390357.7979032826 4485622.291888791 -2995714.882412336
3398990.46012232 4481576.750396842 -2991985.0738765295
3405867.7877026396 4476024.298471167 -2992475.913384304
3409992.8011801885 4470911.125647011 -2995420.4717309834
3416528.5740381866 4464272.2948928755 -2997873.643073119
3425482.0008184607 4454830.464883635 -3001699.4505135613
3434839.4534372124 4443842.338396186 -3007288.513027751
3439664.563762468 4435987.296220424 -3013364.464608914
3445431.1978877424 4428242.467372688 -3018163.9304018733
3450793.311027707 4420788.637321687 -3022961.1887508403
3456271.3044140204 4413019.8788370285 -3028049.7385732313
3460009.4300413644 4405583.2354196515 -3034602.461577817
3463465.9452117914 4398278.154808186 -3041248.7434103913
3467386.5500469343 4390787.986915099 -3047597.802616951
3471360.6593806064 4382280.5316147115 -3055309.070247284
3472412.313976639 4376541.606191093 -3062332.0020895335
3475514.8752920358 4370730.07331356 -3067108.732643209
3478659.710577423 4365762.300668814 -3070616.7380616455
3481364.343883352 4359625.094118482 -3076265.974175519
3478606.420980557 4355703.678200789 -3084928.4976512757
3476697.1461440935 4353780.479658915 -3089791.819675639
3475258.487004154 4350577.202172622 -3095916.2547526117
3472904.117791945 4348096.6835391605 -3102036.946785047
3469096.3775102487 4346906.655256511 -3107959.757466613
3464321.054173395 4348701.41334081 -3110774.2848394793
3461764.1316718617 4349696.081791738 -3112229.7621987625
3458360.9482033714 4349625.164245079 -3116109.9920426183
3451819.602203643 4353707.41034278 -3117661.658834878
3445449.568964065 4359097.054825534 -3117176.789073197
3438511.5079288366 4367686.083730619 -3112811.893421579
3433080.442807857 4373337.316408852 -3110871.323297707
3430558.4174356135 4378142.5550767705 -3106891.9697967474
3429772.664785037 4382336.403426976 -3101842.696703373
3431439.659591015 4384466.3790074475 -3096985.216939082
3426612.5180338174 4389336.93780206 -3095430.325124502
3420760.46539304 4395268.013596559 -3093486.370918571
3415899.6404876173 4401847.323632329 -3089500.0866721896
3415783.0984419715 4405347.174155145 -3084636.6235849313
3415025.3230284723 4406751.831611575 -3083469.042760492
3414684.653298693 4407424.253703506 -3082885.2016240377
3414717.214698878 4408419.732087143 -3081425.4508885755
3416618.3878899375 4407218.6290307995 -3081036.148352732
3417815.586433267 4404792.438272529 -3083177.1264186176
3415672.51750266 4404410.776888499 -3086095.9093335853
3412146.3387786425 4407483.675529111 -3085609.504247727
3409353.28472657 4410869.4681659555 -3083858.2513996214
3406110.7082044873 4411605.326297359 -3086387.741104396
3399270.425830419 4414361.359857203 -3089986.3036386324
3394113.05398171 4419619.649701821 -3088138.5540096024
3394167.2756818044 4422565.747387508 -3083858.2513996214
3394125.0963687394 4424429.068038139 -3081230.801497847
3392360.9385446454 4427407.32147037 -3078894.716034808
3390139.179886862 4432354.120124971 -3074220.924853519
3390417.8293504366 4436728.81198185 -3067596.0280572777
3392179.6136307614 4437268.249716652 -3064866.872952949
3393351.3796888776 4437516.737632936 -3063209.5287771504
3395426.1545734205 4439427.009302433 -3058138.3320436655
3392412.371364111 4446090.612233911 -3051795.7943514534
3390764.953631525 4450692.93551013 -3046914.2460897104
3392466.0936874887 4452603.409989023 -3042225.7767192237
3395896.6414005286 4452590.522841929 -3038414.8230323736
3397820.57371338 4452856.276304828 -3035873.4050389486
3400864.275635587 4452331.66293839 -3033233.578526702
3404622.446455274 4452256.015070054 -3029125.8431048095
3407619.4990054797 4451826.076435805 -3026386.4484172924
3411671.559920827 4450517.852060227 -3023744.204743617
3415928.8184163505 4449312.787275597 -3020709.6895429296
3422909.5354541037 4445541.086298925 -3018359.780100037
3430483.0017827167 4439166.820689987 -3019143.1421125084
3434484.594167667 4435538.393206925 -3019926.4452652293
3437983.37084623 4430624.494118536 -3023156.9482747107
3438987.2182947095 4426970.71995985 -3027364.8866669135
3442597.7040201137 4420142.091197243 -3033233.578526702
3441192.6168549745 4415793.785506776 -3041151.034983721
3439429.987867135 4410832.0812354265 -3050331.57373172
3433505.8275587126 4411326.575976122 -3056284.7662165174
3429672.139460629 4412753.488175548 -3058528.5135833016
3433721.0232658875 4414940.574054691 -3050819.6705061905
3439947.410117685 4412924.941739822 -3046718.9358710498
3444357.0841152226 4409686.397638235 -3046425.963582506
3446450.333869173 4406497.579639641 -3048671.870963331
3446759.135489889 4405783.091830164 -3049355.310497686
3451041.958227649 4402226.284907544 -3049648.19922256
3455463.658911007 4397266.688696983 -3051795.7943514534
3458488.9954493903 4389593.095789582 -3059406.3675412433
3457033.545629268 4385226.147068455 -3067303.653611929
3455116.903489304 4380592.882207887 -3076071.225373703
3451300.512029263 4376068.387767053 -3086776.8369696597
3445460.0855041305 4375726.632188156 -3093777.98808466
3436027.4458597037 4381970.731714037 -3095430.325124502
3426809.8337599565 4391169.5102689 -3092611.46853769
3423904.923524408 4398833.054236584 -3084928.4976512757
3423373.072577192 4402586.873394862 -3080160.1627455438
3421451.964393317 4406461.106124323 -3076752.829780567
3417917.016771016 4412868.86712164 -3071493.55005927
3417279.5047098612 4420805.126936517 -3060771.7680908088
3413416.186977765 4427294.021969312 -3055699.3598050466
3405389.665339971 4434143.198632957 -3054723.607990225
3390030.6411919803 4449245.796709158 -3049843.453727646
3390109.4450477716 4455798.650045961 -3040173.8997706175
3397614.524799153 4460329.557948399 -3025114.3408746817
3404451.927652953 4461546.689871298 -3015617.5497563593
3412790.857620277 4459872.160905209 -3008660.8101489516
3423549.1372168176 4454729.763184769 -3004053.1024031118
3430981.0585485683 4449273.13073439 -3003660.8636805112
3437157.997946515 4444436.77187954 -3003758.9247336867
3444794.3404828603 4438122.398265319 -3004347.2718367544
3450791.374462111 4428270.470603008 -3011992.7837103643
3453845.8963418305 4420880.193797776 -3019338.9734193864
3452514.4288149285 4414886.001489715 -3029614.9446216575
3450070.879940872 4411285.322648831 -3037632.9148807647
3446825.9152889564 4409038.88947945 -3044570.2785040564
3445434.5371238096 4404723.543263591 -3052381.4240382668
3444034.278740247 4400875.45372742 -3059503.9022105564
3440268.399377325 4398119.032768762 -3067693.48433688
3433020.0187196108 4397386.42941281 -3076850.198089998
3424555.4526167433 4399827.242982552 -3082787.8914809376
3416866.2300125156 4401506.609531823 -3088916.5952559705
3407833.654501447 4403659.281172527 -3095819.0707130115
3400978.1913343556 4410524.797637697 -3093583.57758297
3397660.9630308966 4420085.923155967 -3083566.3463292657
3400222.8549168883 4425976.154384599 -3072272.8748794054
3403044.8342747693 4430289.621886972 -3062917.028278172
3408691.8074907116 4431874.250117076 -3054333.281208015
3411351.1779608736 4432449.694039644 -3050526.8152292687
3415956.0239600684 4431387.933745644 -3046914.2460897104
3420927.6475369134 4428558.841765583 -3045449.328972235
3425183.851413286 4423048.316174558 -3048671.870963331
3425541.6505427933 4420481.45428661 -3051991.0079658963
3424806.328232052 4416666.081741613 -3058333.424676727
3419388.3107015523 4418431.069553701 -3061844.454612306
3413571.2086128155 4420630.154443693 -3065159.3174503623
3405143.150355126 4427260.397334277 -3064964.3553857384
3398609.4301088536 4435241.606075842 -3060674.245539529
3395851.4444574066 4443196.2885598885 -3052186.2178615797
3398019.161638505 4448767.86497239 -3041639.567852599
3404326.1572925663 4447684.377433264 -3036166.67749149
3409947.5867714877 4446179.255129958 -3032060.1060538553
3418638.5479380386 4440635.395828965 -3030397.459057645
3428543.4124477915 4432658.129109774 -3030886.5005799695
3436289.097283538 4422700.751763653 -3036655.446414609
3441249.9583739364 4413324.911096251 -3044667.9544884115
3440210.4988546204 4406438.226842938 -3055796.929867513
3434771.4319126336 4403906.689141393 -3065549.230374963
3424658.9604767463 4406144.614962129 -3073636.549181858
3413624.585600636 4412256.052199144 -3077142.2973945984
3408786.4929411192 4420331.826226206 -3070909.0171468593
3408102.552286168 4424712.550783006 -3065354.275780184
3407280.3448763117 4427639.99173132 -3062039.476401478
3404770.185295365 4431254.905607369 -3059601.4359478923
3405309.4226668263 4433397.9684755765 -3055894.498999131
3408912.5501401536 4433922.488220259 -3051112.517419117
3412988.916265609 4429776.924047092 -3052576.6264957204
3413269.8868148704 4427743.488204564 -3055211.495531019
3411149.610998858 4426750.399553174 -3059016.2195447995
3407414.38055507 4427334.519568724 -3062332.0020895335
3402320.3621433745 4430306.7363856 -3063697.0109462463
3397942.3501053993 4435012.338941403 -3061746.942318667
3396581.0046241297 4438207.422448278 -3058626.056639082
3400893.898075529 4438062.4328001635 -3054040.526352021
3406378.4190506963 4433988.682161601 -3053845.3517964054
3409364.4269174035 4429068.537476148 -3057650.584159194
3405910.5233500446 4425859.957229504 -3066134.0717466786
3398363.0486661685 4426592.978809128 -3073441.749800722
3389643.7576608537 4429623.279265065 -3078700.0178555585
3379425.959833702 4434043.275588055 -3083566.3463292657
3367760.476666661 4440882.864345782 -3086485.016481037
3356142.390077043 4449872.005661221 -3086193.1875306405
3345017.258574985 4459519.935836078 -3084344.7410618803
3337858.0568191665 4470585.018647482 -3076071.225373703
3336408.4667166425 4479887.333731993 -3064086.9798831027
3337528.027690525 4487436.918103581 -3051795.7943514534
3336821.5994198355 4497296.247781717 -3038023.876360049
3338371.736224913 4507271.453720073 -3021492.8749303394
3338372.795391907 4516825.596180784 -3007190.484933294
3336382.7456392893 4530323.795547236 -2989039.558470066
3336313.930491194 4541674.906807766 -2971841.0788740143
3335458.9018799257 4552823.455486287 -2955698.478709199
3333152.3082374567 4562356.759714468 -2943575.6296006744
3327986.041207697 4573358.0819790475 -2932327.703979152
3322078.725595902 4583206.272546625 -2923637.1533130417
3316584.444917849 4591459.878633107 -2916917.003041297
3314167.8051330955 4597405.269606853 -2910291.660024888
3309935.982481578 4601516.362806542 -2908609.9695038823
3302246.3055110048 4607599.950457535 -2907719.559084514
3294325.3907738677 4613703.005912313 -2907026.9680445483
3286449.7964711646 4618506.600319048 -2908313.1740037943
3281779.685637473 4621328.105370413 -2909104.6109500295
3279284.392154775 4621230.5261285575 -2912071.9942590124
3276761.0647121337 4622459.302040923 -2912962.053608311
3278353.3909057584 4622140.267079441 -2911676.38926092
3281944.068839515 4618656.071394637 -2913159.8348148665
3283797.099449598 4614778.7178131575 -2917213.5669616577
3286228.086345294 4611546.896364282 -2919585.790338812
3289695.963314938 4605689.542268612 -2924921.4193182937
3289579.50357139 4600431.697371136 -2933314.829251359
3288156.7680643946 4596407.071655438 -2941208.612164088
3285044.434475381 4592564.586337731 -2950673.5813774564
3284956.2977332347 4590917.200435369 -2953334.112613985
3288080.216268495 4587157.725034082 -2955698.478709199
3292640.342149623 4582869.0244445605 -2957274.4346839655
3299758.0293488335 4575900.649063152 -2960130.267007066
3307225.3171545365 4571271.66942688 -2958948.635219487
3315223.787125775 4567706.570468944 -2955501.4680034025
3322063.1378267184 4566558.818953426 -2949589.4733558423
3331980.232619602 4563594.455535924 -2942983.923645184
3342650.649236451 4563475.309903558 -2931044.3075906835
3352945.5398755134 4563647.482258158 -2918992.7825035267
3361428.822972168 4564666.427822187 -2907620.6201643604
3368351.21546494 4567051.39714632 -2895840.573149652
3372651.941966716 4568708.136416441 -2888211.5300978813
3374424.0458578197 4573279.948709792 -2878891.0832932694
3377427.4959334275 4575678.650496417 -2871548.2578400364
3377562.9521809947 4579374.010543724 -2865491.7859960967
3375043.370925743 4584830.056889091 -2859730.161014597
3373840.4942959007 4590911.707680675 -2851380.544811529
3371221.5590325 4597766.0665538525 -2843422.831230063
3366641.678050091 4604315.02257618 -2838247.343783726
3361722.292394919 4612438.927541305 -2830878.197400351
3362052.0568042705 4617630.548431369 -2822009.051284492
3361393.0040233233 4621639.541191174 -2816225.492356977
3358564.728806578 4626062.714087027 -2812334.9245333793
3347063.189671401 4637234.200175065 -2807644.5603162525
3342019.681340686 4650741.2364446465 -2791263.4059086596
3338227.61626403 4659865.314825471 -2780563.365524815
3336783.575370998 4666618.084190088 -2770955.0749596017
3336620.740389934 4672075.4661674835 -2761940.2370861727
3337677.2900472884 4677351.264919284 -2751715.1836737306
3340988.187196521 4679054.256496851 -2744793.288714471
3345466.9523722455 4679970.478122237 -2737767.008802882
3352431.7616635826 4680383.184258056 -2728526.256407226
3361248.162687041 4680084.5306669045 -2718172.2856811956
3369514.205704028 4680205.940668626 -2707708.878459583
3376275.8014918724 4681321.85047251 -2697337.287872812
3380493.7258610087 4683378.741968826 -2688469.216615442
3383398.423849615 4687058.178149894 -2678384.1658974416
3384928.7846738333 4691248.254448498 -2669098.7126407376
3385701.9278664556 4698538.561379434 -2655258.714866002
3385283.352228819 4708345.183311415 -2638367.5369270677
3384143.0667462996 4717868.907576056 -2622771.372941236
3383362.4135341523 4726179.149715074 -2608779.4892406785
3383991.1808079076 4732988.886069111 -2595584.8844837616
3387616.6794269565 4735788.168775461 -2585730.9708774127
3391271.2319814316 4737052.205557777 -2578615.293710046
3395731.4475163436 4737340.550436197 -2572207.8931418867
3397908.391176604 4738980.0284570055 -2566306.2668078537
3402311.4272413286 4739179.636132233 -2560096.546720968
3408470.2885705736 4738325.587130944 -2553476.438558193
3417581.932476127 4734064.741059568 -2549197.0818807525
3426061.4626933485 4729963.016948905 -2545426.0374528915
3432542.0936610578 4726743.818376636 -2542673.52420306
3439874.8678872976 4723823.660858256 -2538186.737494516
3447832.7471449384 4720539.84677523 -2533494.4055044367
3458532.490933268 4715117.171971304 -2529004.559849636
3467567.458755476 4708969.962011917 -2528085.998507485
3475978.0412872997 4702490.650362651 -2528596.3180666766
3482450.881505879 4696654.944339123 -2530535.356740506
3489191.090043576 4690328.050381517 -2532984.2709667264
3494122.0163279325 4683287.543131277 -2539206.5932814195
3496488.0162871196 4677254.937724795 -2547056.889723821
3497615.968473272 4675189.644353412 -2549298.987253436
3500322.7905660947 4671494.54644046 -2552355.7871935954
3500125.602384319 4669023.406485297 -2557143.3665765096
3501960.055426603 4665190.274358325 -2561623.796389508
3505428.496789395 4663535.181977868 -2559892.900172094
3507179.576408677 4664508.622473926 -2555717.4588925606
3505753.9286742415 4667698.629952224 -2551846.369107523
3511568.1733644446 4666444.396547819 -2546139.559753427
3519174.550868449 4663325.168491548 -2541348.0386269656
3527905.7877451372 4656445.037941844 -2541857.8562581223
3531844.1951577784 4650335.746854579 -2547566.4903308735
3533095.2039686814 4644909.853808279 -2555717.4588925606
3532495.1885425416 4639750.018917113 -2565899.161090015
3533522.439594189 4632873.354582262 -2576886.6194083947
3531886.0432108864 4627544.641698814 -2588677.764198694
3531376.978109559 4622694.048404265 -2598021.8192551015
3529756.6940835738 4618901.703387959 -2606953.343466664
3529768.048879656 4614073.981612806 -2615473.1528562945
3529096.384124038 4609693.9577704705 -2624088.66604333
3527609.435601807 4607251.904813558 -2630369.2811932205
3525590.523351252 4605614.202118043 -2635938.2168223173
3521832.3194000856 4605532.441473063 -2641099.9686812633
3515685.553641159 4608486.141699736 -2644135.316068438
3510959.3349360544 4611797.78456636 -2644641.1368452585
3504200.558526913 4617283.06062293 -2644034.149496601
3496862.563987304 4624519.884703272 -2641099.9686812633
3488896.6944248793 4632781.589343584 -2637152.9347139285
3479925.267665436 4643258.8745786995 -2630571.8304410162
3468316.4502671286 4654968.334526191 -2625203.193157604
3456721.7591006323 4667912.271581127 -2617500.8509993935
3447448.059909405 4677713.84824868 -2612228.173060193
3437387.882850972 4686976.190872938 -2608880.9342358857
3428567.0052240333 4694334.508486721 -2607257.7189683104
3423560.7401812924 4698662.306375924 -2606040.174082399
3422096.0344835995 4698547.094084417 -2608170.802582242
3425121.8509603166 4697186.658111544 -2606648.960817907
3431319.7221172615 4696038.186429384 -2600559.8082347843
3433700.7651297105 4699124.662302312 -2591827.0512690116
3432242.3565850034 4705053.936904698 -2582986.809196172
3428971.1225077547 4713170.324139489 -2572513.0780345458
3424661.033900019 4720568.370922092 -2564677.768909147
3416635.66391623 4728752.972652654 -2560300.1901504416
3412069.458714471 4733040.053730772 -2558467.2870076224
3414847.860863735 4734280.825825596 -2552457.6684784577
3414701.5165335014 4738608.632142907 -2544610.5368728912
3413924.7964691 4743812.041721621 -2535942.7826491604
3410562.55987331 4750147.859325019 -2528596.3180666766
3404010.4140546797 4758530.610627825 -2521654.3237972287
3403293.7748675435 4763148.370856372 -2513891.421512895
3403860.0187803926 4764468.2411566265 -2510621.5070293327
3399511.056919462 4766818.578819897 -2512052.191038192
3399758.405039072 4769278.085880295 -2507044.141396032
3402463.9784446596 4769550.306148239 -2502852.323351855
3407263.599015665 4770464.384374639 -2494567.1617007856
3408484.301632936 4776049.817094037 -2482181.2806799277
3404768.912618781 4784959.354766534 -2470091.8251953637
3396518.205337653 4793880.580090216 -2464145.706861463
3385940.319830797 4800409.976068131 -2465991.324439257
3380419.7248289357 4801295.585809619 -2471834.173578908
3381183.125696875 4800599.697976287 -2472141.6242385213
3377603.0776875485 4804595.208981791 -2469271.821291617
3373222.7374828295 4808881.831866601 -2466914.0419706926
3364063.621435237 4814925.845398335 -2467631.669080936
3356888.1241316576 4819511.280717117 -2468451.7692481456
3348900.0186964874 4820230.601862009 -2477879.458256128
3343874.0109215747 4821611.809350906 -2481976.462219404
3341598.9801162966 4821026.128968917 -2486174.6358380993
3337902.0035444433 4822160.916194848 -2488938.591660483
3336476.615151347 4820820.845794904 -2493441.6314198165
3332119.043064448 4820815.129643232 -2499272.928003298
3329246.377508392 4821155.162814905 -2502443.2968421965
3326097.9877138 4820193.496860805 -2508475.199986442
3322417.5545801907 4819536.926497354 -2514606.6108132754
3320027.2019991297 4814450.916952149 -2527473.589623528
3318206.8212701324 4808937.1371749565 -2540328.3453081194
3320735.9375233315 4803629.360572217 -2547056.889723821
3321972.2280148407 4799147.6758777145 -2553883.9248124897
3323818.233721763 4794122.201015123 -2560911.101719981
3325043.0601308607 4789459.162977271 -2568036.3265438164
3330496.1647670055 4783756.116603511 -2571597.502201843
3331526.6852469617 4777941.400495626 -2581055.38857989
3331206.3451242168 4773929.264818532 -2588880.9668876887
3334434.2810310563 4768971.312928333 -2593858.4467837727
3339021.0947767887 4765429.250716285 -2594467.8038189746
3342246.114625154 4761008.737442734 -2598427.9307433204
3342141.899172816 4756975.087379134 -2605938.7068478423
3344147.8859576127 4752949.1769150235 -2610706.8082241686
3347978.7467577807 4747293.641511354 -2616081.4957726505
3350648.0089522963 4743340.340926298 -2619832.309565863
3353307.2468329463 4740956.628176626 -2620744.504541745
3356897.524845325 4738134.852843829 -2621251.251588431
3360611.345600401 4735838.030363044 -2620643.152737311
3366664.4537465204 4733331.960800811 -2617399.4736648807
3373411.2737434683 4729872.013426806 -2614966.1785159507
3380288.887072794 4724847.012859087 -2615168.970641997
3383955.966666236 4723175.577579925 -2613445.1360257254
3386222.313708918 4724074.482173234 -2608880.9342358857
3390583.652855737 4724584.046105592 -2602285.357963642
3396147.711787527 4722933.870635367 -2598021.8192551015
3396603.71830115 4723220.180672067 -2596904.94737773
3397585.848068505 4725803.864203067 -2590912.8202407695
3401888.8830984808 4727435.61315705 -2582275.266214933
3406302.4547931543 4727475.039886464 -2576378.142610397
3408176.6241552182 4730772.431683881 -2567832.8018353754
3410003.9556609117 4734528.399290555 -2558467.2870076224
3404996.0238363934 4743618.095517217 -2548279.898586487
3400486.9122254136 4753780.374501237 -2535330.7300607855
3399701.430708979 4759174.166262181 -2526248.6887117825
3401409.8951881435 4761038.741712533 -2520428.896999182
3399024.785702352 4763498.197470017 -2518999.092671725
3394151.1239721207 4766162.242752458 -2520531.0201224773
3391080.458727881 4772066.524393183 -2513482.7250649403
3394265.915068574 4773725.412059289 -2506021.865040897
3399944.442614521 4771829.321314263 -2501931.996553881
3396162.8957872014 4774628.597661269 -2501727.471103412
3394223.2209396684 4780552.22264896 -2493032.324892728
3396034.857095892 4783634.387557759 -2484638.8662267597
3400403.3722227775 4783240.985176202 -2479415.9763755985
3402698.5928274645 4785585.2041665055 -2471731.6885197344
3405178.946284135 4788365.718940858 -2462915.160019782
3410060.815242268 4789210.648411202 -2454503.5346265025
3414064.456265926 4789877.608446284 -2447626.8883484984
3414584.3585040295 4792022.514989299 -2442698.2774168537
3414955.156127823 4795730.124229969 -2434891.1386731835
3416068.096260425 4797647.48745277 -2429546.942919562
3417322.4866128834 4798522.872662416 -2426051.578805688
3418230.5897667417 4799798.009490033 -2422246.829552767
3420616.935458203 4799602.313726014 -2419264.0225763745
3421086.694660797 4801857.185913085 -2414119.7968845153
3425171.8896998554 4800495.952980791 -2411032.378759142
3426320.3191913143 4800864.861582644 -2408664.9105090946
3426358.6177788274 4801095.736864994 -2408150.1921245554
3425011.41949271 4804171.526175687 -2403928.8099748907
3428627.6217352957 4803033.993613114 -2401045.2073358884
3430041.7511283834 4803773.780788628 -2397542.9190160213
3435295.0059704673 4801201.344204347 -2395173.245167192
3436603.2309848065 4800727.644442711 -2394245.8764020703
3442126.346717305 4797643.128016396 -2392494.018682517
3445451.9560823273 4796796.841855759 -2389401.9913549665
3453444.368172541 4793254.232263837 -2384968.943366386
3458792.881391674 4789036.721142448 -2385690.6939466135
3462285.458117526 4787180.191768172 -2384350.271677876
3468269.448448018 4785772.763141493 -2378471.5874979706
3478218.599991988 4783669.143497927 -2368152.4225048474
3492000.169738844 4775408.9971433235 -2364539.0088866134
3502154.0132312644 4771443.79737343 -2357516.14122041
3512567.451225781 4767814.083688235 -2349353.052219554
3523925.9631807185 4764921.014542779 -2338186.162646049
3534258.9325272306 4760966.54596242 -2330633.4645495294
3544029.777759502 4757799.4031052785 -2322248.6460680733
3554297.262231956 4752510.505419228 -2317381.2520969207
3562651.5743177733 4747767.108197174 -2314273.5893433453
3570581.764079139 4742109.380703682 -2313651.980628816
3579485.302991041 4737566.681565108 -2309196.37610042
3588695.9504663474 4730846.36748657 -2308678.1980920527
3595376.8971687416 4726277.112000774 -2307641.7893344946
3603721.372842945 4720981.246476528 -2305465.1021717684
3610963.416125118 4714582.359723964 -2307227.2061471627
3617352.396734571 4710138.95716334 -2306294.35286368
3625100.1416625553 4703721.142046208 -2307227.2061471627
3631344.3935502395 4700275.342600755 -2304428.475603138
3640043.5145060685 4694915.024237622 -2301629.2333236816
3646309.2868417255 4690304.752928534 -2301110.799015945
3652720.916314241 4687399.038601577 -2296858.9770461456
3659601.328936444 4683402.116017846 -2294058.3542983746
3667701.686613506 4678434.105564002 -2291257.222118024
3674601.0560985026 4673779.86687952 -2289700.8176771514
3678698.260501089 4671267.606603531 -2288248.031941201
3683465.492428349 4668932.927062493 -2285342.0506964037
3689548.1560402573 4665245.948614992 -2283058.3967983266
3698141.219740934 4659708.291029835 -2280462.9269867227
3704492.2969987327 4655016.762109162 -2279736.117615322
3712180.996827306 4650668.224333617 -2276101.560556521
3718432.607014783 4646179.9875646755 -2275062.959621722
3724689.108127804 4642692.112693313 -2271946.7411296004
3732260.501268262 4638844.945724952 -2267375.1608842425
3740188.4276834903 4633776.761658192 -2264673.1438640375
3747151.9446562836 4628503.390164882 -2263945.5980413537
3761641.3892389815 4616174.549730655 -2265088.869157944
3769345.55495587 4609834.777060449 -2265192.798756536
3773730.065810406 4603380.062868031 -2271011.7540840064
3778622.783952698 4598697.702299521 -2272362.2729350757
3783690.6258910005 4594066.410435612 -2273297.1790005425
3787914.9481609557 4592331.44608523 -2269765.0175283607
3793558.702520587 4589211.412676815 -2266647.740670613
3798819.5796126593 4586602.825819289 -2263114.0757235396
3804142.287806414 4582599.731844956 -2262282.509285153
3809502.573787463 4577990.600601715 -2262594.3518688986
3815203.5705303364 4572005.591666459 -2265088.869157944
3821701.835467047 4564872.5438287435 -2268518.1814096817
3826030.448966689 4558554.3688409915 -2273920.418550411
3827842.0156552033 4553606.769447826 -2280774.4062979245
3828346.714469462 4551464.772941832 -2284200.2658437
3829764.857973562 4549281.036667123 -2286172.386774812
3832459.3220347874 4547324.421360559 -2285549.6388935684
3837720.6615451467 4542937.201070219 -2285445.845143079
3843081.9646283123 4538507.257733875 -2285238.2555535734
3846747.676526913 4533201.810367955 -2289597.0518000517
3846650.2737115766 4532445.588625047 -2291257.222118024
3848838.8932861853 4530534.741879911 -2291360.9768316066
3851864.7722389107 4528487.331065785 -2290323.3982915087
3856563.9201656496 4522803.960542487 -2293643.4038833827
3857890.209395073 4519723.880233132 -2297481.268411995
3858554.815600032 4517467.91215519 -2300799.7300195494
3860082.2549766167 4515105.76501983 -2302873.404140864
3861056.8182303617 4513055.26253932 -2305257.782475311
3863603.9782727906 4509973.883780914 -2307019.9103364404
3865177.9748238265 4507032.7251009485 -2310129.0521972785
3868476.9459856125 4502126.650524897 -2314169.98965316
3868362.553680632 4499292.122545452 -2319866.9249079577
3869530.8036730187 4496362.993057414 -2323594.670782624
3868885.011086148 4494025.924910369 -2329184.569162871
3872328.5722692236 4490253.633161274 -2330736.951753536
3877052.582693288 4483375.982194662 -2336117.3072667727
3878091.689338829 4477938.957996323 -2344804.584083696
3878473.0624413015 4473486.099267778 -2352660.158963709
3879890.8916995055 4468499.232160734 -2359788.60932206
3882553.789367598 4461646.927343621 -2368358.876604753
3885283.9829048375 4455040.1957197245 -2376305.1627904787
3888065.8313717465 4447093.063710079 -2386618.6066527753
3889445.756389197 4439281.162441207 -2398882.129013577
3888642.4226529645 4433678.530387639 -2410517.7447850043
3887597.4520619987 4429211.289780944 -2420395.50511855
3887570.64974658 4423882.900410171 -2430163.683106027
3887197.8720740466 4418323.992594234 -2440849.6061431463
3888897.2469755528 4411708.909260237 -2450090.5498409285
3889445.763700143 4407056.343233782 -2457581.542654871
3890410.9978355477 4402880.9891794985 -2463530.44694844
3891602.392916101 4397573.622153671 -2471116.762354203
3892685.5796778314 4392460.249561601 -2478494.0858895555
3893498.7659845613 4387512.066411946 -2485969.876399607
3895633.4474302377 4382362.629050921 -2491701.9947739937
3897259.4658417627 4375725.50101802 -2500807.0688574477
3897180.0158663755 4369644.09020977 -2511541.2496764977
3897982.9548373064 4362567.331562394 -2522573.321309489
3896490.7054888406 4356916.306618513 -2534616.6335682347
3896308.656426451 4349221.5610976145 -2548076.071537098
3895691.302635639 4341209.156994074 -2562641.8653022596
3893102.2932859748 4334974.353099666 -2577090.0046330593
3892388.911366948 4327490.390132387 -2590709.6491076457
3890431.7628020924 4319549.16132576 -2606851.883377827
3888067.6427520793 4312835.519769168 -2621453.9448179705
3886303.2590498463 4306644.620532162 -2634217.168560697
3885852.6954761255 4299351.455311103 -2646765.364133215
3882280.081333123 4292837.53100612 -2662534.1880376604
3878002.8233743976 4290365.201659088 -2672732.9717525025
3875775.827269408 4289105.113555077 -2677980.5939606484
3877537.463221706 4288646.470187518 -2676164.3587530875
3882605.2636028277 4283869.900082448 -2676467.0829679966
3887396.119352327 4277438.811040743 -2679796.56486212
3889427.0735501605 4270080.708349147 -2688570.025816603
3890750.458790781 4261363.51295778 -2700459.75305159
3892237.0841380283 4254633.011295033 -2708916.6506297803
3898798.3951025032 4241545.482498507 -2719982.351825588
3909534.3633240685 4221469.664469302 -2735758.749223643
3919923.116063449 4196548.827950451 -2759134.229931396
3937294.865485155 4168233.353290251 -2777261.3947453606
3955584.346235421 4138848.686938856 -2795161.001881967
3975829.7384790867 4110769.988954995 -2807844.188791869
3994826.988584803 4083658.1520833327 -2820413.875337769
4010578.3283671997 4059595.1131390124 -2832770.7265871726
4025258.510944065 4034542.7395964894 -2847700.792295713
4038167.88815569 4013855.377355326 -2858637.1082639988
4051079.631644989 3994349.3245526827 -2867676.4621408447
4055754.1178275254 3978071.639028978 -2883651.430127848
4069699.7151023704 3961204.843041064 -2887220.3622799036
4078250.772643436 3946307.1153140226 -2895543.4355324623
4085248.020013084 3935856.423867976 -2899900.6578978463
4088780.450013305 3927580.232315095 -2906136.430093518
4094091.671024581 3922116.8482703487 -2906037.477005592
4103933.222924878 3920981.6273122896 -2893661.3796456717
4111978.4155612015 3922769.3995167227 -2879783.8023320446
4120421.768423088 3925607.7100010565 -2863803.337780968
4124756.8023477043 3935784.9332837937 -2843522.336895319
4134011.895492502 3944478.170784932 -2817920.9726547776
4137463.547225596 3948185.4589552847 -2807644.5603162525
4138926.285612539 3953171.292692555 -2798457.956249668
4141423.6662677876 3958460.2393454923 -2787264.5281705693
4151643.2857972383 3955767.7803399772 -2775860.2802588698
4169362.1861854466 3945251.74353724 -2764244.6781215435
4178988.225427335 3934913.2156343553 -2764445.0432529463
4185599.8638024344 3929852.587790428 -2761639.6250006845
4193413.138375354 3924263.892400899 -2757730.9792109
4204769.460760768 3912375.9969644262 -2757330.0201880476
4212274.443477571 3900608.9028731836 -2762541.4385402766
4216153.882055577 3894780.526214493 -2764845.7634103294
4228076.035863513 3883831.438914251 -2762040.4394320394
4240159.514582752 3869491.2521206597 -2763643.5625194223
4248876.216462607 3862927.7629509373 -2759434.905084965
4254760.640039155 3859740.814775354 -2754823.721897806
4258850.421734196 3860877.1567072207 -2746900.374260201
4264646.2349404115 3858544.3031518795 -2741180.284370722
4263971.862899096 3861996.337292123 -2737365.383566293
4266902.307787516 3866006.3720336584 -2727119.4376471145
4271926.873655665 3865131.641348395 -2720485.100342585
4272654.33560313 3865247.393913496 -2719177.911115177
4274876.462074194 3869428.9222721946 -2709721.7660651924
4276921.659415048 3874132.988510605 -2699754.749335636
4285247.748626223 3872290.1860103575 -2689174.863823802
4292305.330797529 3866708.602677359 -2685948.7205060367
4296453.405064012 3864201.197972421 -2682923.4502129126
4297932.666596949 3866753.034306794 -2676870.70384022
4304037.988465544 3864776.541910164 -2669906.4168892475
4308963.4908343945 3862005.6057774425 -2665968.3673291905
4313548.752899077 3859603.5184904435 -2662029.0825644652
4317456.842215778 3860523.1352650924 -2654348.985662425
4324187.834341801 3858265.0359679665 -2646664.2185130846
4329408.861862757 3852891.877322527 -2645956.1765997396
4334615.468687934 3846963.784112746 -2646057.3278627624
4339035.515680545 3841420.2422381607 -2646866.508947094
4346820.542489315 3833586.3508173227 -2645450.4081951743
4353256.587005476 3823756.315590576 -2649091.4908086173
4359351.592730608 3814980.0813540514 -2651720.5112584843
4362355.68462802 3810489.1121188216 -2653237.005474164
4367605.986770126 3807287.4099534918 -2649192.6170702246
4372589.403756205 3801703.9546723394 -2648990.363740051
4377955.938406903 3795381.5722570424 -2649192.6170702246
4380306.468395534 3790194.1487732413 -2652731.5276026935
4382487.8815561645 3786467.4558639303 -2654450.069919699
4387114.84207046 3781247.472020798 -2654247.90059659
4391057.683359616 3773040.3285276764 -2659402.207397789
4390658.695800593 3769368.4946828214 -2665261.4071199824
4391177.918239412 3764758.3388834745 -2670915.9740010393
4391356.975734544 3761322.8447610163 -2675457.973720846
4392573.886971262 3759973.438474276 -2675357.0583131732
4400420.854235496 3754596.9046386797 -2670007.376260784
4408047.0483711595 3746503.856019885 -2668795.8101313105
4411868.07452191 3741139.091737614 -2670007.376260784
4416968.20502343 3737784.1065883734 -2666271.338095103
4423556.827129673 3730922.4944369094 -2664958.411994288
4430193.407928563 3723834.6595584466 -2663847.3673650175
4434398.485445096 3719187.9204263934 -2663342.314618351
4438595.1812561 3715192.1653451044 -2661928.0590370013
4444143.832405093 3713114.2403364684 -2655561.9433758836
4453270.25227833 3705060.8326958483 -2651518.298295534
4459099.838387722 3699781.6022862713 -2649091.4908086173
4465960.747178147 3693382.580367358 -2646461.9248541957
4469816.2759000035 3689876.222090613 -2644843.4595169765
4476783.244979378 3686571.2529319087 -2637659.0330306087
4486321.986853202 3678947.3766530105 -2632090.847614396
4492819.566831989 3673403.4946334395 -2628748.7718506777
4499827.638899683 3668008.630942101 -2624291.3145321268
4504596.715119307 3664181.85265615 -2621453.9448179705
4509864.878960212 3661540.30170325 -2616081.4957726505
4516582.1026402945 3657456.0713324426 -2610199.6468436727
4524920.840363199 3650107.806560704 -2606040.174082399
4530855.1521310005 3643682.3275307175 -2604721.038124486
4536780.134685805 3637247.0693515036 -2603401.768074638
4541948.016329138 3631373.75193902 -2602589.842962608
4547863.393992518 3628692.5888135447 -2595991.0719169476
4555553.781772785 3620925.746834502 -2593350.6275254567
4560546.006040993 3614125.8560331203 -2594061.5689563747
4562632.319050362 3609301.4895732463 -2597108.0221125665
4564512.415051532 3608458.002255716 -2594975.5796147897
4568225.327855472 3605437.284539062 -2592639.6473855297
4573078.020180611 3600596.5569030643 -2590811.2350688106
4576151.453395511 3595518.301025602 -2592436.50309436
4578140.207534693 3593205.542612082 -2592131.7807349246
4583329.795660325 3587464.2495952905 -2590912.8202407695
4585621.827644835 3580489.84017324 -2596498.788415556
4585074.033738941 3577357.828808903 -2601777.867111749
4586853.678178984 3573597.590103753 -2603807.711598646
4592010.286415475 3570150.951753032 -2599443.1540526883
4593715.61938565 3564920.7787344693 -2603604.741422849
4594460.83754006 3562031.3704194585 -2606243.1061699456
4596210.606025213 3558509.869892149 -2607967.900673146
4601942.478345694 3554220.0705585983 -2603706.2269073143
4603280.530921548 3550253.7357858387 -2606750.422494898
4606355.814705086 3546859.253548812 -2605938.7068478423
4609306.3731539305 3546825.1269904566 -2600762.825970813
4614808.537602915 3544651.5536492825 -2593960.0082651563
4616592.040208749 3542179.6390299057 -2594163.128857396
4614813.236309612 3546576.4958746894 -2591319.153035923
4615270.613852385 3550132.257905848 -2585629.3454953954
4618188.014176487 3551734.93514996 -2578208.5672326717
4617818.903105597 3558767.8753730967 -2569155.6565013872
4613206.163672458 3570380.6726495754 -2561318.3604981247
4608602.4256845815 3585116.176298443 -2548993.2688058275
4599135.226417825 3599706.03178203 -2545527.9715365027
4592102.888267285 3609607.2277987134 -2544202.7679787125
4584636.524519662 3617221.1032856926 -2546853.0440496374
4581739.279708266 3622466.4785769708 -2544610.5368728912
4579610.258248698 3627802.6566529525 -2540838.2016423373
4576432.211542203 3632310.1821166878 -2540124.397357417
4572563.1043900745 3637962.7966488013 -2539002.628310937
4570871.1412132215 3641439.3001088747 -2537064.806828303
4568352.913129869 3646868.218625801 -2533800.476966353
4570678.359204882 3646504.749057938 -2530127.161190536
4569351.2847073525 3646751.2909150016 -2532168.015585267
4572777.836940945 3643871.622627177 -2530127.161190536
4573993.314849862 3644187.6199592594 -2527473.589623528
4576093.4131796975 3647558.459482012 -2518794.822631372
4575615.133787198 3650835.411452558 -2514913.1090241666
4575097.543593967 3656961.2645478 -2506941.9171966068
4573715.312778233 3659390.11716012 -2505919.6332062907
4572007.767836231 3662082.902901501 -2505101.751051576
4570200.443713658 3663778.882000213 -2505919.6332062907
4571113.892989856 3667526.37280502 -2498761.5096472856
4572896.197839569 3669481.150336189 -2492623.0062149013
4574516.143564726 3668156.7857198934 -2491599.656373953
4572142.1882134015 3672156.8117147856 -2490064.48931265
4572697.608178505 3675623.5536986934 -2483922.115456514
4574136.055166485 3676254.169466274 -2480337.8056845055
4573498.070925731 3675872.803738606 -2482078.871827708
4569268.898886344 3678778.667432236 -2485560.3484356357
4563994.22760056 3683731.368978088 -2487914.968730965
4563970.9405910345 3681476.7759913024 -2491292.6366200494
4562716.588671749 3677968.0870509 -2498761.5096472856
4559252.036286621 3676488.323125285 -2507248.5875037843
4553591.274865852 3680850.6021315893 -2511132.4828158896
4554166.63495409 3681184.268710101 -2509599.498101681
4553228.217330619 3678717.9634979684 -2514913.1090241666
4552561.596512681 3678704.7009806056 -2516139.0329115572
4553096.943292171 3677692.618922759 -2516649.801959849
4555975.200845188 3674895.8469828446 -2515526.084760777
4560703.206488013 3667554.849667666 -2517671.2825563895
4563171.014959275 3663641.54947459 -2518896.958035199
4568213.331677727 3657211.638218645 -2519101.2265409203
4569970.57949582 3655085.9734979765 -2518999.092671725
4576124.517682899 3649281.529451276 -2516241.18825426
4581710.320164414 3642759.950777297 -2515526.084760777
4587466.578157546 3637415.428817583 -2512767.476804668
4593458.547149679 3631471.5340483207 -2510417.1113610384
4599206.754461491 3627935.4559931518 -2504999.51234797
4605222.952748168 3624603.9057235844 -2498761.5096472856
4613023.175474891 3622145.39891705 -2487914.968730965
4622149.366226537 3619280.370412838 -2475113.297737284
4630819.585268826 3618122.940713404 -2460556.3099783044
4638096.117344271 3618335.9521796545 -2446497.5666123494
4646869.545580561 3619052.546578622 -2428724.5812275005
4655706.37980879 3616023.6707254774 -2416280.5958250747
4661850.379115335 3615450.2667188593 -2405267.4303754126
4667504.78137902 3613968.3343407693 -2396512.6734874975
4673983.479450222 3612074.0495495563 -2386721.7044299627
4680983.976909106 3609400.370360354 -2377027.3398433486
4682695.5326531 3610980.760992507 -2371248.930882768
4686690.477351988 3610671.1628774316 -2363816.2202386893
4690672.154533147 3609956.8580841185 -2356999.6227107896
4695491.014945872 3605712.035606508 -2353900.1348495977
4703962.494850858 3597491.7295577843 -2349559.767871384
4710888.095027456 3591594.446518876 -2344701.1937266877
4717444.689905355 3587098.357050208 -2338393.032518587
4725432.264279214 3580822.3452496664 -2331875.2641317872
4735454.337661299 3571272.4054818247 -2326182.8435806246
4747563.469730842 3555768.4372432735 -2325251.15236651
4758687.348803226 3539915.37308342 -2326700.4250113065
4770772.811460797 3523747.474844294 -2326493.394565073
4780239.785761126 3508353.361971844 -2330322.998677927
4788815.152357136 3493600.6021187273 -2334875.8573916447
4799643.11697799 3474745.1969766584 -2340771.831198728
4804505.4018607605 3459894.909344761 -2352763.4942299207
4806283.069955309 3450231.5190024083 -2363299.9210306127
4809952.584201149 3442064.318272836 -2367739.505648721
4812428.887539748 3438885.586786339 -2367326.57725252
4816229.085471445 3439950.6474040193 -2358032.641776519
