-1430680.9432929163 -521686.93754573644 -6186326.517222692
-1431935.7993648516 -522342.7253347568 -6185980.839267707
-1431174.3049855973 -523169.0184509857 -6186087.235634657
-1432143.4641210882 -523976.7149911044 -6185794.573078092
-1431131.8499093754 -524541.4038832079 -6185980.839267707
-1431685.108258689 -524914.2583037275 -6185821.188186719
-1431087.683813023 -525602.1163395611 -6185901.0222067125
-1431447.5209490217 -526187.9780447771 -6185767.956085165
-1432019.1090360824 -527135.8490321107 -6185554.952307893
-1431632.3992261363 -527873.2201274168 -6185581.584374934
-1432074.1690243173 -528547.2348267622 -6185421.7637094315
-1432155.5976633169 -529884.1094007435 -6185288.528006289
-1431610.670553588 -530733.7934336164 -6185341.827940042
-1430935.3086711827 -531932.6533571192 -6185395.1203371445
-1431283.3068604397 -532545.4257965937 -6185261.875213189
-1430793.833731246 -532931.9627231736 -6185341.827940042
-1430267.0251395612 -533418.0741483504 -6185421.7637094315
-1430283.0134309512 -533992.8173383853 -6185368.47508068
-1430113.6691338154 -534754.4902961978 -6185341.827940042
-1430239.5698081707 -535342.2344530366 -6185261.875213189
-1429777.3907071715 -535652.9516001219 -6185341.827940042
-1430045.016684723 -535553.9894062799 -6185288.528006289
-1428503.6141086621 -534436.650722372 -6185741.337207946
-1427867.1719364398 -532437.8887249177 -6186060.639369484
-1426336.1375552583 -529741.336651345 -6186645.321896737
-1426060.9495328043 -528931.17994975 -6186778.077084595
-1425831.4746515674 -527374.4973110026 -6186963.855194154
-1424883.1640563926 -527136.8314897179 -6187202.577067897
-1424422.570957644 -526514.2667428042 -6187361.640171254
-1423270.9294262202 -525580.4153284286 -6187706.044122767
-1422687.3989797882 -523728.9792719365 -6187997.214047119
-1421334.5502121367 -521147.4626448401 -6188526.029560844
-1419854.2083052618 -514484.6177995288 -6189423.285347797
-1418674.4541390839 -508517.76221283246 -6190186.869448064
-1419189.3090725902 -500945.0849091896 -6190686.288847093
-1417278.5735059069 -490693.6033849434 -6191944.947484447
-1416924.233237883 -481063.70576088474 -6192781.638994131
-1413645.8288808728 -474893.05613475246 -6194007.027419545
-1411859.8499421445 -466572.65111947904 -6195046.628181961
-1408658.264996898 -459685.8739427175 -6196290.163456957
-1405724.0292506358 -451897.0128877481 -6197529.349936997
-1410223.6414787853 -441288.6601659937 -6197271.54475445
