2153085.734757192 -2338266.72656122 5521446.507414679
2149586.32570608 -2343315.1711430154 5520669.672877414
2141105.6290133833 -2346371.9902768354 5522666.58134017
2133637.381029075 -2345741.4223941625 5525823.893822495
2126440.6533867354 -2345630.8776196553 5528644.222011527
2121856.013947556 -2346657.3553123754 5529969.919704167
2113241.5755872536 -2346498.3376006675 5533335.033670635
2105754.1675755633 -2347643.1401733253 5535703.394523163
2096840.6282186848 -2349393.977696535 5538343.463294302
2087668.8302588607 -2352638.2714087004 5540430.76114743
2078811.818253526 -2352729.052793594 5543721.532367082
2071710.5797437946 -2356021.5907555446 5544981.382986903
2066155.0340778567 -2358322.1561793173 5546076.178960082
2057787.7240058137 -2362546.4013559413 5547389.042096387
2046388.4851739039 -2366668.9535737396 5549848.036832886
2036503.6640559451 -2373010.433815171 5550776.099545994
2018552.9396637455 -2386268.4330011304 5551649.123948413
2012529.7148093889 -2390463.894893709 5552030.935992598
2005172.4886010997 -2392214.1665205304 5553938.753034261
1992405.5441145448 -2400716.510718067 5554864.659282645
1986868.3825418311 -2411207.0988290696 5552303.608144273
1976506.365229272 -2421709.8209965825 5551430.908432246
1970526.130632572 -2436177.8890988426 5547224.9874293115
1968531.7561855563 -2447484.8591686734 5542954.229382479
1974568.1155886755 -2453674.2904648413 5538068.637459493
1978826.016022632 -2456945.3787226 5535097.831500872
1985378.8717501254 -2456995.1493111025 5532728.673256073
1988497.833438484 -2457080.5971949976 5531570.509836997
1992253.0053491471 -2455404.4681616277 5530963.556235857
1993946.3827259173 -2454775.758967119 5530632.404707587
1996417.1497011525 -2453264.5723936423 5530411.603327312
1997095.6090366337 -2452961.240679781 5530301.1925291475
1998607.5166703505 -2454468.26546502 5529086.229037661
1997477.3783763573 -2456756.2442718134 5528478.441588261
1997771.803092509 -2458257.652601829 5527704.59921594
1997457.2998266509 -2459010.4000034826 5527483.4407751905
1996777.6972946587 -2459313.753970084 5527594.023363168
1996047.105881181 -2461397.369033247 5526930.426811936
1993635.204880177 -2462110.1684974283 5527483.4407751905
1991336.937850065 -2463225.053602987 5527815.168333369
1989786.8428839957 -2463857.3428266635 5528091.561658949
1989496.8529321381 -2462355.0599317644 5528865.238998104
1988766.4635022103 -2460835.994870034 5529804.260550361
1991694.4435447396 -2454365.8263359275 5531625.67732736
1997710.3265541792 -2448474.961891237 5532066.9565877905
2008965.7743356635 -2442624.2601312017 5530577.206889567
2020893.8396835157 -2439284.926476644 5527704.59921594
2034927.5885301 -2434005.059535445 5524882.811390203
2046852.3046504052 -2430543.0523484903 5522001.187398261
2059211.8832861742 -2425391.943750087 5519670.401294373
2064885.20901617 -2419550.5770767964 5520114.58925932
2073221.8108040108 -2415966.4324845495 5518559.460612382
2079094.5954741691 -2412567.4354466833 5517836.988575534
2085361.5098219165 -2408935.9708586778 5517058.624090958
2087251.7340939422 -2405768.7008621492 5517725.813818033
2091305.6351869656 -2404415.527057336 5516780.556944497
2092865.53707319 -2407396.6695669247 5514888.586280726
2093981.0359128565 -2408594.911187139 5513941.87265705
2099178.4903590777 -2413126.8633010187 5509982.704803052
2101442.4658797397 -2419820.346113219 5506182.893360316
2107946.348679282 -2422949.8117581345 5502319.274705067
2118755.003799278 -2427662.314680712 5496087.146302777
2128876.5366676655 -2426578.5040244143 5492653.498577215
2137440.835392677 -2423768.417602853 5490567.760535045
2143310.7046201765 -2416786.2995213163 5491357.22803631
2142265.0694804597 -2408738.915971002 5495299.646677215
2142196.5409084167 -2399032.534272723 5499570.699574741
2139896.5289294124 -2390655.546356243 5504112.090442198
2139689.114558958 -2389164.879655778 5504839.931447352
2134279.1174552203 -2386139.174959297 5508251.400083255
2136714.0971361045 -2385507.8635993074 5507580.784682664
2131209.9842870575 -2386561.070179563 5509256.870139432
2131894.9635318853 -2384143.515198236 5510038.526490135
2124303.5930829854 -2384601.238647216 5512771.732718205
2119423.5820204965 -2381214.3503226857 5516113.024385261
2111404.6469769985 -2380223.330075154 5519614.870232332
2104701.794137943 -2378179.7802415323 5523054.615935177
2097655.7430447997 -2375141.8256280012 5527041.0430739205
2092864.2452867655 -2374222.6267316616 5529251.953882701
2086213.7665492026 -2375188.888399285 5531349.823025584
2081744.5374216263 -2378208.8695015972 5531736.007252981
2071702.0674231704 -2383892.7767032133 5533059.44058229
2064498.886081379 -2391154.3122760155 5532618.403997565
2052706.3262378948 -2398743.8214867227 5533720.793200738
2039935.083367803 -2408475.024687478 5534216.648370557
2021102.5091278984 -2414983.669040851 5538288.501501426
2002739.898053198 -2414797.7388967304 5545036.138833101
1989356.7120415105 -2406514.5086601954 5553448.369424475
1984977.688386803 -2394401.4003829113 5560246.982864244
1988388.181760779 -2380448.592517699 5565017.334835047
1991366.1541686906 -2371872.3140107286 5567613.81258262
1989341.5395433723 -2364177.1777897063 5571609.059424889
1984241.017536649 -2360205.2711549103 5575110.7309485525
1973466.9579252573 -2358315.5726340613 5579732.684085225
1962901.1469569476 -2357871.126282591 5583646.106185273
1948930.0393872752 -2354261.7258455083 5590059.429719226
1933891.1581953876 -2349838.792635501 5597138.879541853
1916314.414401515 -2344783.4188634637 5605298.456262605
1904946.139346318 -2332451.4242269215 5614311.316609667
1893523.2313645177 -2326078.6385316574 5620815.682767902
1886710.2854397295 -2322258.9079286507 5624684.7790220175
1880288.8551928257 -2318238.157924321 5628492.397097228
1873381.8829490014 -2318393.8666353975 5630730.964962348
1871607.1660559475 -2315784.150795188 5632394.817739062
1863597.816349677 -2316937.191702593 5634575.958189047
1860132.592686533 -2318837.6599958874 5634939.187268135
1856473.0905788373 -2322901.6570412503 5634472.163004417
1859560.1084928466 -2326098.242596612 5632134.956540994
1865531.9491855176 -2333651.8443955826 5627033.02067059
1870066.5537551849 -2343346.76108781 5621496.067936495
1873305.227982214 -2354308.262173978 5615834.855965216
1871291.8923034645 -2364286.983346349 5612312.7776504345
1866728.497811817 -2371507.3520877473 5610785.915934683
1861074.03770927 -2374454.3862316413 5611417.895137541
1857007.8288462996 -2372164.456925472 5613733.046102481
1855335.73500174 -2368495.1300249076 5615834.855965216
1853198.3502230817 -2362197.5971733453 5619192.058173392
1856295.0367059642 -2356644.210891068 5620501.561246506
1857310.7347794473 -2351594.522592569 5622280.768138999
1861250.3500249272 -2347976.751199381 5622489.956448058
1864689.9974760253 -2345496.7517911885 5622385.365718882
1866983.4195643466 -2342416.8530679774 5622908.250855151
1867413.0334191727 -2341697.810350909 5623065.082996458
1866781.2688582588 -2339816.309180231 5624057.995214323
1861741.650053807 -2336927.9230800853 5626928.728070361
1861025.4249914733 -2333353.683945055 5628648.679137413
1856150.574951376 -2330076.6826248392 5631615.105473358
1855608.6635305588 -2325479.575902017 5633693.480292738
1850066.0272218864 -2322854.495860477 5636598.5918796975
1846418.8403798528 -2320601.464308995 5638722.134467815
1838409.2879565496 -2318414.4494783 5642237.741393509
1832915.9355380267 -2320124.740255376 5643321.837615296
1827924.3926733572 -2319044.0203146697 5645384.685432209
1825345.860260101 -2317186.533003373 5646981.500031599
1814551.4018119953 -2316513.7153954883 5650735.21026837
1810667.6273787906 -2318549.638111788 5651146.018178451
1803811.2365555922 -2318015.5301495325 5653557.289429494
1800881.1453504327 -2316918.8628042196 5654940.767461964
1792150.0939496388 -2319189.5190182626 5656783.451364578
1787558.5752275535 -2321359.7373731183 5657346.048266223
1779432.0090191115 -2323615.9356796993 5658981.508074891
1773118.1191683582 -2326202.3653723258 5659900.678529002
1763250.2910897594 -2328983.680252019 5661839.314930409
1741122.2661701054 -2341262.947871866 5663622.697811801
1730792.656626769 -2343134.8333040355 5666014.201599226
1719180.9816196405 -2344066.3989964626 5669163.11897383
1712470.3184542782 -2340393.8707253137 5672710.369680836
1705605.7552827508 -2338540.607458227 5675542.074094356
1701157.4044302793 -2332954.6250149314 5679174.869906145
1698273.0297952269 -2331990.023510533 5680434.160037196
1695881.4583705026 -2325633.968289897 5683753.489085476
1695001.0345972362 -2323574.637900647 5684858.256352499
1693949.447277555 -2316354.076633094 5688117.44443918
1695573.918279647 -2314672.984713485 5688317.770790181
1695098.9269892224 -2308864.2067247042 5690819.510635132
1693200.8366366767 -2310502.8074581767 5690719.524237752
1692469.8001216017 -2308575.5204714984 5691719.0761628505
1688775.7735203383 -2310294.7994841584 5692118.7027544705
1684972.4167520516 -2309996.363881378 5693366.820576342
1679776.09245658 -2309723.7704007146 5695012.676338588
1673995.7311489694 -2306426.8933516853 5698050.041700154
1672451.4912122034 -2302016.485106882 5700286.581553442
1671648.6105340996 -2295093.8811990935 5703312.7215138655
1674703.7704829078 -2287438.534213433 5705491.497962804
1673969.449938452 -2279083.362274843 5709049.510073875
1673953.2062987224 -2273899.789436917 5711120.854151221
1672566.0758310454 -2265631.6921789334 5714812.049173058
1668279.4366597703 -2259494.9348073285 5718493.452020224
1656645.1103826487 -2259378.8451642594 5721920.587728344
1646791.3863477851 -2266447.5160923665 5721969.484945676
1640106.8976318932 -2270303.840602773 5722360.599934662
1632075.4279973109 -2269935.3881715043 5724802.540774142
1617068.346600055 -2268385.8493849454 5729673.341538268
1609291.4504966117 -2273052.0595611036 5730013.644127171
1608852.1187817804 -2278750.690363374 5727873.17868158
1614547.5321523424 -2282925.316665675 5724607.345918819
1624814.5881158123 -2282621.8557241336 5721822.788064705
1631033.6173965607 -2281988.077184863 5720306.001824414
1636904.2325363737 -2277657.7233084566 5720354.95655277
1635751.6293247507 -2274797.0435062703 5721822.788064705
1636470.5548882592 -2271695.5322855557 5722849.336788236
1636391.205899779 -2269413.239019997 5723777.4565242
1637009.6558592473 -2265516.6796652745 5725144.064631214
1634510.411836141 -2262390.581420705 5727093.990035271
1633736.5549668767 -2259989.6883210954 5728262.605506776
1630962.9819996515 -2256318.8162910463 5730499.642317219
1629691.349438232 -2255139.8675585845 5731325.43861488
1626655.7932795146 -2253506.618893327 5732830.003479447
1626099.1031161482 -2255388.6532259323 5732247.790330122
1623771.867296152 -2253735.849020451 5733557.416283335
1621948.565277798 -2253692.2622482884 5734090.602586907
1616951.9391396125 -2253461.981639596 5735592.081365061
1620490.2059074144 -2261391.463343835 5731471.114999515
1623379.7585969605 -2263504.172911269 5729819.195977386
1626597.5818338988 -2266487.018446452 5727727.114832359
1628831.8658903441 -2267343.897623147 5726752.954560835
1632685.311009759 -2264940.3023454756 5726606.770333035
1633379.4327812304 -2264070.0576607627 5726752.954560835
1635753.3517228041 -2261615.4359092405 5727045.27591538
1633737.7331030546 -2259742.1009172024 5728359.944764086
1634516.7879763118 -2256586.474555624 5729381.585535757
1631817.3287302286 -2253107.9589292016 5731519.670302601
1630444.876178098 -2252619.564030528 5732102.197753587
1627524.5410904938 -2251644.755494071 5733314.989009781
1625979.2684016149 -2250168.598992984 5734332.890130647
1620651.5817688932 -2249322.232569795 5736172.848213103
1615567.972213491 -2247059.10796375 5738493.399183721
1609563.75373745 -2246806.140929189 5740279.408507698
1603521.5935202306 -2247307.5860922923 5741773.951716174
1598215.790376299 -2241857.1405115495 5745382.828752949
1599266.5880030878 -2234820.661820726 5747831.242303147
1600863.9022449043 -2229972.558462096 5749269.358361568
1595743.2972096328 -2229568.288818196 5750849.465505668
1592039.4088816748 -2222835.383303805 5754481.243283387
1593436.414444428 -2217011.461529394 5756340.988212025
1593809.2801913845 -2217856.942314638 5755912.052994085
1590728.3621551634 -2219449.7561979424 5756150.367871573
1586446.9554783455 -2216089.0873285783 5758626.243686656
1586192.6209503373 -2211572.05266451 5760432.538023164
1587308.711280548 -2210276.036568631 5760622.526885732
1585420.540050353 -2212125.6035927213 5760432.538023164
1581789.0720439854 -2210397.520566037 5762093.988528627
1578728.1931103603 -2206527.0859423974 5764416.4068256775
1579367.2542569602 -2203841.9667273634 5765268.481334767
1579495.000495285 -2205483.2681652373 5764605.805885914
1576465.5300230447 -2206536.922214639 5765031.851044078
1572576.8290198834 -2205974.183787311 5766309.132997786
1570058.8690399292 -2204802.1561319632 5767443.419754103
1567667.6584287053 -2205515.058644644 5767821.290470811
1562715.7040757472 -2208409.9322640174 5768057.402567408
1559167.354641006 -2210670.1625018385 5768151.835106793
1556772.2041864556 -2209402.1643473567 5769284.477337693
1558913.4122861933 -2208754.646685556 5768954.227911605
1559568.1407737522 -2208045.864123572 5769048.593677322
1560514.3746307902 -2208240.30868501 5768718.282744392
1558646.0483925384 -2210668.2092242427 5768293.470737737
1558782.7068426302 -2212665.5785787352 5767490.659742866
1558531.7553308057 -2213704.126642363 5767159.942927892
1555905.4466225938 -2212351.7896593963 5768387.885706111
1558105.3573227315 -2210556.654640679 5768482.293645878
1557853.6063646926 -2209871.84351838 5768812.666083134
1561249.6278397224 -2208953.5251875287 5768246.26061786
1559293.3349664705 -2206267.3361829123 5769803.266734621
1562814.1410330525 -2203651.3119245404 5769850.4188618595
1562350.3771225244 -2203486.3567883605 5770039.009794706
1562829.2756537388 -2202776.2955013635 5770180.434539019
1560177.6062877253 -2200828.978081562 5771640.8971864125
1561284.033385635 -2198808.819224139 5772111.653770847
1560227.7967409568 -2199434.9129236587 5772158.719758957
1559508.3762208526 -2198339.448367892 5772770.41759384
1558660.664689812 -2195357.738200148 5774133.903337664
1561470.4269165962 -2192741.579242309 5774368.837589685
1564368.9934379663 -2193893.3065448618 5773146.699319838
1566821.2212534605 -2194495.235164856 5772252.846460259
1570187.2374813897 -2195804.257822739 5770840.207506884
1574782.7181492387 -2200687.9757626825 5767726.833333219
1579689.0672994014 -2208684.5520960237 5763326.817037807
1579408.24818528 -2210492.6350513557 5762710.551116377
1581786.8048717475 -2206811.4336965363 5763468.990116965
1583499.3685050225 -2205459.071193833 5763516.377632064
1582377.5736616591 -2205521.2759535024 5763800.665853138
1580239.787661144 -2201730.2188236043 5765836.2148964675
1580251.9128381424 -2195027.5834281403 5768387.885706111
1582414.2043218978 -2193345.137459881 5768435.090554577
1583380.200046496 -2193392.930884673 5768151.835106793
1582705.1371235973 -2191893.4703023056 5768907.042392752
1584752.8692433569 -2187802.866805267 5769897.569231503
1587889.8861790814 -2188513.559575237 5768765.475292397
1590039.0386446598 -2191556.1042168546 5767018.180798098
1588098.6033763504 -2192341.2199121667 5767254.442230559
1588919.4432574795 -2190254.2236073804 5767821.290470811
1590487.5996155946 -2191852.4121121247 5766781.8754472835
1590040.665983438 -2194538.442693947 5765883.514610521
1587532.1762423222 -2194863.492751098 5766450.974176731
1585947.286885273 -2191786.030594356 5768057.402567408
1588988.65591018 -2192442.1136891195 5766970.923241346
1588160.1104277947 -2197265.6973703275 5765363.121157736
1585164.8589348046 -2199179.4509201236 5765457.753955783
1582021.4249710469 -2197970.8851450454 5766781.8754472835
1581967.6091196702 -2198381.625975272 5766640.071156732
1579511.5592216756 -2202500.3788199527 5765741.610199253
1576040.0236513005 -2203501.265385507 5766309.132997786
1574555.0578808135 -2203944.2062349017 5766545.526179912
1578808.582585653 -2204118.454468599 5765315.802124359
1581615.9064323918 -2207305.1724972036 5763326.817037807
1582859.6324044215 -2205299.165446436 5763753.288872261
1584311.5510332792 -2203017.302724308 5764226.979670374
1585046.382788716 -2202984.4260629406 5764037.524420928
1584219.2483695536 -2201348.5343659017 5764889.851796
1583599.11721098 -2199191.244960573 5765883.514610521
1585239.0737237828 -2198877.8583047716 5765552.379728796
1584550.6703794044 -2199622.0267017046 5765457.753955783
1584929.4979248648 -2198852.9226769004 5765646.998476658
1584200.2448895278 -2197517.7536442075 5766356.415147305
1587191.4595256823 -2198834.2427877607 5765031.851044078
1587013.7089422117 -2202311.6293212664 5763753.288872261
1587020.5369668473 -2203050.6156703695 5763468.990116965
1587660.6108253347 -2203209.340243487 5763232.02620696
1589592.4561815832 -2204916.4151722244 5762046.548350219
1589276.7352516085 -2206507.387551019 5761524.590546392
1590441.2230539483 -2204552.2793527762 5761951.662727755
1593435.7225186853 -2201892.3166238614 5762141.426951802
1594932.588730084 -2202422.6274573156 5761524.590546392
1593962.7612455895 -2200517.422188954 5762520.871147038
1592776.8463675939 -2198395.613019946 5763658.529643299
1592582.071334093 -2198288.2820684407 5763753.288872261
1589326.4909751732 -2199526.2287247777 5764179.618491802
1586632.666831523 -2197251.916908129 5765788.913426041
1586364.8209649038 -2194217.1627141144 5767018.180798098
1586745.2881835564 -2195308.2496515936 5766498.25105661
1584092.976768468 -2198339.3974812296 5766072.695902704
1579497.4316965628 -2198670.0641511953 5767207.193457622
1578031.5489942795 -2196872.291650817 5768293.470737737
1578316.2163571394 -2200509.166278427 5766829.140030828
1577226.0176762461 -2204508.8577861376 5765599.689980877
1575268.7656345633 -2206896.985875888 5765221.158788973
1579151.9431659959 -2209563.1757335286 5763137.228353792
1579500.9427185252 -2214133.419965935 5761287.266795611
1577878.786188242 -2215783.508824755 5761097.376205108
1580626.0459638103 -2214565.82306924 5760812.487671724
1584048.6844922013 -2218051.007848737 5758531.105389614
1584402.6397890563 -2220020.970414513 5757674.5449833535
1583449.486883958 -2218849.236073941 5758388.384787971
1586800.6994870736 -2217319.0123536917 5758055.308657792
1588756.7963333393 -2223084.388614534 5755292.229175071
1588080.1016960735 -2226899.4282766855 5754003.956110733
1589321.6433540632 -2216996.6869159443 5757484.12105236
1596722.3755134132 -2209193.0538634844 5758435.960075977
1602658.7450053198 -2211222.498988462 5756007.384205235
1604746.0329588305 -2214671.747091608 5754099.427567888
1606861.8517072962 -2216858.758077665 5752666.619600179
1609735.7749954073 -2221966.0481512602 5749892.052513943
1607979.4564384012 -2231898.6926932046 5746535.590529866
1605620.5817210174 -2237917.430730551 5744854.142690328
1609250.9002098064 -2238025.5797950714 5743796.135340882
1610516.231532598 -2241683.2814073227 5742014.849669838
1609865.5266038112 -2244247.5040619425 5741195.618228347
1609959.3193184133 -2245536.547493473 5740665.257965394
1611779.6073200507 -2244847.0939936247 5740424.115169157
1611309.2634245676 -2250238.06388627 5738445.095445242
1611037.3616170739 -2256341.240181428 5736124.460585774
1613468.3919793908 -2263335.91680967 5732684.473766437
1617272.4002836975 -2271187.062356823 5728505.940562827
