-4787697.831027699 -919.1720094546868 -4203283.196965854
-4785339.80906908 -9688.325754688694 -4205956.496218521
-4781070.87163821 -13351.30326242707 -4210798.506586826
-4775257.811723774 -14251.861432606078 -4217386.716441448
-4771419.880668637 -16822.021053488166 -4221718.88476338
-4770526.462908386 -19233.486186589387 -4222718.122217006
-4766252.394393245 -18467.561408915677 -4227545.157903847
-4761597.490465963 -19363.70079186792 -4232783.408807954
-4756864.44371269 -19842.599328258297 -4238099.566479515
-4751689.753877827 -18162.33469039994 -4243908.058911159
-4745463.431048681 -17972.885560055707 -4250869.887442373
-4741831.449929787 -16552.181503003398 -4254926.735649424
-4737459.226811421 -12733.406963133573 -4259807.382340948
-4732483.861025575 -8672.739351966171 -4265344.334133483
-4729138.014739409 -4704.726212982835 -4269059.908586182
