-4709718.420957141 2959.203747767939 -4290476.038671019
-4708285.642425486 10025.37571477587 -4292037.604817996
-4708423.411699672 14627.640477541163 -4291873.2516574245
-4710345.483721438 21210.591059551814 -4289736.184756815
-4711127.3082534885 29025.680356289522 -4288831.775123396
-4713330.809867733 35127.01169147328 -4286364.400024945
-4716807.945240068 39845.68093303901 -4282496.483294661
-4720884.508262212 43505.78007580268 -4277966.538759956
-4724377.309242373 45104.76907203915 -4274092.371454172
-4728016.252426668 46625.000946088796 -4270050.283787775
-4731504.019228283 47980.81265868358 -4266170.244803085
-4734844.577302575 48841.1610173574 -4262452.623757697
-4738186.377734206 49289.16169773787 -4258732.373417369
-4739600.864963248 49055.684313614285 -4257160.812170025
-4742645.848450999 49087.200416545966 -4253767.953582537
-4744512.373693359 48029.91075277972 -4251698.068247989
-4746971.863706403 46894.78873816331 -4248964.58022057
-4748990.392357048 45173.97001818512 -4246727.041585468
-4750701.717899546 44443.94381892409 -4244820.246300676
-4752355.279798522 41804.9786791786 -4242995.715096676
-4754444.556728939 39914.65997592884 -4240672.679765508
-4756315.940809745 37273.76768283438 -4238597.685254149
-4758190.333005057 33883.37652046236 -4236521.883773622
-4760202.715272976 31488.23802130572 -4234279.112242615
-4761706.109222648 27342.651439895286 -4232617.193747144
-4763869.029052665 23363.988437264343 -4230206.495914486
-4764626.835067196 18960.221185323288 -4229374.9694925565
-4766047.760789269 13475.718478781673 -4227794.714373804
-4766205.442367966 9233.655087225843 -4227628.34468165
-4766508.176804981 3577.2249164746067 -4227295.589843838
