4532177.690575579 -1918010.0099748361 4046015.8159213034
4531974.13160914 -1911957.7829109884 4049107.1740312926
4531975.92465599 -1907767.0033882116 4051081.371574959
4530273.486868389 -1903421.2909970083 4055027.807938758
4530252.122831818 -1895231.3228037832 4058885.923087914
4537331.486135644 -1878960.3629795332 4058543.0808695294
4535658.870639417 -1871130.889344974 4064026.1815260313
4536621.552362828 -1862639.359306578 4066851.4243575535
4539075.9668417545 -1854211.1612491035 4067964.0284470124
4536680.305563155 -1848799.1896168087 4073096.4095620955
4536124.040027532 -1844696.2802840795 4075575.459611856
4535067.497809863 -1840301.426109535 4078736.869591834
4535884.143350307 -1833352.9045638123 4080957.38343721
4537840.124258385 -1829077.804637497 4080701.2131805387
4537031.452213714 -1827463.2600605623 4082323.435833123
4536593.328357395 -1821675.711625829 4085395.889601852
4540438.971277522 -1819172.1505642424 4082238.066883874
4540909.721261084 -1819912.6422959378 4081384.3090020344
4541961.4038688475 -1815367.7233689986 4082238.066883874
4543540.924207015 -1811218.4394224018 4082323.435833123
4545394.111110516 -1805983.8629647037 4082579.5352194835
4547325.936961765 -1803627.730298234 4081469.69038532
4550056.035008241 -1798280.2247546092 4080786.6045091837
4553279.675614801 -1794961.7148549664 4078651.448437105
4553449.032243179 -1790255.385907572 4080530.4267941187
4555604.528557919 -1783396.013878837 4081128.157392714
4558412.4486142 -1778167.3408072593 4080274.237892048
4559781.051923442 -1774851.2038362692 4080188.839105477
4562352.029756221 -1768428.9307233708 4080103.439076011
4566011.117662485 -1766273.2429160192 4076942.7644672086
4565691.139812887 -1765325.021730767 4077711.733740551
4566402.268149533 -1761112.3967739812 4078736.869591834
4568724.143351718 -1758253.3183587294 4077369.982039357
4569153.605848931 -1755946.983634378 4077882.6021383987
4569999.75145682 -1748769.877051083 4080018.0378036737
4574261.5374277225 -1740797.1591691212 4078651.448437105
4579133.793194669 -1738992.5014458096 4073951.372308934
4582274.332539063 -1736525.7377600793 4071471.638541831
4586403.640676174 -1733240.475408349 4068220.753498828
4588300.486614727 -1732035.703964508 4066594.6398335816
4589700.842685777 -1726709.4921309366 4067279.3737871507
4592587.212360363 -1721850.36941327 4066081.037339942
4593703.2564699715 -1716236.0255911155 4067193.786379054
4594197.104386139 -1710848.8048160248 4068905.299108053
4596694.505114795 -1703105.6189377212 4069333.0998322335
4598266.883252197 -1700494.4013973926 4068648.603799823
4597387.033195033 -1698162.6172104306 4070616.3160532825
4596830.216159266 -1694128.5761552623 4072925.402123061
4596836.957186353 -1688756.6008958828 4075148.111661255
4597304.295623118 -1683557.3478964597 4076771.868744811
4596632.513749663 -1675854.4514027284 4080701.2131805387
4598656.647327138 -1668413.3799690893 4081469.69038532
4602638.144467591 -1667040.3843552484 4077540.860374134
4603714.014872777 -1671794.127618149 4074378.80714661
4603846.433954724 -1670387.1873657946 4074806.2109561185
4605659.6484359875 -1667680.1196137103 4073865.8816183056
4608244.207798236 -1665341.6443608399 4071899.2532786885
4609727.064571472 -1660603.646794408 4072155.807236554
4613436.679023112 -1654484.3861077204 4070445.2366749714
4617680.086893971 -1650005.3575688875 4067450.544886422
4622024.147150999 -1642466.309680088 4065567.3902567336
4626420.213041863 -1633668.3168582355 4064111.81475747
4630786.559947889 -1630666.529525235 4060342.781797138
4633257.698513606 -1630900.483265133 4057428.707056965
4636599.26093911 -1628439.5761747558 4054598.974030192
4642350.866721565 -1627638.5757697183 4048334.484317701
4643915.121031787 -1630007.5339135763 4045586.334270634
4646177.608480726 -1628889.1977997217 4043438.46394918
4652084.963639353 -1625674.0287894143 4037936.4090089663
4655741.337576106 -1626313.5119271309 4033462.279296571
4656470.888541603 -1625291.839270704 4033031.8993735504
4660562.770050174 -1621246.9480662704 4029932.257471341
4663756.547231078 -1620624.441818112 4026486.345033469
4666728.340477614 -1618919.0691210937 4023728.2020309414
4670378.243151536 -1616533.2023507059 4020451.277107403
4674251.073352042 -1618421.8323842864 4015187.2528848727
4674924.387464951 -1620117.0946751891 4013719.4185725884
4676899.383554442 -1619978.7069659152 4011473.812090155
4679308.664251181 -1621362.057917333 4008103.853670698
4681526.898451417 -1622222.185790506 4005164.425963674
4683460.457815559 -1623258.4303492995 4002483.130305237
4685437.949147895 -1625867.658685393 3999108.2232324807
4687884.710238433 -1627541.7797541951 3995558.2461862904
4689932.132872877 -1629720.2840732546 3992266.1966265044
4691166.298371353 -1629139.8227745178 3991052.8935200833
4692552.890991492 -1631089.9446291146 3988625.5725220907
4693393.877471671 -1629729.8260309563 3988192.0220892746
4696870.301845331 -1630110.2807604 3983941.621083648
4697824.765089113 -1631176.5252229471 3982379.517333451
4698804.484804361 -1632803.3674741478 3980556.566203714
4699363.81022118 -1633733.1517869267 3979514.6397438757
4699320.064832473 -1637028.1980264583 3978211.9861979666
4698281.009823904 -1638321.5431589917 3978906.7686927794
4696037.114965169 -1640113.4911533862 3980817.020538154
4697664.404677311 -1641141.7975466917 3978472.538722994
4697238.712191486 -1643201.1159379513 3978125.1329325903
4696652.334466458 -1645296.4253474728 3977951.4227664457
4697317.4320679605 -1648015.032115495 3976040.291082551
4697896.5882109925 -1649507.543998293 3974736.9106354993
4698736.672668617 -1651092.2828315394 3973085.5710006026
4699812.063383766 -1651378.0101369342 3971694.6303194817
4700740.572968729 -1654377.7429971066 3969346.715660075
4702466.66788821 -1654062.8882894693 3967432.948265648
4703014.930841299 -1657300.2309357524 3965431.5660245763
4703364.379876683 -1659638.492351163 3964038.9232213134
4703653.977079143 -1662972.4348759972 3962297.685024456
4703629.926288371 -1665735.1041730961 3961165.621284965
4703226.974987724 -1668734.039360859 3960381.7653890657
4702579.508870675 -1673033.6705294524 3959336.4721913165
4702815.818301542 -1676077.3253760918 3957768.206766653
4704640.237395871 -1677745.5694690405 3954892.0390830804
4705691.684221992 -1680342.6540764521 3952537.8351048455
4706929.314445752 -1682822.661932995 3950008.2680034973
4707704.372651737 -1684953.3388682117 3948175.880777422
4707511.404384326 -1687943.5639694363 3947128.564215469
4706956.927281422 -1690712.1912618838 3946604.841003959
4707202.214580723 -1693490.710806643 3945120.7235594136
4707095.283331215 -1694194.5792084183 3944946.098671291
4707906.137686376 -1695600.264490494 3943374.2583978404
4706402.977412912 -1698957.404072942 3943723.589876021
4704431.061041572 -1700566.1181395804 3945382.6518783886
4701661.750202172 -1702349.0533346105 3947914.0678713624
4699846.822508362 -1703919.0078888983 3949397.531208142
4697169.089600233 -1705638.6408921315 3951840.1246001534
4695426.397438196 -1704171.0737419166 3954543.3235282525
4694274.60548182 -1704309.398626873 3955850.9074636027
4692024.177072603 -1704233.8779423705 3958552.3883156674
4690844.048692968 -1703434.5549794454 3960294.664257161
4689598.26002945 -1702611.5986097218 3962123.534647601
4688522.750409634 -1702128.5068067145 3963603.658945636
4686193.481324237 -1700634.929058263 3966997.919543345
4684572.869772285 -1698196.456675458 3969955.5189357447
4681456.129242782 -1696419.5323728567 3974389.296503181
4679434.738516882 -1697720.0359090723 3976214.054554198
4677792.04042855 -1699803.8393209227 3977256.5336338505
4677239.095841698 -1702745.6089443157 3976648.442036432
4674893.7149694115 -1705126.6998548685 3978385.689093195
4675758.6227309685 -1705996.9733228588 3976995.930217963
4674808.397821163 -1709811.8253371124 3976474.690677422
4673931.565212349 -1711803.695568173 3976648.442036432
4672448.131700983 -1714035.576658182 3977430.2631867784
4672053.805799721 -1714908.670142143 3977517.126145863
4670954.5436868165 -1717095.846608838 3977864.5658657304
4671430.179901539 -1716807.9612440707 3977430.2631867784
4671626.8461471265 -1718083.4609548715 3976648.442036432
4672101.219181139 -1716591.8050044577 3976735.315898916
4673009.7937624445 -1719147.6329556964 3974563.1059907833
4673315.421941425 -1722131.3623803947 3972911.7203570334
4674584.304219053 -1725101.3646563373 3970129.4518453325
4675807.954031919 -1726387.488657567 3968128.9313753988
4676800.13668365 -1730093.6971715402 3965344.5349077918
4676659.500841619 -1735054.2506549447 3963342.4858914246
4675275.568139401 -1740763.152721048 3962471.830573371
4674650.015348896 -1744618.954678697 3961513.97031165
4674724.620117367 -1749947.11531041 3959075.121753224
4674046.867750584 -1754903.823731684 3957681.06945505
4673219.411752348 -1760830.967843745 3956025.231504913
4670210.13693625 -1765284.2702130573 3957593.930937867
4667951.692568588 -1770858.2149209809 3957768.206766653
4665929.413524262 -1775402.9258786184 3958116.7439567493
4664103.511028164 -1780581.5850599867 3957942.4777730173
4662427.2936119065 -1782645.9905483967 3958988.002528484
4661477.531391494 -1783775.0399984706 3959597.811774664
4659707.865286785 -1783564.050166409 3961775.2194109224
4658674.449539788 -1783168.4967908529 3963168.3644853905
4657918.2244698275 -1781853.8457084117 3964648.2424908765
4657307.855728932 -1781899.9007919836 3965344.5349077918
4654669.590970734 -1779493.659743486 3969520.665499182
4654201.862825205 -1776056.9829420424 3971607.686242084
4653917.465353097 -1774273.6775055241 3972737.8648725916
4652252.638100554 -1770849.5655058057 3976214.054554198
4652642.618806716 -1765329.163225435 3978211.9861979666
4654529.978266275 -1762700.519372763 3977169.6670400617
4657310.691831174 -1761430.3962020506 3974476.20185233
4659809.751033771 -1758936.7897427618 3972650.93531511
4664391.887413932 -1757783.7345627018 3967780.9494897653
4668199.625009865 -1756706.880717706 3963777.7682782398
4670485.520502205 -1756915.711904254 3960991.439531675
4673325.248108683 -1755842.8080551904 3958116.7439567493
4676377.273031564 -1755965.0407155275 3954456.1416279217
4676884.401509134 -1759322.8052418372 3952363.4147022124
4675891.897291601 -1761371.973870974 3952625.0435001566
4675387.035892388 -1763884.5268635666 3952101.775068639
4673175.51965766 -1768176.4668022846 3952799.456678639
4671415.737793905 -1770680.2639391467 3953758.6430620463
4672012.44096541 -1772025.6218253276 3952450.6255055214
4673043.939703578 -1774749.5655172502 3950008.2680034973
4673030.065052236 -1778664.9810111905 3948263.1493407777
4672937.24988131 -1781618.251055835 3947041.280019306
4673298.66688095 -1785306.9340331655 3944946.098671291
4671509.226998096 -1788829.043082517 3945469.958914418
4671047.949344736 -1790802.7617424508 3945120.7235594136
4670721.066907815 -1793576.5863648849 3944247.551052952
4669934.858776498 -1795238.9704599723 3944422.195166988
4669304.845245605 -1796493.55011834 3944596.834474864
4667184.343598202 -1799700.0402808937 3945644.569380873
4665437.589903195 -1801739.52137112 3946779.420216898
4664481.791100168 -1802493.1208034453 3947564.9671602906
4663519.011145815 -1802308.1730138187 3948786.7354630777
4663390.437238964 -1802258.4831117084 3948961.2545478414
4662031.354764935 -1800611.0804599775 3951316.7911613183
4661601.716678492 -1799042.8280407435 3952537.8351048455
4662764.192344724 -1796219.680197517 3952450.6255055214
4662452.256858142 -1797221.018862699 3952363.4147022124
4661405.114797127 -1794948.7265112961 3954630.50422396
4660224.766975929 -1795708.4748817321 3955676.578602208
4659061.352651513 -1794886.632562727 3957419.6502868747
4657547.716099096 -1797851.8729735499 3957855.3428726513
4652433.342187566 -1800730.948350994 3962558.9015372843
4649740.130988791 -1801555.0043640772 3965344.5349077918
4647178.460297435 -1799349.8851046578 3969346.715660075
4647091.647687281 -1797078.2406871282 3970477.3031518483
4645567.450655977 -1796022.805649553 3972737.8648725916
4642390.490527608 -1794235.7702168566 3977256.5336338505
4639885.540144008 -1789731.5825035467 3982205.925985233
4634116.300886475 -1785741.079000023 3990706.191719718
4629090.6078428095 -1784825.2103386668 3996943.846605933
4624919.746511941 -1785164.4603879487 4001617.9462427106
4623881.922595209 -1783002.3135390214 4003780.6777859014
4619497.799320717 -1782515.8497139171 4009054.542855425
4614919.120393688 -1782322.41552678 4014410.2081545605
4605950.28052739 -1782369.8952424496 4024676.4552996154
4599250.671149308 -1775902.151447758 4035183.4917901643
4593863.410320376 -1769493.1323490858 4044125.866227344
4593727.636747568 -1762171.064708723 4047475.8230389627
4595673.250018059 -1758870.0453209947 4046702.922471697
4597719.564406348 -1757077.7142831609 4045156.8218110623
4598705.287473972 -1758650.326773084 4043352.533121476
4598034.125386674 -1760601.7080860042 4043266.601062097
4594857.288451912 -1761592.5186823274 4046445.266759802
4589517.3494719155 -1761107.3411797376 4052711.738051341
4584019.595317611 -1759823.8515630001 4059485.8493673964
4575079.068825814 -1760148.9465633188 4069418.6562584043
4567783.721330879 -1758715.22369444 4078224.324027559
4566105.661324064 -1753952.522311213 4082152.696691105
4564390.476222627 -1752653.7809706249 4084627.927316949
4562643.075088534 -1747050.3637708672 4088978.380450883
4563548.267065655 -1742284.583428927 4090001.545783076
4564326.866603886 -1738840.627000955 4090598.3093783334
4562640.238199635 -1737650.9625569833 4092984.7530972264
4560562.171723584 -1734672.493356369 4096562.5857097153
4558481.855381985 -1732697.3948070607 4099712.6621486577
4554434.032461288 -1733069.5315734514 4104051.8567252764
4549168.086446308 -1729975.0661499682 4111191.6753853573
4545526.998011987 -1724596.0582749203 4117474.19495578
4542582.077971759 -1720395.7818601208 4122478.3102701316
4543543.045495345 -1712966.1820944357 4124512.632145972
4546243.84955452 -1706195.0597757164 4124343.1329588275
4545488.69953721 -1703287.4264778811 4126376.791469955
4543464.828718705 -1700268.5817177757 4129849.2829907886
4541512.760125162 -1697459.9957479897 4133150.4221907496
4541040.368782953 -1695838.3314388783 4134334.9794986593
4539514.551296739 -1693733.9457377135 4136872.485298637
4537686.322576606 -1691608.4044000844 4139746.9541101423
4537794.312477126 -1687590.5773916764 4141268.1416142425
4536085.088404909 -1685963.6806468638 4143802.5457652197
4534549.34981734 -1681160.5989136484 4147433.210400312
4534636.679979387 -1676963.1868827923 4149036.7135547777
4534223.157749247 -1674111.983912817 4150639.7604525904
4532213.840655571 -1671392.9128144444 4153928.7949558934
4531958.587006344 -1665999.3570842198 4156373.239719266
4533259.774639644 -1664771.4592862185 4155446.1618435346
4530992.257598989 -1663579.774242866 4158395.4232742316
4529933.660787041 -1660141.2846383739 4160922.126633442
4531182.526139575 -1657997.9863461405 4160416.8771986696
4531256.286257998 -1659908.3824356054 4159574.693423282
4529638.520049612 -1659046.762712802 4161679.9152283366
4529287.173957398 -1658738.7680296048 4162185.0505786785
4528232.741783679 -1657814.8341817122 4163700.182746751
4527295.752486363 -1657202.9803880118 4164962.4789800965
4526988.5471845735 -1653597.0941955547 4166729.2141111987
4528237.957819594 -1652083.040410613 4165972.1104382654
4527962.270343093 -1649654.618771569 4167233.8927776846
4528904.600235743 -1647491.3687974783 4167065.671632898
4529167.143949916 -1647407.8583648622 4166813.3303955747
4528177.543847618 -1646511.0027723308 4168243.1130086216
4527801.267996406 -1644137.7037232292 4169588.4555583955
4528834.932577595 -1640220.013014996 4170008.8084283434
4533309.779942924 -1636830.4841376508 4166476.857642623
4536092.938250052 -1634256.649731727 4164457.5947373565
4540616.4328134945 -1629621.6553910582 4161343.132973363
4544846.097356781 -1628364.4775720928 4157215.904848124
4547189.917415951 -1627413.4373822673 4155024.7121742065
4549253.559487221 -1625734.031642867 4153422.9148800974
4551868.291108421 -1624876.8453707981 4150892.8314014017
4552039.228806683 -1625475.3163790798 4150471.040164887
4552472.175977059 -1621241.4864589192 4151651.975965612
4555587.138117205 -1618320.2046120295 4149374.2350341897
4555601.140736684 -1616982.1439224987 4149880.4793336424
4555423.666990325 -1611191.8923959807 4152326.6851371266
4558306.323179994 -1603891.8227311973 4151989.340669516
4560074.048413573 -1599953.7096442801 4151567.6316279084
4560256.998562455 -1594388.5303963872 4153507.231389226
4563072.031864051 -1586976.223433883 4153254.278066252
4566742.122211425 -1583697.4250065873 4150471.040164887
4569833.520990429 -1580303.3074936802 4148361.6099318955
4573853.337195 -1576422.1464678412 4145407.0808493444
4576650.361737162 -1572740.5721720054 4143718.0839259773
4578992.535746533 -1568811.0727014297 4142619.9651605655
4580002.705860205 -1563175.1759435544 4143633.620824487
4581057.886067972 -1556486.427070128 4144984.8789640847
4581403.976666004 -1553215.5107290254 4145829.251165524
4581487.824611281 -1550035.120380704 4146926.746221226
4580548.889307275 -1548292.0437406634 4148614.783268657
4578356.121642793 -1545503.2805524918 4152073.678683635
4577686.801143543 -1541362.355877719 4154350.326888585
4576999.137081003 -1539085.4554666914 4155951.859674345
4576742.42309052 -1535976.7429080983 4157384.4226783924
4578902.832142771 -1533412.5321857333 4155951.859674345
4580912.501833161 -1531062.9133562965 4154603.2308625556
4582829.875298504 -1530814.5980507415 4152579.6802067794
4583183.154899615 -1527465.632606292 4153422.9148800974
4586428.947945928 -1524368.3636020261 4150977.1858555046
4587676.520840235 -1521760.4949043505 4150555.4009409044
4590616.440171381 -1517490.1885207207 4148867.945231756
4593900.769774823 -1516085.9500668643 4145744.819627969
4596046.951782798 -1514659.6633159698 4143887.0063421866
4600372.520254828 -1510301.5679649038 4140676.6172555652
4604442.063175564 -1509946.3220226436 4136280.502029553
4605669.980918297 -1507589.5991838847 4135773.0386592336
4609661.446934485 -1502574.434825212 4133150.4221907496
4614494.080025757 -1502635.2143720915 4127732.1616035337
4615916.305776749 -1502920.1299260764 4126037.8986537815
4619330.404840784 -1498237.8644070595 4123919.3630053494
4624101.723816022 -1498447.5747921832 4118492.33499361
4625724.584182307 -1497635.3992377138 4116965.0572043383
4627993.270768799 -1494355.1081467574 4115607.135827521
4629995.658369443 -1492592.7207128284 4113994.18735068
4632943.3067785585 -1489527.124617554 4111786.261614812
4635421.406611221 -1489788.2741868023 4108897.696612311
4636328.348627876 -1489544.110839829 4107962.851045747
4635866.76367967 -1489574.341730959 4108472.7855818835
4635805.022297788 -1490000.8332758157 4108387.7996211583
4634179.382761575 -1490370.7561525994 4110087.281018819
4633509.172686676 -1489173.6971228428 4111276.6200325084
4633212.82481908 -1488453.954660416 4111871.1974948547
4632475.925399876 -1486522.6693009925 4113399.829124908
4632508.727381674 -1484304.0563966348 4114163.9927082546
4632649.481528843 -1482922.7904593435 4114503.5883842437
4632553.263906301 -1483694.273229652 4114333.7930528447
4631045.736088417 -1480627.4468447866 4117134.774804825
4633129.746790398 -1478353.0204019395 4115607.135827521
4631762.541266658 -1476491.7737101603 4117813.5950386655
4633588.254222483 -1473600.035101254 4116795.334587455
4633948.285919409 -1471755.5053024087 4117049.9166316437
4635694.242751989 -1469816.4682054876 4115776.8935533934
4634281.189817769 -1468567.3461629015 4117813.5950386655
4635092.426867488 -1466243.2135746875 4117728.746899416
4632989.397014299 -1463354.4450748432 4121121.693815019
4635311.212169491 -1459818.249532633 4119764.755986352
4633278.230473191 -1462200.7014428915 4121206.491759802
4632012.038408432 -1459756.770534586 4123495.561646429
4631084.145936415 -1459108.9366467753 4124766.8715036367
4629954.442019036 -1459819.028133472 4125783.7158445
4626353.3143379865 -1458062.2152151375 4130441.9360978617
4627348.841404751 -1453937.9644494012 4130780.567336256
4625972.271233948 -1455191.0920780152 4131880.979809489
4623240.947657193 -1455218.703548194 4134927.1655918364
4621975.721450654 -1451540.6705723798 4137633.5159116
4620159.592199274 -1452742.3081978362 4139239.800806551
4614999.693031619 -1453244.386732525 4144815.9893713584
4612231.511685473 -1446358.2468446796 4150302.31481996
4613182.572026821 -1444534.3763280911 4149880.4793336424
4611622.544976097 -1445636.878208639 4151230.241630952
4613007.54458798 -1443153.580633285 4150555.4009409044
4615481.375827501 -1445431.114787199 4147011.160075955
4614819.8532225 -1446816.0795558025 4147264.3940605302
4614588.759361363 -1445859.1148761362 4147855.229140158
4615384.173262245 -1447435.3716129581 4146420.236566
4612871.827372029 -1450362.306740621 4148192.8213890274
4611642.033096704 -1449444.9854414223 4149880.4793336424
4611828.8316251105 -1450299.7226179845 4149374.2350341897
4610368.868268255 -1451078.6294841755 4150724.1186999185
4610121.5684673125 -1448967.101465 4151736.319038651
4610996.515255587 -1448357.8766340667 4150977.1858555046
4610109.735590531 -1448521.3444201995 4151905.001390628
4608476.633180857 -1446947.7984019646 4154266.023032919
4607394.884013894 -1446519.8148925672 4155614.7328506974
4605041.7817722 -1444809.8532080594 4158816.619689456
4604588.502332903 -1442372.787775788 4160164.2353719086
4603006.810125328 -1441348.0212158593 4162269.2353663268
4601201.730912261 -1438843.0608459662 4165130.7635781886
4599879.818068857 -1436490.9754392938 4167402.1088448237
4598070.490664076 -1437159.1279947192 4169168.0709352163
4594806.927599664 -1437107.4541070608 4172782.3407688146
4592042.312806651 -1435450.9325078884 4176394.2603345737
4590889.966792432 -1434738.8992604716 4177905.528342334
4589843.2541658785 -1435642.921906877 4178744.943516734
4588531.460482526 -1434705.1063900085 4180507.3010174893
4588908.775167733 -1432273.7583824317 4180926.8271805043
4588929.992231591 -1431225.7187880164 4181262.425186574
4587946.008417592 -1428986.0530924164 4183107.8499020855
4588439.042141627 -1428876.0633711456 4182604.613404835
4585768.59689832 -1430327.5446577233 4185036.498131722
4585470.614928538 -1427600.5089476812 4186293.9488859605
4584747.749910413 -1426234.4646239723 4187551.112716138
4585458.404328793 -1423208.4705574596 4187802.5110437023
4585079.805515849 -1423441.9056145945 4188137.690954184
4585125.793151611 -1424772.3652436384 4187634.9134342945
4583476.738637542 -1426628.7580051087 4188807.9895360875
4583795.470903229 -1425850.4835038693 4188724.206679025
4583636.51913895 -1428082.6103642357 4188137.690954184
4581796.169404024 -1426368.8210915332 4190734.6430253196
4582582.6527272165 -1424332.9386547715 4190567.1347428206
4581837.622324615 -1422786.0765452124 4191907.058015457
4582009.378984021 -1420998.2876296618 4192325.7170043504
4582002.533735122 -1420031.9349266277 4192660.6212086217
4581546.844698882 -1419277.2299670547 4193414.0809520306
4581567.209554074 -1419458.814665462 4193330.3683119714
4580461.532246776 -1418327.7322571427 4194920.690015228
4579910.551770122 -1417631.5471093254 4195757.516161429
4577947.050104349 -1417286.4501989845 4198016.308272665
4577061.853971415 -1415436.8097516224 4199605.269846191
4574940.217060071 -1416093.0665636875 4201695.305130608
4573480.816017301 -1414854.1416972878 4203700.986421817
4570965.605672922 -1415037.640723961 4206374.080736228
4569714.683696238 -1413863.8303096953 4208127.585869158
4567981.006639415 -1413502.151378798 4210130.899512397
4567039.871506089 -1413560.3057423288 4211132.279340474
4564359.623821611 -1413516.423660979 4214051.915255401
4563523.853114614 -1412733.8911683112 4215219.3293823255
4562644.682553236 -1413334.420222789 4215969.6769998465
4562261.115932966 -1413826.4968373806 4216219.769756628
4562633.466619605 -1414116.449860305 4215719.572684746
4562933.308667426 -1416129.9501593478 4214719.0398548525
4561871.584064988 -1416324.187501098 4215802.942073994
4562185.1307859635 -1415810.4550846727 4215636.202011315
4562300.957341763 -1415933.6966551398 4215469.45681201
4559595.393991173 -1414221.6071274888 4218970.027036009
4557798.130636427 -1409566.7421873107 4222468.330217119
4558487.559239173 -1405335.5017637613 4223134.416490207
4558833.37226665 -1405964.902556238 4222551.595503352
4557611.637097807 -1403671.895350917 4224632.809557846
4557649.645111048 -1400287.7532870676 4225714.72302774
4559444.72346117 -1399968.4271851983 4223883.665134103
4557460.110508807 -1398140.561252849 4226630.018359854
4558887.636297334 -1394487.8925164472 4226297.201716929
4559211.103921487 -1392672.6539060413 4226546.816130317
4558387.015142284 -1389811.871792179 4228376.967727421
4561291.199561181 -1383304.8250879447 4227378.780484916
4563999.293256627 -1383778.184889214 4224299.869348495
4562083.789828889 -1381197.9718685446 4227212.39791505
4566034.728141316 -1375002.70861137 4224965.729176848
4566790.130729009 -1374795.5322850074 4224216.631079106
4566272.280632538 -1369599.8650637558 4226463.6126133
4568785.336322934 -1365835.3260483798 4224965.729176848
4569445.846450235 -1365685.2749374493 4224299.869348495
4567877.43968494 -1361656.5984506556 4227295.589843838
4570431.956662351 -1357468.68072147 4225881.151946876
4571493.133922956 -1357262.9215815258 4224799.271941242
4571400.15294959 -1356280.3617878435 4225215.405377707
4571355.086174935 -1354097.066788559 4225964.364475542
4572770.528826617 -1352433.095563658 4224965.729176848
4572227.954105379 -1353227.2677550318 4225298.628203881
4571356.03644385 -1350453.1368591497 4227129.204698581
4570742.579540282 -1349664.7781486458 4228044.2592530195
4570010.787435896 -1348754.9898498312 4229125.48644217
4569090.898545018 -1349263.7633741961 4229957.051516999
4567957.194115745 -1348148.9093903953 4231536.670151365
4568075.766182905 -1348790.6330351392 4231204.1575240875
4566305.189187268 -1348787.7314095676 4233115.8234568145
4565101.621392675 -1349731.7389539576 4234112.943606759
4563564.295649309 -1347891.5327340013 4236355.784805947
4563042.429646883 -1346525.2544804304 4237352.301176843
4562400.995533248 -1344777.9811237934 4238597.685254149
4561236.114120585 -1342185.2831604779 4240672.6797655085
4561646.6903298665 -1337635.8767085688 4241668.390379507
4561249.92375326 -1333457.1619819093 4243410.436219909
4563330.112704146 -1328706.9606997743 4242663.914933111
4563929.376766604 -1330091.258203624 4241585.421600878
4561428.332745359 -1327289.6477905407 4245151.912016336
4561445.099422562 -1319785.1272236737 4247472.992605497
4563493.360691832 -1315631.714450703 4246561.260461582
4561995.108051109 -1310113.1525637545 4249875.8995525045
4565227.731743642 -1302593.1873648001 4248716.011402693
4567033.727039325 -1301126.1367159241 4247224.353909266
4567804.033903445 -1296520.0728111865 4247804.4927530615
4569707.024400007 -1288704.5716036707 4248135.972197341
4569736.644611171 -1284495.040717031 4249378.835697188
4569908.679977643 -1281961.9235702362 4249958.7389974855
4569485.15014249 -1277972.682656633 4251615.255995148
4573226.679819662 -1272566.8736929628 4249213.137389668
4574944.073309942 -1271926.4368882566 4247555.869583233
4575367.982761052 -1269291.8342043965 4247887.364555127
4578211.933033226 -1264575.0187573936 4246229.682691094
4580595.771497149 -1265405.566576346 4243410.436219909
4579066.23399903 -1261198.9951819314 4246312.579073993
4582566.22509478 -1256571.5976933024 4243908.058911159
4581115.354369231 -1256259.7266006414 4245566.46506491
4581129.474478394 -1250591.470315276 4247224.353909266
4584019.149875445 -1245622.2638871863 4245566.46506491
4584703.124670182 -1246495.5598132361 4244571.4834368555
4583608.675951641 -1241474.0405263654 4247224.353909266
4588141.9379214775 -1240037.7336150103 4242746.866912649
4586957.0863792235 -1241865.391557823 4243493.376566807
4586956.515351215 -1239030.1322746887 4244322.708936302
4588029.153106076 -1234767.3041088912 4244405.635062749
4590555.500451298 -1233643.0012153855 4242000.252572908
4589033.15631379 -1231602.35759824 4244239.781516962
4593480.319398764 -1224720.5185478874 4241419.4801674625
4594804.5361066265 -1227221.2144685478 4239261.771314944
4594788.182001675 -1224124.4267421116 4240174.75469951
4598518.457597185 -1219017.3745442277 4237601.40122892
4602821.464231237 -1221533.831516214 4232201.633532308
4603165.301332169 -1222829.1434991427 4231453.543927982
4607199.200116111 -1219425.386092583 4228044.2592530195
4610474.040791848 -1225201.450160604 4222801.383644374
4610017.680546019 -1226630.8614797362 4222884.643785404
4613521.955310501 -1222908.4599302078 4220136.380082888
4618966.115396976 -1229357.1569142542 4212300.322336748
4616902.447421015 -1230533.8292569171 4214218.7041078145
4622174.8294580355 -1230729.5050063622 4208378.040460644
4624558.629133296 -1238022.2044583587 4203617.431091564
4623153.832561681 -1241278.668357578 4204202.291511516
4626228.47592994 -1243402.7285436315 4200190.5603371365
4628128.391106269 -1250151.492264053 4196092.210834512
4626777.784955503 -1257934.8778672433 4195255.435809286
4628378.450291174 -1260972.990594211 4192576.8970732265
4628000.796968498 -1269290.6192865279 4190483.378686779
4626951.280385479 -1275864.9442032098 4189645.7479233877
4625263.702302171 -1280873.7055348284 4189980.8155450416
4624947.851849621 -1285567.6168675304 4188891.7711171666
4624151.040147567 -1291695.1767787666 4187886.3079349035
4621745.055565869 -1296764.2310532874 4188975.551422235
4621945.805853792 -1298212.9662640798 4188305.273254848
4621738.249693349 -1304074.5801887878 4186713.0353807267
4620115.840217052 -1306054.705893609 4187886.3079349035
4622308.311859913 -1308504.2327069205 4184701.1294833017
4621024.979911299 -1317031.1923944496 4183443.3154156427
4619134.988833804 -1317800.1434079574 4185288.011232358
4620181.715985046 -1322110.9114709655 4182772.364000568
4619706.034763151 -1326948.4090455666 4181765.7839846048
4620481.157471101 -1328742.522731079 4180339.481637917
4621163.786285195 -1331908.3770455623 4178577.0706643835
4620442.051932768 -1333884.1560512835 4178744.943516734
4623010.969675552 -1336549.0467486898 4175050.564950642
4623359.009259406 -1340847.6815448988 4173286.4706841726
4625106.786126515 -1341879.6581153986 4171017.5257438766
4627590.960909425 -1346629.3308782713 4166729.2141111987
4629660.058202712 -1347844.9771125182 4164036.8229825986
4632551.772320333 -1352459.0434125594 4159322.01358146
4633570.9001075765 -1353370.9441626226 4157889.945774495
4638325.28166406 -1355198.913976367 4151989.340669516
4640492.255602276 -1357854.1185111443 4148699.1718534646
4643194.537713683 -1359700.6295015593 4145069.321866509
4645391.811403971 -1360432.1037502652 4142366.522849778
4648411.589636652 -1362461.687347056 4138309.9018612746
4650425.299456512 -1365343.8058062354 4135096.3502827073
4651029.847317477 -1367637.7107010484 4133658.11982926
4655435.799449319 -1371052.2223785378 4127562.757937976
4656978.4211802585 -1377780.2047609487 4123580.3244304946
4659118.403275687 -1380182.1980378411 4120358.455823624
4661399.42491238 -1383867.3083063802 4116540.7412568363
4663699.054342277 -1387473.3593982717 4112720.4874008903
4663117.390937011 -1392440.0944355654 4111701.324482248
4665273.389205403 -1391487.7162389907 4109577.4891742747
4667860.64303369 -1397850.424878016 4104477.092990708
4666751.134054171 -1400802.7187930516 4104732.219746632
4668549.70104361 -1403030.394513505 4101925.206650762
4669668.824909356 -1407010.8507150128 4099287.076021864
4668389.949711114 -1413471.7410492396 4098520.942326816
4668067.462002966 -1416754.5755392143 4097754.7075048178
4666985.700106225 -1422032.43597769 4097158.677184881
4666240.217352824 -1426434.696058959 4096477.4247929463
4665273.599479399 -1430324.8249492683 4096221.9345555953
4664499.702041689 -1435522.191770728 4095285.040944862
4663090.5488027865 -1439366.1639262333 4095540.572355548
4662166.767538807 -1443805.8871103714 4095029.49830672
4659297.113550579 -1448711.9758677261 4096562.5857097153
4657988.198045751 -1452674.842196603 4096647.7453786004
4656487.191025173 -1456042.1744534485 4097158.677184881
4656304.641792278 -1459018.927820141 4096307.09921586
4656052.26274108 -1462688.8801234914 4095285.040944862
4655694.418143021 -1466684.2143281894 4094262.8030345603
4657176.090643491 -1467687.1030379606 4092217.7884754194
4660019.078377329 -1468404.2384804992 4088722.561090666
4659210.24014372 -1468596.3446095125 4089575.2486950867
4655055.358170062 -1466572.2008718185 4095029.49830672
4653477.733604648 -1462772.4849468195 4098180.4060007236
4651192.451702434 -1463838.3227911694 4100393.535010296
4648291.681404678 -1465422.353069949 4103116.226931307
4644124.7412303435 -1466960.7452225934 4107282.8682558704
4642851.308123766 -1466469.3823695998 4108897.696612311
4640466.969045671 -1471151.467688385 4109917.3554117116
4637311.338411975 -1471843.5744907353 4113230.001211466
4635950.455003768 -1473282.1932763755 4114248.893507186
4632593.705986867 -1475777.0161320744 4117134.774804825
4631532.006066852 -1475794.9604328624 4118322.657531744
4629986.47306486 -1479220.0287269438 4118831.6748623606
4627850.776031818 -1480941.4876136666 4120612.8797845496
4627232.966093268 -1481456.0615377445 4121121.693815019
4626624.132191225 -1481706.2840125323 4121715.2530643805
4624627.70559794 -1485339.748371699 4122647.8647251735
4620389.45516623 -1486291.7944427473 4127054.5167662706
4619525.427202346 -1491086.7108379416 4126292.0701512964
4615490.944715939 -1495835.2692440217 4129087.209848059
4613727.570880773 -1498467.8038489777 4130103.2847281946
4610520.706829704 -1502498.4543107247 4132219.525471561
4610470.00642278 -1503817.2503981178 4131796.340247298
4608232.910857232 -1507181.9796140282 4133065.80151091
4609092.232038122 -1507106.8441249488 4132134.8909440977
4608033.224255894 -1512192.9452665376 4131457.769412625
4606828.542058222 -1515628.274123092 4131542.4140091287
4607866.734010646 -1515702.4580285996 4130357.275142687
4609748.420510535 -1518283.1965538063 4127308.643009749
4609731.762606655 -1520864.4422279887 4126376.791469955
4611003.500913319 -1519767.136835267 4125360.052693661
4612956.021369671 -1521660.3846659136 4122478.3102701316
4611429.948664037 -1523299.096216531 4123580.3244304946
4610368.41638495 -1518933.3889339084 4126376.791469955
4612239.771752647 -1517854.619119479 4124682.1263075233
4610264.149422915 -1522467.7870070203 4125190.5786365503
4607163.7254038155 -1521979.014596379 4128833.1628259663
4606658.750222668 -1525112.4005115505 4128240.34242228
4601935.363605698 -1532019.9202624096 4130949.875405711
4598205.186647187 -1533631.3872577664 4134504.18182262
4596388.711829317 -1537930.1495902527 4134927.1655918364
4591974.192747693 -1542693.860662089 4138056.2665839484
4591348.176145786 -1546140.7464078933 4137464.406819714
4589681.4507429 -1554235.757289316 4136280.502029553
4585474.157980884 -1555398.5243593776 4140507.5989436572
4586252.899839101 -1555127.1634992538 4139746.9541101423
4587316.942744964 -1562096.796079187 4135942.1981555955
4586142.876475229 -1563751.7507543063 4136618.785743781
4593188.26192194 -1562307.0979618193 4129341.245550024
4596938.510959325 -1564477.8835363681 4124343.1329588275
4598846.668213602 -1564231.7236920341 4122308.7507919753
4603982.559683417 -1561407.8017814185 4117643.897505835
4607803.576398811 -1564228.2367761459 4112295.8581063347
4607750.953235623 -1562596.1558582617 4112975.249944156
4609996.773065435 -1557976.9035321225 4112210.9284892892
4612103.998107522 -1558240.6152506517 4109747.4247967945
4611288.262119889 -1556620.0940529467 4111276.6200325084
4612874.2558041345 -1551238.622814944 4111531.4464596584
4614832.34401625 -1551717.7947963038 4109152.628211073
4613782.613061218 -1549662.0464443327 4111106.7294858657
4618799.914292304 -1544622.131218488 4107367.870483902
4620801.689123705 -1546995.440857597 4104221.954982128
4622952.31012524 -1543499.3251053619 4103116.226931307
4626491.481626408 -1542617.0293807213 4099457.3142189053
4628713.4394059805 -1541831.997596576 4097243.8281178484
4629399.851273257 -1539996.3607099142 4097158.677184881
4630906.220941364 -1536369.2095766542 4096818.0609726114
4627925.3193363715 -1533766.487666731 4101159.421426555
4628594.4066749085 -1529237.8543722448 4102095.3674009987
4629495.009704608 -1530162.7679562063 4100733.9414647142
4623884.649260886 -1529561.7641865136 4107282.8682558704
4626142.007113719 -1521803.3679346093 4107622.869660836
4624705.094289176 -1524104.1561454292 4108387.7996211583
4620836.908781558 -1521398.9733472397 4113739.4699154263
4620406.789496485 -1515806.8943226626 4116286.1366404877
4620675.578256039 -1515448.4589986084 4116116.393960084
4616463.91113639 -1512371.791466581 4121969.6167671434
4619302.188891077 -1505538.5758787068 4121291.288449194
4618134.38524302 -1505871.302996508 4122478.3102701316
4616712.67165928 -1500239.0480104478 4126122.6237431834
4616857.726131565 -1493251.350212324 4128494.415855293
4618506.725962722 -1490490.8805139412 4127647.460399431
4615963.061660859 -1485223.5170049027 4132388.790750224
4617301.594301021 -1479875.8470445487 4132811.9319174723
4616924.817819361 -1475846.2910115607 4134673.3791088127
4616108.032246983 -1474608.4709916662 4136026.77601397
4617116.862415892 -1469781.5824898868 4136618.785743781
4620283.78107306 -1467681.943197405 4133827.3423022307
4621114.061857925 -1466258.8150990342 4133404.2766759857
4624427.139728558 -1462247.9142925409 4131119.1784417275
4625894.046563375 -1461912.5064557292 4129595.2699311664
4627711.831748693 -1461421.0222783093 4127732.1616035337
4629094.697585608 -1456794.8511325112 4127816.8615502566
4633134.272648978 -1456910.8675404193 4123241.265757807
4633352.811419292 -1455735.5938139728 4123410.7976062763
4635081.361653548 -1455034.4131697793 4121715.2530643805
4638226.470536231 -1453176.4662860255 4118831.6748623606
4639772.909529003 -1457129.9128952369 4115692.015317313
4640463.765518282 -1456368.1627367185 4115182.7195737935
4642851.55161202 -1456672.4878161384 4112380.786470703
4641340.947073754 -1457889.3513793673 4113654.561597407
4639067.401969764 -1453617.765074324 4117728.746899416
4637574.644750793 -1449239.887667997 4120952.094159382
4636593.391061584 -1445380.9602136095 4123410.7976062763
4636027.092208104 -1441387.9085169889 4125444.7878372455
4636918.697330262 -1439002.973982071 4125275.3162934207
4637239.484868026 -1437239.4112893841 4125529.521724147
4636208.5809747465 -1433018.4692751118 4128155.6487628394
4637247.1973859975 -1433073.4994386896 4126969.8055040645
4637090.7557497015 -1432847.831773695 4127223.935519139
4639173.150054745 -1425600.7942039317 4127393.3492431086
4641060.884387591 -1424851.231809838 4125529.521724147
4642049.283059067 -1425066.0248796078 4124343.1329588275
4643401.732569557 -1426545.447265507 4122308.7507919753
4643467.021794451 -1429759.0714083926 4121121.693815019
4643835.634318139 -1433689.0301614373 4119340.6470249337
4643433.170042351 -1436938.6430337497 4118662.007437218
4643324.818678993 -1438503.7057782267 4118237.8169190288
4643330.614943796 -1441881.3350234646 4117049.9166316437
4643470.872307319 -1445302.2151393862 4115692.015317313
4641338.121255486 -1448282.23359398 4117049.9166316437
4642796.276902564 -1448915.0822946562 4115182.7195737935
4643055.483218725 -1453621.5934301666 4113230.001211466
4641407.458424137 -1457198.2707398469 4113824.376980329
4641982.811919895 -1458001.956226363 4112890.33034925
4643741.970299261 -1460780.9024514034 4109917.3554117116
4642525.534746056 -1465119.0271124595 4109747.4247967945
4643697.804551257 -1468073.866166951 4107367.870483902
4644191.099521765 -1472688.9362987836 4105157.4059987003
4644138.89368992 -1478294.3232953537 4103201.2904352252
4642301.252330592 -1482172.2693952222 4103881.7534677624
4642032.017384358 -1485836.8439855683 4102861.0289203697
4640736.310475917 -1491049.643067022 4102435.6739064273
4639604.121683798 -1493634.4976862324 4102775.960417083
4640379.517795343 -1499159.5100847296 4099882.8878576495
4638174.283260036 -1502023.8986086545 4101329.6046664803
4641525.036642367 -1503288.0179575114 4097073.525003847
4641320.770391225 -1509937.4852109123 4094859.130310829
4641129.768354288 -1512831.911608828 4094007.215493599
4642559.837590989 -1513746.2589487834 4092047.33817996
4643317.369792051 -1519015.6530347848 4089234.188600935
4642659.966271117 -1519877.082394245 4089660.5106043
4646359.438863548 -1520729.053135625 4085139.91337296
4645310.767734935 -1526671.6134727246 4084115.896467981
4645533.734939322 -1525307.6270541947 4084371.9174912334
4648171.87886336 -1525724.4852894961 4081213.5425057043
4648947.910332578 -1530204.7866793072 4078651.448437105
4649013.808303553 -1529776.8330168603 4078736.869591834
4651883.408987082 -1528112.0508786829 4076088.2361830785
4652283.136457967 -1530312.70052309 4074806.2109561185
4653085.550508887 -1528326.998186098 4074635.2531559044
4655618.628071115 -1527448.7681286242 4072070.290491014
4656402.214756809 -1527795.870888361 4071043.992798942
4656259.848596564 -1522979.7694590373 4073010.906462934
4660115.725710606 -1520100.4007102768 4069675.3180991183
4659907.068664536 -1514545.1871427544 4071984.77250505
4660775.317710976 -1511410.4404184038 4072155.807236554
4660641.915695028 -1506514.1921550217 4074122.349967177
4658776.785691185 -1501871.0233947514 4077968.0344740455
4658297.666016572 -1492656.7508889001 4081896.578651932
4661093.827282593 -1487186.249941476 4080701.2131805387
4662753.614509174 -1488074.496194795 4078480.6024003895
4659768.458163598 -1487121.81128106 4082238.066883874
4663088.2523773685 -1480920.8484206905 4080701.2131805387
4663243.343290606 -1482314.1814246096 4080018.0378036737
4662170.200776759 -1480987.6068270162 4081725.8270753557
4662374.008712918 -1476574.3357147845 4083091.700413632
4663910.420806644 -1477150.4830678385 4081128.157392714
4659793.367569951 -1475041.1906523989 4086590.2972318926
4661510.92661516 -1465565.8334671506 4088040.321330162
4665272.154297671 -1462633.6418372807 4084798.594312892
4663749.669139931 -1462245.7186370024 4086675.6027271044
4665035.321310771 -1454068.5964830173 4088125.605659007
4668643.629226706 -1450635.1717530463 4085225.2400270305
4668163.18096621 -1449056.5570894815 4086334.37327728
4670024.686113059 -1441595.8126476218 4086846.2099828855
4673518.929728361 -1439458.803842496 4083603.8208316695
4674494.312073041 -1437258.5012974825 4083262.4121950455
4675187.831715847 -1433542.9630362517 4083774.517686465
4677986.183865617 -1429757.5265589808 4081896.578651932
4677520.730484715 -1430061.600468103 4082323.435833123
4677645.847083049 -1425012.9313572224 4083945.209565304
4678496.906300272 -1421971.214435987 4084030.553638676
4677771.441264918 -1421661.534301234 4084969.2563316314
4677109.724203386 -1415488.093729815 4087869.7489366336
4677824.366061678 -1409913.4741128364 4088978.380450883
4680298.841780405 -1405403.5841846413 4087699.17156216
4683276.249812708 -1405406.6007702262 4084286.5783942854
4686423.18668959 -1404835.392133348 4080871.9945947495
4691087.395197985 -1401416.3876542223 4076686.4190208167
4694389.767061383 -1400796.6852194294 4073096.4095620955
4699656.228910793 -1398795.8087926968 4067707.292242642
4703366.7498942185 -1400257.653425268 4062912.8368712827
4705100.620665442 -1400148.0873210677 4060942.560906867
4709627.5416479055 -1400332.082965271 4055628.123530269
4711890.209520564 -1400915.3429175254 4052797.534469558
4715680.960300769 -1400071.8649076861 4048677.914301252
4717947.502738356 -1401372.0324623347 4045586.334270634
4722899.472355808 -1400062.5790445767 4040258.2032316052
4724573.830446159 -1403340.2507017823 4037162.278311781
4728196.449923225 -1399298.9996160246 4034322.94698962
4730328.084529163 -1403252.7473231868 4030448.9749709745
4733905.075356575 -1400089.9137206096 4027348.007189233
4737242.011684369 -1399458.559722421 4023641.989833623
4740875.870261775 -1398553.054787906 4019674.904232066
4744159.001355184 -1399071.551786008 4015618.901594581
4744843.244478489 -1398733.2629403274 4014928.248981686
4746722.642241758 -1395326.1912913083 4013892.1233045007
4749415.142719822 -1394856.9778001024 4010869.0845733187
4752235.297846461 -1390461.1991394958 4009054.542855425
4757644.131464075 -1386906.9881466671 4003867.1711952914
4761000.592679652 -1386623.3338738186 3999973.7607215196
4764069.216889903 -1383819.5581603537 3997290.1980135143
4769456.537171796 -1380511.374174182 3992006.22316711
4773397.158919581 -1381922.8588738707 3986804.4566219123
4776856.147640469 -1381478.6181102656 3982813.4744742466
4782018.79857283 -1379625.9187775922 3977256.5336338505
4785371.484977102 -1381769.394173885 3972477.0725697563
4789389.686157763 -1382839.0846098254 3967258.9404021893
4792042.977669115 -1386867.6960541313 3962645.9712941335
4793978.397519748 -1389876.4896557878 3959249.3565846663
4795436.735498975 -1394020.0441612836 3956025.231504913
4796851.202363749 -1398790.480335363 3952625.0435001566
4798182.522745846 -1398906.1099336157 3950967.878128941
4800215.479330664 -1401044.2658420098 3947739.5199209265
4802197.889651427 -1399167.4486135747 3945993.7758906265
4805189.0433777515 -1400220.9240980758 3941976.7403068664
4806394.357760111 -1403211.8441072153 3939442.955323633
4807904.457893052 -1403925.9152576842 3937345.2665774683
4809315.109019206 -1409622.9329232404 3933585.1801043367
4809679.442262407 -1412282.4640021732 3932185.512479075
4809612.560312165 -1418100.3415098642 3930172.9530768828
4809667.308649258 -1420580.3667051154 3929210.20077096
4810753.838451673 -1427293.7695636994 3925445.3252067007
4807642.286192913 -1431027.8951032464 3927897.1233277177
4810269.308627352 -1433729.317823157 3923693.466836074
4810112.015424803 -1438802.9108168946 3922028.7585496833
4810563.676366128 -1442780.6937150736 3920013.008329162
4812503.29220795 -1441073.985648505 3918259.668574146
4814241.490432447 -1442418.543856009 3915628.763830796
4814370.85111233 -1438886.8148114493 3916768.9543961734
4817479.548543088 -1435878.372624972 3914049.7056625322
4818567.657048353 -1433181.3625234794 3913698.7513812156
4820380.445124845 -1431156.8352876946 3912206.9829020174
4819678.37833851 -1426555.8441197122 3914751.556993645
4820978.027418304 -1422640.4346006387 3914576.101315341
4822078.0439308025 -1422050.1905244673 3913435.5231522354
4822033.107858816 -1423409.239337668 3912996.785595613
4821831.907796991 -1424813.8074447445 3912733.5287578222
4820514.941455281 -1428542.2132806522 3912996.785595613
4817064.872848193 -1432002.3324044766 3915979.6131696287
4815679.349791766 -1431864.8842509463 3917733.5735394484
4811522.608433434 -1432639.9978375873 3922554.5025059683
4810140.948161358 -1431040.541586973 3924832.2291730917
4808255.752157131 -1431850.006899087 3926846.4675348513
4807332.126254113 -1430387.565234606 3928509.9263088712
4809193.8173169885 -1431581.0925098672 3925795.6394912237
4810320.714439949 -1436670.386379595 3922554.5025059683
4810509.608785303 -1438190.0991234686 3921765.8704424845
4812340.931938857 -1439469.6253462248 3919048.730558405
4813294.034406763 -1440578.4748927187 3917470.509910705
4815614.087499182 -1438068.2381863978 3915541.048514099
4818493.861098123 -1438928.2138552445 3911680.394144064
4820108.497150046 -1438769.006893284 3909749.2017398286
4821229.319626656 -1437637.3891407745 3908783.38935746
4824818.460623383 -1432749.3687915087 3906148.6234212
4827146.333966674 -1434724.2375478458 3902546.044912839
4826961.878359061 -1437970.8230267644 3901579.159390732
4827377.839246927 -1440388.3095083234 3900172.52374551
4829193.409429618 -1441205.4096323026 3897622.2215048154
4830027.120926225 -1444117.0526910322 3895510.8714062255
4830587.212716621 -1447224.088438714 3893662.879369681
4830919.435661356 -1446588.5845246543 3893486.852844417
4833059.980466881 -1449619.7095315435 3889701.135427652
4833929.768730403 -1451444.017263904 3887939.590031057
4835267.171649231 -1453593.7586651347 3885472.630651388
4836608.18116892 -1454549.1766834331 3883445.5055349246
4838697.500243581 -1457480.0460431254 3879742.1842852714
4839447.644287203 -1459917.343217259 3877889.7417508527
4840272.507302713 -1462101.8940237744 3876036.77827515
4841380.199862157 -1464280.8527191358 3873830.1904888367
4842258.12701439 -1468144.6536736465 3871269.6247164933
4841400.235539748 -1471668.2749020883 3871004.681986627
4843132.521475245 -1472471.8697055322 3868531.371509702
4843679.347291503 -1477626.5899692914 3865880.3707871623
4843046.504989926 -1481314.9282090948 3865261.6514240974
4841896.363379257 -1483458.6495946688 3865880.3707871623
4843341.177364802 -1483808.8445665387 3863935.629954082
4842333.024296078 -1485256.65641153 3864642.8743671565
4841497.7183613 -1478069.4941036291 3868443.021902038
4841893.150222648 -1472833.6391045884 3869944.8049486363
4841804.215460476 -1467545.673857389 3872064.3892233535
4841869.012761761 -1463598.6017392 3873477.0679900125
4842922.6675126925 -1456356.0100069556 3874889.4446949544
4844028.351742305 -1452909.5439731965 3874801.180002444
4842584.812443208 -1449713.3259552177 3877801.517205624
4842665.471921021 -1443293.158022794 3880094.9713980635
4844230.397079539 -1437317.8590672216 3880359.549322335
4845861.625026514 -1434673.6611595326 3879301.1738031493
4845138.2782952 -1432344.3132071225 3881065.038442649
4847589.569025281 -1426907.0696523653 3880006.7763927155
4851418.418933412 -1425642.1745563175 3875683.7738081743
4852612.271139383 -1428293.48994769 3873212.2137265503
4854183.172317409 -1428939.9853136286 3871004.681986627
4856087.045860389 -1429408.3354046682 3868443.021902038
4859289.765942862 -1433577.2126288363 3862874.622096128
4860086.589592268 -1441099.6322402772 3859071.286154525
4859893.64403415 -1446950.2250000332 3857124.5527009913
4859624.094175036 -1451857.4612755373 3855619.869158785
4860271.265603428 -1455562.6760910389 3853406.4826748213
4860996.473789225 -1460866.05843024 3850483.689244146
4859629.008743861 -1464710.062294638 3850749.450534012
4860992.396759052 -1464843.3541250809 3848977.509225829
4862445.797695925 -1465373.9043107133 3846939.196950534
4863539.574433247 -1466629.520895869 3845077.587820359
4865274.983773214 -1469005.7772214492 3841973.758208215
4866186.150511686 -1472246.9533211668 3839578.3957362818
4868016.358916104 -1476139.9491024879 3835761.79917222
4868150.78872005 -1479614.1640644853 3834252.316134674
4871686.155748524 -1479481.317664341 3829810.7042738227
4871775.342599365 -1483781.487961125 3828033.2427011016
4873332.209753134 -1481188.992841009 3827055.440004661
4876744.7764679445 -1481668.349780343 3822520.14859985
4878872.478453506 -1479710.8263802368 3820562.813157515
4880727.078063327 -1478878.1111763155 3818515.9056553617
4882936.751611626 -1473873.564019773 3817625.7539266674
4885174.755306122 -1471758.6124375165 3815577.9636689075
4884298.03148715 -1469356.0979444708 3817625.7539266674
4885527.734008912 -1463869.8890123873 3818159.8589206035
4886190.216247144 -1459329.8872624715 3819049.940861365
4886225.486649143 -1456647.0823589624 3820028.8966283337
4887795.731107999 -1456279.225522983 3818159.8589206035
4887876.185427802 -1460669.7375732968 3816379.3461427973
4886944.612763336 -1464015.5855022168 3816290.3082954786
4885462.178434125 -1467103.138381848 3817002.5785215064
4885191.162087963 -1469624.780749268 3816379.3461427973
4882835.897851056 -1473285.2240251587 3817981.828574647
4880516.723946908 -1476582.6162873546 3819672.929002238
4879215.795335169 -1480186.9251993326 3819939.906467213
4877429.560175822 -1483085.2935980824 3821096.6877895375
4877089.0002975715 -1485120.8050546297 3820740.7760237185
4876501.810713939 -1490244.7809364428 3819494.938207847
4877774.330611919 -1493147.2835075476 3816735.4859064417
4879489.225901611 -1496187.4677097695 3813351.4073290345
4881267.430605433 -1500368.438137073 3809430.905102854
4882208.639018312 -1502056.769682435 3807558.9641850763
4885933.15936231 -1501242.580151348 3803099.9037343687
4888110.998737183 -1504993.4247517022 3798816.480889636
4887755.051044447 -1507499.2629195487 3798280.865508304
4889320.741168047 -1506019.8837843505 3796852.3542047427
4892428.151415324 -1508753.5363773254 3791760.877179329
4894996.933832066 -1512540.1059885463 3786933.9109034943
4894726.643824871 -1519665.6918338356 3784429.714936466
4895908.35838462 -1520313.642371469 3782640.4501510332
4898421.265502785 -1528220.9579405915 3776195.2822094928
4897441.245444325 -1535328.298774792 3774583.0580876134
4897094.8954753475 -1538411.9086980335 3773776.8063155725
4899122.5110384105 -1544029.3759918292 3768847.6896673585
4899309.70029083 -1550859.2428124116 3765798.862076877
4898429.809095765 -1557544.0324481616 3764184.2399578616
4899058.010474587 -1561416.4075195328 3761761.610247728
4899502.157794195 -1568437.280645426 3758260.78159188
4900139.1303397855 -1572036.2349984595 3755925.928338407
4900636.800019602 -1576913.9867409451 3753230.9058615635
4900366.463450565 -1581169.7443170312 3751793.139759362
4900763.190126928 -1585265.1557688038 3749546.0445502265
4899445.099064207 -1591453.5310376612 3748647.0065616323
4898602.993216869 -1594677.878092707 3748377.2728966954
4898263.891987552 -1600147.8508839435 3746488.849544659
4897961.958904521 -1605064.977318132 3744779.8423553463
4896401.217044925 -1609191.9615274123 3745049.712977991
4897199.826282174 -1612201.2980258698 3742710.4932262045
4896653.297172791 -1617612.050328847 3741090.58189156
4896277.234721761 -1621659.2900734958 3739830.3955746107
4896059.50624993 -1623768.467451869 3739200.2186789485
4896516.732881877 -1625912.4113192027 3737669.55673264
4895490.792450173 -1630031.5362317336 3737219.2994157556
4893628.502220881 -1633966.92145281 3737939.6974602784
4892834.157818312 -1636549.6892700123 3737849.651689671
4891809.535158589 -1639815.1141525153 3737759.6047804486
4890058.496015684 -1646256.6062492325 3737219.2994157556
4889865.971753814 -1647237.0447968256 3737039.188519856
4892186.718699021 -1645452.2327588473 3734787.418193148
4893513.718348287 -1647229.6466960337 3732264.591288082
4894822.52663568 -1649667.7864101615 3729470.4218186927
4894567.89685083 -1655101.3622869381 3727396.6228016526
4893998.327038903 -1658812.226285759 3726494.7836895334
4896449.123366004 -1662311.1235908323 3721713.1419111923
4896950.526714566 -1668297.8837583354 3718373.1267796936
4897939.2438560985 -1672833.7228222725 3715031.561007648
4898131.798295582 -1675477.3395332873 3713586.0796857993
4901012.7173821945 -1678660.69539935 3708343.7831165767
4902521.397403106 -1679846.6885715933 3705811.658854205
4903622.510107784 -1680223.9843303994 3704183.39730164
4906520.233247546 -1676146.964703078 3702192.803386812
4908006.1472576335 -1675793.7045550449 3700382.698891421
4906716.045253803 -1672771.8260755986 3703459.6081416346
4907801.059789945 -1669987.1260479623 3703278.649569698
4907538.704887568 -1668751.0956356928 3704183.39730164
4906400.095158376 -1666071.42979331 3706896.9633719726
4905523.30494893 -1664627.8991455887 3708705.4428720907
4906309.656252539 -1660694.1970410885 3709428.708154014
4903818.016949612 -1661186.4435440546 3712501.778642784
4904253.934824201 -1658281.3201220816 3713224.6641020128
4904351.972329464 -1656979.20903436 3713676.4307537572
4904005.0326519525 -1654764.3193675766 3715121.893972294
4902866.902377745 -1655905.451062297 3716115.4818857596
4902689.838754412 -1656226.9734532381 3716205.8012683
4902353.596722094 -1657829.4482925339 3715934.8397247256
4901876.3223022325 -1658430.786286271 3716296.119518819
4903271.723114494 -1656328.201595874 3715392.886075979
4903560.12683384 -1658714.3272268933 3713947.4771700166
4902780.0648229355 -1657782.9586742714 3715392.886075979
4902840.721507146 -1659424.6534565538 3714579.879210014
4903222.966296279 -1660317.1114123822 3713676.4307537572
4902772.584269989 -1662454.0749868331 3713315.0196946985
4902370.251479449 -1660409.8692851306 3714760.5553238373
4903765.143961855 -1659928.3202101442 3713134.3073782157
4903653.977824997 -1658841.4524604399 3713766.7806904637
4903519.592237032 -1659845.2007600598 3713495.727486619
4903213.574089467 -1658120.2669322682 3714670.217832702
4904297.68507645 -1657342.3439101614 3713586.0796857993
4903820.616574761 -1657944.0573429477 3713947.4771700166
4902008.682120684 -1660668.8993719243 3715121.893972294
4900382.592979966 -1663646.5097306361 3715934.8397247256
4897574.24143254 -1669082.7905193598 3717199.2397568063
4896275.923150846 -1671883.9464096082 3717650.7574153827
4896001.954908031 -1673889.7929753175 3717108.93282801
4895931.045682255 -1677302.064629602 3715663.867993704
4894900.14086568 -1679908.6691940627 3715844.516946287
4894658.449105969 -1684601.6474603678 3714037.823712807
4895234.990978088 -1689292.5925417512 3711146.173338814
4895239.495237167 -1689676.606399523 3710965.4067447674
4896991.348812964 -1690950.8769686304 3708072.526438772
4897143.2034367025 -1685743.6211611808 3710242.295153795
4899996.0934408605 -1684812.8047970047 3706896.9633719726
4901579.339884052 -1684783.2318107758 3704816.653578292
4903555.423369288 -1687185.141996815 3701106.7948075784
4905965.94416089 -1687918.777556272 3697576.145951086
4907736.983948368 -1691689.9924661603 3693500.1916576666
4910907.819134567 -1690002.490087301 3690056.5003075083
4913386.349887145 -1692294.2193585117 3685704.254531071
4916908.164996127 -1686598.4593280805 3683617.886533098
4919350.429665129 -1688587.8230956693 3679443.3701100145
4920327.85359992 -1686331.9057399242 3679171.03662936
4922860.645320986 -1688640.279880386 3674721.495830035
4923555.652931152 -1688590.5567902692 3673813.0959547227
4923342.509611375 -1691975.4869320963 3672541.14812543
4923671.996766971 -1691608.3164518436 3672268.5593463485
4925735.021122798 -1692701.5837294282 3668996.70892797
4926284.320873829 -1693467.168565794 3667905.7701776414
4927210.351125327 -1692150.9765659226 3667269.314935899
4930762.64464605 -1691062.2782473832 3662994.555449387
4931644.242012047 -1692038.043825381 3661356.7606117
4933963.745880056 -1687830.3697366267 3660173.684039593
4936312.138581964 -1683919.4885542903 3658808.361550986
4939343.965356209 -1679373.7531049175 3656805.434977571
4940349.238590314 -1674426.656317795 3657715.923000653
4942529.989602137 -1667379.509566743 3657989.047681862
4945910.927522382 -1660735.9167657676 3656441.208576839
4946821.716895152 -1656815.6272224726 3656987.5414944887
4947392.59818707 -1656718.7316349747 3656259.088693468
4946542.578198735 -1656242.0611244724 3657624.8792118058
4946199.995977618 -1655455.34291114 3658444.2331977636
4943320.094274058 -1656410.524027321 3661902.7323835148
4940415.008924865 -1653806.8135313648 3666996.5316464584
4936572.871015718 -1651562.5685648636 3673177.1494534626
4934110.98346362 -1650834.6839605107 3676810.3906914587
4930954.169812065 -1646908.1371304363 3682801.3200641936
4930642.420461434 -1643169.9047315323 3684887.920375704
4930117.062981859 -1641082.9854089143 3686520.4977453314
4930588.409302722 -1638850.4776953624 3686883.243310986
4929996.9824147755 -1639609.460499722 3687336.649998345
4930552.080477767 -1638551.7227525525 3687064.6093553896
4929596.203076537 -1640814.0370536735 3687336.649998345
4928250.09460515 -1638741.9044994952 3690056.5003075083
4930158.237619109 -1637083.2380663888 3688243.3791275905
4931887.539671543 -1638613.2031007824 3685250.746781875
4931620.395681749 -1640436.157532215 3684797.210967889
4931715.917456393 -1639129.6601705684 3685250.746781875
4929819.161861542 -1638308.1546811375 3688152.711269974
4929185.0912018465 -1634086.078087785 3690872.2581624435
4926452.094486582 -1632702.9077259619 3695130.846916243
4924121.997968605 -1627830.2831888588 3700382.698891421
4924755.802742529 -1626323.7475210456 3700201.6636398197
4923260.462749175 -1624877.0110946295 3702826.233398884
4922627.917688064 -1623906.083386662 3704092.9276056057
4923094.552703505 -1620630.8339487365 3704907.1142466846
4924063.272622443 -1624093.7109174505 3702102.3088738574
4920321.90368885 -1626764.560906641 3705902.1071067103
4919039.619520947 -1629198.2489608852 3706535.213263999
4915878.60339045 -1632151.1008024993 3709428.708154014
4912933.6607995955 -1636696.7413285542 3711326.935410942
4910669.522024113 -1637751.8332018428 3713857.129495893
4911830.228326359 -1639186.8984391221 3711688.445988559
4909242.702069821 -1643657.7221383736 3713134.3073782157
4909598.948172734 -1641776.0657409455 3713495.727486619
4909729.778830004 -1645059.750233788 3711869.194493607
4909795.723104337 -1643842.8784545413 3712321.0459684986
4909427.055874301 -1643719.445416836 3712863.2304204213
4910096.1319202045 -1638036.7628889405 3714489.5394558003
