-25.49 39.846
-25.636 39.9
-25.752 39.921
-25.881 39.937
-25.971 39.928
-26.079 39.909
-26.169 39.872
-26.271 39.837
-26.344 39.816
-26.423 39.796
-26.515 39.741
-26.619 39.697
-26.725 39.667
-26.823 39.64
-26.953 39.616
-27.097 39.608
-27.231 39.618
-27.4 39.673
-27.554 39.747
-27.689 39.815
-27.784 39.833
-27.901 39.835
-27.997 39.859
-28.083 39.863
-28.138 39.805
-28.269 39.739
-28.362 39.726
-28.39 39.653
-28.439 39.514
-28.524 39.366
-28.57 39.259
-28.544 39.101
-28.544 38.859
-28.519 38.683
-28.444 38.47
-28.336 38.247
-28.251 38.038
-28.178 37.881
-28.098 37.745
-28.014 37.607
-27.979 37.45
-27.96 37.347
-27.899 37.282
-27.816 37.193
-27.721 37.052
-27.616 36.96
-27.473 36.845
-27.356 36.691
-27.236 36.571
-27.111 36.462
-26.974 36.322
-26.853 36.152
-26.776 35.938
-26.733 35.721
-26.708 35.503
-26.674 35.321
-26.643 35.145
-26.666 34.981
-26.689 34.854
-26.722 34.712
-26.747 34.622
-26.768 34.508
-26.814 34.365
-26.872 34.244
-26.929 34.098
-27.016 33.916
-27.148 33.728
-27.274 33.524
-27.39 33.283
-27.506 33.065
-27.633 32.906
-27.781 32.764
-28.037 32.685
-28.387 32.622
-28.717 32.531
-28.958 32.387
-29.223 32.137
-29.575 31.924
-29.812 31.592
-30.014 31.321
-30.323 31.151
-30.657 30.942
-30.948 30.778
-31.213 30.574
-31.501 30.318
-31.796 30.037
-32.109 29.79
-32.449 29.545
-32.84 29.251
-33.123 28.918
-33.354 28.627
-33.577 28.315
-33.881 28.058
-34.124 27.892
-34.236 27.836
-34.285 27.754
-34.382 27.73
-34.443 27.746
-34.444 27.709
-34.452 27.59
-34.5 27.467
-34.543 27.393
-34.572 27.304
-34.602 27.146
-34.668 27.055
-34.707 26.971
-34.747 26.849
-34.797 26.737
-34.819 26.697
-34.826 26.696
-34.806 26.742
-34.756 26.704
-34.742 26.531
-34.806 26.33
-34.867 26.186
-34.897 25.978
-34.956 25.692
-35.066 25.437
-35.135 25.207
-35.169 24.9
-35.267 24.514
-35.421 24.172
-35.549 23.843
-35.652 23.466
-35.819 23.071
-36.062 22.78
-36.345 22.595
-36.648 22.416
-37.002 22.16
-37.346 21.899
-37.636 21.807
-37.856 21.858
-38.054 21.898
-38.176 22.0
-38.199 22.141
-38.225 22.182
-38.307 22.206
-38.387 22.234
-38.434 22.257
-38.477 22.201
-38.572 22.102
-38.674 21.995
-38.766 21.859
-38.86 21.65
-39.097 21.383
-39.395 21.137
-39.692 20.906
-39.967 20.714
-40.103 20.604
-40.198 20.418
-40.374 20.234
-40.588 20.178
-40.721 20.203
-40.859 20.242
-40.991 20.372
-41.082 20.592
-40.995 20.828
-40.881 20.942
-40.834 21.097
-40.687 21.381
-40.491 21.589
-40.329 21.809
-40.21 22.179
-40.098 22.687
-40.059 23.201
-40.004 23.746
-39.926 24.257
-39.795 24.75
-39.562 25.202
-39.277 25.526
-38.952 25.774
-38.622 25.913
-38.391 25.997
-38.209 26.073
-38.056 26.069
-37.91 26.077
-37.731 26.085
-37.557 26.127
-37.421 26.211
-37.329 26.299
-37.324 26.448
-37.378 26.586
-37.478 26.618
-37.55 26.591
-37.607 26.551
-37.629 26.563
-37.528 26.65
-37.416 26.718
-37.358 26.829
-37.359 27.0
-37.419 27.162
-37.512 27.285
-37.653 27.351
-37.781 27.413
-37.904 27.378
-38.043 27.324
-38.148 27.292
-38.237 27.24
-38.299 27.15
-38.361 27.106
-38.402 27.048
-38.43 27.063
-38.375 27.109
-38.353 27.097
-38.332 27.091
-38.301 27.053
-38.333 27.027
-38.355 27.091
-38.321 27.125
-38.307 27.125
-38.308 27.193
-38.276 27.202
-38.308 27.151
-38.352 27.175
-38.382 27.171
-38.39 27.158
-38.416 27.156
-38.38 27.163
-38.327 27.028
-38.29 26.939
-38.191 26.876
-38.082 26.786
-37.968 26.712
-37.816 26.663
-37.612 26.647
-37.354 26.688
-37.139 26.768
-36.979 26.926
-36.899 27.162
-36.9 27.437
-36.978 27.658
-37.135 27.854
-37.286 27.921
-37.417 27.945
-37.524 27.973
-37.637 27.966
-37.747 27.958
-37.845 27.924
-37.947 27.863
-38.074 27.831
-38.166 27.8
-38.273 27.722
-38.379 27.672
-38.48 27.643
-38.536 27.646
-38.563 27.674
-38.616 27.726
-38.714 27.755
-38.78 27.815
-38.837 27.835
-38.88 27.827
-38.901 27.807
-38.935 27.788
-38.975 27.775
-39.015 27.74
-39.066 27.684
-39.11 27.656
-39.144 27.605
-39.189 27.576
-39.189 27.533
-39.189 27.453
-39.154 27.365
-39.07 27.275
-38.931 27.22
-38.814 27.164
-38.727 27.09
-38.627 27.046
-38.547 26.977
-38.484 26.964
-38.421 26.916
-38.376 26.856
-38.313 26.833
-38.25 26.808
-38.15 26.834
-37.981 26.857
-37.872 26.862
-37.761 26.902
-37.632 26.923
-37.577 26.905
-37.587 26.858
-37.567 26.823
-37.466 26.849
-37.327 26.984
-37.151 27.239
-37.084 27.499
-37.058 27.719
-37.088 27.972
-37.253 28.203
-37.468 28.342
-37.727 28.346
-37.962 28.317
-38.112 28.236
-38.216 28.201
-38.283 28.183
-38.389 28.127
-38.532 28.105
-38.658 28.085
-38.834 28.098
-39.047 28.211
-39.295 28.347
-39.529 28.479
-39.78 28.642
-40.004 28.871
-40.186 29.111
-40.376 29.382
-40.52 29.727
-40.534 30.11
-40.526 30.419
-40.487 30.688
-40.382 30.893
-40.293 31.085
-40.142 31.367
-39.916 31.619
-39.761 31.788
-39.626 31.948
-39.468 32.092
-39.357 32.17
-39.289 32.328
-39.21 32.524
-39.193 32.676
-39.23 32.879
-39.245 33.062
-39.28 33.241
-39.316 33.445
-39.353 33.663
-39.419 33.884
-39.473 34.14
-39.557 34.397
-39.662 34.617
-39.772 34.812
-39.834 34.962
-39.917 35.009
-40.033 35.054
-40.17 35.091
-40.366 35.159
-40.551 35.233
-40.773 35.344
-40.974 35.529
-41.159 35.776
-41.255 36.074
-41.282 36.403
-41.19 36.74
-41.005 37.04
-40.727 37.232
-40.438 37.323
-40.172 37.339
-39.933 37.318
-39.739 37.239
-39.604 37.143
-39.515 37.1
-39.466 37.066
-39.445 37.065
-39.411 37.054
-39.411 37.064
-39.418 37.113
-39.378 37.183
-39.279 37.223
-39.193 37.317
-39.082 37.465
-39.015 37.646
-38.995 37.864
-39.0 38.085
-39.062 38.314
-39.139 38.503
-39.21 38.69
-39.319 38.879
-39.403 39.048
-39.48 39.205
-39.556 39.369
-39.609 39.538
-39.641 39.686
-39.695 39.815
-39.75 39.955
-39.804 40.097
-39.884 40.234
-39.956 40.383
-40.056 40.593
-40.133 40.878
-40.176 41.182
-40.148 41.423
-40.137 41.697
-40.12 41.949
-40.082 42.191
-40.047 42.405
-40.06 42.575
-40.1 42.688
-40.063 42.815
-40.044 42.878
-40.042 42.974
-39.992 43.067
-39.93 43.115
-39.9 43.183
-39.85 43.322
-39.815 43.437
-39.792 43.605
-39.743 43.766
-39.725 43.883
-39.679 44.016
-39.648 44.052
-39.635 44.14
-39.641 44.235
-39.678 44.298
-39.713 44.357
-39.767 44.375
-39.842 44.37
-39.87 44.369
-39.912 44.375
-39.961 44.391
-40.008 44.385
-40.065 44.418
-40.148 44.416
-40.247 44.385
-40.324 44.342
-40.414 44.327
-40.506 44.26
-40.597 44.294
-40.68 44.287
-40.758 44.335
-40.811 44.357
-40.823 44.406
-40.834 44.472
-40.789 44.5
-40.821 44.526
-40.829 44.559
-40.897 44.628
-40.952 44.68
-41.017 44.767
-41.051 44.884
-41.161 44.925
-41.252 45.119
-41.245 45.331
-41.234 45.44
-41.331 45.616
-41.334 45.846
-41.337 45.984
-41.357 46.156
-41.31 46.372
-41.26 46.522
-41.234 46.754
-41.137 47.019
-41.03 47.247
-40.923 47.476
-40.773 47.687
-40.63 47.851
-40.541 48.033
-40.453 48.162
-40.406 48.337
-40.389 48.387
-40.407 48.49
-40.406 48.611
-40.448 48.715
-40.473 48.837
-40.458 48.861
-40.531 48.901
-40.566 49.06
-40.569 49.124
-40.67 49.247
-40.64 49.45
-40.61 49.427
-40.71 49.483
-40.728 49.624
-40.739 49.646
-40.812 49.72
-40.856 49.909
-40.927 50.025
-40.981 50.181
-40.999 50.32
-40.998 50.473
-40.973 50.588
-41.004 50.73
-41.081 50.893
-41.106 51.095
-41.093 51.243
-41.102 51.397
-41.092 51.517
-41.108 51.619
-41.125 51.693
-41.173 51.847
-41.187 52.006
-41.226 52.163
-41.232 52.379
-41.218 52.546
-41.195 52.731
-41.126 52.858
-41.129 52.932
-41.116 53.081
-40.944 53.236
-40.828 53.335
-40.74 53.53
-40.597 53.684
-40.53 53.772
-40.486 53.967
-40.447 54.142
-40.522 54.298
-40.613 54.471
-40.754 54.577
-40.908 54.69
-41.081 54.791
-41.285 54.885
-41.488 54.989
-41.692 55.082
-41.932 55.203
-42.121 55.399
-42.284 55.581
-42.485 55.848
-42.633 56.198
-42.755 56.573
-42.873 56.922
-42.938 57.117
-43.017 57.267
-43.114 57.399
-43.214 57.537
-43.337 57.663
-43.45 57.779
-43.522 57.922
-43.578 58.06
-43.617 58.229
-43.619 58.428
-43.614 58.543
-43.577 58.697
-43.463 58.811
-43.283 58.85
-43.089 58.871
-42.873 58.869
-42.651 58.9
-42.424 58.901
-42.209 58.926
-42.014 59.037
-41.829 59.155
-41.677 59.383
-41.523 59.698
-41.457 59.981
-41.492 60.225
-41.584 60.489
-41.725 60.667
-41.913 60.816
-42.09 60.92
-42.243 61.021
-42.299 61.079
-42.349 61.157
-42.358 61.301
-42.341 61.431
-42.344 61.607
-42.207 61.808
-42.04 61.949
-41.913 62.116
-41.77 62.361
-41.642 62.626
-41.535 62.909
-41.48 63.189
-41.479 63.466
-41.524 63.737
-41.557 64.006
-41.517 64.257
-41.427 64.405
-41.371 64.502
-41.323 64.608
-41.304 64.702
-41.292 64.832
-41.262 64.972
-41.203 65.127
-41.143 65.278
-41.102 65.468
-41.074 65.645
-41.075 65.842
-41.02 66.009
-40.968 66.115
-40.95 66.239
-40.943 66.356
-40.945 66.434
-40.977 66.497
-41.005 66.574
-41.059 66.618
-41.127 66.688
-41.204 66.766
-41.228 66.833
-41.249 66.886
-41.237 66.938
-41.253 66.957
-41.301 67.018
-41.319 67.073
-41.345 67.093
-41.387 67.111
-41.441 67.117
-41.501 67.109
-41.49 67.141
-41.456 67.132
-41.468 67.091
-41.474 67.069
-41.467 67.009
-41.475 67.013
-41.485 67.06
-41.475 67.136
-41.457 67.191
-41.413 67.233
-41.397 67.239
-41.407 67.278
-41.429 67.305
-41.48 67.363
-41.542 67.413
-41.619 67.467
-41.711 67.531
-41.79 67.615
-41.724 67.661
-41.727 67.659
-41.78 67.7
-41.831 67.716
-41.92 67.725
-42.005 67.764
-42.065 67.797
-42.155 67.812
-42.27 67.897
-42.245 68.034
-42.252 68.111
-42.31 68.272
-42.313 68.482
-42.286 68.677
-42.251 68.859
-42.18 69.025
-42.087 69.126
-42.031 69.241
-42.002 69.367
-42.021 69.474
-42.051 69.602
-42.082 69.737
-42.12 69.84
-42.21 69.931
-42.185 70.085
-42.131 70.141
-42.087 70.188
-42.094 70.247
-42.145 70.324
-42.111 70.504
-42.045 70.602
-42.059 70.705
-42.075 70.822
-42.029 70.888
-41.988 70.889
-41.968 70.93
-41.946 70.992
-41.885 71.026
-41.838 71.055
-41.851 71.089
-41.938 71.147
-42.01 71.227
-42.035 71.293
-42.021 71.324
-42.005 71.333
-41.997 71.337
-42.001 71.332
-41.995 71.36
-41.979 71.332
-41.984 71.324
-41.989 71.348
-41.979 71.371
-41.96 71.385
-41.934 71.381
-41.932 71.353
-41.931 71.386
-41.91 71.442
-41.852 71.418
-41.812 71.423
-41.722 71.454
-41.647 71.44
-41.596 71.448
-41.542 71.462
-41.541 71.476
-41.54 71.575
-41.523 71.647
-41.541 71.684
-41.546 71.762
-41.539 71.784
-41.573 71.82
-41.57 71.887
-41.559 71.952
-41.591 72.003
-41.59 72.07
-41.54 72.101
-41.466 72.162
-41.363 72.241
-41.256 72.309
-41.148 72.371
-41.023 72.467
-40.905 72.53
-40.815 72.63
-40.709 72.764
-40.633 72.896
-40.612 73.045
-40.633 73.196
-40.657 73.313
-40.717 73.437
-40.77 73.513
-40.831 73.592
-40.861 73.673
-40.882 73.723
-40.947 73.717
-41.016 73.675
-41.036 73.576
-41.044 73.503
-41.015 73.477
-41.002 73.487
-40.974 73.544
-40.951 73.579
-40.991 73.633
-41.062 73.679
-41.122 73.713
-41.21 73.713
-41.3 73.734
-41.309 73.709
-41.245 73.59
-41.222 73.476
-41.208 73.409
-41.226 73.325
-41.299 73.245
-41.298 73.267
-41.298 73.216
-41.262 73.2
-41.179 73.25
-41.168 73.277
-41.167 73.365
-41.134 73.427
-41.138 73.449
-41.121 73.518
-41.072 73.524
-41.085 73.536
-41.078 73.58
-41.047 73.579
-41.038 73.621
-40.995 73.683
-40.946 73.7
-40.897 73.722
-40.844 73.768
-40.83 73.826
-40.839 73.938
-40.858 74.04
-40.926 74.137
-40.994 74.252
-41.061 74.351
-41.164 74.459
-41.17 74.528
-41.164 74.546
-41.183 74.578
-41.227 74.626
-41.312 74.655
-41.409 74.698
-41.514 74.736
-41.559 74.813
-41.496 74.852
-41.451 74.879
-41.406 74.913
-41.36 74.957
-41.313 75.004
-41.285 75.06
-41.22 75.124
-41.166 75.194
-41.13 75.271
-41.11 75.355
-41.093 75.434
-41.107 75.566
-41.117 75.699
-41.146 75.827
-41.114 75.947
-41.062 76.041
-40.997 76.149
-40.932 76.223
-40.907 76.291
-40.951 76.388
-40.891 76.521
-40.781 76.474
-40.748 76.45
-40.739 76.462
-40.738 76.475
-40.8 76.476
-40.807 76.554
-40.792 76.59
-40.788 76.651
-40.727 76.763
-40.597 76.794
-40.486 76.796
-40.403 76.829
-40.327 76.842
-40.309 76.863
-40.299 76.939
-40.319 77.013
-40.373 77.131
-40.421 77.259
-40.419 77.373
-40.417 77.465
-40.403 77.572
-40.351 77.668
-40.291 77.731
-40.248 77.799
-40.177 77.864
-40.108 77.926
-40.052 77.944
-40.008 77.981
-39.953 78.031
-39.929 78.08
-39.904 78.17
-39.864 78.229
-39.869 78.299
-39.876 78.402
-39.871 78.539
-39.847 78.651
-39.861 78.762
-39.858 78.91
-39.83 79.048
-39.772 79.129
-39.682 79.189
-39.555 79.246
-39.447 79.277
-39.422 79.348
-39.445 79.416
-39.39 79.533
-39.332 79.629
-39.282 79.734
-39.25 79.851
-39.233 79.974
-39.242 80.144
-39.154 80.258
-39.09 80.33
-39.06 80.39
-39.046 80.457
-39.048 80.516
-39.113 80.56
-39.135 80.642
-39.11 80.69
-39.129 80.762
-39.138 80.882
-39.079 80.975
-39.003 81.059
-38.951 81.123
-38.898 81.201
-38.859 81.249
-38.827 81.311
-38.801 81.372
-38.797 81.439
-38.832 81.486
-38.908 81.554
-38.925 81.655
-38.866 81.74
-38.802 81.823
-38.767 81.909
-38.701 81.998
-38.615 82.099
-38.512 82.17
-38.413 82.246
-38.341 82.316
-38.298 82.389
-38.262 82.463
-38.224 82.531
-38.203 82.586
-38.192 82.646
-38.2 82.71
-38.209 82.779
-38.233 82.837
-38.269 82.921
-38.269 82.987
-38.279 83.038
-38.304 83.126
-38.329 83.245
-38.398 83.357
-38.41 83.507
-38.383 83.593
-38.368 83.668
-38.367 83.743
-38.356 83.828
-38.35 83.89
-38.364 83.963
-38.379 84.045
-38.37 84.137
-38.329 84.201
-38.279 84.256
-38.256 84.271
-38.257 84.297
-38.277 84.34
-38.301 84.402
-38.334 84.457
-38.382 84.511
-38.407 84.568
-38.444 84.651
-38.481 84.735
-38.519 84.772
-38.588 84.836
-38.605 84.944
-38.607 85.022
-38.606 85.09
-38.588 85.094
-38.537 85.093
-38.496 85.127
-38.422 85.168
-38.331 85.219
-38.227 85.234
-38.171 85.271
-38.15 85.353
-38.162 85.422
-38.127 85.434
-38.072 85.416
-37.978 85.316
-37.891 85.259
-37.802 85.244
-37.712 85.26
-37.629 85.242
-37.569 85.246
-37.526 85.259
-37.512 85.306
-37.467 85.374
-37.39 85.393
-37.317 85.392
-37.254 85.39
-37.214 85.42
-37.196 85.443
-37.207 85.488
-37.213 85.557
-37.237 85.628
-37.258 85.694
-37.268 85.779
-37.307 85.843
-37.379 85.934
-37.411 86.014
-37.432 86.059
-37.456 86.111
-37.472 86.177
-37.456 86.19
-37.447 86.154
-37.443 86.103
-37.434 86.017
-37.436 85.969
-37.463 85.911
-37.497 85.843
-37.543 85.814
-37.584 85.776
-37.634 85.759
-37.667 85.766
-37.706 85.795
-37.729 85.841
-37.752 85.877
-37.782 85.924
-37.806 85.996
-37.844 86.048
-37.882 86.101
-37.945 86.166
-37.984 86.261
-37.943 86.302
-37.89 86.283
-37.861 86.284
-37.833 86.31
-37.813 86.357
-37.802 86.404
-37.768 86.432
-37.716 86.405
-37.689 86.392
-37.653 86.411
-37.609 86.43
-37.56 86.426
-37.512 86.408
-37.467 86.401
-37.435 86.405
-37.389 86.416
-37.363 86.45
-37.324 86.47
-37.315 86.489
-37.31 86.527
-37.305 86.549
-37.339 86.529
-37.35 86.533
-37.367 86.536
-37.385 86.536
-37.4 86.556
-37.45 86.537
-37.502 86.584
-37.535 86.65
-37.573 86.698
-37.606 86.756
-37.617 86.798
-37.635 86.818
-37.67 86.835
-37.748 86.854
-37.825 86.93
-37.843 87.003
-37.795 87.06
-37.745 87.074
-37.705 87.085
-37.674 87.097
-37.658 87.102
-37.666 87.138
-37.648 87.186
-37.645 87.202
-37.662 87.228
-37.678 87.284
-37.681 87.356
-37.686 87.392
-37.689 87.413
-37.683 87.419
-37.716 87.435
-37.764 87.483
-37.766 87.53
-37.734 87.513
-37.726 87.467
-37.764 87.455
-37.797 87.465
-37.841 87.494
-37.89 87.563
-37.916 87.652
-37.953 87.704
-37.993 87.762
-38.01 87.843
-38.005 87.913
-37.998 87.992
-37.978 88.077
-37.945 88.158
-37.907 88.249
-37.85 88.33
-37.758 88.394
-37.653 88.406
-37.572 88.404
-37.485 88.423
-37.415 88.446
-37.371 88.449
-37.348 88.462
-37.329 88.485
-37.331 88.511
-37.341 88.586
-37.327 88.648
-37.324 88.687
-37.348 88.739
-37.362 88.81
-37.383 88.855
-37.44 88.888
-37.503 88.956
-37.536 89.041
-37.493 89.085
-37.45 89.102
-37.408 89.132
-37.366 89.137
-37.351 89.152
-37.348 89.207
-37.344 89.263
-37.336 89.348
-37.305 89.404
-37.258 89.408
-37.229 89.417
-37.219 89.452
-37.206 89.499
-37.196 89.531
-37.201 89.578
-37.183 89.655
-37.153 89.694
-37.149 89.735
-37.094 89.76
-37.028 89.775
-36.991 89.781
-36.973 89.79
-36.989 89.814
-37.018 89.876
-37.054 89.955
-37.054 90.036
-37.017 90.086
-36.961 90.114
-36.888 90.137
-36.827 90.139
-36.772 90.137
-36.713 90.143
-36.656 90.136
-36.614 90.137
-36.588 90.154
-36.548 90.183
-36.518 90.185
-36.507 90.198
-36.498 90.234
-36.488 90.268
-36.491 90.298
-36.503 90.339
-36.514 90.394
-36.527 90.458
-36.524 90.503
-36.501 90.49
-36.487 90.497
-36.465 90.517
-36.467 90.523
-36.498 90.558
-36.537 90.617
-36.549 90.674
-36.576 90.696
-36.623 90.734
-36.65 90.798
-36.67 90.863
-36.667 90.917
-36.631 90.953
-36.589 90.947
-36.579 90.869
-36.615 90.823
-36.646 90.795
-36.685 90.759
-36.723 90.751
-36.746 90.731
-36.773 90.708
-36.797 90.696
-36.846 90.705
-36.899 90.711
-36.925 90.76
-36.883 90.829
-36.808 90.845
-36.76 90.867
-36.717 90.917
-36.664 90.952
-36.613 90.966
-36.578 90.974
-36.556 90.98
-36.54 90.998
-36.53 91.016
-36.533 91.043
-36.551 91.082
-36.571 91.121
-36.594 91.175
-36.607 91.248
-36.589 91.3
-36.546 91.298
-36.512 91.315
-36.467 91.333
-36.412 91.333
-36.38 91.343
-36.339 91.355
-36.303 91.355
-36.284 91.348
-36.267 91.358
-36.248 91.356
-36.247 91.376
-36.245 91.386
-36.253 91.418
-36.236 91.461
-36.228 91.471
-36.252 91.499
-36.273 91.547
-36.283 91.583
-36.318 91.617
-36.346 91.653
-36.393 91.678
-36.4 91.739
-36.324 91.733
-36.287 91.705
-36.266 91.703
-36.214 91.7
-36.198 91.676
-36.19 91.698
-36.169 91.738
-36.139 91.769
-36.144 91.812
-36.137 91.88
-36.126 91.933
-36.094 91.976
-36.088 91.98
-36.097 92.039
-36.08 92.097
-36.064 92.138
-36.073 92.181
-36.062 92.253
-36.055 92.277
-36.066 92.32
-36.089 92.373
-36.088 92.428
-36.094 92.466
-36.029 92.509
-35.962 92.513
-35.929 92.54
-35.902 92.608
-35.831 92.663
-35.793 92.656
-35.774 92.695
-35.73 92.749
-35.682 92.78
-35.663 92.799
-35.662 92.865
-35.643 92.937
-35.637 92.988
-35.669 93.071
-35.648 93.18
-35.58 93.214
-35.542 93.25
-35.517 93.331
-35.481 93.41
-35.479 93.481
-35.499 93.572
-35.504 93.695
-35.479 93.783
-35.466 93.868
-35.415 93.961
-35.374 94.025
-35.336 94.083
-35.313 94.136
-35.276 94.169
-35.246 94.191
-35.238 94.206
-35.238 94.279
-35.205 94.362
-35.182 94.416
-35.161 94.471
-35.147 94.542
-35.1 94.551
-35.083 94.543
-35.074 94.548
-35.056 94.565
-35.032 94.567
-35.005 94.578
-34.991 94.591
-34.961 94.61
-34.933 94.602
-34.926 94.591
-34.935 94.594
-34.943 94.616
-34.949 94.617
-34.979 94.617
-35.016 94.67
-35.014 94.726
-35.022 94.779
-35.024 94.848
-35.018 94.925
-34.929 94.94
-34.85 94.919
-34.784 94.93
-34.704 94.942
-34.61 94.943
-34.523 94.931
-34.448 94.932
-34.373 94.982
-34.273 95.025
-34.21 95.042
-34.173 95.097
-34.12 95.158
-34.054 95.184
-34.002 95.209
-33.964 95.235
-33.932 95.267
-33.873 95.284
-33.859 95.31
-33.85 95.376
-33.779 95.431
-33.709 95.437
-33.649 95.428
-33.599 95.42
-33.545 95.412
-33.492 95.379
-33.455 95.346
-33.432 95.352
-33.385 95.36
-33.369 95.371
-33.354 95.422
-33.321 95.449
-33.289 95.456
-33.216 95.404
-33.169 95.354
-33.127 95.312
-33.075 95.264
-33.022 95.205
-32.997 95.14
-32.968 95.061
-32.945 94.992
-32.919 94.923
-32.891 94.855
-32.876 94.791
-32.867 94.75
-32.867 94.727
-32.845 94.684
-32.858 94.643
-32.847 94.65
-32.825 94.611
-32.861 94.574
-32.897 94.579
-32.903 94.582
-32.919 94.56
-32.969 94.567
-32.993 94.618
-32.975 94.662
-32.97 94.709
-32.894 94.686
-32.842 94.621
-32.832 94.589
-32.782 94.606
-32.702 94.614
-32.644 94.593
-32.622 94.61
-32.553 94.661
-32.458 94.633
-32.433 94.558
-32.433 94.543
-32.399 94.54
-32.347 94.495
-32.342 94.445
-32.359 94.437
-32.345 94.436
-32.333 94.399
-32.354 94.36
-32.397 94.355
-32.422 94.349
-32.441 94.322
-32.459 94.292
-32.486 94.275
-32.495 94.26
-32.502 94.226
-32.526 94.193
-32.559 94.188
-32.568 94.221
-32.566 94.252
-32.58 94.3
-32.577 94.368
-32.523 94.408
-32.468 94.395
-32.456 94.385
-32.454 94.393
-32.421 94.404
-32.398 94.367
-32.417 94.353
-32.439 94.378
-32.45 94.423
-32.462 94.439
-32.51 94.438
-32.546 94.469
-32.578 94.475
-32.63 94.489
-32.67 94.497
-32.699 94.509
-32.715 94.508
-32.746 94.489
-32.793 94.487
-32.802 94.482
-32.817 94.453
-32.835 94.448
-32.831 94.443
-32.829 94.427
-32.847 94.411
-32.88 94.442
-32.864 94.471
-32.874 94.473
-32.894 94.499
-32.905 94.544
-32.862 94.56
-32.855 94.561
-32.826 94.598
-32.751 94.583
-32.704 94.551
-32.675 94.534
-32.632 94.554
-32.593 94.544
-32.571 94.558
-32.563 94.577
-32.538 94.608
-32.506 94.605
-32.514 94.584
-32.531 94.609
-32.507 94.641
-32.489 94.627
-32.487 94.626
-32.484 94.661
-32.45 94.681
-32.416 94.667
-32.424 94.655
-32.429 94.691
-32.403 94.719
-32.369 94.712
-32.38 94.708
-32.398 94.764
-32.39 94.849
-32.382 94.928
-32.379 94.988
-32.356 95.062
-32.309 95.094
-32.26 95.086
-32.247 95.08
-32.226 95.105
-32.184 95.108
-32.175 95.066
-32.208 95.036
-32.242 95.043
-32.258 95.029
-32.324 95.042
-32.364 95.085
-32.371 95.136
-32.381 95.184
-32.391 95.234
-32.417 95.243
-32.425 95.261
-32.44 95.269
-32.475 95.294
-32.496 95.34
-32.501 95.36
-32.528 95.394
-32.553 95.464
-32.556 95.507
-32.571 95.533
-32.593 95.569
-32.619 95.63
-32.613 95.678
-32.612 95.696
-32.653 95.725
-32.678 95.799
-32.67 95.812
-32.705 95.829
-32.731 95.88
-32.742 95.935
-32.735 95.957
-32.756 95.968
-32.785 96.024
-32.753 96.101
-32.733 96.098
-32.759 96.143
-32.733 96.257
-32.639 96.305
-32.589 96.27
-32.602 96.29
-32.564 96.321
-32.523 96.287
-32.534 96.239
-32.536 96.251
-32.496 96.251
-32.457 96.195
-32.463 96.151
-32.449 96.147
-32.396 96.123
-32.367 96.044
-32.355 95.987
-32.331 95.959
-32.288 95.916
-32.255 95.853
-32.225 95.816
-32.182 95.774
-32.131 95.736
-32.059 95.694
-32.015 95.609
-31.979 95.568
-31.905 95.526
-31.817 95.454
-31.786 95.344
-31.756 95.303
-31.697 95.268
-31.628 95.203
-31.583 95.157
-31.541 95.138
-31.474 95.115
-31.395 95.058
-31.349 94.976
-31.326 94.933
-31.284 94.895
-31.226 94.818
-31.208 94.723
-31.23 94.688
-31.187 94.675
-31.131 94.607
-31.109 94.514
-31.142 94.476
-31.109 94.489
-31.06 94.431
-31.044 94.346
-31.083 94.317
-31.071 94.35
-31.009 94.348
-30.96 94.256
-30.972 94.208
-30.95 94.225
-30.888 94.2
-30.823 94.161