2143256.0861782674 -2332897.31990666 5527538.732911072
2139011.708946163 -2340711.1254929313 5525879.236464079
2124853.335590034 -2351621.782370112 5526709.174084911
2117836.2856162996 -2358461.7911132113 5526487.894421376
2102513.259743692 -2367618.2455541147 5528423.178079008
2089748.3003281842 -2370020.59475326 5532232.408505709
2075297.1573803008 -2374352.938994136 5535813.474969975
2056148.7263516237 -2372176.7254539123 5543885.9113745615
2037660.8731227003 -2374442.710693538 5549738.820861677
2018917.8783916275 -2375410.605930187 5556170.988508635
2001368.6360906882 -2376785.854009211 5561928.944768551
1985541.3800311508 -2374343.9825091437 5568640.50562672
1971502.5219207448 -2378315.7919219723 5571932.59111726
1955442.322734785 -2380594.4450212587 5576616.932405481
1941672.0533104038 -2382677.333140163 5580537.551484932
1927467.1757072152 -2381158.314454515 5586107.443298543
1916867.4703672864 -2375175.7428771234 5592298.301369109
1909551.838362487 -2369409.2058533207 5597245.107356295
1903740.5669237515 -2363549.0663755815 5601700.515440285
1900267.1640576874 -2358309.7926207287 5605087.0311916955
1898595.521556205 -2347836.059926092 5610048.295802581
1903454.4901858456 -2347050.618533868 5608730.2839262225
1901584.8003372268 -2345163.494258536 5610153.690615215
1906111.1960493065 -2343379.4265534603 5609363.062906649
1906615.981076991 -2341327.533572434 5610048.295802581
1907985.7427588112 -2336672.5849440424 5611523.201074734
1907924.4340869903 -2328622.4687890126 5614889.380180593
1902429.4398570945 -2321337.2608982786 5619768.3713415
1890909.1331399723 -2310980.0475757644 5627919.230933805
1875443.23147239 -2310779.6842779177 5633174.143966512
1859461.9515388957 -2307256.696256229 5639912.125943094
1847642.7121261759 -2306647.582962792 5644044.147270549
1837650.6757667006 -2304541.4424491497 5648165.165245133
1824738.840541065 -2307868.8929433934 5650991.978122521
1812930.1030123546 -2308130.58742405 5654684.662559807
1802498.1175561568 -2316411.4997168705 5654633.436411767
1790877.5507567206 -2319299.191799056 5657141.49170019
1783549.2605430703 -2323694.7894239756 5657652.831415174
1772605.9581274823 -2318388.486677043 5663266.19028757
1773578.1241981061 -2312040.359872223 5665556.549156301
1769225.314168154 -2303783.8866547034 5670278.881262962
1772951.7962959968 -2296167.055436862 5672204.137858334
1773962.4430826297 -2288875.242478719 5674834.656172838
1772998.862700741 -2280718.3578701066 5678418.776819491
1773537.5547854858 -2276405.513335983 5679980.940163361
1770303.6262497522 -2273645.7792543834 5682094.767017328
1769414.3950068953 -2269560.5040077437 5684004.646144345
1765460.8808256565 -2266854.734888649 5686313.259853629
1765289.05546206 -2260442.6338749714 5688918.583494252
1761118.7191011815 -2263315.8510029865 5689068.747680066
1760707.453921171 -2255955.437383281 5692118.7027544705
1758637.6357787242 -2257443.409170419 5692168.64827595
1757196.211912483 -2251132.5214241566 5695112.364460155
1756392.5339068887 -2253020.043277661 5694613.854461536
1754418.111748846 -2248382.4418299845 5697054.895684107
1754537.2019355097 -2251693.5503897006 5695710.347459545
1752618.9592389937 -2246885.188118581 5698199.253723
1752970.2443284986 -2249763.5750203184 5696955.342901213
1749405.691283064 -2244219.195205812 5700236.918863654
1749910.584021797 -2246726.345753032 5699094.197785093
1746213.0145416523 -2242544.1058048666 5701874.87072149
1744997.3144735666 -2245506.934290306 5701080.948428481
1739529.9767704806 -2243073.5198262576 5703709.112899354
1735124.3972387672 -2246608.963527715 5703659.570057081
1725732.7238709664 -2246176.3121000803 5706678.503360897
1714945.4913611847 -2250291.3839826602 5708309.000819188
1712593.0633188032 -2247448.692000718 5710134.88249591
1708386.4797374515 -2246642.269438362 5711712.103128372
1705289.2151347282 -2245740.160096313 5712992.2830401035
1700991.2038712578 -2245120.0591474636 5714517.113839654
1697684.4735512072 -2242869.285445954 5716383.979113572
1693028.4560937195 -2241510.8686369434 5718297.357836454
1692324.0880939844 -2238790.378697819 5719571.471806864
1688586.89461567 -2239610.3389595174 5720354.95655277
1686086.2478105687 -2236618.4856850095 5722262.831645901
1683466.6022979754 -2235090.582312225 5723630.953145609
1682944.905510725 -2232856.7891350496 5724656.147248411
1680697.0525557657 -2232548.465952886 5725436.7313508745
1681529.290723155 -2228792.728587104 5726655.500153413
1681143.0439002307 -2227957.2471768246 5727093.990035271
1681122.860294285 -2224214.26499688 5728554.602339088
1681277.0672896625 -2225225.5679930467 5728116.583533884
1679361.443567107 -2221158.412767733 5730256.665041395
1681859.7081670058 -2220271.1083821454 5729867.810632974
1681138.8690107395 -2216424.7784083053 5731568.223859766
1684125.853073563 -2217548.1198291765 5730256.665041395
1679279.5187409732 -2214695.8312232173 5732781.495321411
1679595.528448286 -2213828.2368826247 5733024.018648247
1682596.5184459365 -2211925.3936201567 5732878.509891164
1677428.390921735 -2211452.6958047017 5734575.134004946
1678307.1589881093 -2213172.74258252 5733654.37496707
1677971.2604447121 -2213050.6781057976 5733799.799893353
1682756.4100454708 -2208533.6909071933 5734139.063589121
1680418.4134931304 -2212826.7681509433 5733169.511687918
1684994.25520418 -2209470.248417884 5733121.0157544315
1683840.318961828 -2214121.8064937177 5731665.325736275
1687942.7326497035 -2208855.820097286 5732490.409701302
1687772.153007309 -2209112.0716497954 5732441.889319439
1689346.527960328 -2207656.3916447405 5732538.928336946
1686202.0626983135 -2212575.2640289925 5731568.223859766
1688095.7714773347 -2205463.531843859 5733751.326664521
1688637.0372923384 -2205931.3665795475 5733411.965158708
1688026.6445876062 -2209924.8509928985 5732053.663402527
1688410.838930103 -2203961.7874645744 5734235.980353381
1687179.6097030533 -2207298.167760312 5733314.989009781
1685021.4275120099 -2203278.8937115557 5735495.262429441
1684862.0807288045 -2205542.472878814 5734672.019326808
1682680.613077262 -2202925.952055621 5736318.000610999
1683606.226967896 -2205493.983263795 5735059.490737836
1680569.4318769672 -2203907.4516032976 5736559.886326315
1681551.0324520946 -2204795.6641234457 5735930.892603375
1680196.6670962488 -2204695.194342342 5736366.381248887
1682252.8001083364 -2206274.747040452 5735156.341120899
1681277.2025643813 -2205633.896927197 5735688.893312035
1682889.4212138234 -2205033.701076004 5735446.850340927
1681567.2797809748 -2204657.3657042966 5735979.287219908
1681037.0445200317 -2203802.652133558 5736463.1372824535
1679606.017720779 -2203760.59633469 5736898.452934192
1678220.9578547387 -2200031.195214491 5738734.891655148
1676829.6132288573 -2199958.469178033 5739169.467971006
1675538.1858326704 -2196911.8129053153 5740713.481278581
1675301.638585933 -2196840.1971135368 5740809.922658774
1671229.7101926943 -2191500.6357068014 5744036.6659228355
1669237.2643076624 -2189363.3666993515 5745430.880621709
1663639.6204139264 -2183918.232340141 5749125.617677989
1661800.391104421 -2181029.963343115 5750753.755737131
1655018.914212567 -2176854.604203639 5754290.349448494
1651934.8991885427 -2175161.15146042 5755816.714769531
1644755.541006745 -2174046.756571747 5758293.228949658
1641465.46537602 -2172375.939991666 5759862.402985266
1636023.3505262423 -2173206.2990925442 5761097.376205108
1631141.7999230826 -2174610.416817814 5761951.662727755
1626313.067983156 -2180357.0361555875 5761144.851485166
1622495.070374153 -2185328.865821349 5760337.533063454
1617403.7412644718 -2190349.569457003 5759862.402985266
1610745.2114594479 -2190759.7714165635 5761572.0500314245
1609670.2082077428 -2192423.048775442 5761239.796780433
1600128.5471588313 -2198028.6124466294 5761761.870420653
1594889.577829114 -2197111.9634312056 5763563.763391496
1594399.2395824618 -2196597.7590300455 5763895.414547618
1592191.9524770845 -2199688.5657929117 5763326.817037807
1588294.8860478003 -2200767.5556417312 5763990.156218965
1584850.1886553587 -2198661.99401727 5765741.610199253
1584598.8706370874 -2196858.0608989573 5766498.25105661
1584466.4256093178 -2198938.5690677576 5765741.610199253
1581692.868102077 -2199942.9466285617 5766119.98683467
1577824.2559078892 -2197393.0064107454 5768151.835106793
1575840.2244704047 -2193983.2424748964 5769991.86469794
1571532.493158063 -2197442.3239093283 5769850.4188618595
1565857.3283182 -2196791.5652781944 5771640.8971864125
1563677.0858503936 -2196489.3520835605 5772346.966128245
1562421.1660884249 -2196022.9007989573 5772864.498576544
1560650.837955798 -2196292.5987950913 5773240.752165613
1557657.6060418037 -2195081.0047209137 5774509.777033332
1554518.9395413091 -2192116.794547181 5776481.266798289
1553074.8709116601 -2189432.4912925977 5777887.573448883
1549001.0172356488 -2187004.083291719 5779900.51716016
1546944.3485112926 -2184504.4618797163 5781396.40905522
1541708.0661997283 -2182274.4666167777 5783636.865413246
1541446.4401829783 -2178997.661739836 5784941.923838091
1539015.6852020978 -2177253.6758607994 5786245.6007028045
1538819.6147382653 -2173433.3125463286 5787733.825013955
1537074.4287647195 -2171450.540468609 5788941.67795256
1539849.9708239 -2167500.3696021643 5789684.379577882
1539027.7850191302 -2167464.5960433045 5789916.381247482
1538385.0060490922 -2164078.014050945 5791353.807380849
1538906.9152688002 -2162094.148261707 5791956.094463281
1541838.838188582 -2158389.4106008424 5792558.083373824
1543674.6488316809 -2156579.5161722214 5792743.250738873
1545451.3801930156 -2156674.90333546 5792233.972551738
1546017.423360659 -2155398.3338134596 5792558.083373824
1543408.473821216 -2151047.530762191 5794870.64595395
1545528.5718114914 -2147032.672302485 5795794.435431607
1545162.3174066592 -2146049.8684166432 5796256.065352478
1546829.0989024683 -2144100.3705919203 5796532.9585551545
1543672.387573119 -2143507.117837758 5797593.793602927
1544891.0844743769 -2141256.506555835 5798100.81925486
1544747.867460776 -2141609.379869927 5798008.648667966
1545463.3020659396 -2139844.957063136 5798469.430953216
1543002.5935191393 -2138875.0262900046 5799482.530218204
1542306.9354432384 -2135631.714167622 5800862.651220519
1541679.8574016974 -2136334.1472823396 5800770.692626741
1541075.6852558989 -2134397.682845886 5801644.013878754
1536434.566074268 -2132750.3175329138 5803480.499427514
1532522.7185044098 -2129200.188396738 5805817.916107872
1529850.5958476712 -2125878.9454101664 5807739.393589065
1527361.3732088895 -2124922.1126653384 5808744.636385329
1521321.3479048053 -2122766.7194929905 5811117.260133551
1517114.5717908759 -2121037.87054006 5812848.073689409
1514707.1245840024 -2119391.4233433707 5814076.308528555
1513298.202345452 -2121644.159539824 5813621.557262614
1508110.418094781 -2121725.366549161 5814939.847992911
1505291.4843720486 -2122855.3609888856 5815257.832925187
1502172.7549907747 -2123322.942420301 5815893.542384955
1501890.5815002099 -2124889.9525022027 5815394.08561072
1498139.4731055575 -2122568.136114502 5817209.264473336
1498050.8299821012 -2121263.5424446617 5817707.941645496
1495692.4209709372 -2119572.249528969 5818931.058268073
1494755.347543025 -2119736.122008173 5819112.150839274
1490143.0200367817 -2113665.2443738566 5822502.384246971
1487276.3103035537 -2108348.5697933333 5825162.356969997
1484543.927577519 -2103929.416759413 5827456.678207665
1482278.1567488553 -2098929.1890122234 5829836.080503268
1478331.344362708 -2089004.376601301 5834401.267552255
1473889.996739615 -2077418.1784101254 5839659.49260075
1476453.1423509293 -2071593.0404004883 5841081.18360003
1474805.7626746227 -2066380.59667503 5843343.2375709945
1474051.40265024 -2062657.780128001 5844848.701585207
1467790.4597894105 -2067367.9762081557 5844760.20184748
1463889.2682356003 -2069132.5935051648 5845114.158067336
1449227.6782639194 -2071711.879374328 5847853.454509018
1440568.5343485896 -2065928.5210253547 5852037.477995058
1432336.373090922 -2054351.9835690798 5858130.370854384
1437407.537169746 -2051306.346620048 5857955.517448381
1428314.8265705798 -2043562.426993304 5862884.133528471
1428431.1864801687 -2033357.1098726597 5866403.004330777
1426714.9766668775 -2028805.5430642643 5868396.156002604
1430891.694996147 -2027366.4049060685 5867876.568014131
1424451.264657592 -2023634.2943276104 5870731.116090787
1420571.6985340982 -2019095.961819069 5873233.227643006
1412059.3026454065 -2011917.6601111472 5877747.600462737
1417804.8442413623 -2017407.083929751 5874482.026643352
1415079.604723236 -2018317.9010096798 5874826.2580914
1414211.300999052 -2020678.6986777242 5874223.777899227
1407255.3619338789 -2014404.8097739825 5878047.856956235
1412270.3775146839 -2017155.9091209727 5875901.243136483
1412600.3920011292 -2021680.0970892708 5874266.823830134
1411575.934908627 -2023145.6374811525 5874008.521404086
1407797.0538989187 -2018405.0940488556 5876545.697206068
1411801.7227311782 -2018735.4752747638 5875471.383349633
1415963.0807394425 -2022956.2233048165 5873017.765389032
1415655.7347227691 -2024547.2611348475 5872543.590998531
1415269.452537989 -2020688.7676704468 5873965.46473703
1418115.1550713112 -2020321.1311901954 5873405.565242659
1421707.0234353123 -2023935.5275052944 5871292.457373979
1418669.3855879167 -2022311.4366031825 5872586.706705962
1416583.760903998 -2018139.426844579 5874525.061837639
1416163.0937463124 -2014174.171311434 5875987.19361545
1419708.796903128 -2017196.1275988822 5874094.629370211
1416521.9508620477 -2016554.0822280773 5875084.3565156795
1414894.1509517487 -2013937.8189452852 5876373.882167849
1414248.352900777 -2010630.348672912 5877661.796778791
1417964.6039049183 -2015539.9241636253 5875084.3565156795
1413544.880615752 -2014258.610612105 5876588.646490411
1412143.2245552966 -2012485.3868836022 5877533.077824619
1410488.8085471273 -2009008.8099030086 5879119.485322219
1413904.3306522924 -2012752.9632287177 5877018.040875552
1410355.4949459776 -2010982.531056507 5878476.64260574
1410620.9134022433 -2009793.628450481 5878819.542196551
1410605.154473666 -2008801.7395646598 5879162.327176749
1413485.963112425 -2014174.6549556423 5876631.59398464
1410822.0830454472 -2014413.7385542053 5877189.748503563
1409683.4565362346 -2014209.1429257107 5877533.077824619
1412786.8562189 -2016919.4198165908 5875858.265212141
1412762.0706790586 -2016060.2370326177 5876159.073094143
1411843.234691212 -2014449.7699349148 5876932.1763200415
1413613.0979729085 -2013458.8451978979 5876846.304603667
1413935.282370321 -2015488.155922209 5876073.136934704
1411911.7792114145 -2013650.1155386164 5877189.748503563
1410404.2963518586 -2011574.8508291873 5878262.272163752
1412846.874686937 -2012367.4864274194 5877404.342756855
1411993.4593856833 -2013467.5568153348 5877232.670934862
1410465.3678637354 -2012409.0666817147 5877962.078339248
1408336.6334601888 -2010267.5265615804 5879205.167240382
1411850.8655756207 -2012815.8036217731 5877490.167925745
1409600.2282979041 -2013641.314047028 5877747.600462737
1408404.4860115196 -2014102.3045372064 5877876.292560141
1404505.7666375034 -2010693.1643296694 5879975.982127813
1408975.89224718 -2012450.3721850836 5878305.149833444
1407757.776487295 -2013177.4713972642 5878348.025712501
1408061.760170294 -2012714.4523245262 5878433.772098663
1404530.8907588841 -2007294.3903689042 5881131.116315771
1408830.2570629076 -2010673.4056888393 5878948.099995416
1406042.919490337 -2011622.1076002007 5879290.84199491
1401859.5260110018 -2006531.7881281509 5882028.651117185
1404916.2377297755 -2007024.7028040353 5881131.116315771
1399797.522832862 -1998449.8442125143 5885270.266966332
1406182.0232324412 -1997606.1825779693 5884034.55605626
1405758.722137556 -1995894.527460767 5884716.514020565
1410276.4748867482 -2002383.060678242 5881430.3823721185
1407183.8866972602 -2001923.0460721957 5882327.653796975
1407039.2233165517 -2001271.7491151413 5882583.871925872
1403145.76514609 -1993588.5826744032 5886121.602955791
1406904.3635746697 -1995966.7822827345 5884418.213874542
1404439.1281027321 -1995944.2392850607 5885014.726329817
1403545.8076932514 -1993935.138799254 5885908.836192444
1401332.0726097636 -1987324.7487945643 5888671.3072733
1405236.4522177149 -1992492.5982819442 5885993.948276726
1403817.9482631492 -1997134.5107666058 5884759.1211568955
1402162.6825053252 -1999300.651730752 5884418.213874542
1399345.1304746356 -1997136.2945393454 5885823.716936362
1401165.8755064937 -2000626.3181823823 5884205.088566519
1401582.0319781627 -2004345.7889000708 5882840.025545019
1398286.1150641472 -2004768.9471766031 5883480.1273442935
1395612.0076475812 -2002126.31844024 5885014.726329817
1396516.7597469382 -2003498.8016394142 5884332.969128731
1399725.5479289875 -2009522.4436627328 5881515.870835567
1397948.8058096552 -2013258.6258145138 5880660.663728083
1396870.1063156666 -2015006.3654988238 5880318.380247865
1395627.6473919337 -2015617.4525712589 5880403.961865664
1399062.9718110652 -2020352.8420830218 5877962.078339248
1396937.133264567 -2021199.7788230854 5878176.5114525175
1395397.2840394164 -2018896.465370105 5879333.676685778
1399913.3522837872 -2022259.4727274834 5877103.898270094
1398224.785490911 -2021930.910464354 5877618.892251154
1398588.5149350155 -2021928.8031405408 5877533.077824619
1396631.18965421 -2017668.6822853792 5879462.170012649
1398940.2930595921 -2017691.7820966865 5878905.249186607
1396017.1558535902 -2011975.4943096428 5881558.612379878
1397631.3461507156 -2010104.38620879 5881815.024021167
1398587.875359989 -2008188.0545103233 5882242.233418995
1401920.1454007148 -2013497.248999765 5879633.469374603
1398486.8630016218 -2011259.915241854 5881216.629860969
1398463.6334557696 -2011526.1018948029 5881131.116315771
1399880.4332799113 -2011540.8576545806 5880788.99047622
1401392.7366042384 -2015739.2736193526 5878990.949013394
1398475.6439382248 -2014017.3527452443 5880275.586752087
1396309.745481275 -2012397.1819359893 5881344.886742326
1398674.7123846617 -2012129.4142663982 5880874.532684713
1398253.247250913 -2013547.036898426 5880489.53631837
1396251.143535402 -2012687.706257418 5881259.383946294
1392261.3870985135 -2008582.8246948752 5883608.099315868
1396133.0249407094 -2009520.4674724261 5882370.361298182
1394554.0482905502 -2009866.8264110915 5882626.568675649
1392682.7505963487 -2010539.4773634444 5882840.025545019
1386277.2842750687 -2003981.0309210191 5886589.53204754
1388882.0758411512 -2005426.50234 5885483.168196094
1386120.6196763539 -2001215.3213425651 5887567.228094454
1387089.131609383 -2001419.3487887073 5887269.768854261
1381647.3615360707 -1994310.838554818 5890960.519947761
1384654.170318717 -1997980.4457700693 5889010.779998574
1381431.7194055852 -1992959.117302903 5891468.523329252
1385472.0023719766 -1995661.8476236446 5889604.581003955
1380805.2040274548 -1991016.006107567 5892272.333485119
1383483.1667449272 -1996290.75148213 5889858.959506615
1381661.5858314983 -1994926.345744364 5890748.7756050695
1383781.107925095 -1998210.1595989657 5889138.052671636
1378642.0392821797 -1993389.7716014744 5891976.268282018
1380186.400488049 -1995697.2279969086 5890833.47872551
1378342.8686323836 -1994221.7011448657 5891764.739292731
1377328.6104554452 -1988670.1345116056 5893878.009843983
1378122.616134732 -1989371.4567888263 5893455.714757841
1376484.5694653564 -1989379.533731532 5893835.788414357
1377402.7246622683 -1985739.8199611602 5894848.607175047
1376619.7488560854 -1982024.6253640868 5896281.663176358
1375510.7866263336 -1981165.8836251064 5896829.047669142
1373991.8374807925 -1982595.2810313813 5896702.755113933
1373428.5151136979 -1978977.6678694927 5898049.042178812
1373269.7002541365 -1978085.4052646076 5898385.326497673
1372326.6374152412 -1976358.811373705 5899183.5408763215
1371929.5511764202 -1976007.7841295735 5899393.489475694
1373535.8291812951 -1974640.7440689285 5899477.456336126
1370939.3798534633 -1970174.383190335 5901574.291372395
1369306.083256501 -1968926.4312224982 5902369.910365681
1367771.4413095722 -1961456.7785616976 5905212.069872877
1370598.8452152256 -1958727.4094586426 5905462.449370932
1371363.182003765 -1955675.006875934 5906296.579966614
1372878.6102719067 -1960528.1924544608 5904335.231679272
1368643.8261045401 -1958333.6807623948 5906046.416348041
1370427.851226982 -1960230.5209204156 5905003.37082321
1367730.6133653715 -1963369.5661038712 5904585.837817948
1367871.0160587693 -1970676.1155316876 5902118.7323790165
1366489.9673088274 -1969126.6321868917 5902955.7406147495
1368894.3498073563 -1968334.3993309056 5902662.869542537
1367869.5591549312 -1967666.652509565 5903123.055954288
1368973.121283654 -1966396.889003047 5903290.342522722
1370874.3477452379 -1962181.591837096 5904251.681911071
1377027.461201646 -1963534.010987936 5902369.910365681
1374202.2145335928 -1966140.7698571363 5902160.59987159
1373787.4993127945 -1964670.9654728852 5902746.555982201
1374950.653889783 -1962976.6985907287 5903039.401880857
1379173.8176302803 -1964041.2876922186 5901699.958571548
1375755.8100861146 -1968070.9506526387 5901155.283858536
1373646.3628202253 -1965272.4345537035 5902579.175910656
1374163.5630000583 -1960760.3765464623 5903959.20106909
1382047.7725698382 -1955842.056455414 5903750.232228241
1383754.3677390388 -1960942.8495467126 5901658.071302908
1379435.16943207 -1959827.9090716138 5903039.401880857
1377794.4054160584 -1956698.5650381676 5904460.542842316
1384993.3501750755 -1957544.7853247935 5902495.475086663
1380423.05708061 -1968448.9482840113 5899939.145574282
1373442.790719401 -1964032.0059670622 5903039.401880857
1374558.8509951876 -1961615.771405415 5903583.024784553
1378960.7546213227 -1959153.8858139913 5903373.975017518
1376798.0406027022 -1965833.198625409 5901658.071302908
1370538.8400446542 -1957259.6057294325 5905963.01408237
1375894.2056346738 -1954507.1796803062 5905629.333058338
1382989.6002935467 -1951893.4654048227 5904836.379205596
1383348.3052395764 -1962111.5780370645 5901364.810086196
1376714.1575580747 -1956324.7335729601 5904836.379205596
1383504.7955777117 -1955947.6454392497 5903373.975017518
1389848.925980094 -1953468.2045714078 5902704.713661402
1390881.816712233 -1965867.5234534023 5898343.297246309
1384423.6381569898 -1962109.3615072158 5901113.373220168
1390667.7317459853 -1961350.935487233 5899897.182811226
1396120.571912657 -1954689.818106868 5900819.948420017
1403748.3244395126 -1960373.4574559154 5897123.667427672
1401129.36928742 -1957437.6631756348 5898721.495824477
1405240.8804599904 -1956896.6410561348 5897922.9059141865
1408050.508210752 -1949798.5972599296 5899603.393148615
1418368.2735415509 -1957959.6583396445 5894426.725045045
1418337.1221937966 -1961156.8789221991 5893371.2341972105
1421490.7998898723 -1960397.0071738039 5892864.20003825
1418644.4599771723 -1951020.7655759451 5896660.654003037
1412966.012790665 -1948783.4955976226 5898763.508904621
1412183.8302221722 -1952146.3180461493 5897838.806088031
1409537.0194931137 -1947199.0219582443 5900106.978654143
1406274.7284071273 -1939768.4915623995 5903332.159669248
1401692.327873004 -1932524.8279270185 5906796.71289165
1404888.8074516468 -1935936.3796032376 5904919.878611885
1402900.2298748652 -1929226.5955521935 5907588.060116509
1404049.460616873 -1923668.7267149931 5909127.24029532
1402670.8702697854 -1919949.7457150186 5910663.956242601
1404533.7920908567 -1921654.6195167 5909667.448356549
1403776.0548281923 -1920547.5370468588 5910207.352186067
1403648.1467264737 -1920513.2561891237 5910248.870647765
1404336.2524232857 -1921032.434318599 5909916.672545026
1403867.6899332094 -1919969.4272817776 5910373.415230621
1404540.7784494837 -1920116.1529528408 5910165.831924017
1404479.8779606181 -1920032.8972623062 5910207.352186067
1405972.2776852765 -1921369.2961508443 5909418.159361316
1405493.9365076974 -1921208.0823373538 5909584.35922542
1406127.6279377404 -1921511.222189576 5909335.0486285435
1405039.3736898883 -1921923.8461251522 5909459.712027541
1405108.8484468076 -1922511.8318462651 5909251.930695425
1405094.0178667868 -1922139.418063856 5909376.604894979
1404999.6052429571 -1922080.6765268338 5909418.159361316
1405060.4699912528 -1922163.9412880084 5909376.604894979
1405154.8836403016 -1922222.6811772108 5909335.0486285435
1405526.3179920507 -1922589.9270077134 5909127.24029532
1405431.8971672754 -1922531.1986537522 5909168.805562061
1405559.873302367 -1922565.395652915 5909127.24029532
1405465.4514526029 -1922506.6689469172 5909168.805562061
1405471.6888650453 -1922374.3512546509 5909210.369028767
1405559.873302367 -1922565.395652915 5909127.24029532
1405465.4514526029 -1922506.6689469172 5909168.805562061
1405626.9826385153 -1922516.3311863851 5909127.24029532
1405499.0053098015 -1922482.138654453 5909168.805562061
1405324.9771394064 -1922737.1028375 5909127.24029532
1405398.3424538288 -1922555.727774951 5909168.805562061
1405559.873302367 -1922565.395652915 5909127.24029532
1405499.0053098015 -1922482.138654453 5909168.805562061
1405526.3179920507 -1922589.9270077134 5909127.24029532
1405538.79153254 -1922325.2898664551 5909210.369028767
1405559.873302367 -1922565.395652915 5909127.24029532
1405532.55873886 -1922457.6077763673 5909168.805562061
1405343.717089338 -1922340.1510684628 5909251.930695425
1405215.748985782 -1922305.9437050235 5909293.490562021
1403797.224061406 -1920787.5977577865 5910124.3098616265
1400509.8928016901 -1916289.6083009366 5912363.924631368
1399012.9722168532 -1912909.51026287 5913812.721849994
1398468.7519921735 -1906782.1518727306 5915919.875640731
1394883.6420821317 -1903008.0363236396 5917981.162418425
1393660.331396176 -1904544.0742377338 5917775.236520786
1389804.543059912 -1903523.9899968968 5919010.115855211
1388946.8660903734 -1898519.9040420998 5920818.3367786
1383649.9814225333 -1891764.6738169414 5924219.792327738
1382168.852879066 -1885799.5913537012 5926466.920803758
1383288.4295045065 -1880228.7001498044 5927975.55291281
1384826.1084874424 -1879224.978280414 5927934.811572957
1384216.908618135 -1877231.7453407806 5928708.588232387
1386344.7347500387 -1880804.578616299 5927078.826326407
1386980.7606067182 -1882905.6959508155 5926262.862028885
1390149.9481352074 -1884038.5194951207 5925160.164819033
1390695.8764966729 -1884021.1972687847 5925037.561681533
1392654.5985765164 -1885916.8635121032 5923974.320756663
1392810.354206635 -1886058.8997779256 5923892.482463137
1395059.2953248885 -1885039.19250262 5923687.8551504295
1397369.1887602664 -1884099.8769125945 5923442.242828187
1398897.6976620408 -1884510.4871271509 5922950.823312957
1398150.008143238 -1883778.0199688915 5923360.357618904
1398112.9816562515 -1883934.2425633722 5923319.412307717
1396769.5278477997 -1883772.3006826325 5923687.8551504295
1397442.3985325114 -1880697.5536473142 5924506.093716902
1398153.0656300648 -1878364.871160714 5925078.431198919
1397447.143718799 -1878374.5662272735 5925241.89121952
1396581.2344714578 -1878374.1573989214 5925446.175634209
1396172.1763178192 -1879193.5946931692 5925282.751712372
1396228.345539391 -1878378.7660614883 5925527.876765213
1396104.9520237718 -1878212.7618685858 5925609.5706761405
1395418.584920378 -1877563.1378531258 5925977.103924207
1393687.6902338497 -1877560.3494742422 5926385.302709637
1393880.421053033 -1877546.0969937576 5926344.49095465
1393462.1937233729 -1877598.9044130554 5926426.1126593435
1393089.891832971 -1878261.5037780213 5926303.677394395
1393629.9215779246 -1877345.5937310867 5926466.920803758
1393481.5807105673 -1876940.4154739531 5926630.135328242
1394820.566900176 -1876074.4781238663 5926589.334405121
1395173.2138137158 -1876070.0582794317 5926507.727142868
1395504.3634418717 -1875694.8241374262 5926548.531676658
1395566.1064054512 -1875777.8127401473 5926507.727142868
1395537.1002797664 -1875670.467705875 5926548.531676658
1395598.8446917608 -1875753.4552309653 5926507.727142868
1395504.3634418717 -1875694.8241374262 5926548.531676658
1394670.5874453338 -1876830.3589675038 5926385.302709637
1394699.5223707226 -1876937.7232157576 5926344.49095465
1394805.4184387526 -1876601.2831401767 5926426.1126593435
1395486.4957197655 -1875192.3871702023 5926711.731758403
1395395.710011287 -1875002.0648048643 5926793.320967047
1395584.6786506113 -1875119.31709771 5926711.731758403
1395475.3554426671 -1875587.4796094229 5926589.334405121
1394943.998205326 -1876240.4968411757 5926507.727142868
1394834.3664809412 -1876708.6438525596 5926385.302709637
1394990.5248880656 -1876850.3293481322 5926303.677394395
1394998.1348942767 -1876586.9144456622 5926385.302709637
1395202.1937091951 -1876177.410398033 5926466.920803758
1394889.8161226287 -1875894.090799514 5926630.135328242
1395009.490503922 -1876191.8029668154 5926507.727142868
1395100.1770700598 -1876382.1644666498 5926426.1126593435
1395059.8428394727 -1876669.9255404982 5926344.49095465
1395030.887302162 -1876562.5668493295 5926385.302709637
1394838.1710974479 -1876576.9389073788 5926426.1126593435
1395136.7019128767 -1876226.1109990128 5926466.920803758
1395074.9811027423 -1876143.1068063718 5926507.727142868
1395034.678126538 -1876430.8615064523 5926426.1126593435
1395088.7946292406 -1876777.2852423396 5926303.677394395
1394994.3338512194 -1876718.6211721953 5926344.49095465
1394965.3820614514 -1876611.2614703532 5926385.302709637
1395406.150377658 -1875767.8900038349 5926548.531676658
1395020.774836473 -1875796.7045481775 5926630.135328242
1395052.226187985 -1876933.3436073756 5926262.862028885
1394957.7674577837 -1876874.6762399639 5926303.677394395
1394986.7080047107 -1876982.038973041 5926262.862028885
1394990.5248880656 -1876850.3293481322 5926303.677394395
1395011.8143787025 -1877221.115304697 5926181.225882147
1394982.8832010508 -1877113.7500464886 5926222.044858132
1394979.0504769816 -1877245.4625680437 5926181.225882147
1395040.7418085812 -1877328.4815727272 5926140.405100945
1395011.8143787025 -1877221.115304697 5926181.225882147
1395048.4059819109 -1877065.054814254 5926222.044858132
1395044.5778554785 -1877196.7674695158 5926181.225882147
1394950.1211732116 -1877138.0968049078 5926222.044858132
1395077.3409072997 -1877172.419062508 5926181.225882147
1395019.4673088216 -1876957.6915760853 5926262.862028885
1395015.644803954 -1877089.4027162683 5926222.044858132
1394953.948275663 -1877006.3857982354 5926262.862028885
1394982.8832010508 -1877113.7500464886 5926222.044858132
1394379.5952150812 -1876917.7061441152 5926426.1126593435
1392051.6237298427 -1877614.911909268 5926752.527265422
1391760.62318497 -1877701.866189676 5926793.320967047
1391592.7943060144 -1877954.9982330564 5926752.527265422
1391457.7046280003 -1878183.8314895297 5926711.731758403
1391740.7855265057 -1878360.3081457855 5926589.334405121
1391428.9065178125 -1878076.430462718 5926752.527265422
1391457.7046280003 -1878183.8314895297 5926711.731758403
1391396.1276885718 -1878100.7151923957 5926752.527265422
1391650.4055222527 -1878169.796265148 5926670.934446005
1391461.6849231997 -1878052.1451609456 5926752.527265422
1391490.4849078846 -1878159.545685119 5926711.731758403
1391396.1276885718 -1878100.7151923957 5926752.527265422
1391556.0441960269 -1878110.9723599448 5926711.731758403
1391461.6849231997 -1878052.1451609456 5926752.527265422
1391490.4849078846 -1878159.545685119 5926711.731758403
1391806.351822427 -1878311.7260833494 5926589.334405121
1391461.6849231997 -1878052.1451609456 5926752.527265422
1391588.8232042645 -1878086.6848391965 5926711.731758403
1391432.881189549 -1877944.7456421498 5926793.320967047
1391523.2647638968 -1878135.2593085885 5926711.731758403
1391461.6849231997 -1878052.1451609456 5926752.527265422
1391523.2647638968 -1878135.2593085885 5926711.731758403
1391715.96516811 -1878121.217357685 5926670.934446005
1391461.6849231997 -1878052.1451609456 5926752.527265422
1391588.8232042645 -1878086.6848391965 5926711.731758403
1391617.6250634375 -1878194.084860698 5926670.934446005
1391461.6849231997 -1878052.1451609456 5926752.527265422
1391588.8232042645 -1878086.6848391965 5926711.731758403
1391428.9065178125 -1878076.430462718 5926752.527265422
1391556.0441960269 -1878110.9723599448 5926711.731758403
1391494.4629047236 -1878027.859287086 5926752.527265422
1391523.2647638968 -1878135.2593085885 5926711.731758403
1391617.6250634375 -1878194.084860698 5926670.934446005
1391461.6849231997 -1878052.1451609456 5926752.527265422
1391523.2647638968 -1878135.2593085885 5926711.731758403
1391428.9065178125 -1878076.430462718 5926752.527265422
1391731.7969582467 -1877594.472705873 5926834.112863268
1392801.3484215937 -1877187.644449085 5926711.731758403
1392994.0392231133 -1877173.4713344402 5926670.934446005
1392621.8581681757 -1877835.951789573 5926548.531676658
1390990.1675836397 -1881875.2652065225 5925650.414924046
1388514.1112970705 -1880103.8517245038 5926793.320967047
1386809.3141038292 -1879305.0616926064 5927445.774649601
1383724.7212419142 -1878622.761007891 5928382.866992235
1385929.183828377 -1881753.2203097094 5926874.902954073
1388591.360108237 -1883645.9844522907 5925650.414924046
1387361.986980302 -1883010.2538520775 5926140.405100945
1387376.8247667246 -1881585.8756420517 5926589.334405121
1385917.9580466638 -1881119.081843825 5927078.826326407
1384532.0758219785 -1881368.7454089194 5927323.474791852
1384692.9149063227 -1884203.750987518 5926385.302709637
1386975.4371288982 -1884964.5494577403 5925609.5706761405
1387725.6868349025 -1883641.5715457494 5925854.609087474
1388599.0578067147 -1881455.455542272 5926344.49095465
1387161.7787846455 -1879302.0852740302 5927364.243216685
1387952.045882728 -1876531.3653974005 5928057.030175209
1388741.8825266215 -1875818.1839676027 5928097.76609773
1389508.1039872798 -1875894.4912914198 5927894.068427352
1389773.891697379 -1875568.820304341 5927934.811572957
1389704.5395798485 -1875748.9720575567 5927894.068427352
1390056.8955664712 -1875745.420461136 5927812.576718935
1389900.9599326015 -1875603.4322538048 5927894.068427352
1389781.621883388 -1875305.5430940643 5928016.292446897
1389962.5588886237 -1875686.5570351158 5927853.323476007
1389925.9404450282 -1875842.46016845 5927812.576718935
1389900.9599326015 -1875603.4322538048 5927894.068427352
1390028.0318541082 -1875638.037046128 5927853.323476007
1389868.224265555 -1875627.69031616 5927894.068427352
1389872.0943460483 -1875496.04934258 5927934.811572957
1389900.9599326015 -1875603.4322538048 5927894.068427352
1390008.5804859963 -1876296.2724705988 5927649.57163362
1388903.6229303314 -1877886.4650406379 5927405.009835938
1389354.4173237097 -1877810.354706924 5927323.474791852
1389469.414804356 -1878240.011042275 5927160.383036986
1390547.7661147558 -1878600.23440158 5926793.320967047
1390486.2231492128 -1878517.0911739168 5926834.112863268
1389501.525653793 -1881303.4280008506 5926181.225882147
1393424.5827773951 -1884962.3074653128 5924097.064662823
1395486.961237851 -1884722.615070571 5923687.8551504295
1395278.0055568719 -1884234.099953073 5923892.482463137
1395821.0119421326 -1881257.4818724713 5924710.540568179
1395500.7852564242 -1881237.5397883307 5924792.306675387
1393415.3181079144 -1882268.130503453 5924955.817232164
1390533.2355980491 -1883112.9149773682 5925364.467283228
1385727.1922921743 -1883956.8528975274 5926222.044858132
1380706.5528447195 -1885460.369212589 5926915.691239448
1377861.5627753434 -1889589.109823483 5926262.862028885
1376952.775070243 -1891530.9162641512 5925854.609087474
1378512.6647610255 -1893465.3786925995 5924874.065563414
1380408.5843765396 -1895026.6971154232 5923933.402512167
1388917.217021027 -1897645.228966169 5921105.68637687
