-4561628.056800627 3621338.8213341814 2582071.961140374
-4560417.2225153865 3629729.411443492 2572411.350520584
-4554097.641264453 3639524.358442892 2569766.160204155
-4557521.541070789 3638612.36713933 2564983.127503271
-4562615.579613863 3643461.7314097644 2548993.2688058275
-4570248.813249436 3649165.3492629933 2527065.301635559
-4574413.317134097 3658377.4844748327 2506124.096112125
-4580659.827138183 3660621.206180985 2491394.97729695
-4591804.982772389 3655758.979058035 2477981.8980822274
-4605436.839472791 3649962.517445277 2461171.700404384
-4616368.312076176 3648012.5327706137 2443519.831719704
-4625033.712908494 3645820.816756038 2430369.257246355
-4630242.586605499 3646390.3983930754 2419572.617569395
-4636201.179822246 3645972.7173223007 2408767.8519849647
-4640444.1877117315 3648785.187520028 2396306.6156205544
-4644161.967032795 3652626.7607207424 2383215.9723434183
-4648270.231238073 3655857.904656469 2370216.833613914
-4651152.257892535 3662462.5477006184 2354313.4372023325
-4653930.65035299 3669258.2316478533 2338186.162646049
-4657403.328624378 3675688.4278895184 2321109.608699608
-4661990.968980456 3680365.5533077237 2304428.475603138
-4669376.268754706 3683418.614566015 2284511.670064077
-4676181.05321269 3687992.196010811 2263114.0757235396
-4682443.941466447 3688824.063926185 2248763.384712421
-4688448.210557064 3687590.2764361035 2238252.070267816
-4696111.308278727 3682883.4360208753 2229921.3387336624
-4702650.726285401 3680329.722058079 2220335.624067517
-4707038.518135388 3680055.894869477 2211474.168835401
-4711295.093742777 3677425.44050451 2206780.838507859
-4717008.418970411 3673413.2467042888 2201251.3927990417
-4723906.623388564 3668729.5099990615 2194258.6438174727
-4728799.096998054 3665917.964907923 2188411.655698201
-4732909.144203479 3662232.084492742 2185696.2716779816
-4739209.674784913 3654824.486211657 2184442.865678289
-4744114.53675557 3649768.0476859948 2182249.1746440995
-4748484.024213073 3644956.8571458906 2180786.5510724266
-4751881.315687212 3639399.612614706 2182667.0431659278
-4755180.780894845 3633769.4694774067 2184860.678327611
-4757918.589048277 3626531.545583722 2190917.764060301
-4759287.386567906 3622587.098731776 2194467.4260871885
-4759652.437846735 3617226.5575463707 2202503.507892975
-4759540.856566645 3614128.5781468707 2207823.9185439856
-4756358.170415662 3613020.8013071604 2216478.8841858916
-4753279.083327618 3609635.33660156 2228567.183810599
-4754002.336546996 3604170.408236964 2235857.431164765
-4749393.787496262 3607076.9492789577 2240958.6192681734
-4742435.236677677 3608583.4952646196 2253236.3798815515
-4737976.59454566 3607541.708971944 2264257.4075323893
-4734953.448861741 3606545.5392930177 2272154.5084166136
-4730006.491944931 3610349.4096737895 2276413.127318267
-4721453.0492520435 3615572.0874279574 2285861.0159675987
-4717453.763352907 3613162.6636227597 2297896.1153259263
-4715355.607475902 3612600.3828012366 2303080.7561242664
-4710734.493508288 3615849.4940773332 2307434.499146598
-4702513.035264429 3619723.1135020205 2318106.2820214625
-4696136.677923226 3620822.8907861672 2329288.066303331
-4692296.899881072 3617992.9217903106 2341392.3253572187
-4685756.979110878 3621172.659500492 2349559.767871384
-4677662.858778418 3624445.9702115306 2360614.875116717
-4670695.808589695 3624530.1030166317 2374241.6043757848
-4663689.948170038 3627185.904864431 2383937.8093588245
-4656835.998778541 3629949.418719505 2393112.345465254
-4648026.69105174 3634703.60083816 2403002.0002748086
-4642654.338831956 3636251.443272294 2411032.378759142
-4634194.177198178 3641777.038682517 2418955.4209508044
-4627341.28923424 3645152.4924782855 2426976.905437573
-4620839.082166443 3648533.175680116 2434274.6029741094
-4616589.32078444 3650412.853324336 2439514.304836834
-4610018.628054319 3655690.1646999912 2444033.278968994
-4604683.071922521 3657877.782567881 2450809.036817527
-4601113.919691184 3659891.268402662 2454503.5346265025
-4595367.088490356 3663183.6458748817 2460351.173839718
-4591606.011529518 3665693.347091083 2463632.9921435444
-4586559.623450109 3668353.97617246 2469066.812793224
-4583675.820552778 3669196.761756704 2473166.4108170997
-4580553.5761612505 3672472.636583376 2474088.654325612
-4575209.587540162 3675540.048234275 2479415.9763755985
-4572505.146711211 3675862.9745470006 2483922.115456514
-4571264.612213896 3675259.7531622653 2487096.0158197726
-4568829.503611836 3678424.9045003075 2486891.2700152225
-4565455.36773065 3679912.8846763787 2490883.2663238477
-4562011.104841843 3681341.845109695 2495078.735980903
-4560020.326849196 3680129.6303921663 2500500.2543954626
-4560209.307314243 3679756.457441824 2500704.798131867
-4556812.146363007 3683059.6837239475 2502034.258135933
-4553334.819407974 3684718.4172305753 2505919.6332062907
-4549836.36153126 3685699.8500952898 2510825.8996385103
-4550426.390703574 3684205.1841211254 2511950.0042961584
-4547701.85997904 3686732.1854440426 2513176.194689533
-4545218.1695427885 3688401.1649117274 2515219.6003402807
-4541967.258667157 3688919.540725978 2520326.7731081215
-4540994.598012316 3687603.4470227268 2524002.749271298
-4541435.043479858 3687829.587713027 2522879.63998314
-4537580.202203605 3690616.8923858143 2525738.280623383
-4534604.911725596 3691617.211570409 2529616.899412088
-4533370.184296282 3691664.6293946793 2531759.8693813235
-4532314.591120767 3692120.8173824633 2532984.2709667264
-4531075.960293619 3694270.362873778 2532065.980191217
-4527135.276057199 3697770.7177574933 2534004.520748484
-4524624.606670064 3697695.251537672 2538594.689089128
-4524884.095825595 3696326.9559515715 2540124.397357417
-4524079.636335357 3697381.5787267974 2540022.422221401
-4521511.352599364 3699891.7737969817 2540940.1705873543
-4518700.178721219 3699962.177476687 2545833.7691347385
-4519354.998662919 3697337.165049418 2548483.722530874
-4517762.895048106 3698931.2969706715 2548993.2688058275
-4515692.376331428 3699211.1816013637 2552253.905131241
-4514695.647441632 3697473.0427956213 2556532.281973235
-4515071.716879564 3695674.976610643 2558467.2870076224
-4513507.269524407 3696104.9546758668 2560605.6494452343
-4510966.793688154 3696524.273110702 2564474.1926067844
-4510200.869244516 3694844.13765699 2568239.8481231825
-4509804.673220281 3693204.399586982 2571292.2961561317
-4508723.270189958 3693107.67421274 2573326.8699328774
-4506489.434748651 3692855.2888870854 2577598.453956213
-4506143.097009947 3690862.8354833657 2581055.38857989
-4504850.081815818 3690592.061518747 2583698.313623095
-4503217.915481592 3690305.8086168496 2586950.4140153844
-4503157.571820383 3688811.455963103 2589185.7650064663
-4503331.738953825 3685671.820936372 2593350.6275254567
-4504296.810716555 3683705.7504523112 2594467.8038189746
-4502794.638880224 3683395.392544927 2597514.1620884985
-4502430.139227615 3681261.257380946 2601168.851935771
-4502642.53571617 3676978.9846678395 2606851.883377827
-4506836.806661038 3672413.0499160793 2606040.174082399
-4507217.845836989 3671153.0231701387 2607156.2612619367
-4507901.157555677 3668438.8962259 2609793.9034270686
-4509949.0052546505 3662522.8898817673 2614560.5847053337
-4514292.281638722 3655862.7288971324 2616385.656473042
-4519167.903782184 3651069.044130171 2614661.984352726
-4524068.626519104 3647465.6641725334 2611213.949722996
-4528928.863341764 3640701.625052578 2612228.173060193
-4532690.767511627 3636308.3848528974 2611822.4932723474
-4537839.843298414 3632505.419284455 2608170.802582242
-4540589.1535776835 3631326.6804028684 2605025.466018898
-4542502.257523281 3628568.989606666 2605532.829971782
-4547093.684810891 3624053.7278815755 2603807.711598646
-4552280.088076677 3618194.045972402 2602894.320826426
-4559065.901451313 3612564.2960351403 2598834.0295671164
-4566701.7134606065 3606563.694754502 2593756.8845122545
-4574185.076242122 3603279.0947391293 2585121.206771514
-4580089.663959567 3600293.6031622337 2578818.65223591
-4587242.11370204 3594530.6928257425 2574140.611662876
-4598902.300877045 3587113.9888411816 2563659.856152476
-4606855.844793488 3585693.808289695 2551336.9315880295
-4610100.871673285 3585506.9885805566 2545731.837377457
-4619624.779491168 3575477.271102532 2542571.5684205163
-4631338.824874006 3567770.110471379 2532065.980191217
-4639338.997578548 3566841.9949190877 2518692.6864602775
-4644014.585993655 3565152.1143597183 2512460.9303538664
-4651855.38903029 3557512.6337549156 2508781.83591639
-4663929.946448385 3549104.8210871853 2498250.0722621153
-4671610.467116932 3548773.4061665293 2484331.691865788
-4676949.218040287 3547682.3886824106 2475830.503266535
-4682664.543811663 3545070.001624649 2468759.2944048066
-4691002.087225501 3539033.0236205314 2461581.9456945388
-4698254.297802424 3536533.1795183322 2451322.219404664
-4703722.0536247175 3536792.1217865185 2440438.7575830063
-4709129.449147618 3535328.8495939546 2432116.517850108
-4714259.323281981 3534422.201291842 2423480.91303898
-4720496.686628735 3532924.901547021 2413502.366179928
-4724160.0222167075 3533994.6322040637 2404752.591025175
-4729804.6969865495 3532041.270169104 2396512.6734874975
-4735792.424378184 3531622.671055719 2385278.2694032723
-4738757.154651657 3534734.5508773834 2374757.521110607
-4740448.380052249 3536897.5472643287 2368152.4225048474
-4745439.927043976 3533793.222630989 2362783.603824978
-4751329.917957564 3531737.916933278 2354003.461513419
-4755524.965243781 3532279.662920219 2344701.1937266877
-4757608.255894701 3535502.382244141 2335600.04893573
-4756951.476113919 3537205.6462914497 2334358.556379352
-4762148.723824792 3531914.619022872 2331771.7847393285
-4769373.542203137 3527347.627933903 2323905.2748857415
-4772266.726995337 3529358.528956865 2314895.1726790247
-4773989.681559668 3529472.8378142323 2311165.292118539
-4777679.706378459 3524340.3131887917 2311372.5316555463
-4784810.997289851 3518394.43726884 2305672.4190590866
-4788892.848928895 3516504.8610786945 2300073.877832537
-4793556.940142159 3512723.500335076 2296132.938618456
-4799773.444615312 3505447.2187106023 2294265.825313136
-4806006.790471701 3500362.229013551 2288974.441892083
-4812970.199337682 3494517.8726452207 2283266.0156123983
-4818650.331259672 3490685.174251739 2277140.0921573024
-4821774.242465321 3489484.7549802125 2272362.2729350757
-4826584.525599621 3482963.7820575093 2272154.5084166136
-4835750.823553678 3472536.363140889 2268622.088220991
-4843333.0430734195 3467997.354033998 2259371.679535343
-4849438.67628335 3465076.487457162 2250739.980770485
-4851900.332564873 3464533.441831608 2246266.2783577796
-4857027.352735424 3458220.5839465833 2244913.5144918333
-4863322.876356192 3451459.108534722 2241687.226716349
-4870538.647693727 3444451.2793376334 2236794.5067866873
-4877996.867517565 3439900.861730462 2227525.44810488
-4879126.626287391 3443886.143773879 2218876.4258911978
-4879831.70162421 3442215.0460756593 2219918.7238261024
-4884526.868944032 3436087.966511223 2219084.890886462
-4890682.407588169 3429074.2285386305 2216374.635137251
-4897650.362834611 3426187.920448527 2205424.7339681746
-4898118.975308672 3430209.464130744 2198120.682744469
-4899003.351195121 3429681.9880612576 2196972.604687448
-4901251.586942928 3426669.084883162 2196659.47843434
-4905675.7054200005 3423010.5580089292 2192483.886602448
-4909481.9938530205 3422227.6381086255 2185174.030826475
-4911203.19108311 3423554.7922057766 2179219.309904338
-4911005.291493511 3425964.744643904 2175875.3630159446
-4911854.80193358 3425410.4615761763 2174830.240374295
-4914825.272362538 3423403.664401915 2171276.328039813
-4917943.220583636 3422899.0816015867 2165002.8536439533
-4919382.98211634 3424793.3941920814 2158727.0050570117
-4918716.439794477 3427134.1354118837 2156529.8984225043
-4920279.074109042 3425417.238675902 2155692.8292005397
-4923302.488614828 3423441.288711291 2151925.497861348
-4926650.828860532 3423091.448923868 2144807.110859187
-4926818.585563424 3426779.264752383 2138523.6719779237
-4926398.425797169 3427252.5483531198 2138733.1577619053
-4926472.4890446 3428452.5796540254 2136638.182695042
-4928819.24448365 3426384.1380385556 2134542.9472852964
-4932738.450852394 3424003.218070896 2129303.721436299
-4933697.81283258 3426200.5604110216 2123538.7002572403
-4931766.425252907 3430731.55517632 2120707.88253961
-4930793.348294151 3430054.6444023373 2124062.874029891
-4934546.589675333 3426407.031763187 2121232.1435918636
-4936031.401094988 3426927.3174471427 2116932.726455609
-4934636.604936945 3430811.4681540653 2113891.020653365
-4933347.187284763 3432342.2993150144 2114415.4913456435
-4933950.22333007 3432250.6913898876 2113156.7346400926
-4935178.972927516 3430677.4924650127 2112842.0309782005
-4935306.877482564 3432171.9692853624 2110114.3566937633
-4934733.374317694 3432028.7044052617 2111688.0679999692
-4936030.0797192175 3432163.6748963394 2108435.571894278
-4935496.684620427 3434604.8798829685 2105707.195975944
-4934572.515133362 3438437.7917313725 2101613.819255073
-4931600.306781403 3443403.9814272677 2100459.1009692177
-4931629.882452109 3444961.292781344 2097834.4533694
-4928952.694161142 3448854.5134459585 2097729.4591546007
-4930603.695830409 3448728.0196914524 2094054.259291907
-4935250.308482798 3447618.4896428566 2084915.3801756937
-4931762.412092948 3456721.853473307 2078084.3434247824
-4926415.520130832 3464526.9669822175 2077769.0001699089
-4924757.41953283 3466316.381137357 2078715.0128421064
-4924632.879146559 3466871.423523155 2078084.3434247824
-4925364.683278438 3468286.6507262792 2073984.4370456063
-4923631.305611976 3473883.3365379726 2068726.7413850257
-4921332.699268865 3478826.907718119 2065886.9304111032
-4919170.880564018 3484127.330242966 2062099.8022561956
-4916293.499141063 3489180.9355567633 2060416.3727874397
-4912292.595957312 3496794.49379532 2057049.0319546852
-4910721.449311458 3499680.922874403 2055891.3602963903
-4909222.5483238455 3505852.894695117 2048943.7405128032
-4906468.616435337 3512038.9309469056 2044942.3618890652
-4901663.252957366 3521553.778747347 2040097.3844396956
-4896098.550292421 3530138.527532584 2038622.56493313
-4892716.415329151 3536403.017514273 2035883.291567719
-4888943.273152778 3544339.1330236006 2031141.2511225583
-4886370.260061706 3551198.3169641844 2025343.7227234384
-4881991.729361085 3561706.584364939 2017434.9955677364
-4876710.498148667 3572088.9028145876 2011844.0763725839
-4870830.595647235 3582825.7990596644 2006990.1848537456
-4864420.197145846 3593703.8710413193 2003085.0288647767
-4861791.437929164 3599900.649042738 1998334.3892102635
-4858296.574432432 3608878.8848527474 1990625.17549691
-4852122.8025463 3620482.6519563943 1984603.4051903253
-4846785.618402796 3629818.4714132026 1980587.8000814186
-4842772.881520287 3637643.0237507927 1976042.7752882498
-4839326.15257404 3644575.4919193173 1971708.1104245656
-4833614.794347021 3652717.4476466505 1970650.721849852
-4830827.489848012 3657371.260221623 1968853.0235224916
-4828290.266251675 3662481.5764420866 1965574.4216492102
-4828715.660112654 3664132.126465612 1961448.9117959216
-4825244.109338096 3672258.821329454 1954782.7077365932
-4821906.6409624815 3677033.8191129738 1954041.8723613338
-4821787.273162287 3679605.376025507 1949490.3870228203
-4819979.99523258 3683820.1524451384 1945996.6418256778
-4820730.646919345 3684793.7311549145 1942290.4491074565
-4819447.387853983 3689146.0911972057 1937206.492223221
-4819902.817001154 3690829.0348610557 1932862.8689306856
-4819588.96391588 3694727.1114885365 1926186.5928647285
-4818763.421243223 3696631.9518277617 1924596.6597742955
-4819046.236014157 3698853.390679828 1919614.0157370504
-4820480.54878135 3699018.4920347524 1915690.5998635585
-4822906.156209466 3700077.4119303226 1907523.0939938424
-4822063.85096137 3703577.506883357 1902854.4000420154
-4821776.109252364 3705096.2008523364 1900625.7639716216
-4822891.753861064 3705819.597142883 1896380.0367992455
-4825304.788792506 3705932.8080073358 1890009.7136763553
-4825291.618532142 3708869.212757715 1884274.6505701938
-4825321.572402795 3710232.146702075 1881512.7266332104
-4826063.485671309 3711204.715415274 1877687.8847533544
-4829212.209548337 3708665.7902748976 1874606.2229689548
-4831413.919033556 3709016.2465766617 1868228.8472238043
-4834078.279707485 3707844.4240256264 1863657.1339391808
-4835005.75839967 3708823.8946253154 1859297.0808610285
-4838453.855899369 3706776.2838638965 1854404.1807860248
-4841203.473919997 3704727.818696007 1851318.9118800906
-4844598.251853645 3701563.982005931 1848765.2271862465
-4848123.172938338 3700238.4409158695 1842166.7080877365
-4851548.312535998 3697495.4354093354 1838653.7129802965
-4854397.191330678 3694178.22653523 1837801.9859043187
-4859417.539657974 3688632.3489594846 1835672.5114992817
-4872822.132514048 3673935.3492085882 1829602.2832071516
-4878174.588835132 3668365.182994376 1826513.2260779913
-4880746.377844766 3665367.341033846 1825660.9900081852
-4884876.292545495 3657679.7211477435 1830028.3232867026
-4889210.879640597 3650548.1976648723 1832690.8716228625
-4895492.591023025 3640886.440892012 1835140.1079392727
-4899620.582459707 3633607.4582880735 1838547.2490557588
-4901621.036561613 3629127.471259999 1842060.2626631586
-4902685.632959393 3624222.4343368676 1848871.637194673
-4903988.930366108 3619629.636458679 1854404.1807860248
-4905145.681157168 3613743.0614377162 1862806.466742034
-4906650.060794593 3609833.3443075162 1866421.5513195388
-4904186.316750312 3610263.938343296 1872055.5189675735
-4901377.450421254 3609383.444470531 1881087.7808555583
-4899821.406974859 3607446.271905895 1888841.596075008
-4898639.782837484 3605653.5068223877 1895318.4605077163
-4897235.196279869 3606333.080838687 1897653.8520937432
-4890776.551324746 3612911.3521267837 1901793.1766323699
-4884935.311008915 3615717.618743215 1911448.1705680958
-4884006.373505224 3614502.2962301034 1916114.7914745805
-4881006.096158612 3617822.514041819 1917493.3497028372
-4876310.369721597 3624373.5879235836 1917069.1884508356
-4871372.612343619 3629157.9616275826 1920568.2391583049
-4867746.83278261 3633066.653690381 1922370.5318636796
-4867088.867270537 3634956.9230488725 1920462.216673445
-4862119.965476363 3642494.795175932 1918765.777376793
-4857085.530783424 3649985.4352342794 1917281.270244911
-4858659.793965514 3650505.0635525663 1912296.731022691
-4855229.44208622 3656950.942807107 1908690.0918172535
-4854031.633972639 3660033.7422901588 1905825.5171159813
-4853000.807687861 3663110.8064719825 1902536.039103898
-4854004.339933893 3664533.2604798805 1897229.256241753
-4852737.315253151 3668898.28098284 1892027.2072438095
-4851222.856407933 3670681.618205661 1892451.9162272895
-4854945.775047142 3668437.7134298705 1887248.5962472784
-4855832.862679669 3669773.7378406636 1882362.590675649
-4857504.831449496 3670770.9250257732 1876093.9817691015
-4855679.43739112 3672587.966103112 1877262.8565365253
-4860498.658433112 3667838.2236926514 1874074.8534114265
-4861940.110495772 3668260.123944811 1869504.4864960208
-4863966.629587139 3666060.4028298697 1868547.7647268279
-4863729.103707635 3667079.527457915 1867165.751894127
-4865652.895181489 3665068.074545435 1866102.5996873286
-4868015.63016847 3660193.683318783 1869504.4864960208
-4868851.264396424 3659624.964084463 1868441.4594616352
-4868024.670235614 3659801.5097322525 1870248.5715377415
-4866808.126664015 3661147.591411295 1870780.0437625947
-4865460.846128681 3660001.101849251 1876519.0351422122
-4864419.503470071 3659749.558046677 1879706.6437710803
-4864427.564989159 3659356.769292305 1880450.3449993648
-4861069.818337396 3664143.1092953845 1879812.8885217255
-4858838.3640904715 3665520.6896911412 1882893.7370677108
-4851718.264567378 3671722.3061722275 1889160.180508948
-4851681.849470396 3670895.7598233237 1890859.2099970493
-4848331.367124771 3676084.2287223297 1889372.5672542737
-4846808.322173564 3677328.043033205 1890859.2099970493
-4844805.857802641 3681274.2682977743 1888310.6105113912
-4840593.015537508 3687410.182165139 1887142.391658445
-4838251.1062501855 3690699.6698659584 1886717.5675548702
-4836265.652069505 3693192.492997891 1886929.9807562416
-4836168.490125155 3694187.4450628064 1885230.61079034
-4836286.850943079 3696684.3359751315 1880025.376305112
-4834807.896084829 3699967.4074335205 1877369.114448584
-4833518.41976027 3702459.7416320248 1875775.185738501
-4834257.757494971 3702624.447832418 1873543.4695820028
-4834350.748678934 3704168.4788098494 1870248.5715377415
-4834325.259562624 3704684.619643129 1869291.885643977
-4834648.80623244 3704798.630802497 1868228.8472238043
-4836717.573067183 3702633.6806841604 1867165.751894127
-4838023.194338861 3702160.225875912 1864720.4168404522
-4838385.021211551 3701901.5556200575 1864295.1104944458
-4837738.035722206 3700871.120703895 1868016.2327095931
-4839386.095009785 3696511.5208116793 1872374.3749401371
-4841980.002062521 3693544.134578791 1871524.0809418506
-4844150.616450468 3692258.430514774 1868441.4594616352
-4840668.027864278 3696554.347454677 1868972.98009535
-4837510.479324042 3697619.6336546056 1875031.3083364929
-4836835.094346266 3697370.881798129 1877262.8565365253
-4835604.337368511 3697901.133195569 1879387.9060837256
-4833587.051568559 3699835.798673508 1880769.0655055793
-4830728.727849614 3702865.3571529645 1882150.1281047948
-4827950.102813261 3707026.782404105 1881087.7808555583
-4822340.791099512 3713836.435302434 1882043.8959593475
-4816706.0644906545 3718612.3916265178 1887036.186494755
-4812962.846118283 3721893.5390638476 1890115.9027318358
-4810624.318788259 3725723.489141951 1888523.006462701
-4805637.356319087 3733817.9044631505 1885230.61079034
-4798841.924454249 3741583.993137918 1887142.391658445
-4794729.458339078 3745514.178100698 1889797.3338382351
-4793105.295708297 3748288.220053307 1888416.8087746685
-4792007.531657598 3749317.0883397213 1889160.180508948
-4792334.299961065 3751730.7440788667 1883531.093810275
-4792296.194341545 3755344.630298517 1876412.7726562847
-4788343.889525259 3764402.6816171827 1868335.1536272836
-4784216.230349266 3771436.573546085 1864720.4168404522
-4781792.965691901 3775348.5572368144 1863019.136946628
-4781097.229169087 3777644.7799792504 1860147.897756308
-4782359.251621406 3779862.267404772 1852382.8513244272
-4780707.098415137 3785746.5428235866 1844614.7979083303
-4780582.387547064 3787820.395518558 1840676.421093195
-4779572.142876011 3791367.1283415225 1835991.9469254126
-4780818.3177552875 3792627.5469170692 1830134.831913025
-4780070.2710841205 3795161.5386597244 1826832.8054246628
-4782731.58331144 3793601.344118725 1823104.0683120238
-4784092.161308317 3794544.5083327335 1817562.9745321637
-4786151.570374479 3795361.501601125 1810421.2817921615
-4783525.4858145965 3798721.590221458 1810314.6705883972
-4786671.171132154 3795773.538847102 1808182.330751099
-4788439.764539237 3794862.3821005085 1805409.9596207666
-4791873.53293051 3793364.463846368 1799437.4367639539
-4791788.634525838 3793977.5152116898 1798370.73377464
-4794718.472818859 3791942.567438026 1794850.2254118852
-4795130.594830017 3791724.384353227 1794210.068979183
-4798817.154035673 3788925.5577633358 1790262.0031327142
-4799070.6403251905 3787494.269360993 1792609.5918315316
-4802706.8398770895 3784246.3160566348 1789728.4234233992
-4802484.155503228 3784478.44572144 1789835.1404557573
-4805187.640772895 3781853.0397171997 1788127.6025343393
-4804900.060713873 3779590.016936141 1793676.590254907
-4808922.595128261 3773252.777986634 1796237.1634839918
-4814030.440695462 3767089.8947916506 1795490.362161852
-4816898.111898156 3765810.843611749 1790475.4311992533
-4816651.848058731 3765618.3165922128 1791542.5388021455
-4816092.951866053 3764910.519649008 1794530.1496554376
-4815718.790161842 3762587.228864734 1800397.422589294
-4817469.291503214 3758812.0850709532 1803597.0543744166
-4818939.2807418145 3754414.465506151 1808822.0558478718
-4821955.144179768 3749871.513966003 1810208.0588331802
-4821238.111630708 3750124.1797824423 1811593.968628355
-4819542.076304839 3752046.2365535297 1812126.9860282273
-4815400.859202604 3754629.8803284313 1817776.1212359802
-4814261.210788366 3751850.134168568 1826513.2260779913
-4813017.167755904 3750745.6070159473 1832051.8918244413
-4814224.161526302 3748311.066577588 1833862.2823833753
-4812234.603482218 3750135.760965242 1835353.07104055
-4808720.168420114 3752660.771215088 1839398.9447678311
-4804236.326434552 3755371.6004155506 1845572.6652069257
-4801126.3356510075 3756992.1348557435 1850361.318162053
-4799015.068338659 3756960.855867289 1855893.450966254
-4797342.298954591 3757677.3968954184 1858765.301893262
-4794739.536577502 3760366.8993172585 1860041.547627275
-4790503.5715803215 3765288.8932614257 1860998.6783870466
-4786424.120518607 3768844.501900308 1864295.1104944458
-4780786.03892276 3773470.0569760585 1869398.1863547247
-4778230.07336603 3773754.139716872 1875350.1163650036
-4775433.300329738 3777503.659368209 1874925.0378512777
-4773945.811204661 3779172.440195239 1875350.1163650036
-4769063.647606824 3786015.675422047 1873968.5777871644
-4765028.102524756 3790410.2842830988 1875350.1163650036
-4760812.227174117 3796019.0987470485 1874712.4951674768
-4755312.568225329 3801962.7658521 1876625.2970565201
-4754639.375652679 3804009.792994685 1874181.1284648136
-4751388.285413486 3809167.4198133643 1871949.232502821
-4750307.230862211 3813069.90837586 1866740.497834849
-4744115.723767831 3822690.0301963906 1862806.466742034
-4741880.893749875 3825668.981384985 1862381.1195237848
-4740303.595674279 3829999.677543753 1857488.9746246797
-4740349.777367 3831951.792564825 1853340.3485803325
-4737671.319698978 3838955.6073886245 1845679.0920962342
-4734987.684324375 3843082.6719836 1843976.1944222266
-4736173.8073060885 3844730.9969375264 1837482.5790127988
-4734114.734480674 3849094.5574318464 1833649.3036351094
-4735219.77672986 3851228.681040619 1826300.1703982172
-4730486.202119003 3858502.8640420404 1823210.613105657
-4733287.965665356 3856525.25941979 1820120.5887370864
-4732453.665845416 3859557.4923815248 1815857.7211962177
-4735761.753429253 3858953.4102682406 1808502.1957785408
-4733397.103891424 3866383.4125849265 1798797.4215459656
-4733096.286388967 3869030.792237964 1793889.9833840004
-4731569.6656964645 3873020.715461304 1789301.5498424675
-4730565.058069126 3875232.7881817725 1787167.051166841
-4732156.083007327 3875846.10593108 1781616.3361385153
-4733870.037899918 3876007.648035639 1776704.8648108847
-4737591.2709228685 3874636.7074490096 1769762.7905920425
-4736612.675085721 3877148.6647916194 1766878.4896879166
-4739361.484897045 3875394.2986473497 1763352.70025202
-4742454.788620261 3872678.1516170064 1761001.8489147162
-4747289.307940775 3868208.8127074447 1757795.7241965465
-4749014.848267229 3867546.509021817 1754589.1175687101
-4752106.103361863 3864135.8472374934 1753733.9411909408
-4754545.09928517 3860745.9029794773 1754589.1175687101
-4757084.8364777975 3857713.321604878 1754375.3266804866
-4755012.473548369 3859197.83688497 1756726.9088227095
-4758754.080517591 3854388.2614807785 1757154.4413956231
-4760927.664949455 3850922.5503662643 1758864.4860248638
-4761328.06843374 3849597.060983225 1760681.2581538858
-4761834.046334641 3847258.1670235866 1764421.183118864
-4763739.982489724 3842343.7935068836 1769976.4268848137
-4766132.474686708 3838784.5244294475 1771258.1993424157
-4764353.527061324 3838722.868412531 1776170.9401701726
-4765295.555320983 3836465.234843443 1778520.107357722
-4764851.151202224 3834736.995348823 1783431.1546538374
-4765832.079447516 3831827.371026903 1787060.320514674
-4762486.535463764 3833244.8527071686 1792929.697093654
-4762748.391658767 3830169.2644048263 1798797.4215459656
-4762029.199864292 3828906.6207387242 1803383.7609624374
-4762439.030984278 3825679.158289674 1809141.9109582137
-4760289.098467719 3825729.478553911 1814685.2773781489
-4758906.368758341 3824208.1122050593 1821505.8297837868
-4756359.4640756305 3823664.5092038987 1829282.7472954232
-4754764.3084110245 3820743.021892469 1839505.4042107724
-4752949.898246376 3819148.515339292 1847488.2631674435
-4750008.522303692 3818422.4720642623 1856531.6756998599
-4748195.908524022 3817101.7803211557 1863869.7950620907
-4743617.878719289 3818057.7900656955 1873543.4695820028
-4740417.251995687 3817799.9125486864 1882150.1281047948
-4734294.946216653 3820776.63294679 1891496.3080469521
-4730477.954727778 3820287.2509134263 1902005.4259498878
-4725495.478846556 3822535.7611504444 1909857.0192888146
-4722226.706622729 3821528.0556375873 1919932.0954746956
-4718210.54032471 3824141.4715403016 1924596.6597742955
-4712499.219700079 3827013.6182453264 1932862.8689306856
-4706102.251168394 3831506.1753202584 1939536.8081143724
-4701677.171936698 3831725.676264123 1949807.9681721437
-4697016.60271039 3833933.9785813494 1956687.5789819707
-4692786.273046169 3836626.2696535583 1961554.7054603542
-4687536.162924441 3839847.223255617 1967795.4729421798
-4683727.8702559965 3841237.5592697286 1974139.876159428
-4679040.326736673 3844501.2993853013 1978896.7582460423
-4673972.273134765 3847995.613737587 1984075.085933929
-4670309.317409532 3850042.8076824243 1988723.7763778423
-4667476.660676295 3850855.6393318092 1993793.737343074
-4662770.583747549 3855186.5860587447 1996433.7880358726
-4660080.2606838215 3856523.831890314 2000129.2203372912
-4656270.080021067 3858987.8826456135 2004246.108514353
-4654599.445626288 3859522.221668769 2007095.718001615
-4651458.9953197045 3862812.903792537 2008045.4888157472
-4646589.067536802 3866311.2034508367 2012582.598433671
-4645940.366215761 3865496.9883235903 2015641.8696852399
-4644442.164267592 3867132.0185188744 2015958.3165629946
-4642416.566635558 3870661.877975156 2013848.5663568524
-4636820.242731471 3875883.5861393446 2016696.6711162287
-4635414.240860069 3875532.981776585 2020598.9020074129
-4633560.378593348 3877694.3050596975 2020704.3560198164
-4630824.743726479 3881180.447557631 2020282.5362772734
-4626909.373513131 3884640.277806385 2022602.4229543118
-4625338.251775966 3884973.0657619666 2025554.5746689027
-4623385.678622801 3886637.1114240102 2026819.634503083
-4621580.69724488 3888838.1741238805 2026714.2162451947
-4618879.039651103 3891662.27635897 2027452.1310837949
-4616760.807502065 3893461.1922607436 2028822.4640594919
-4614612.624020866 3896061.9130966724 2028717.0575377815
-4610339.915653008 3901007.3776683956 2028927.8699631882
-4607767.995914262 3903387.3400905975 2030192.6925907114
-4603933.696913736 3905386.8275243384 2035040.3538558164
-4605430.332008185 3904445.4085061564 2033459.7387246606
-4603976.326185095 3908187.304546581 2029560.2924052593
-4602327.0838513365 3912042.141981195 2025870.8479593748
-4597894.324802051 3916160.0023859027 2027979.194584092
-4594738.512006437 3919425.7762601445 2028822.4640594919
-4591841.786012928 3922219.208329457 2029981.8950022797
-4589346.274567756 3923829.707867251 2032511.3027408898
-4589311.034461646 3923106.375631742 2033986.625926077
-4587721.271149473 3925074.551780646 2033775.8729040495
-4585910.400668781 3927408.4134504413 2033354.3594259669
-4581817.4193549715 3931255.781664938 2035145.723239822
-4581270.0543548055 3930092.0761246015 2038622.56493313
-4578575.844313869 3932083.1332883625 2040834.7485219652
-4576350.374573608 3933087.224296769 2043889.2179405277
-4575064.523828636 3933926.140396332 2045152.9832046987
-4574542.260576124 3934588.1769175916 2045047.6728583602
-4571355.217488877 3939765.8636619626 2042204.058134528
-4567595.362023217 3944451.4247537 2041572.082142218
-4565768.904858362 3946074.910957484 2042520.0377328885
-4564388.178423832 3947944.3388962494 2041993.401958446
-4564082.526119547 3948515.5600792193 2041572.082142218
-4560609.645758323 3953450.7274660193 2039781.3619392
-4558708.148378779 3956403.362062275 2038306.516343224
-4557449.183730049 3958937.990229071 2036199.382977834
-4555206.351089501 3961735.0154789025 2035777.9265239735
-4552660.320727715 3965525.7827271414 2034092.0015077256
-4549849.510655898 3969506.2456353996 2032616.686993846
-4549876.242046394 3969529.567378522 2032511.3027408898
-4548427.291080565 3972321.719302072 2030298.0904572946
-4548789.702761168 3973897.904678729 2026397.957767422
-4543468.032002169 3981429.2720455904 2023551.3815746957
-4540857.59473707 3983066.5418126 2026187.115695807
-4542515.339010095 3982837.5730982996 2022918.7480406757
-4544254.826719501 3983100.354111846 2018489.6925450494
-4544853.092942582 3984606.697898181 2014165.0445371165
-4540980.037507816 3990191.062006938 2011844.0763725839
-4541000.923623113 3990911.7215831545 2010366.9421735478
-4539674.042476407 3993960.4491210743 2007306.7824631326
-4538962.819677134 3996146.3546448476 2004562.7537813082
-4538651.02429604 3997981.5606376743 2001607.1843540266
-4538851.997971332 4000128.6245867913 1996856.1608871666
-4539109.915459813 4002467.7391179306 1991575.801393111
-4538914.5549504245 4003844.6888664067 1989251.9624963203
-4538737.666244032 4004674.7506211586 1987984.290369278
-4538456.44073056 4005412.865718996 1987139.1271685127
-4538105.092920156 4006230.0992599856 1986293.9252274467
-4537359.846834892 4007545.3442769432 1985343.0267574994
-4535709.789920243 4010458.5131049 1983229.7436974093
-4533703.998472289 4014186.946892612 1980270.74149808
-4532247.742211401 4017132.9840170424 1977628.3755908192
-4532439.253534994 4018009.0445456565 1975408.4972391021
-4533076.639409912 4018432.795643371 1973082.6257746916
-4533619.948872511 4019479.683568395 1969699.0208065086
-4531877.740055875 4023306.4575925265 1965891.730864224
-4529069.740665247 4028169.6176851424 1962401.0332622551
-4526383.500082715 4032577.1746899937 1959544.5236963131
-4525161.280993734 4033897.243675269 1959650.328110662
-4524896.998344104 4035220.9726569974 1957534.1264472594
-4524849.119209135 4036454.4661871055 1955100.1996804364
-4524896.133454188 4037631.110216738 1952560.1141223
-4524846.23089959 4038863.4477345543 1950125.543975957
-4524225.630845419 4040580.0595082855 1948008.2710053844
-4522896.451695491 4042373.921268058 1947373.0428174883
-4522952.587275215 4042566.093347647 1946843.6696808431
-4523384.431388942 4043662.207542846 1943561.2254719047
-4523391.407587279 4045941.6293077674 1938795.3749686899
-4521016.755093115 4050924.922287617 1933922.3805924521
-4519682.465512168 4052716.869127971 1933286.6806626038
-4517132.589811297 4056265.5463359496 1931803.2983905484
-4515136.535217169 4058033.240093078 1932756.914525666
-4516759.252310347 4057639.4118732023 1929789.9522699793
-4516564.371301642 4059316.524938841 1926716.5412294215
-4516261.519219099 4062465.507160445 1920780.2823728772
-4512736.788881098 4067281.4820304755 1918871.8092178775
-4510972.344017051 4069688.1905785357 1917917.501609209
-4508293.977637852 4071555.6849938985 1920250.1699487376
-4509718.437553579 4071127.5834328257 1917811.4645088816
-4510066.142561059 4071441.472529552 1916326.8837781285
-4510621.8797981795 4072371.8287750715 1913039.1908387854
-4508340.407069699 4076886.6701028915 1908796.179040598
-4506139.698076707 4079616.74462869 1908159.6469798766
-4503298.702895535 4083198.697899034 1907204.8096560151
-4503671.079688277 4083679.565338607 1905294.9938566766
-4504439.037161775 4084662.426352855 1901368.6710457602
-4504489.636312005 4086284.5104363007 1897759.9996116753
-4502456.118400205 4089312.9526536926 1896061.5699758548
-4503785.254149659 4087652.0780144124 1896486.1912517452
-4502875.662061331 4088260.0368472603 1897335.406071725
-4504761.624596721 4086674.573645564 1896273.8817690758
-4506880.811719225 4084583.755478114 1895743.097954303
-4507738.46826188 4083785.0590918544 1895424.6207354646
-4508919.000528053 4083565.185850158 1893088.9624076479
-4510408.434232657 4083051.712282734 1890646.8393721608
-4509058.320783503 4084837.4927262506 1890009.7136763553
-4509027.646979216 4084379.8751407787 1891071.578317983
-4511098.67356334 4082387.4492087676 1890434.466443576
-4511109.177059685 4083113.079206197 1888841.596075008
-4509779.350891245 4084630.9251430896 1888735.4001129034
-4506980.153842511 4086393.3873688527 1891602.489038818
-4508248.621854111 4083960.715500593 1893832.1567125204
-4508322.105845674 4084027.283642667 1893513.6483282938
-4508333.147242839 4083177.8269786546 1895318.4605077163
-4508129.906870999 4082564.1041000932 1897123.1058338522
-4507734.592239777 4082062.9123190246 1899139.864726769
-4507147.096995465 4081674.0711148204 1901368.6710457602
-4506630.242402432 4081206.0074050007 1903597.2219419566
-4506134.689766863 4080614.090873491 1906037.722356096
-4505849.1377198715 4079639.8977102274 1908796.179040598
-4505367.651139969 4078631.6126743145 1912084.5944035095
-4504633.576355483 4077251.857743081 1916751.0613800087
-4503753.299912525 4077027.145333309 1919295.9307366752
-4503505.650941501 4075801.981258062 1922476.5438129045
-4500289.8630328 4077752.103732049 1925868.616804655
-4498271.177471168 4077924.959548356 1930213.8322540051
-4495240.159892307 4079610.357979779 1933710.4829719176
-4493849.012291021 4079635.3047250663 1936888.699737758
-4490089.024375389 4082516.199986618 1939536.8081143724
-4487919.826532556 4083692.834699405 1942078.6447620331
-4484394.759969744 4086354.9950195816 1944620.1406532908
-4481594.922232711 4086954.470051067 1949807.9681721437
-4477645.598532365 4090372.3450990114 1951713.3427819146
-4476386.624578897 4090082.293905131 1955206.029137312
-4473845.567615859 4092204.1324827387 1956581.7578662867
-4470677.0504608955 4093894.218504163 1960285.142059812
-4467956.738231474 4096711.0297921114 1960602.5409734724
-4464923.709498976 4098953.3414886286 1962824.1828174794
-4461674.265169726 4101426.543872662 1965045.5609829864
-4456488.4947562 4105997.2144248905 1967266.675171581
-4451027.73024602 4110599.601074595 1970016.2598888243
-4445848.665101572 4114883.615601764 1972765.4389376158
-4441890.608707827 4117990.452772416 1975197.0664084258
-4440120.244272846 4119087.9196585845 1976888.445644104
-4435811.955228778 4124031.1163602006 1976254.19648948
-4431098.100242402 4129753.012565138 1974879.9156498956
-4426693.852307542 4135331.6057855226 1973082.6257746916
-4423611.137187798 4139686.905834917 1970862.2043681815
-4421795.229038478 4143636.825698819 1966632.098071515
-4420121.150563694 4147577.32979023 1962083.664819018
-4418149.223496966 4151676.2471666564 1957851.5719086954
-4414242.696490545 4156427.5816215966 1956581.7578662867
-4412871.977867297 4158480.184505349 1955311.857998598
-4411579.897536627 4161043.871533932 1952771.8010102022
-4410089.187754212 4163566.6353740613 1950760.6795435739
-4408403.171794125 4166342.6492815358 1948643.4778309795
-4406378.233132381 4169819.309213686 1945784.878933397
-4404263.188752409 4175109.1270159055 1939219.0545961917
-4400112.337166794 4180662.059600226 1936676.835130678
-4396292.203461256 4184777.08950669 1936464.9681638165
-4394756.165599653 4185654.8204168305 1938053.9128840563
-4397610.91589501 4185154.6567625776 1932650.9595318944
-4396833.24103273 4187486.721884027 1929366.062880391
-4395784.670698812 4190440.2192403483 1925338.6449719
-4392638.25601149 4193884.3129355013 1925020.654834088
-4394511.476142385 4194060.3209469053 1920356.193603578
-4391041.617842951 4198517.138796488 1918553.711941188
-4389966.493583383 4199689.713617097 1918447.6783467317
-4388794.294860018 4200769.397261861 1918765.777376793
-4391836.165108603 4199863.807524599 1913781.6221003716
-4388521.976312728 4205207.769871086 1909644.855892343
-4385411.533717795 4208692.046886571 1909114.437221785
-4383121.781249794 4209728.84573085 1912084.5944035095
-4385077.350155655 4208077.291507822 1911236.0246311966
-4385035.873727285 4209949.073343971 1907204.8096560151
-4382576.980263117 4213324.893886813 1905401.099669439
-4380074.2614704855 4216070.4528605975 1905082.7804900263
-4378874.538260676 4217124.739705923 1905507.2049017826
-4379533.446149079 4216728.106650006 1904870.5648020895
-4381025.619387263 4215513.358472571 1904127.7916179225
-4382565.284301683 4214344.075956997 1903172.7557633494
-4383736.853238419 4213556.707376383 1902217.6729498703
-4383705.877534635 4214115.754250961 1901050.2857741946
-4381586.724095533 4217084.3264206555 1899352.1429916641
-4379861.514494822 4219401.545158181 1898184.5839021744
-4379986.983885541 4219080.265007768 1898609.1589411516
-4380385.042292687 4218284.736599165 1899458.2812562648
-4380562.045313162 4217718.468536494 1900307.3665404601
-4381019.765374515 4217864.488762096 1898927.5841478289
-4378819.689505456 4221198.479485033 1896592.3451265416
-4375165.003774297 4224605.0388029525 1897441.555323736
-4373766.134879059 4225910.290252147 1897759.9996116753
-4374532.536494981 4226355.543105718 1894999.976360519
-4375904.392024808 4226647.421518999 1891177.7616143862
-4374634.311751004 4228816.407209442 1889266.3741693625
-4374072.903213991 4229159.878083002 1889797.3338382351
-4374934.84286181 4228220.759434808 1889903.5240451437
-4375944.13696292 4227128.717272385 1890009.7136763553
-4374829.136486673 4227380.284951481 1892027.2072438095
-4374096.354009699 4227853.3627924025 1892664.267260316
-4375216.663664544 4228640.819958841 1888310.6105113912
-4376996.225380502 4228883.481194662 1883637.317926077
-4376192.905116976 4229288.91379317 1884593.30914392
-4378194.063972314 4225463.121630417 1888523.006462701
-4379602.61722563 4223575.728170673 1889478.7597636483
-4380608.286550678 4222627.689867589 1889266.3741693625
-4381342.74678036 4222008.168676009 1888947.7914617383
-4382053.368376356 4221365.639821051 1888735.4001129034
-4382740.148545632 4220700.122222396 1888629.203575457
-4383602.67876609 4219614.151988378 1889053.9862730626
-4382585.744392528 4219814.340709418 1890965.3944455262
-4384796.875820326 4217373.874782515 1891283.9443347035
-4386076.16041599 4215805.200791626 1891814.8492938734
-4384798.7146117035 4215608.09034657 1895212.2997026215
-4384163.828049306 4214261.537600891 1899670.5560496084
-4384675.479071479 4211956.737651059 1903597.2219419566
-4386317.972169362 4210150.2608819865 1903809.4515521755
-4385763.303701152 4209912.013137595 1905613.3095536763
-4384744.82512731 4209963.790057966 1907841.3731020868
-4383652.331123545 4210091.325147344 1910069.1803581838
-4382536.492172904 4210049.083012346 1912720.9972705692
-4381426.589900786 4209129.906296363 1917281.270244911
-4381390.767533135 4207184.344924677 1921628.4318244585
-4379756.776379041 4207819.744067355 1923960.6495972828
-4378604.054465956 4209358.3487621015 1923218.611058318
-4375374.936330929 4211988.460902957 1924808.6584768523
-4374526.279431635 4211318.601340433 1928200.3185784612
-4372960.600090374 4212459.150995233 1929260.089063617
-4371054.781093007 4213271.545605784 1931803.2983905484
-4367531.084861905 4215466.58477983 1934981.833343575
-4366015.993842325 4215770.868337307 1937736.134563093
-4364049.669659864 4218584.578683976 1936041.2271517802
-4361498.5909357555 4220833.235996609 1936888.699737758
-4357788.364439181 4224760.8698039595 1936676.835130678
-4355239.622162091 4226125.4895122405 1939430.8908657527
-4353887.444970814 4227469.939159241 1939536.8081143724
-4351749.137324445 4229379.611151195 1940172.2991978114
-4349856.771851131 4230937.251384023 1941019.587544616
-4348478.812395455 4232256.331481104 1941231.403719279
-4347023.283796363 4234091.164271539 1940490.0367613274
-4342215.774225064 4239166.736458536 1940172.2991978114
-4339293.925684157 4240605.969594761 1943561.2254719047
-4338004.719263961 4242603.751613255 1942078.6447620331
-4335759.895046541 4244704.010532516 1942502.2510862586
-4333675.876675579 4247703.116054222 1940595.9481003284
-4331459.236594188 4249237.704132559 1942184.5472305561
-4331936.172000634 4250299.106617381 1938795.3749686899
-4327559.018338897 4254610.932885985 1939113.1355753152
-4325219.449785764 4256023.772068128 1941231.403719279
-4325072.713422571 4256027.963308573 1941549.1235461957
-4321491.678222987 4260677.09689972 1939324.9730263487
-4317342.376076389 4263724.778994985 1941866.838050245
-4314934.841746291 4264472.249979757 1945573.1136702353
-4313870.556607641 4265355.658188056 1945996.6418256778
-4312149.6661517145 4267674.65127934 1944726.028913953
-4306298.974002365 4272758.655393351 1946526.0386820878
-4302330.050227091 4274486.925044301 1951501.6440009146
-4301789.95343905 4274547.133583809 1952560.1141223
-4299114.119255354 4278155.853285427 1950548.9700643006
