2774712.652318625 -4895711.500395094 2987075.4262258187
2772611.030881114 -4897980.075783818 2985307.396008176
2772071.973448106 -4900618.42042614 2981475.653330666
2770922.293711511 -4903777.300541984 2977347.616403182
2769213.0772403846 -4906949.218314297 2973709.6868600934
2767826.7302465164 -4909696.509140685 2970464.000701683
2768479.526894135 -4912658.179560635 2964953.9153187536
2767463.4450377193 -4916671.811432504 2959244.055336595
2766016.7594457245 -4920327.769796579 2954516.3604613864
2764949.888377349 -4923055.324513852 2950969.228327856
2763555.150948923 -4926611.936541139 2946336.4971425184
2760248.0832675453 -4930997.957373631 2942096.304201294
2756986.343790582 -4934057.23815025 2940024.909896067
2753759.8678995464 -4937385.708544583 2937459.7793000643
2749404.3746473077 -4940516.347644227 2936275.6688244385
2746339.4542937335 -4942924.124642775 2935091.42954935
2743086.735660001 -4945198.552607152 2934301.8651696863
2740350.209252837 -4947183.809743575 2933512.2435842967
2735389.765966306 -4949635.7448163275 2934005.7637781342
2731576.1839850685 -4953144.357519163 2931636.6631391514
2727325.961306866 -4956478.469522252 2929958.2389419707
2722872.9190337495 -4960267.41057132 2927687.01920419
2718357.0229963847 -4962918.451926842 2927390.73836246
2714186.965847255 -4964967.326611092 2927785.7777011576
2709155.159999369 -4968529.394747567 2926403.0775985336
2706415.1584880305 -4970313.195623467 2925909.2137859394
2703665.9379554163 -4971460.392221281 2926501.8476868733
2703161.1059016357 -4973013.441633273 2924328.6998686437
2702044.2696605716 -4975303.925361618 2921463.4372306867
2699776.2431922248 -4980243.254591 2915137.451612827
2694265.292561718 -4985018.779658674 2912071.9942590124
2689221.7138661765 -4988376.434819445 2910984.046367947
2684485.843789414 -4990638.158022474 2911478.58144007
2679763.10222079 -4992714.2295415485 2912269.791435771
2673870.0875033196 -4994488.509072714 2914643.0807039863
2670312.294878939 -4994544.772009168 2917806.670808446
2670471.4966310714 -4994632.8862638725 2917510.1228843117
2666211.3659687694 -4998408.192902045 2914939.705913085
2660284.579161283 -5001161.681332644 2915631.8003216265
2655742.538353963 -5001672.791103717 2918893.9447520208
2654123.3301440277 -5002416.86249089 2919091.6193658565
2650137.88956815 -5004183.43739692 2919684.6218654537
2645968.6220927252 -5005812.71433242 2920672.8882106273
2641449.4416256887 -5006353.587782736 2923834.742496619
2639718.011664959 -5006458.91168896 2925217.767015268
2635594.896328119 -5008169.106037804 2926007.9883311447
2629461.6121458723 -5009660.929033332 2928970.8100915113
2621447.064131491 -5010105.438645465 2935387.5014402308
2617105.2143432135 -5007976.376875035 2942885.3028480653
2614428.77647923 -5007751.069676685 2945646.346197952
2608598.5173100457 -5008296.354800934 2949885.149963556
2603937.4906541263 -5005956.496893139 2957963.842912769
2604308.0721585033 -5001976.630394091 2964363.380943949
2605928.3253611 -4998271.52603139 2969185.1264521275
2605932.3814717513 -4994876.249169278 2974889.691851046
2608715.518086923 -4989376.245334008 2981672.1865740377
2615118.6557010235 -4986140.626296149 2981475.653330666
2618899.119300204 -4985096.286342349 2979903.2566216537
2620049.690639624 -4984961.653912668 2979116.9711173614
2618748.781084725 -4984176.238729851 2981573.9204064715
2620070.802424852 -4981834.411894803 2984325.029674475
2623346.092667661 -4980463.668059424 2983735.5662366245
2624900.6564932484 -4981938.791747343 2979903.2566216537
2621456.027020622 -4984045.988544634 2979411.8349884762
2620211.997285157 -4982525.0433454225 2983047.8175380686
2624781.4616823327 -4980237.076931502 2982851.3097312655
2627245.760484788 -4982171.865559649 2977445.9215980065
2624647.292696053 -4984832.862958957 2975282.9978520833
2622794.8600990195 -4983635.362655839 2978920.3906657803
2627518.966763729 -4980793.563015679 2979510.121130393
2630084.0957090384 -4982494.852513837 2974398.038960402
2627978.4553906443 -4985248.239579694 2971644.3642822015
2625841.5657274304 -4985201.362770594 2973611.3472221494
2630956.000002537 -4984146.609072241 2970857.4697087607
2630593.6409489815 -4984513.748223925 2970562.36931081
2632443.422573668 -4982539.986857901 2972234.497194106
2637279.8520337944 -4980744.664237419 2970955.8346981676
2643332.880563786 -4980819.4395119725 2965446.002460676
2650362.3385198507 -4980831.044510791 2959145.582865623
2653556.4996501454 -4980124.671596083 2957471.41296826
2654755.340710391 -4980070.555919133 2956486.4855156955
2653417.0790892793 -4980491.364468957 2956978.960501319
2651142.5142772375 -4981877.876730849 2956683.478211947
2645020.3108026427 -4985890.280760339 2955402.961300044
2640472.8449898204 -4989933.381674994 2952644.408207146
2637854.6088634105 -4993414.958356659 2949096.6610401263
2637832.58520916 -4995695.264624394 2945251.954488473
2635263.078312119 -4999490.136169467 2941109.975235392
2630996.8323514806 -5003881.164970936 2937459.7793000643
2627669.4476288157 -5006671.177391417 2935683.5652835807
2627501.5977344066 -5008263.032746209 2933117.4113442656
2628632.2081441646 -5011481.072852895 2926600.6168837487
2625873.673686623 -5017073.28552794 2919486.957922814
2621622.2305338373 -5020675.2165763285 2917114.7132101315
2619147.2386666513 -5022770.492205825 2915730.6673990497
2616823.968810656 -5025587.069238389 2912962.053608311
2614187.504421195 -5028448.209195971 2910390.575019428
2609171.0469686594 -5032311.335718766 2908214.2403985453
2605985.302102956 -5033904.656143116 2908313.1740037943
2605226.8913160237 -5035668.291807942 2905938.5230324357
2602961.3496497567 -5039691.65661618 2900989.6963730818
2600036.2679385515 -5043307.806541158 2897326.142132637
2597046.7609348 -5046155.477946149 2895048.1885302234
2596854.806510874 -5047731.041597765 2892472.5488052107
2597478.071217268 -5048942.535054275 2889797.2155957823
2597740.0464769388 -5049885.076708771 2887914.1889890092
2598142.7937027006 -5050017.943186361 2887319.4830199387
2601550.2534218146 -5049056.885094667 2885931.7126361527
2602687.3213447407 -5048017.427830127 2886724.745387867
2597879.382014901 -5051456.314264117 2885039.483539707
2597952.3949190993 -5051815.071357844 2884345.478360013
2594885.138509386 -5053221.484776674 2884642.9144236455
2594049.125125177 -5053763.878941377 2884444.6245932197
2592352.4525122885 -5056104.728399996 2881866.537056274
2591656.920580205 -5057139.368715211 2880676.4503150024
2589741.196884528 -5058403.065173638 2880180.5435425467
2589662.303639128 -5057596.123604203 2881668.19804332
2589554.517576704 -5057820.814144128 2881370.682940416
2587615.56522832 -5059038.998760067 2880973.9838486663
2583291.996720109 -5059949.125222782 2883254.8118123445
2579229.928376725 -5060495.245187644 2885931.7126361527
2576972.830329876 -5061305.843354975 2886526.492475414
2572010.501173456 -5064450.794413341 2885436.0385944354
2567039.195988399 -5067141.78691947 2885138.6236217143
2561733.8340251935 -5070051.678464084 2884742.0580208055
2559972.759648255 -5071843.248630936 2883155.655037669
2557994.01846967 -5074306.07954538 2880577.2707153987
2554912.7467073863 -5075464.150730261 2881271.5094839768
2551365.3361312714 -5076798.005825757 2882064.872557761
2548547.1539357603 -5077594.102819784 2883155.655037669
2547085.607236076 -5078440.005726283 2882957.3388535697
2543764.7960823015 -5080666.820014721 2881965.7052459656
2540414.562615014 -5081949.133273655 2882659.857991004
2537950.836384177 -5082786.2879522275 2883353.9677087297
2536881.4234354994 -5082419.980992205 2884940.3425788665
2531652.214999928 -5086376.106469734 2882560.6959472247
2526192.734818186 -5089651.383731259 2881569.027220118
2517237.8636420527 -5093019.990819188 2883453.122726796
2513547.653937614 -5094056.383463203 2884841.200739222
2509634.65449145 -5095087.042365928 2886427.364700244
2507099.0530286217 -5094200.259376016 2890193.601763785
2504806.356444447 -5092233.373627986 2895642.482286933
2503912.430424102 -5089967.42524838 2900395.688639406
2498489.809173073 -5091277.553404228 2902771.528670583
2488665.8868271033 -5094620.18305116 2905344.7806053655
2482706.959263587 -5097075.455995081 2906136.430093518
2477166.196466696 -5100616.15461615 2904652.040839226
2471487.1498081596 -5104102.425451135 2903365.4091135305
2468474.2821845007 -5106966.700552447 2900890.69729319
2469295.501711461 -5107300.609987026 2899603.628852346
2471165.3349051736 -5106845.866320191 2898811.5125360205
2471214.1136219315 -5105810.221953286 2900593.694751664
2469863.813280506 -5104156.175656853 2904652.040839226
2466576.629419739 -5103040.692674303 2909401.385183991
2459351.9159303014 -5102632.7483410435 2916224.9894628306
2451814.2239251807 -5102924.15415734 2922056.3116195705
2446184.316614164 -5104437.33280999 2924131.1195920277
2442299.9076853497 -5107993.303540223 2921166.988021801
2439084.5322714197 -5110433.098797596 2919585.790338812
2437411.6473056558 -5111287.642473013 2919486.957922814
2437684.985214861 -5110253.776478302 2921068.169839123
2436688.8141239053 -5109542.314276891 2923143.1647692854
2433364.8124794946 -5107618.941366591 2929267.048116281
2426901.9163181954 -5106442.5120490575 2936670.38662993
2420400.691309395 -5108392.539722234 2938643.7609242857
2415232.823113271 -5110157.043790891 2939827.613645169
2414710.157690735 -5111822.138289932 2937361.1083477866
2413827.615747819 -5110877.699440227 2939728.9641764206
2411142.1110305595 -5110272.042228389 2942983.923645184
2409359.732265657 -5110885.470003973 2943378.397868515
2408497.455672383 -5110212.513252407 2945251.954488473
2403141.123109517 -5110175.559573982 2949688.0331236166
2402511.9442129736 -5111153.892187241 2948505.2566161724
2400150.172861146 -5114706.0897665955 2944265.9124167273
2401717.4193290286 -5115956.128393259 2940814.059073944
2403197.415017356 -5114466.948331149 2942194.9321692046
2405706.9869827004 -5111924.401314574 2944561.7344568023
2404566.5584482932 -5109732.557987147 2949293.7886616616
2402616.5647579473 -5108828.567996862 2952447.3417098993
2397515.963288499 -5110484.113020333 2953728.2096265387
2393178.934388549 -5113768.298906214 2951560.497957096
2393391.3212659564 -5114919.720036192 2949392.351124835
2396677.5218987134 -5112641.516103645 2950673.5813774564
2397700.6217641146 -5109486.110594107 2955304.4536964167
2397045.7332892893 -5107626.939814544 2959047.109493244
2397372.189595371 -5104847.222587511 2963575.9512108457
2397509.713858312 -5103982.411018971 2964953.9153187536
2395560.4366412233 -5102609.477664858 2968889.9799157376
2396388.4226554334 -5101132.607065513 2970759.103814379
2397062.397228185 -5098866.932265416 2974103.0363531346
2396197.7764591053 -5098183.239589959 2975971.2484593084
2396934.810010201 -5096516.133802539 2978232.3305027406
2396292.5975484964 -5095381.534951049 2980689.484031198
2397048.9730333183 -5094680.760427727 2981279.116454457
2398961.6158712255 -5092284.35434073 2983833.812415352
2401894.0605666633 -5090441.127738336 2984619.7491212594
2404224.66316979 -5088015.197530862 2986878.9929793105
2406145.973244305 -5082891.739035064 2994046.4466486345
2407562.850326779 -5081526.754146933 2995224.1933810785
2410746.684633722 -5078164.382285983 2998364.208866151
2409845.773679377 -5075809.298827979 3003072.4781481843
2410264.866435345 -5075320.164265222 3003562.8017123677
2416479.529794782 -5071492.929473911 3005033.6351493495
2417502.288415368 -5068854.290170543 3008660.8101489516
2418127.4011425353 -5069254.13195057 3007484.566468417
2423378.1826469656 -5065465.503016766 3009640.9124043
2424182.3590926197 -5063740.771986628 3011894.799621064
2422432.6132524414 -5064170.11435773 3012580.668977507
2424157.2304794253 -5063461.372963871 3012384.710892212
2429134.2226274754 -5059792.113127212 3014540.047900454
2429025.905388782 -5060019.190765379 3014246.1644723536
2432973.5313169286 -5057830.350423219 3014735.9655944966
2434163.6775833988 -5057140.887103479 3014931.879615175
2439719.533352827 -5054229.179913114 3015323.696635484
2441820.291585286 -5053623.684951975 3014638.007206631
2443954.5354092848 -5050837.568660233 3017576.3592430884
2443889.31963034 -5050927.630938058 3017478.427499228
2445559.3281010743 -5051230.678393065 3015617.5497563593
2444742.924146353 -5051567.386878252 3015715.498959471
2446054.4235296543 -5050230.544341599 3016890.817734404
2448119.916764686 -5048878.470781095 3017478.427499228
2451993.065697251 -5048110.715839545 3015617.5497563593
2451843.4596901424 -5049820.917471539 3012874.599222739
2452873.7893803767 -5050372.49696769 3011110.893880046
2454130.7258384945 -5049820.262869557 3011012.9015345396
2456577.9453570507 -5051491.493678833 3006210.153611309
2460815.9469656292 -5051236.735163155 3003170.544690716
2460149.9096097467 -5049869.581978385 3006014.076357028
2460233.734172591 -5050937.218213549 3004151.1597961197
2463196.0128784454 -5050076.542156742 3003170.544690716
2462947.012435755 -5049789.721203279 3003856.9848718657
2463010.5260876906 -5052381.576956101 2999443.373230412
2465354.7482922166 -5053159.336042384 2996205.5486299195
2462761.1450252053 -5055005.496924687 2995224.1933810785
2464172.9759083246 -5057455.01313357 2989923.2991722776
2465640.48787956 -5057552.322198658 2988548.559543913
2463838.4045175184 -5059010.551859953 2987566.49341805
2463944.469522204 -5062145.739485423 2982163.50378723
2465876.489315141 -5062073.126618053 2980689.484031198
2464194.993405289 -5062660.437938689 2981082.5759456493
2462829.478018836 -5065695.333431465 2977052.6953771166
2464232.111054761 -5068130.453816671 2971742.72203073
2464247.923275872 -5067488.242222105 2972824.597511812
2461333.183959796 -5069365.969554102 2972037.789844729
2458300.310269749 -5073256.741973658 2967906.099347902
2457638.9096502927 -5077084.374008907 2961902.471211284
2456994.6220700922 -5077109.027654477 2962394.698285165
2452560.4796325555 -5078793.0905250935 2963182.2146771695
2448134.8072794797 -5082534.496545275 2960425.6546675726
2443708.59187299 -5088328.880927334 2954122.2922429796
2440513.837986199 -5094429.840804655 2946237.9068427137
2437176.262085014 -5098191.904636656 2942490.8106953516
2433412.713303633 -5101297.5767228305 2940222.202564634
2427801.155244125 -5104197.895129523 2939827.613645169
2421244.4092384665 -5108560.185095126 2937657.1185201844
2415632.722276537 -5113312.989558094 2934005.7637781342
2412812.53949603 -5115663.184744808 2932228.986538626
2407974.70713084 -5117206.730879569 2933512.2435842967
2400776.5671037855 -5121153.112387398 2932525.1361804605
2398030.0676729344 -5124134.248249569 2929563.278110299
2396717.525486589 -5125989.61840298 2927390.73836246
2392906.847243452 -5128333.34016396 2926403.0775985336
2388526.753396047 -5129924.057924488 2927193.213342586
2383890.551511289 -5130727.612918351 2929563.278110299
2374523.1204680526 -5135407.573308523 2928970.8100915113
2370765.9504289883 -5136692.680667997 2929760.760311047
2366720.3758377274 -5136642.669474259 2933117.4113442656
2363200.951486284 -5137022.66442141 2935288.8117040675
2360587.3956472017 -5137716.695937925 2936176.987136889
2355423.8121711686 -5139240.247260748 2937657.1185201844
2350827.8449980835 -5138918.120462283 2941899.0455768625
2349025.1929493495 -5137821.772645593 2945251.954488473
2347051.9433288616 -5137536.29047535 2947322.350772815
2344344.241483224 -5137301.692469398 2949885.149963556
2342102.1683108592 -5137135.594872052 2951954.659728388
2342255.19869637 -5136046.26613081 2953728.2096265387
2339185.0674610217 -5136198.60374522 2955895.485813567
2337232.4113571905 -5134761.951006103 2959933.3373914757
2333943.181947194 -5133475.013553856 2964757.074139539
2331609.996155138 -5132146.540482391 2968889.9799157376
2329857.270322527 -5129239.435103179 2975282.9978520833
2326369.868421193 -5129167.760892835 2978134.032564609
2323205.05737276 -5128375.200179084 2981966.9796270006
2322169.9536703774 -5126328.286867222 2986289.671404214
2322183.5874202456 -5125406.354339094 2987861.122812851
2321449.7986385548 -5125452.491094918 2988352.1536006946
2318886.00086528 -5124550.855753924 2991886.9032406225
2319513.1608596444 -5122603.934635481 2994733.4815398846
2321630.631327269 -5120381.61632214 2996892.4430004517
2321214.2772314227 -5119938.536453549 2997971.758058254
2319807.851600568 -5118736.7158353 3001110.9552317467
2322514.0819595293 -5115206.9548280025 3005033.6351493495
2326035.5990348454 -5111819.440732042 3008072.7048022887
2326464.329220268 -5111105.108762558 3008954.850450065
2322678.6210839264 -5109882.2609293815 3013952.272780527
2322198.9800168094 -5106224.51267168 3020513.8839938724
2321809.510767985 -5104895.2448807545 3023059.068973214
2318195.722008134 -5107116.672470238 3022080.2253149585
2315196.596140987 -5107376.322814315 3023939.949531556
2317666.280204461 -5103820.019782222 3028049.7385732313
2318327.203500886 -5101254.50688096 3031864.514376334
2314877.8260153765 -5102646.383692886 3032157.9005072033
2311158.597201378 -5104390.115563155 3032060.1060538553
2311205.784242378 -5104020.16571012 3032646.858918626
2313323.3315520445 -5102770.170939176 3033135.7942351215
2316515.6798898014 -5099867.587889098 3035580.124263388
2313791.9477452124 -5098833.526751222 3039392.1249202313
2312481.6130090095 -5099020.160998319 3040076.1811553217
2314371.015571929 -5098454.195255581 3039587.5741885337
2317532.291829962 -5096435.125295388 3040564.7649706053
2316851.9248654298 -5094702.967728861 3043984.203122954
2315920.651661416 -5094542.686493739 3044960.9768766053
2318877.337564834 -5093022.3859839 3045253.9909168654
2321013.740843679 -5090880.519902516 3047207.204456554
2319747.0184174147 -5091633.170950072 3046914.2460897104
2319943.2121856366 -5092770.557777847 3044863.303674716
2323207.5216611796 -5091924.717193306 3043788.8372442643
2325937.808176364 -5091554.0050402675 3042323.474953666
2329845.777049064 -5090467.565713791 3041151.034983721
2332287.7606937876 -5089932.9524534475 3040173.8997706175
2337503.6723189442 -5089348.950269248 3037144.1922122748
2339278.9084306774 -5089466.42564311 3035580.124263388
2344540.691642253 -5087102.984437887 3035482.3621554477
2348979.4015515973 -5085755.085058892 3034309.1447451306
2352685.0155898207 -5084450.349626523 3033624.7064529676
2355347.780560438 -5083917.493153547 3032451.2783252387
2358317.384230626 -5081256.539028656 3034602.461577817
2362641.107353074 -5079656.416339255 3033918.042694774
2366385.575148662 -5077737.849489197 3034211.370618922
2370223.010590897 -5077174.642107279 3032157.9005072033
2372127.5199309424 -5076168.2755037565 3032353.486642925
2375585.686097055 -5075251.91241391 3031179.9144144733
2378681.632538044 -5073100.336389045 3032353.486642925
2383490.4054827965 -5071836.672843364 3030690.8867406137
2385796.3285263707 -5071453.722658782 3029517.126163916
2388435.3006544868 -5071087.910430472 3028049.7385732313
2390708.58121431 -5069256.830271997 3029321.4864799306
2396153.332218924 -5067270.219109104 3028343.2326977276
2399702.626357558 -5066993.416095115 3025995.047302854
2402053.125088938 -5066697.665013379 3024625.027271718
2405081.983048823 -5065319.052382283 3024527.1617869446
2411083.529716281 -5063809.335275059 3022276.0014121896
2414685.115314557 -5064312.265835813 3018555.626120421
2416858.732422104 -5064092.396037235 3017184.6267527076
2421325.036299618 -5062308.624085867 3016597.0004451233
2427422.4884270476 -5059621.23740419 3016205.231194843
2433611.88624494 -5059157.405932735 3011992.7837103643
2435063.5413068794 -5061722.895281631 3006504.262624575
2432591.334958883 -5065180.351834762 3002680.20283047
2430879.5022181612 -5067280.435354961 3000522.4270390673
2430785.100222709 -5069125.309956922 2997481.1740008327
2430170.7756991675 -5072839.303459522 2991690.559234696
2426562.1750868014 -5078266.460997358 2985405.6276404685
2421254.0875532595 -5083798.102328137 2980296.377589227
2419351.0813785847 -5086661.373180372 2976954.3865546635
2418622.880365573 -5089939.131107693 2971939.434812024
2416601.8178363536 -5093480.743750855 2967512.5218049646
2413598.9320229837 -5096565.536839629 2964658.652195242
2412106.8701493964 -5098244.728926852 2962985.3409943907
2412057.301450293 -5100212.138832241 2959637.936205811
2411807.0097632403 -5101986.702311422 2956781.9732091017
2413445.287643236 -5103607.924031364 2952644.408207146
2416677.8400505665 -5106292.131563203 2945350.5537616806
2418425.1370968036 -5107908.864675364 2941109.975235392
2419578.938951924 -5108270.9758813465 2939531.662552476
2419149.624199927 -5109439.039845819 2937854.454160859
2418486.5260862266 -5112190.403402331 2933610.949410382
2414747.1588168624 -5115598.951170511 2930748.117762608
2410946.5808072193 -5117956.571898165 2929760.760311047
2407479.4237408345 -5120096.9001523955 2928872.062298784
2404393.1263225744 -5123747.798970106 2925020.2027749736
2398496.087379957 -5127694.097142396 2922945.5631184904
2393834.831101218 -5130322.139085405 2922155.1209025104
2390443.1150627085 -5134039.896193209 2918399.7426579036
2384902.7872989164 -5139477.319434958 2913357.612471825
2378251.619746576 -5145357.057643248 2908412.1067231195
2372981.2495605443 -5149521.5986578055 2905344.7806053655
2368254.0653004274 -5152980.411762441 2903068.4728715206
2364372.668165055 -5157101.959834028 2898910.5301664774
2358712.3848418184 -5162583.40206076 2893760.443153608
2352268.8610005085 -5167796.145265755 2889698.1168529997
2344147.8430336565 -5172924.011787567 2887121.2406603703
2337943.223037457 -5176284.01915063 2886129.976099316
2333033.039487659 -5179382.692552701 2884543.769947774
2328294.967835264 -5181900.641113559 2883849.7340152576
2325235.639936487 -5182832.765489796 2884642.9144236455
2325425.5335942637 -5183740.522529989 2882858.179444206
2324244.5185953886 -5187409.937855392 2877204.642429594
2320190.981232731 -5190983.468221949 2874029.4784940374
2317273.6916071726 -5192725.789734374 2873235.547394746
2317757.3567542043 -5194540.467541589 2869562.887668534
2316875.3085708045 -5198658.348225851 2862810.015169818
2313635.478241718 -5203596.962509448 2856450.6867060848
2309901.4951582146 -5207925.778475009 2851579.4164920803
2307303.8060899703 -5210654.896711937 2848695.43717377
2303719.3292108066 -5214847.580705542 2843920.3508941783
2298563.83048951 -5218694.152136498 2841034.435486784
2291374.529955369 -5222125.477860699 2840536.7902827756
2285178.715838106 -5224352.627802736 2841432.536072458
2280249.7824330796 -5225748.1301418375 2842825.779050305
2273685.508440405 -5228120.514786559 2843721.345627243
2266872.0593938315 -5230916.09055923 2844019.8522282
2258540.1914442726 -5233707.7808000585 2845512.268260989
2252757.671399018 -5235874.94207638 2846109.1800718987
2242014.9591133003 -5240862.146150232 2845412.7799252197
2235865.43777464 -5243434.625828858 2845512.268260989
2232956.0570810023 -5244728.244531217 2845412.7799252197
2229216.308854209 -5246103.024946689 2845810.7280674195
2227950.7511554337 -5247449.815711237 2844318.3510321146
2224996.643068016 -5249403.863815909 2843024.799907778
2221616.2693416458 -5251374.06379363 2842029.660983868
2219411.5052544456 -5252036.98130409 2842527.241269364
2212409.018993432 -5255152.079059341 2842228.6956954743
2209074.2701726854 -5255693.565020244 2843820.848693849
2208122.8764538136 -5256254.853225699 2843522.336895319
2206479.98519148 -5257482.853761007 2842527.241269364
2205218.6130620786 -5258334.806259854 2841930.142329452
2204629.591951839 -5258474.2172478065 2842129.178772552
2205196.6318871747 -5259311.857548958 2840138.658544401
2204309.7044728706 -5260543.353241931 2838545.993185395
2204631.2367102047 -5261053.072631665 2837351.348894696
2205017.6639169785 -5262232.88504434 2834862.1069413666
2203325.2007157016 -5264121.326776482 2832671.127552248
2202593.685735026 -5264695.383126163 2832173.1194350147
2204096.9634031616 -5265191.135666213 2830081.249861724
2207582.1625871533 -5266032.181650873 2825796.7119459193
2207672.2513862588 -5268825.995790617 2820513.580279334
2207572.629696945 -5271427.398345191 2815726.7744915453
2206393.1749407253 -5273518.512953116 2812734.0171291973
2209400.653699038 -5272950.997149418 2811436.9160796073
2212470.69424548 -5274852.944134994 2805448.4213500186
2211742.2792640175 -5278022.61005561 2800056.145483118
2210528.329174583 -5281072.0386150945 2795260.9232188743
2210938.3653222136 -5284122.993236623 2789164.164600995
2208177.0596513697 -5289965.167742968 2780263.22446195
2204362.0405469504 -5294076.988809805 2775459.931389786
2203328.8531557997 -5295241.432394521 2774058.6038336633
2206181.3685605647 -5296883.163283 2768651.932537803
2202891.2939954675 -5302015.128344608 2761439.212737424
2198373.179225359 -5304985.248215764 2759334.6808743062
2195557.2481799047 -5306568.1798306 2758532.8569321125
2194295.971440849 -5307714.8896194715 2757330.0201880476
2190862.2420747373 -5310694.093716703 2754322.39928694
2186407.2229022537 -5313569.058779156 2752316.8991280138
2183250.6563971867 -5315386.03646848 2751314.0232727267
2180422.089548992 -5317740.170989138 2749007.0907975514
2177593.152100715 -5319832.118733936 2747201.3563644877
2175131.5684723537 -5322029.931821127 2744893.6344847702
2172931.04686532 -5323808.15042305 2743187.6426992537
2170592.3695570957 -5324451.838526058 2743789.785030368
2170796.3057330265 -5324420.410745951 2743689.430064519
2170953.7943134867 -5325338.411581249 2741782.5269508837
2170351.959106703 -5326255.3199111065 2740477.6300346507
2169823.014128751 -5325489.1820481615 2742384.7394640357
2171593.965713118 -5324250.271489731 2743388.360152442
2173790.1691237874 -5322991.896996058 2744090.844912954
2176332.315368968 -5322315.187816373 2743388.360152442
2176637.9944257443 -5321206.94520149 2745295.009204238
2180176.3522336716 -5318463.040088325 2747803.2979774107
2183481.172870573 -5317003.41562672 2748003.9384858143
2184561.4846581877 -5315937.2720490005 2749207.7112121307
2185035.7294237018 -5313925.416346711 2752718.0259965365
2188753.8866746007 -5310314.9708453575 2756728.556456456
2190310.1046157144 -5309881.4493766185 2756327.5638400377
2188758.6149068377 -5309011.390406849 2759234.4558231067
2188506.074453759 -5306821.687359012 2763643.5625194223
2190492.055916726 -5303756.540126019 2767950.8875766187
2192159.597449428 -5300974.963083 2771956.3019783627
2191937.4042710485 -5298866.304276001 2776160.533032248
2190692.681381701 -5294549.150123036 2785364.5852333386
2191060.696834995 -5288122.081841142 2797259.1711046454
2193139.633203407 -5282707.445280978 2805847.750118552
2194177.229774666 -5277921.652052643 2814030.9733782737
2194597.180004156 -5273218.71702873 2822507.4986429503
2196727.3054983816 -5268484.18893544 2829682.75540123
2200662.118210441 -5263948.599536424 2835061.2661655243
2204405.4283922412 -5260771.7965622 2838048.239859665
2208033.439456362 -5257583.773997555 2841133.9619314214
2211831.2777216206 -5253779.765793731 2845213.8006534246
2217746.4662095048 -5250908.175879935 2845910.2129358365
2223092.3660616577 -5247459.8951412365 2848098.6606581435
2232229.898367295 -5242768.7738412125 2849590.5433712127
2242871.6828848203 -5239576.95179989 2847103.963728894
2251498.446257981 -5238739.777633644 2841830.622809335
2259197.6140106437 -5236989.887529959 2838944.180282092
2268562.395216073 -5236068.986361405 2833169.114097457
2276445.833191164 -5235716.875884506 2827490.7893969854
2285281.16474427 -5234287.778510526 2823005.924506785
2292678.5527432156 -5235027.267459394 2815627.0283451793
2298992.6656800667 -5236009.939252163 2808642.6684791744
2307475.6318791644 -5236449.903410633 2800855.158224828
2317733.620127516 -5238159.517333949 2789164.164600995
2326083.4702059706 -5239720.9408926265 2779262.6992074433
2335673.688246348 -5239854.711209971 2770955.0749596017
2343465.119839109 -5239127.209168541 2765747.334491587
2351215.107048033 -5237557.407807172 2762140.64093654
2357086.7147872113 -5235710.424260581 2760637.530039524
2362433.5949457497 -5232453.921676768 2762240.841599645
2366743.948981809 -5229341.0371472435 2764445.0432529463
2370696.8053314043 -5226172.09952865 2767049.483348604
2374876.6780882725 -5223265.697734 2768952.367728227
2378538.999806012 -5219951.765154117 2772056.420036618
2381296.872009694 -5216831.680572663 2775560.019875313
2384223.2241960387 -5212882.53722917 2780463.3193508275
2387901.5733439787 -5209382.497088568 2783864.413912542
2390070.757261327 -5206675.90475729 2787064.548607391
2392479.639471078 -5204016.093469607 2789963.919771306
2395205.961249485 -5200615.965389365 2793961.8794343206
2400601.6861653808 -5196568.984314609 2796859.548786704
2406392.8429590017 -5193620.769113417 2797359.074553972
2412056.514172522 -5191584.910497209 2796260.089751236
2414329.486088578 -5191496.787758329 2794461.528684591
2416960.8385402323 -5189572.664084873 2795760.517130522
2419842.7299633636 -5188660.163764804 2794961.1566538196
2422386.0687063164 -5187257.896771894 2795360.8437042953
2423440.623162914 -5187626.659310009 2793762.0137763736
2422973.6518700607 -5186391.003215817 2796459.9128372087
2423460.156607643 -5184600.510583111 2799356.964553931
2424246.8781502815 -5181803.529107346 2803850.9695611964
2425718.3555655326 -5179060.096426668 2807644.5603162525
2426748.8845846173 -5176790.362124432 2810937.9925183174
2426478.116254347 -5174802.652544197 2814829.028299997
2425851.423395438 -5172761.510386454 2819117.632926086
2425589.1575489836 -5169620.241024619 2825099.0783279394
2428514.662296633 -5165301.736595471 2830479.730528745
2432621.073826428 -5162331.132561957 2832372.325270308
2434794.6506543346 -5160868.994662553 2833169.114097457
2433950.1177753494 -5159078.895629372 2837152.229411204
2436338.7771633416 -5155045.972636007 2842427.72694391
2442701.886760396 -5151045.293205488 2844218.8522971985
2447600.831255825 -5149763.2477145055 2842328.2117526033
2447827.872628015 -5149545.473983794 2842527.241269364
2448084.333788647 -5145683.448647825 2849292.182449955
2455138.2022066354 -5139453.307557921 2854462.665283524
2462494.590267319 -5135711.642531257 2854860.2974003977
2463948.724357747 -5133687.187051008 2857245.7978347144
2467184.0493862857 -5128033.009678851 2864597.933061105
2474551.200271794 -5121592.19699207 2869761.440423815
2477624.0518549215 -5118826.055362472 2872044.5457221353
2475800.2519519264 -5116196.520573276 2878295.8978028432
2474632.147748943 -5111507.186622255 2887616.8399627567
2475810.4727510256 -5107348.364118616 2893958.567524981
2474416.846507205 -5105608.50833613 2898217.3882107353
2469748.6230317587 -5105281.597656703 2902771.528670583
2464082.5188504104 -5104245.4800083125 2909401.385183991
2460350.96615496 -5103111.424130863 2914544.2038585446
2454880.0787391434 -5103599.1867080545 2918300.8995719734
2448516.625423218 -5104959.68933404 2921265.805314642
2441089.1934379367 -5105461.132839637 2926600.6168837487
2435864.732551524 -5105520.615448957 2930846.8485980965
2430815.582705613 -5106169.401537621 2933907.061526745
2424943.381084919 -5106918.899250981 2937459.7793000643
2418786.653196637 -5106828.675048707 2942688.0585644967
2413190.6022588816 -5105836.106619052 2948998.0958818244
2409841.978921288 -5104284.262774936 2954417.8447567057
2406820.2975239814 -5104112.801508928 2957175.9441905473
2400575.0188551233 -5104256.178726196 2962000.918430674
2395542.1450321944 -5101644.640839766 2970562.36931081
2396889.616419829 -5096882.0012436155 2977642.5292666806
2400157.673032867 -5095745.94391777 2976954.3865546635
2397177.0642410247 -5097493.246590966 2976364.5145775196
2393646.935866906 -5096452.484204925 2980984.3043290963
2395740.5075931926 -5092361.183060528 2986289.671404214
2402493.7224212415 -5090100.534478416 2984717.98711856
2403693.6101065516 -5091721.772257053 2980984.3043290963
2402471.778533989 -5091205.006418639 2982851.3097312655
2405779.426350413 -5087856.800043823 2985896.7721602335
2410219.943979615 -5086446.6338509675 2984717.98711856
2410065.1274389387 -5086808.1897239955 2984226.7880406855
2408706.434922493 -5085087.2799858 2988253.9492636146
2411273.9359442214 -5082022.113224266 2991396.0363909733
2412115.218637831 -5081276.069031855 2991985.0738765295
2408784.6557090376 -5081583.966965368 2994144.597226597
2407198.8749627075 -5079383.766999343 2999149.0666390415
2406549.585960156 -5078242.737838972 3001601.3702523424
2404459.552326717 -5077724.989630734 3004151.1597961197
2401726.7882697703 -5077451.431219257 3006798.363395339
2398858.316808586 -5076658.500189182 3010424.9282011995
2397498.3650157074 -5075615.000144938 3013266.4933674065
2394457.6994140535 -5075828.634836413 3015323.696635484
2391187.5886266837 -5074633.699212724 3019926.4452652293
2388955.968997898 -5072652.725540753 3025016.4799969746
2386856.861855465 -5070720.899656114 3029908.3944575237
2381138.041010635 -5071889.379140249 3032451.2783252387
2375414.7028043633 -5068894.512772164 3041932.676455727
2376993.513237429 -5063750.630184195 3049257.6790649146
2376980.6996146413 -5062345.076345539 3051600.577018491
2372462.146408419 -5060754.953868029 3057748.1355990344
2372310.8511973596 -5054921.833536696 3067498.5708432314
2377346.824232196 -5048230.721022398 3074610.4899057974
2384351.61956429 -5043679.166188911 3076655.460533904
2388225.6120400624 -5039348.652037025 3080744.161596104
2394001.9415583718 -5032912.12545603 3086776.8369696597
2403254.3917761394 -5027007.174091102 3089208.3451987
2411317.498194537 -5022905.259839339 3089597.3319478277
2418334.44648617 -5019770.0450213 3089208.3451987
2425366.1447516466 -5017334.318284156 3087652.2476568827
2431170.0049568783 -5015482.573530934 3086095.9093335853
2437275.440268457 -5013356.769319685 3084733.9158800533
2442309.4933338296 -5012582.522187524 3082009.376532072
2446434.3815378738 -5011049.447444152 3081230.801497847
2453896.6422972605 -5007698.840756476 3080744.161596104
2462998.7510353765 -5007239.1452367185 3074220.924853519
2467379.6691390076 -5009741.677202784 3066621.413871773
2468476.3124695974 -5011526.937413799 3062819.5262457705
2471026.785528143 -5010746.6379933255 3062039.476401478
2476199.895395906 -5008669.101352791 3061259.3668611497
2485846.682134061 -5007047.375351059 3056089.6344697
2491472.4118904714 -5010911.01542639 3045156.32049771
2489363.061146157 -5016108.234884082 3038317.0877525494
2486972.299096061 -5016346.764642071 3039880.7411465785
2493049.1334531293 -5013862.645880313 3039001.2152736424
2501610.163817148 -5015042.368749563 3030006.209223593
2502195.1704015774 -5019943.496114551 3021394.979977997
2501244.2031972036 -5020888.65310005 3020611.7872284665
2508855.1115440866 -5017502.495711071 3019926.4452652293
2519320.012674728 -5017615.866178793 3011012.9015345396
2525722.584428967 -5020094.066067558 3001503.2890767837
2528098.156775867 -5022413.863692265 2995616.7464310583
2532568.338456561 -5022560.46333775 2991592.385864736
2537308.018945264 -5022798.289063377 2987173.641484215
2541263.2459621085 -5022783.8789469125 2983833.812415352
2546561.0628984645 -5021500.839542489 2981475.653330666
2553212.9291847516 -5019405.893261778 2979313.5479389788
2560482.9687368586 -5017218.469255672 2976757.7661892916
2568216.765907761 -5013555.93900901 2976266.199407871
2577725.334794195 -5009257.847331527 2975282.9978520833
2588473.6494918545 -5004997.981938938 2973119.635445819
2596470.738258241 -5003541.292817237 2968594.825239967
2612783.4189773663 -4996094.553004231 2966823.7263036715
2620114.474812253 -4994182.487683448 2963575.9512108457
2625406.806238514 -4993037.956598342 2960819.4922562805
2630915.563739002 -4989553.208984335 2961804.0230896464
2640601.5373464697 -4985545.021275208 2959933.3373914757
2645938.8330576937 -4985519.683364603 2955205.945192553
2648588.01645051 -4985047.060241615 2953629.686722961
2651936.552038443 -4982740.872223686 2954516.3604613864
2658018.266530217 -4979908.3861349905 2953826.7316303593
2661204.4283687063 -4980017.652560214 2950772.1312597897
2660707.1748872963 -4980341.729807745 2950673.5813774564
2660653.337962807 -4978150.2602644 2954417.8447567057
2663728.019760093 -4975335.576846886 2956387.987816659
2664780.6126812194 -4975006.012970905 2955993.9880151395
2662760.957608402 -4974155.174860492 2959244.055336595
2662785.3304967904 -4970447.192173064 2965446.002460676
2663460.2188267433 -4966499.7281179065 2971447.6460695295
2663182.3589904574 -4964941.287029396 2974299.705663993
2659320.8179479633 -4963355.869200656 2980394.65556157
2656957.3826788617 -4959776.500026052 2988450.357027471
2654947.295293186 -4956232.057091816 2996107.417211676
2652995.044051411 -4953833.8573232945 3001797.5298604094
2649471.181275231 -4951198.301699574 3009248.8825019575
2646981.063956425 -4947997.967183913 3016694.9404604984
2645221.974425661 -4943257.597952408 3025995.047302854
2645327.3602993926 -4939723.445942401 3031668.9190045777
2643521.412590848 -4937386.396938769 3037046.4449029565
2640297.4838131284 -4934054.957920004 3045253.9909168654
2641660.283665935 -4930187.545722513 3050331.57373172
2639722.3022561497 -4929050.18581501 3053845.3517964054
2636071.7709741993 -4927191.721594702 3059991.5615768596
2634508.5885029 -4923236.961924695 3067693.48433688
2634628.4987004506 -4919951.372552937 3072857.32918889
2633396.7028447385 -4917444.86173436 3077921.1876279074
2631260.1677712617 -4915722.6950201485 3082495.955417329
2628728.1301721954 -4912434.732531788 3089889.0621277527
2630231.4453119747 -4908446.075775114 3094944.371923342
2629414.609650828 -4906921.725588116 3098054.0649746787
2626263.327435663 -4904741.495599038 3104173.4481686857
2627815.405977769 -4900033.575527414 3110289.07833499
2628190.3195097754 -4897243.412755811 3114364.076445611
2628280.370066784 -4894540.50073148 3118534.3645726983
2628365.8851156263 -4891217.289368254 3123672.0701996568
2630812.826813721 -4887175.625935342 3127935.30488338
2632527.1597179025 -4884639.380055478 3130453.6221063603
2633586.6551868212 -4881707.914987 3134133.0798763433
2637019.9048302053 -4877676.704580525 3137520.834531903
2639647.584219528 -4875009.394409015 3139456.1687572356
2644162.589837698 -4872374.935976836 3139746.435903308
2646961.9149647458 -4871041.83775692 3139456.1687572356
2648831.5906313425 -4869214.331780663 3140713.930885019
2653065.9706927794 -4866471.389365597 3141391.1204493567
2656792.046672234 -4865624.774802266 3139552.9254289656
2657964.137193803 -4866357.768088342 3137424.0577833685
2657857.468642846 -4865355.039225753 3139069.1325072804
2662035.2138480945 -4862508.270162581 3139939.942551965
2665625.3362619053 -4862415.222502284 3137036.941232389
2668112.2090111095 -4862923.819858859 3134133.0798763433
2667910.2010355955 -4863159.4287348585 3133939.458559698
2671714.12396535 -4860633.72133718 3134617.1164599895
2675652.6215652283 -4860963.390138468 3130744.1556991935
2676855.2616057033 -4862545.567804635 3127257.186327562
2676845.9201216777 -4863734.120959743 3125416.3435516697
2681820.7601804216 -4861117.404392898 3125222.550631198
2686341.6495520594 -4861485.365305519 3120764.2629333893
2690037.347387459 -4861556.862076763 3117467.713779081
2691427.259012563 -4862465.9890167415 3114849.083840108
2695350.852481143 -4860540.809858828 3114461.0798220076
2699306.8499516924 -4860271.642064345 3111453.5341459033
