4822056.855822275 430357.10929403035 4141521.6331316535
4826193.180122803 432764.0360262548 4136449.646406736
4829376.330658007 437638.0355862525 4132219.525471561
4832235.820519283 438832.5199348182 4128748.477969806
4834756.223738004 437359.8940828665 4125953.1723075164
4836159.74719313 437827.2517956114 4124258.3814807218
4839333.332214237 439477.0702130016 4120358.455823624
4842099.814840955 439217.0638875565 4117134.774804825
4843941.64813072 441174.1976445334 4114758.271981157
4848503.860264745 440139.2385289192 4109492.519485229
4850666.763751565 436921.4885625964 4107282.8682558704
4852211.672819856 438938.9423343841 4105242.43949771
4857216.163852963 438451.523386951 4099372.195744755
4858612.622974599 434901.7679036874 4098095.268798193
4859508.570434828 437717.9100703576 4096732.903799574
4862696.371698469 438176.16757973033 4092899.539792747
4863159.014031559 437019.9399214074 4092473.454569338
4863704.2690582285 439721.8355119803 4091535.9573781993
4866035.085881972 440103.80752024276 4088722.561090666
4866459.501588048 439371.5295946675 4088296.1705807275
4867743.890383003 441800.1588097082 4086504.9904918335
4870040.791936654 442522.8227665059 4083689.1698810486
4871344.070063991 443927.1222886797 4081981.952575108
4871846.056787522 449374.7739051292 4080786.6045091837
4870151.16523429 454533.8194802445 4082238.066883874
4867523.712739069 456602.44643456367 4085139.91337296
4863252.390301966 457828.72858678806 4090086.80146312
4859894.432734681 457683.7553005974 4094092.412587727
4856059.203027675 456467.52494961134 4098776.3314624266
4851831.0678275265 454788.6836751092 4103966.80572159
4848041.29991358 453750.59505514236 4108557.7702910975
4844024.989664962 453545.2601476137 4113314.9157946804
4840297.799932461 452514.5351076847 4117813.5950386655
4836176.545585446 451788.66568256525 4122732.6400689613
4833754.730300757 450626.3268603502 4125698.9857278
4831234.382370481 448945.49351768463 4128833.1628259663
4829121.597621373 449089.2113901031 4131288.476444101
4828250.786368366 448328.2569893975 4132388.790750224
4826373.775427215 447474.27630799933 4134673.3791088127
4823838.800493597 449786.83895287913 4137379.850383242
4822444.222070586 452288.81617896794 4138732.602111116
4819441.153622245 454892.3948823402 4141944.09376207
4816018.432479298 459573.2717029519 4145407.0808493444
4814030.799016148 463623.24346575176 4147264.3940605302
4811089.20151999 465458.7412116689 4150471.040164887
4807877.991771354 468536.24466002913 4153844.484773176
4805668.64668275 470268.455936101 4156204.691499429
4802879.629507471 471942.0695414219 4159237.7844334813
4800608.549098206 474256.9014446401 4161595.7215661095
4798624.479249607 476598.1002572283 4163616.0195168857
4796922.287294291 478289.1650865763 4165383.180959477
4794266.498647417 480728.75726869435 4168159.018305557
4792507.1576460935 483678.53128568846 4169840.671090957
4790535.864450641 485084.4172190181 4171942.0225577727
4787796.256968692 488268.462924877 4174714.5902288407
4786025.312504766 491970.6076371001 4176310.2889135093
4783915.950342389 493947.6927164981 4178493.1323288945
4781207.678826194 498138.37187254505 4181094.628730807
4779427.020756817 501831.9981869212 4182688.4893397614
4777885.202614857 504621.120482289 4184114.1852723365
4776006.462634901 507794.4191957146 4185874.830510743
4774925.546889986 511725.30776249705 4186629.220632363
4774412.0659581395 514451.89721410506 4186880.661051391
4772525.801636508 517619.43870708044 4188640.4225460053
4771899.602231782 522018.0198219192 4188807.9895360875
4771707.444110696 524441.215199322 4188724.206679025
4771632.677350897 526455.9715040466 4188556.637137051
4771002.289086058 528830.7736151285 4188975.551422235
4771850.03403322 531791.3918852961 4187634.9134342945
4774093.4945651 531450.9093850813 4185120.3371068025
4770838.908601755 532943.260380724 4188640.4225460053
4771258.859765608 540326.6829278148 4187215.897087755
4773859.695895742 541380.724172028 4184114.1852723365
4771562.3792970255 543482.1418019622 4186461.5873097004
4772481.8223321345 549578.4210045133 4184617.284134302
4774449.895694998 549720.6211194923 4182352.977955593
4772725.572966995 552560.8524631057 4183946.4754549763
4773590.231267539 557136.3134216846 4182352.977955593
4774164.857480655 557879.06974665 4181598.0028136764
4773282.391963773 560393.9752347523 4182269.096924443
4773107.464923634 563751.9029472498 4182017.4461871427
4773944.747187262 565371.551728185 4180842.9244949655
4772630.349776458 567158.7090969287 4182101.331040192
4772777.509916453 569626.1789106721 4181598.0028136764
4773205.162958885 570353.1885572195 4181010.72859246
4772765.850850403 571568.08221041 4181346.321503941
4772865.868170595 573185.5649324168 4181010.72859246
4773315.24582954 574338.2123718645 4180339.481637917
4773639.485867354 575306.9885769067 4179835.9929383155
4773906.854209069 577959.8301489864 4179164.603371088
4775122.329124 580052.0304630934 4177485.7730286806
4774642.700716721 582784.5391436454 4177653.6789719258
4774586.279862244 586245.4798659184 4177233.9045698647
4774092.404948214 588468.6271660934 4177485.7730286806
4772500.960851359 589456.3568263819 4179164.603371088
4769284.924887475 592862.440222901 4182352.977955593
4767297.322090265 594643.2485365066 4184365.7404391575
4763712.86742636 596222.716953509 4188221.4827424185
4760507.667119369 598859.7663350508 4191488.3671033652
4758037.181471876 600320.5763949658 4194083.7360844375
4756427.117005957 601382.5289990365 4195757.516161429
4757454.59199175 601428.078160569 4194585.923775635
4757302.597962039 597950.5161267667 4195255.435809286
4754705.929369396 599225.8344699882 4198016.308272665
4755677.756985615 602637.0965087677 4196426.885056351
4756979.676793799 599343.7036418278 4195422.80103873
4753345.386527016 598885.8103699207 4199605.269846191
4752151.553995521 605392.8839404503 4200023.340879454
4755093.256294148 604333.9300217606 4196845.199071604
4752000.874935575 602508.2463117783 4200608.5865905
4750433.015309672 610735.6853103891 4201193.769602196
4754721.335312047 611287.0097995547 4196259.550501939
4752663.8981878925 608324.4284613453 4199019.916670871
4751260.582152706 614635.7751985107 4199688.8866114905
4755471.735129906 615771.2637256314 4194753.309451022
4754751.287140558 611628.29444834 4196175.881307339
4753115.265808341 617996.757070267 4197096.172139773
4758261.396892116 618159.1529002094 4191237.137234302
4757723.717403923 613192.458352213 4192576.897073226
4755616.615642857 618068.7696550302 4194251.137092139
4760291.984942976 618422.9523186754 4188891.7711171666
4760681.399344894 612560.0451640352 4189310.659881907
4757759.277236215 614632.2009272643 4192325.7170043504
4760566.8121881485 615163.8421200756 4189059.330451269
4761259.616448219 610353.7452708399 4188975.551422235
4760790.417115832 611138.1859193571 4189394.433806546
4763836.66909768 608064.443622475 4186377.7687354526
4763806.631162916 603667.1833612459 4187048.2816204694
4763226.600599032 603593.6821795496 4187718.7128768247
4765034.849102698 600358.5948402579 4186126.305361349
4762137.606636003 595856.7253095746 4190064.5792596657
4759689.645371273 597153.5774924421 4192660.6212086217
4760354.3198325755 594789.765974959 4192241.987760581
4758329.258848559 590319.9485600215 4195171.75127763
4756076.607405075 590630.5003175784 4197681.731216511
4755865.0418793885 587570.1820974493 4198350.864868197
4753520.968071416 584416.9377636667 4201444.543125652
4751572.6510023065 582830.504417363 4203868.093240737
4750294.802387455 579980.9649058906 4205705.930133201
4748539.45450407 575561.4403024816 4208294.556878727
4745474.341487198 572752.8853916557 4212133.474447621
4744505.800540502 569107.7316666582 4213718.322146696
4741330.344944933 562180.384694626 4218220.095629076
4736775.1604402745 561807.9455561148 4223384.177617048
4736809.124878362 562147.3202992703 4223300.925194585
4734587.655441191 556437.5472616521 4226546.816130318
4730489.469164346 560308.9251215397 4230622.210804738
4731989.447555859 562077.8566289928 4228709.655593224
4730557.602649035 558475.1919525039 4230788.487739966
4727114.684410944 562419.1863798096 4234112.943606759
4727973.6770219 565199.5430891046 4232783.408807954
4726996.787935634 563409.2186216866 4234112.943606759
4723670.403135208 566943.02910943 4237352.301176843
4724054.802350433 571171.5057064706 4236355.784805947
4723287.130721845 570744.1235537286 4237269.265244574
4720083.291700241 575038.2349466496 4240257.745439734
4720060.968028204 581306.7666591001 4239427.77991712
4719890.489360707 583292.9250597866 4239344.776261721
4717482.10943782 587677.0715197872 4241419.4801674625
4717560.470779135 595380.9341761728 4240257.745439734
4718622.378976516 599364.0362540134 4238514.668686107
4717982.017786438 603801.5753556616 4238597.685254149
4719095.8351351 609637.4554747713 4236521.883773622
4720635.956561769 613857.6034078656 4234196.028569591
4721755.526574826 617271.8233755175 4232450.97352902
4722893.664049918 620522.908733549 4230705.349916725
4724478.842612416 623751.149408127 4228460.14162599
4724883.13345527 626321.7658952946 4227628.34468165
4725954.94256771 628898.0589865857 4226047.575716906
4726517.239507187 630819.9707402872 4225132.181264462
4727162.6998908585 632669.660550762 4224133.391522946
4727468.492857108 633718.4693079885 4223633.927165242
4727809.240061469 635612.2110698555 4222967.90264007
4728203.109425001 636001.2235343605 4222468.330217119
4728171.38800479 637341.251572082 4222301.795785966
4729020.497675176 638212.0548169893 4221219.196589335
4729580.997518994 637363.1695910958 4220719.462124441
4730766.23019807 637943.2322812796 4219303.29647017
4730871.209459276 636612.307191126 4219386.610615591
4730967.842409871 637550.0622261609 4219136.664323535
4732454.284143048 636993.5204328537 4217553.402557301
4732923.790407772 635711.1398703567 4217220.025186837
4733586.6033597365 636304.816834234 4216386.491839521
4735395.175270839 634444.512912841 4214635.653773224
4735980.887757531 632840.2205479944 4214218.7041078145
4736970.335325071 631541.9082066014 4213301.301880635
4737587.927383502 629688.7567562336 4212884.249528449
4738335.6928756265 628525.7807882043 4212216.899033741
4738890.072827623 626579.4811971146 4211883.192990823
4738729.6719348 625548.4727974868 4212216.899033741
4739370.754551575 624623.2197485913 4211632.899986908
4739901.7530873595 622841.6915505662 4211299.158020694
4739259.840769822 622084.2025837168 4212133.474447621
4739959.219495048 621839.394359903 4211382.595436564
4740346.235655553 619449.7298089878 4211299.158020694
4739358.175382533 619068.2260021387 4212467.165093316
4740070.915425468 618151.6568248412 4211799.763272497
4740099.979890822 616220.3898846834 4212050.0485784095
4739572.754224768 615142.4471465071 4212800.835207957
4739607.1265996685 614305.7752949594 4212884.249528449
4738755.531344187 609991.0594102277 4214468.877758437
4738922.727770118 609844.4217548252 4214302.096608447
4739440.288601562 606968.1516071169 4214135.310323458
4739069.099085993 604650.8895265843 4214885.8081664555
4738601.259241529 603666.6654210797 4215552.830053728
4739178.001999079 600294.1301028392 4215386.082286187
4738240.0992953945 597150.6796837819 4216886.627262153
4737864.269957116 596011.2845171812 4217470.060141732
4738643.737764353 592161.1003037108 4217136.67763256
4737427.010280357 588230.5527190228 4219053.346322371
4737715.367641805 586503.2021928452 4218970.027036009
4737908.704242704 581322.3504606445 4219469.923475712
4736840.979849218 577918.8133272328 4221135.910726346
4736907.66537256 574319.3524468846 4221552.327182463
4736163.256458611 570035.7019021547 4222967.90264007
4735857.825797824 566393.5576923743 4223800.420431117
4734500.091191797 562208.4810148393 4225881.151946876
4734031.977325842 559890.703115415 4226713.219301886
4732495.810290028 555270.5981238949 4229042.32284881
4730265.355778873 554004.5771659325 4231702.9187311055
4729214.816193272 551538.8409068992 4233198.923895391
4727160.076292399 549375.8861632502 4235774.3977706805
4725390.834949392 548585.1658915009 4237850.489663371
4723943.269652168 547581.5348026417 4239593.78335368
4722086.142726424 547533.3110655508 4241668.390379507
4720851.995447531 547891.2289408497 4242995.715096676
4719236.150366783 547035.9034400999 4244903.164669222
4716999.949882082 548946.0735814167 4247141.471756266
4716567.936378698 550731.4392541861 4247390.114333908
4715075.814114504 550724.0430388759 4249047.4339046115
4713197.502329577 554007.0435302932 4250704.235741775
4713152.892698863 556920.8903913711 4250372.916802716
4712349.320062758 558660.6972791575 4251035.533963415
4711447.408277137 562473.2970174599 4251532.442447188
4712404.5267740665 565090.2950236647 4250124.414003589
4712545.52468345 567026.2350119202 4249710.216778808
4712630.103780524 570040.5406430492 4249213.137389668
4714451.775444837 572264.670738969 4246892.817534845
4715746.042916144 572672.3312818832 4245400.647725125
4716411.62888288 575175.7030212034 4244322.708936302
4719755.481354999 576503.1181659091 4240423.723045189
4722213.122519501 575297.7079430681 4237850.489663371
4723477.181962474 576539.3653921597 4236272.7333863955
4727211.02047307 577664.9992529635 4231952.281932776
4729701.768726116 575539.8535054197 4229458.127932703
4730800.768136596 575673.5866646417 4228210.616066193
4733666.701698038 575938.4902195449 4224965.729176848
4735228.742177131 572857.9305188156 4223633.927165242
4735122.354094225 572509.6506811734 4223800.420431117
4737154.537003812 571664.847176117 4221635.606615913
4738190.988205213 568601.9265255443 4220886.045422494
4737880.97857395 567474.2817969059 4221385.764457714
4739565.349129682 566417.4490256289 4219636.545339958
4740374.397661367 562738.2354113412 4219219.981039477
4739161.659970148 559826.4306481916 4220969.335142901
4739786.002829039 558306.539895876 4220469.577534639
4739720.541493791 554441.1037532046 4221052.623577527
4737652.321509548 551181.9017902322 4223800.420431117
4736825.182411577 549996.4020829404 4224882.501202531
4736035.782205525 546554.0629560186 4226213.994337624
4732697.768640975 544578.5825972472 4230206.495914486
4730899.008074462 544706.2589382799 4232201.633532308
4728810.854160499 543462.327931648 4234694.511259693
4724511.802988033 543302.4483185605 4239510.782281114
4722843.4339075275 546785.762975979 4240921.624859781
4720886.293967246 546308.6789704419 4243161.607423617
4717057.40951653 548452.1074927348 4247141.471756266
4715042.782271665 553556.5154510135 4248716.011402693
4713071.680801287 555076.4198521428 4250704.235741775
4709480.2488887245 558904.0284546237 4254181.83347917
4707909.145052003 564551.2291244762 4255175.013043502
4706486.940802344 567047.2603770782 4256416.225013226
4703924.820097698 570903.5456849964 4258732.373417369
4703220.4571384415 576066.398391917 4258815.074195901
4703324.260157197 577662.2569101979 4258484.263298172
4702064.965722179 580590.1006138297 4259476.633718901
4702319.954631664 583371.4152018653 4258815.074195901
4701480.361294829 584100.4653972135 4259642.010625048
4699193.881187248 586814.7968800202 4261791.438019345
4698715.966154676 588837.4028210114 4262039.392408539
4697116.103876825 589636.1477326809 4263692.123029987
4695487.865771357 591845.9569439118 4265179.13640718
4694014.909460926 593408.1579267835 4266583.151406341
4692310.108758627 595605.7425195633 4268151.90014593
4690762.046233956 597738.6605619366 4269555.119597434
4689118.32178952 600606.7273999223 4270957.96318107
4687821.131387137 603684.1077179704 4271947.97934256
4686500.536173653 606923.5639037765 4272937.808115443
4686012.377370529 610103.7942878748 4273020.285386642
4685459.740515633 612610.0749164913 4273267.709390321
4684735.119223634 615842.1086976755 4273597.589837809
4684866.470811763 618271.7376313716 4273102.761356205
4685198.509226509 620312.3800080699 4272442.917155291
4685103.486995143 623295.3878505606 4272112.963818978
4686393.725058058 625464.9253806229 4270380.367233704
4686571.670844267 625821.6902879052 4270132.806600418
4686527.838590226 628396.8942916894 4269802.707545558
4688573.441937906 628837.7860281096 4267491.431557632
4688333.002566146 628389.0488868614 4267821.676252204
4688933.137335332 630635.6135038666 4266830.879772391
4690928.646197779 630320.5361992229 4264683.512047124
4690647.7361454535 629616.0397002574 4265096.535595143
4691172.967926285 631853.814067215 4264187.840919581
4693705.451540419 631444.2691076107 4261460.813992181
4694504.268643947 629966.873375616 4260799.503629937
4695205.422983482 632563.812832119 4259642.010625048
4698626.022341577 631104.3736941171 4256085.26367585
4699419.501382106 628539.149091781 4255588.782775955
4699803.037284586 629592.4070584322 4255009.4960769415
4701200.09435205 628109.1591234037 4253685.173715794
4701666.6239813315 627419.7867351575 4253271.2549463855
4702492.917902323 626277.0630583788 4252526.119539475
4702659.468905953 624461.6192619352 4252608.917544376
4702577.679317468 623949.6293004188 4252774.509667896
4703504.09360537 623738.4040272174 4251780.87920569
4704288.301790953 622338.5758742343 4251118.35528154
4703985.648356901 621797.3229850385 4251532.442447188
4704111.063803128 621980.9754085819 4251366.811466025
4704505.252329134 620696.4315959621 4251118.35528154
4704254.325285245 620329.1924290595 4251449.62760414
4704635.147503479 619711.1087138033 4251118.35528154
4704734.456052484 618387.6333825501 4251201.1753047
4704632.385090438 617455.4114289396 4251449.62760414
4705023.594793431 616754.9771387918 4251118.35528154
4705385.733404828 615131.8116740531 4250952.711350351
4705336.611200875 613789.0047733021 4251201.1753047
4705698.907924705 611581.161698604 4251118.35528154
4705438.654498939 610127.6782252495 4251615.255995148
4705714.312863473 608576.7794871125 4251532.442447188
4705800.451762476 606750.8917573951 4251698.068247989
4705833.385113152 604751.301115342 4251946.497235566
4705413.1718066195 603361.6469505036 4252608.917544376
4705444.618445049 601362.3669441306 4252857.303786464
4704949.637746675 599963.8258530472 4253602.392553306
4705337.92631781 598678.0425099483 4253354.041291609
4704988.665208421 596714.4239445823 4254016.285408034
4704724.430910509 595846.5936258135 4254430.145866577
4705037.972309091 594551.3812247014 4254264.605570903
4704602.840655214 592661.2016944785 4255009.4960769415
4704486.498882779 592396.3117710005 4255175.013043502
4704776.99508279 590681.239084175 4255092.25520831
4704163.643953737 589603.4919549767 4255919.775228194
4704299.064702175 589120.0997474542 4255837.029059712
4704641.574294798 587578.4730969641 4255671.532833568
4704586.401342289 586821.0752771426 4255837.029059712
4705665.159572298 585370.9623263632 4254843.9739257805
4705419.163466884 584339.6362445651 4255257.769582495
4706547.190023403 584896.781870611 4253933.509428682
4707696.210366896 582870.4191739477 4252940.096609538
4708272.851456712 582441.2135252635 4252360.519643519
4710162.116928176 581673.3622615575 4250372.916802716
4711724.753472691 578694.0054479067 4249047.4339046115
4712896.399520874 577668.9929674953 4247887.364555127
4715776.530424279 574262.9702528227 4245151.912016336
4717164.481833406 569586.629335898 4244239.781516962
4717933.01317442 566922.6660426825 4243742.189851547
4719612.467488602 561610.1320989826 4242580.961661182
4719212.741209302 556801.7999141138 4243659.25338265
4719306.053970777 553472.5223587125 4243990.991501825
4719125.020369583 549276.8609350781 4244737.326639081
4717906.975074065 545630.127187294 4246561.260461582
4716830.683700839 542669.3864787671 4248135.972197341
4715317.583589969 540243.9739394593 4250124.414003589
4714171.074989579 537862.0754319095 4251698.068247989
4712136.613849967 536047.0689318076 4254181.83347917
4711307.324931957 535452.9843158214 4255175.013043502
4710017.7655538535 533641.1451689684 4256829.897511742
4707479.008419794 533603.1546057304 4259642.010625048
4706684.323753617 534012.297014479 4260468.817298078
4704920.537869098 533063.6334579143 4262535.266132376
4702451.314116939 534363.3411960254 4265096.535595143
4701912.491538761 536463.4356643177 4265426.9310477
4700396.3208419485 535958.0299354573 4267161.166063825
4697198.922297993 538998.6743648413 4270297.848323408
4697237.290604472 542575.0403321026 4269802.707545558
4695266.352918081 542098.2562980525 4272030.4722314365
4693398.6786030745 547195.7699466054 4273432.652217589
4693704.111533767 549722.5559398029 4272772.849668236
4692011.114128895 551350.6711016642 4274422.199826156
4690483.793610582 556649.5980673602 4275411.559937584
4691170.297177627 559720.3558651406 4274257.288244191
4690040.96354928 560997.0341133311 4275329.12042404
4688502.565037117 566291.8160800711 4276318.308624968
4689523.491238941 569654.0183707796 4274752.007365123
4688287.366011309 571164.6013989518 4275906.169668309
4687225.758223699 576764.6094926085 4276318.308624968
4688094.216156567 580692.6848870892 4274834.4559945185
4687294.360007321 583501.0665780863 4275329.12042404
4685868.39298644 588888.7978428568 4276153.456950052
4686284.0750145 593344.9437563831 4275081.794069469
4685232.502933391 595704.4750956539 4275906.169668309
4683940.482126033 601106.8381990882 4276565.576367471
4684111.854079193 604453.113704666 4275906.169668309
4683043.959020542 606891.452536374 4276730.4150156
4681761.673101311 610963.0745129959 4277554.530086232
4681745.94101473 614534.8194165736 4277060.076678458
4681034.537427662 615937.42915528 4277636.934427112
4679151.977154621 619927.3250010597 4279119.989718334
4679754.339008909 623331.8696949912 4277966.538759956
4679094.69312178 624324.5274650365 4278543.296170456
4677835.24310146 629226.1286690972 4279202.3692971105
4679414.725030912 632598.529485237 4276977.66321698
4680391.556013387 633728.7869351654 4275741.304967862
4683411.267973659 635885.775424479 4272112.963818978
4687218.0056268 636652.5798579273 4267821.676252204
4691538.415678338 634154.1222483322 4263444.246551118
4691420.337282343 632804.1837271124 4263774.745925387
4693185.895669358 635294.3250960934 4261460.813992181
4695956.857546945 633666.449198857 4258649.671341554
4695544.280603309 632275.7078155942 4259311.251622712
4696590.323077632 633418.0772575216 4257988.008035829
4698250.32430265 630553.0423930539 4256581.697902544
4697059.8521940345 628807.6792437795 4258153.431645108
4697313.750111925 628591.3123040868 4257905.294285591
4698217.6625004085 626876.0763444791 4257160.812170025
4697745.865935322 624226.335876502 4258070.720489009
4696829.040328329 624354.779389609 4259063.168747538
4698192.930365186 623117.5242196245 4257739.862894043
4696975.185030396 619285.9214667131 4259642.010625048
4695483.889848254 620923.6687647688 4261047.504750824
4697449.822926949 619098.269572223 4259145.864336681
4694813.281858773 616333.4152093169 4262452.623757697
4694631.556208799 620560.8503655532 4262039.392408539
4696414.151953127 616710.3387350299 4260634.163059733
4693388.509388614 616896.3285764034 4263939.987819701
4694900.026957855 619095.6825195334 4261956.742243731
4695447.8273797985 615499.7438560476 4261874.090780659
4692904.268919472 616582.7169737483 4264518.293534062
4693772.056288978 619113.6353401191 4263196.358383776
4694696.481252426 616651.4849523033 4262535.266132376
4692679.675235165 617719.6775337701 4264600.903440129
4695193.065128413 619717.9341302931 4261543.471946208
4696752.102793646 616421.1705893871 4260303.4663451705
4695347.866567231 617403.9622826439 4261708.783959815
4697376.123404121 619088.5563770275 4259228.558628414
4696845.735632142 616850.4013822264 4260138.110201212
4696363.866873248 619372.1050989312 4260303.4663451705
4697952.868524943 619831.9323494801 4258484.263298172
4698002.813681328 620589.3439427404 4258318.850065956
4698707.052727974 620932.6898379027 4257491.706079422
4700336.971729586 623902.7701491355 4255257.769582495
4704197.862875557 621324.1515362535 4251366.811466025
4704212.233681964 622913.3084670181 4251118.35528154
4710887.963745126 626139.9747248316 4243244.551648289
4715932.173005785 619608.2650893972 4238597.685254149
4721805.19803039 624823.6243346251 4231287.287614319
4724875.187857009 621873.8321669627 4228293.792540813
4726850.036400342 626078.8094442064 4225465.0699949
4734004.2014301345 627614.9137847006 4217220.025186837
4736761.257573185 625288.6270829204 4214468.877758437
4736439.493419161 629956.7536460413 4214135.310323458
4742134.625376749 634504.9633624089 4207042.149333827
4744538.755934773 630359.8044245022 4204954.162698901
4741390.935859756 635079.3443128049 4207793.628467795
4744410.707923354 641806.7755766205 4203366.757417934
4745456.452796976 640092.867646198 4202447.522027613
4742887.331958129 645394.3250050142 4204536.469291522
4745959.284123981 653238.1462987497 4199856.116304172
4745618.980317872 653022.5157261853 4200274.168146813
4747488.222856408 658768.4296058147 4197263.481126051
4749363.535919372 657507.9313127492 4195339.119062996
4747900.561434661 658994.5712712627 4196761.538825315
4749316.5353855835 663162.497015859 4194502.229021314
4751137.430948145 664938.5373850635 4192158.2572397813
4751885.015446781 662760.1811954868 4191655.8472987823
4751461.813872187 662616.6143183783 4192158.2572397813
4753890.092210545 663209.006409172 4189310.659881907
4755819.834642929 659416.9259566971 4187718.7128768247
4755964.625491257 659437.001893009 4187551.112716138
4757742.69530698 660445.2685571052 4185371.8463827814
4759628.573675934 659606.3559469886 4183359.4509487143
4760779.015125408 658749.5728736898 4182185.214619301
4762395.606596233 659312.1077601109 4180255.5700380113
4764971.911462599 657719.4402342128 4177569.7266365835
4766721.188105611 656774.0155354842 4175722.4533465374
4768184.371161634 656297.2274641468 4174126.5855065784
4769851.972411635 655932.9800844991 4172278.165093778
4770953.363319533 655405.7042714548 4171101.577262111
4772315.3819899075 656186.8718174672 4169420.305519332
4773707.773122334 656208.5403235566 4167822.6267966144
4773635.707850669 656198.6340098534 4167906.7265783013
4773876.3067134805 658184.3837588415 4167318.001445973
4775484.07486492 658236.1864432985 4165467.317548911
4775413.986139888 656612.9256721326 4165803.851217652
4776656.095326723 657718.1284842463 4164205.1354899956
4777746.025121366 655659.1650435107 4163279.3539145836
4778125.472635936 655031.5339875832 4162942.6680209623
4778933.201218627 653952.6458618026 4162185.0505786794
4779759.717108695 652196.1824322094 4161511.5266361875
4780312.8396968 650826.9593680251 4161090.532972058
4781021.013930046 651008.3669154497 4160248.4505814547
4782466.962405992 648994.9386122454 4158900.8551720604
4782538.050430412 647389.5026826418 4159069.3223366207
4783601.46432511 647108.359808486 4157889.945774495
4784692.500094412 644449.9544129701 4157047.3819524134
4784139.704434159 644205.4716436707 4157721.4431417827
4785827.142464645 644177.5655131738 4155783.298794369
4787098.209559254 641796.9016398666 4154687.529656117
4787185.919286387 642233.935402109 4154518.9308034293
4789850.627391693 641995.7111428194 4151483.2860255647
4790998.372526433 639425.8816855614 4150555.4009409044
4792531.251561831 641077.8249735212 4148530.3934201086
4795386.880323381 639926.4036328695 4145407.0808493444
4794210.4309378145 640535.9104060932 4146673.497077783
4796573.83319981 644686.5460525464 4143295.755796552
4799985.722339163 644803.9705761853 4139324.3295095116
4800335.468968867 643827.4596485605 4139070.739618004
4799353.532364836 647874.5361087705 4139577.908052827
4800847.221743234 651915.8674205976 4137210.7337293713
4802879.197170327 653045.5309374845 4134673.3791088127
4803660.324007236 654261.8407286342 4133573.5067039845
4805158.226771314 656088.9398058722 4131542.4140091287
4806844.160452065 655464.5620049789 4129679.9422090207
4807760.996698721 655675.0541517832 4128579.104484443
4808529.313796365 654839.5191666851 4127816.8615502566
4807592.402675081 653173.6333268873 4129171.889673207
4805724.194932859 655140.9729230963 4131034.527552912
4805635.406595145 656324.9696336834 4130949.875405711
4803405.949853933 655593.4939255186 4133658.11982926
4801056.19409701 659455.6799528666 4135773.0386592336
4800864.808564067 661905.3453669422 4135603.8741235575
4800573.547508885 663487.4538518126 4135688.457021297
4799954.544649009 666902.634838181 4135857.619037342
4800524.874491278 670654.5613280685 4134588.78109545
4800660.545513384 672809.2114293888 4134081.166567354
4802058.624427161 676338.329723591 4131880.979809489
4804570.714530019 679172.369382144 4128494.415855293
4805937.408114691 678253.3781139367 4127054.5167662706
4805308.1934505515 681672.0267364011 4127223.935519139
4810935.273677882 685554.1788715288 4120019.206303984
4816453.037226548 681452.2598583451 4114248.893507186
4814515.2898593685 686921.70386147 4115607.135827521
4822678.000148351 694185.2584240679 4104817.259497895
4828825.127986015 693177.6398968433 4097754.7075048178
4833647.190308538 696797.5472468493 4091450.7228821856
4841868.411445842 700743.3105020063 4081042.771036541
4846648.022200199 704976.2426082329 4074635.2531559044
4846159.319468558 709310.6489103846 4074464.2903908696
4846354.060297241 709943.9412646363 4074122.349967177
4846742.990262429 709741.6969972063 4073694.896514162
4846912.391467539 709075.2488665855 4073609.4021006995
4847673.763566802 709273.0520673147 4072668.8816594444
4847944.401787944 705942.4522676341 4072925.402123061
4849737.81757711 704474.9175506914 4071043.992798942
4852868.607713521 702681.2166473712 4067621.7110296288
4856637.198837075 701409.6226208471 4063341.0711096907
4860690.056660386 702601.1905238527 4058285.9362244694
4865080.074529874 704882.8665961303 4052625.940398597
4869129.253862996 705035.7107710373 4047733.4343695566
4871074.041108978 705404.109257947 4045328.63049175
4874023.36728426 708176.3728785774 4041289.823814118
4878798.96916975 709131.0971603099 4035355.5860008663
4881907.875687915 705842.1479898092 4032171.0473909033
4884701.541169609 703722.1969061217 4029157.098361501
4885262.433259354 694840.8551961808 4030018.3801237354
4882974.1018275665 690429.2984978047 4033548.3515952914
4886804.103901428 688970.0478361137 4029157.098361501
4892092.246341611 681618.9808545143 4023986.8312686044
4891883.559997205 681589.9044254058 4024245.449474279
4894366.829282948 681065.1100693545 4021313.79728827
4893553.628471693 672595.8975881281 4023728.2020309414
4891930.3700598655 672024.8187890892 4025796.92699687
4897439.222202225 671126.9671227264 4019243.5431105597
4898855.690704188 668533.8706952814 4017949.2761094407
4896260.345053288 675580.2181253695 4019933.706211624
4897108.601626742 682230.7837956963 4017776.686367087
4897957.74314914 681216.2362101421 4016913.6642264393
4898049.048960331 681577.5014444496 4016741.045114005
4901055.990793474 684873.6219863244 4012510.3485243176
4904210.494051225 687583.4936417035 4008190.286065436
4904262.478804622 697717.925595858 4006374.949413917
4903091.952839752 707856.6747742622 4006029.1099760616
4902941.43038598 714737.447758323 4004991.4745198395
4904602.672850031 716902.9797419154 4002569.642006181
4904679.012538266 720236.8671573697 4001877.514261774
4905255.100275261 723995.1383168249 4000493.024730469
4907232.08287491 728750.6906433067 3997203.6119880197
4910673.128325013 729787.2983766401 3992786.1107095075
4913640.866414362 730666.6132752389 3988972.3909984147
4917507.636841231 731153.8842159696 3984115.163898262
4924836.214504206 731452.8505342167 3974997.6085217027
4931203.517787643 732926.3371977832 3966823.89959532
4936112.590139336 731894.9737573277 3960904.3468451374
4942465.431876456 731426.4501569814 3953061.067415609
4951414.497647265 729307.0198022269 3942238.798367708
4960635.866148874 725623.9032726622 3931310.5644907714
4968183.442485417 720883.5287617445 3922642.1223167633
4972201.664267136 719871.6945546289 3917733.5735394484
4979051.720119593 724501.4356104791 3908168.7064624624
4985898.724773352 726652.9978515175 3899029.4083293164
4991316.330381501 731891.399397642 3891110.0305124647
4999314.495906925 737164.6840667794 3879830.382836292
5007774.398642034 734483.2580936888 3869414.8027686942
5011761.723285865 731940.9839386897 3864731.2746215044
5017157.38825907 736485.6065010951 3856859.0449813097
5024114.24677543 737238.0989555699 3847648.2454606653
5025690.485157139 739440.7858671545 3845166.2475889334
5025016.787197859 748573.0872397616 3844279.597198938
5024975.62224271 756547.5376125193 3842772.0227979864
5021778.673496431 762879.709023126 3845698.1816020384
5018371.383038812 770070.181737112 3848711.677574262
5015252.497577143 774430.3544058998 3851900.96078819
5010809.992361503 778938.5224704347 3856770.540058314
5006764.5813549785 785202.307664086 3860752.0980928447
5003932.979456456 789322.5100078915 3863581.979498153
4999574.437144037 793554.400095597 3868354.6711159786
4995290.796578528 799400.599367112 3872682.4733444583
4992167.263565028 806051.2311224403 3875330.750451586
4990035.208732206 809907.604742345 3877272.1451290264
4986329.581614103 814130.2058795154 3881153.2192628896
4983133.885268251 818966.7900090743 3884238.8029514314
4980783.099718541 821973.4193948072 3886618.1200841647
4977602.076673225 820823.780150818 3890933.9352188087
4973273.614528878 823676.8275773332 3895862.8105649482
4972454.03444826 824878.6398723355 3896654.6042447216
4970742.5947775645 825218.7454353984 3898765.583956803
4969465.073256731 828750.3214676348 3899644.9569606674
4971575.569726597 827675.4146903255 3897182.4132846105
4969673.186424647 824595.5752346772 3900260.447384928
4969111.843995095 825482.7312965201 3900787.9642706686
4970598.443556948 822342.4600738904 3899557.0250053876
4970816.9282724755 819348.4245546908 3899908.745698999
4970336.782752721 818912.8627837807 3900612.130061461
4972299.526368115 820395.0922062462 3897798.1364820986
4973713.289163747 815992.163939161 3896918.5141064776
4972258.566568952 814773.2323565935 3899029.4083293164
4973477.933686672 819519.559101753 3896478.658401895
4977753.21177759 817814.8164520281 3891374.164563132
4976699.659792584 814163.142710382 3893486.852844417
4976600.566223219 818963.5400634195 3892606.649060951
4978476.050528653 818022.8109523697 3890405.620892789
4977164.252140222 817628.8415071239 3892166.5027016997
4977702.760161614 821465.0741832585 3890669.783389045
4979573.14561391 823470.0959413951 3887851.500323935
4979332.834127235 825751.8718096816 3887675.3173567937
4979503.709698427 830513.7760594196 3886441.9039624315
4980332.354434146 835834.6493313506 3884238.8029514314
4980370.094628565 842545.3708918269 3882740.271833569
4979871.577558701 851135.5830896486 3881505.9307209174
4976941.213422576 862171.9897294327 3882828.4301861464
4972862.3926916905 873717.9520941896 3885472.630651388
4968164.524270913 884696.5051219296 3888996.57413079
4962967.660127072 895214.6120849478 3893222.804161408
4959338.469280413 906451.5979884766 3895246.9045773647
4958480.163378067 918999.9777924496 3893398.837802735
4963254.434173092 925261.927372858 3885825.110245622
4968337.036577279 926837.5447814672 3878948.3441466405
4975528.805994392 927370.4320705956 3869591.4748770595
4983871.531689019 922716.3224950652 3859955.9769278364
4988526.993753194 918266.263007752 3855000.1949179587
4990911.785176363 916453.9408899545 3852343.796549701
4993611.865797379 918121.0083542502 3848445.835371233
4995989.067522805 918558.0785358874 3845254.9061862035
4997169.695703038 920668.748131698 3843215.462156763
4998298.819175941 922680.8498479278 3841264.1101007764
5000121.371350428 925724.8254627227 3838158.5193015058
5002004.060125177 928059.9938339067 3835140.2882210533
5001849.517412452 932185.9210354255 3834341.1185996686
5000754.655799208 936588.5065394453 3834696.3167793043
4997468.1334812455 944281.4067805147 3837093.4155488173
4994896.635038525 949575.2912613332 3839134.7165092784
4994743.076639049 952888.5465824774 3838513.516474603
4994988.143331507 953748.492243789 3837981.0136998273
4995641.631749714 955680.7750975271 3836649.5726399147
4998063.143766327 954064.3998071648 3833897.094595167
4998487.039471766 955411.239448741 3833008.9589991565
4997511.7122379085 957304.397783119 3833808.286290543
4996211.5802179575 957688.1646025089 3835406.6570673115
4994776.4239849 963379.3586549801 3835850.581777415
