24.302 141.695
24.314 141.738
24.293 141.651
24.363 141.573
24.5 141.555
24.603 141.639
24.633 141.615
24.688 141.577
24.74 141.513
24.837 141.533
24.843 141.589
24.818 141.606
24.811 141.592
24.874 141.59
24.998 141.661
25.045 141.718
25.095 141.747
25.19 141.762
25.302 141.836
25.355 141.922
25.417 141.985
25.489 142.079
25.514 142.199
25.571 142.287
25.668 142.425
25.716 142.615
25.746 142.801
25.756 142.944
25.783 143.106
25.746 143.268
25.72 143.391
25.678 143.525
25.615 143.627
25.547 143.692
25.482 143.746
25.407 143.773
25.315 143.785
25.256 143.769
25.168 143.778
25.079 143.749
25.004 143.721
24.944 143.703
24.864 143.721
24.76 143.698
24.69 143.643
24.662 143.647
24.596 143.686
24.48 143.739
24.31 143.677
24.23 143.597
24.182 143.579
24.083 143.589
23.952 143.537
23.865 143.481
23.784 143.41
23.694 143.37
23.601 143.251
23.582 143.131
23.604 143.093
23.569 143.099
23.506 143.077
23.446 143.01
23.416 142.902
23.476 142.84
23.502 142.862
23.442 142.899
23.361 142.856
23.351 142.758
23.411 142.706
23.411 142.748
23.355 142.754
23.301 142.713
23.284 142.625
23.301 142.583
23.305 142.571
23.287 142.562
23.245 142.512
23.237 142.462
23.233 142.403
23.261 142.348
23.289 142.345
23.259 142.338
23.231 142.274
23.255 142.184
23.326 142.164
23.338 142.191
23.312 142.162
23.318 142.072
23.409 142.037
23.439 142.055
23.456 142.041
23.474 141.993
23.547 141.973
23.603 141.956
23.645 141.98
23.652 141.981
23.691 141.954
23.74 141.976
23.773 141.974
23.766 142.011
23.782 141.985
23.806 142.018
23.814 142.028
23.811 142.053
23.813 142.037
23.842 142.083
23.819 142.115
23.808 142.112
23.817 142.112
23.843 142.15
23.807 142.194
23.773 142.184
23.766 142.164
23.773 142.165
23.763 142.203
23.716 142.194
23.685 142.178
23.666 142.158
23.64 142.153
23.605 142.152
23.566 142.172
23.514 142.184
23.477 142.168
23.463 142.184
23.443 142.195
23.417 142.239
23.358 142.278
23.315 142.273
23.291 142.278
23.28 142.31
23.236 142.362
23.166 142.391
23.105 142.399
23.06 142.395
23.002 142.425
22.933 142.416
22.884 142.395
22.842 142.378
22.774 142.4
22.713 142.358
22.67 142.301
22.667 142.283
22.612 142.303
22.548 142.273
22.492 142.248
22.455 142.183
22.436 142.158
22.39 142.111
22.376 142.063
22.37 142.031
22.329 141.96
22.344 141.913
22.331 141.882
22.363 141.853
22.351 141.834
22.333 141.794
22.341 141.755
22.347 141.7
22.402 141.649
22.417 141.651
22.407 141.65
22.397 141.627
22.4 141.579
22.414 141.544
22.446 141.539
22.46 141.561
22.432 141.549
22.408 141.525
22.395 141.496
22.417 141.486
22.42 141.47
22.408 141.466
22.413 141.454
22.41 141.464
22.4 141.445
22.39 141.427
22.401 141.404
22.402 141.42
22.4 141.433
22.345 141.422
22.333 141.381
22.36 141.359
22.38 141.403
22.311 141.413
22.268 141.38
22.291 141.357
22.289 141.388
22.24 141.407
22.192 141.421
22.156 141.41
22.116 141.397
22.083 141.354
22.081 141.352
22.073 141.349
22.031 141.366
21.963 141.306
21.937 141.248
21.937 141.184
21.95 141.153
21.917 141.138
21.894 141.072
21.873 140.994
21.886 140.927
21.895 140.848
21.928 140.811
21.919 140.757
21.936 140.68
21.941 140.613
21.986 140.521
22.023 140.496
22.021 140.448
22.023 140.394
22.011 140.301
22.04 140.223
22.025 140.172
21.996 140.112
21.955 140.017
21.926 139.923
21.903 139.852
21.843 139.793
21.758 139.679
21.707 139.556
21.66 139.436
21.581 139.303
21.514 139.142
21.458 138.964
21.405 138.791
21.344 138.632
21.26 138.46
21.178 138.312
21.066 138.151
20.948 138.025
20.811 137.883
20.682 137.738
20.558 137.584
20.421 137.442
20.282 137.287
20.187 137.139
20.082 137.011
19.986 136.845
19.923 136.676
19.88 136.522
19.861 136.377
19.857 136.244
19.85 136.143
19.83 136.05
19.813 135.95
19.807 135.866
19.781 135.769
19.808 135.644
19.86 135.602
19.898 135.552
19.94 135.497
19.976 135.43
20.043 135.38
20.083 135.333
20.177 135.25
20.278 135.218
20.336 135.22
20.398 135.176
20.51 135.11
20.639 135.103
20.736 135.133
20.799 135.151
20.888 135.127
20.979 135.119
21.08 135.123
21.184 135.143
21.275 135.159
21.364 135.172
21.466 135.19
21.57 135.245
21.636 135.286
21.72 135.336
21.768 135.412
21.803 135.439
21.863 135.451
21.974 135.49
22.03 135.602
22.047 135.688
22.044 135.749
22.084 135.77
22.134 135.835
22.17 135.931
22.171 136.041
22.147 136.13
22.115 136.178
22.115 136.234
22.115 136.317
22.089 136.441
22.042 136.509
21.986 136.584
21.946 136.624
21.909 136.71
21.836 136.779
21.757 136.815
21.688 136.805
21.653 136.803
21.619 136.824
21.538 136.863
21.463 136.823
21.421 136.788
21.383 136.764
21.327 136.766
21.256 136.713
21.216 136.667
21.154 136.61
21.113 136.547
21.069 136.489
21.017 136.425
20.945 136.37
20.862 136.28
20.799 136.185
20.74 136.072
20.691 135.984
20.607 135.914
20.508 135.802
20.433 135.664
20.364 135.571
20.286 135.489
20.215 135.384
20.137 135.288
20.061 135.214
19.971 135.143
19.891 135.034
19.851 134.966
19.768 134.911
19.674 134.866
19.604 134.791
19.552 134.73
19.486 134.727
19.394 134.71
19.304 134.686
19.248 134.643
19.173 134.627
19.105 134.603
19.046 134.578
19.013 134.586
18.943 134.605
18.854 134.635
18.768 134.655
18.68 134.665
18.588 134.692
18.52 134.716
18.448 134.757
18.374 134.84
18.272 134.931
18.173 135.005
18.079 135.045
18.046 135.107
18.044 135.184
18.005 135.34
17.953 135.43
17.885 135.512
17.86 135.553
17.835 135.612
17.824 135.675
17.846 135.714
17.868 135.782
17.859 135.897
17.81 135.971
17.804 135.941
17.864 135.966
17.93 136.041
17.948 136.147
17.981 136.172
18.053 136.198
18.137 136.238
18.198 136.33
18.246 136.36
18.339 136.347
18.445 136.362
18.553 136.407
18.622 136.442
18.712 136.396
18.814 136.366
18.928 136.36
19.024 136.351
19.098 136.263
19.211 136.204
19.303 136.153
19.374 136.061
19.453 135.951
19.538 135.852
19.594 135.78
19.638 135.669
19.649 135.515
19.677 135.378
19.683 135.216
19.706 135.062
19.688 134.921
19.649 134.762
19.613 134.605
19.576 134.442
19.558 134.304
19.51 134.184
19.47 134.061
19.42 133.957
19.406 133.859
19.362 133.795
19.308 133.708
19.27 133.634
19.247 133.623
19.221 133.563
19.183 133.568
19.096 133.555
19.008 133.515
18.981 133.405
18.968 133.394
18.895 133.433
18.803 133.413
18.76 133.34
18.736 133.33
18.665 133.405
18.576 133.417
18.54 133.393
18.527 133.394
18.475 133.489
18.378 133.537
18.351 133.541
18.367 133.531
18.368 133.644
18.323 133.746
18.267 133.819
18.271 133.801
18.315 133.879
18.351 133.991
18.342 134.125
18.346 134.166
18.386 134.186
18.46 134.266
18.489 134.331
18.556 134.422
18.593 134.432
18.675 134.466
18.711 134.497
18.81 134.503
18.918 134.509
18.979 134.545
19.005 134.525
19.095 134.482
19.173 134.463
19.212 134.433
19.247 134.373
19.32 134.316
19.383 134.274
19.391 134.233
19.404 134.122
19.453 134.01
19.529 133.927
19.537 133.86
19.526 133.751
19.532 133.603
19.555 133.475
19.563 133.324
19.551 133.204
19.497 133.053
19.462 132.885
19.446 132.732
19.396 132.591
19.336 132.464
19.278 132.346
19.219 132.237
19.152 132.151
19.054 132.067
19.003 131.955
18.981 131.893
18.933 131.886
18.816 131.892
18.723 131.806
18.712 131.758
18.685 131.78
18.617 131.841
18.517 131.841
18.486 131.846
18.451 131.914
18.391 131.991
18.319 132.058
18.283 132.097
18.302 132.19
18.265 132.316
18.22 132.441
18.203 132.495
18.247 132.558
18.299 132.688
18.315 132.775
18.361 132.909
18.412 132.966
18.462 133.04
18.513 133.111
18.568 133.144
18.65 133.151
18.735 133.174
18.778 133.184
18.824 133.139
18.909 133.067
19.001 133.019
19.048 132.971
19.076 132.893
19.116 132.782
19.156 132.689
19.188 132.55
19.232 132.412
19.247 132.323
19.217 132.184
19.229 132.026
19.213 131.919
19.166 131.79
19.138 131.631
19.127 131.529
19.095 131.445
19.03 131.348
18.985 131.229
18.961 131.138
18.95 131.088
18.887 131.067
18.826 130.979
18.781 130.932
18.771 130.883
18.737 130.865
18.71 130.84
18.659 130.83
18.633 130.81
18.602 130.822
18.576 130.814
18.553 130.84
18.528 130.883
18.474 130.934
18.447 130.971
18.429 131.009
18.432 131.122
18.365 131.233
18.345 131.338
18.349 131.436
18.384 131.581
18.364 131.78
18.336 131.95
18.344 132.095
18.388 132.201
18.465 132.342
18.493 132.477
18.539 132.585
18.623 132.669
18.698 132.746
18.767 132.828
18.821 132.866
18.902 132.883
18.999 132.91
19.046 132.962
19.076 132.945
19.153 132.909
19.237 132.906
19.282 132.912
19.331 132.883
19.394 132.821
19.453 132.777
19.526 132.716
19.588 132.655
19.622 132.568
19.674 132.476
19.714 132.365
19.766 132.241
19.806 132.122
19.837 131.968
19.91 131.832
19.94 131.738
19.948 131.606
19.94 131.475
19.951 131.308
20.016 131.202
19.965 131.163
19.9 131.015
19.881 130.857
19.879 130.749
19.815 130.675
19.747 130.559
19.673 130.401
19.636 130.291
19.545 130.18
19.503 130.022
19.455 129.92
19.394 129.865
19.245 129.76
19.198 129.579
19.179 129.459
19.137 129.407
19.044 129.333
18.951 129.246
18.898 129.136
18.835 129.038
18.799 128.95
18.737 128.873
18.712 128.798
18.634 128.734
18.579 128.667
18.508 128.588
18.467 128.519
18.407 128.493
18.342 128.461
18.281 128.448
18.235 128.414
18.211 128.392
18.179 128.39
18.126 128.367
18.094 128.352
18.065 128.327
18.048 128.347
17.995 128.333
17.968 128.352
17.956 128.321
17.956 128.359
17.917 128.378
17.896 128.413
17.861 128.396
17.885 128.418
17.853 128.432
17.833 128.503
17.795 128.512
17.823 128.552
17.819 128.589
17.824 128.654
17.804 128.678
17.815 128.708
17.824 128.74
17.831 128.819
17.806 128.861
17.806 128.897
17.815 128.913
17.859 128.946
17.912 128.996
17.961 129.052
18.003 129.117
18.015 129.169
18.021 129.209
18.053 129.205
18.135 129.204
18.217 129.258
18.214 129.353
18.201 129.345
18.247 129.311
18.338 129.33
18.365 129.383
18.398 129.389
18.442 129.413
18.485 129.433
18.499 129.455
18.537 129.442
18.61 129.441
18.692 129.477
18.719 129.542
18.746 129.532
18.802 129.525
18.891 129.519
18.945 129.586
18.994 129.573
19.065 129.589
19.102 129.594
19.146 129.612
19.188 129.599
19.252 129.612
19.3 129.613
19.348 129.656
19.37 129.666
19.415 129.67
19.475 129.677
19.526 129.709
19.558 129.738
19.626 129.76
19.67 129.824
19.692 129.872
19.737 129.881
19.827 129.905
19.908 129.988
19.949 130.078
19.997 130.122
20.072 130.15
20.183 130.233
20.267 130.323
20.347 130.379
20.426 130.402
20.525 130.441
20.614 130.48
20.682 130.497
20.742 130.487
20.81 130.479
20.861 130.477
20.908 130.452
20.944 130.414
20.989 130.388
21.013 130.381
21.037 130.32
21.083 130.288
21.116 130.275
21.106 130.289
21.096 130.215
21.137 130.153
21.164 130.145
21.156 130.16
21.131 130.096
21.154 130.059
21.152 130.033
21.132 130.034
21.099 129.97
21.093 129.927
21.086 129.915
21.033 129.928
20.964 129.881
20.912 129.797
20.926 129.751
20.926 129.747
20.937 129.782
20.858 129.799
20.833 129.752
20.829 129.728
20.849 129.742
20.799 129.802
20.741 129.808
20.689 129.794
20.697 129.773
20.684 129.837
20.661 129.885
20.618 129.929
20.597 129.964
20.574 130.024
20.538 130.102
20.516 130.154
20.499 130.219
20.494 130.277
20.466 130.386
20.453 130.465
20.458 130.546
20.468 130.645
20.518 130.794
20.549 130.972
20.562 131.103
20.615 131.171
20.698 131.247
20.782 131.376
20.836 131.451
20.896 131.503
20.972 131.547
21.047 131.606
21.109 131.661
21.162 131.694
21.215 131.714
21.282 131.747
21.327 131.768
21.389 131.792
21.428 131.808
21.477 131.821
21.518 131.843
21.526 131.837
21.561 131.784
21.612 131.749
21.668 131.735
21.703 131.738
21.732 131.698
21.777 131.682
21.825 131.662
21.865 131.661
21.905 131.633
21.954 131.635
21.987 131.639
22.017 131.661
22.046 131.671
22.073 131.696
22.077 131.709
22.102 131.737
22.122 131.742
22.15 131.764
22.161 131.783
22.19 131.814
22.214 131.843
22.238 131.883
22.243 131.9
22.254 131.93
22.274 131.95
22.291 131.977
22.31 131.985
22.353 132.02
22.357 132.095
22.347 132.135
22.343 132.14
22.376 132.133
22.398 132.201
22.378 132.24
22.366 132.257
22.377 132.248
22.412 132.271
22.406 132.357
22.372 132.379
22.355 132.382
22.384 132.356
22.397 132.425
22.384 132.468
22.348 132.469
22.361 132.429
22.383 132.482
22.366 132.506
22.342 132.531
22.333 132.495
22.372 132.522
22.373 132.565
22.35 132.598
22.328 132.582
22.365 132.591
22.381 132.607
22.374 132.653