2292905.599799819 -1259128.816931861 5809201.281826823
2295699.948691452 -1267503.57542142 5806275.693753439
2296474.410968601 -1273637.78976957 5804626.866581288
2290789.315678751 -1286319.715919083 5804076.7482528975
2292849.557149824 -1298130.080811467 5800632.74148349
2289759.2481135237 -1313162.5352482777 5798469.430953216
2291028.2836338137 -1329184.7536704114 5794316.033338191
2290629.5683057248 -1344710.6142334475 5790890.306746574
2294018.305294711 -1352898.4609745208 5787640.86388103
2292664.434474775 -1359553.2084574162 5786617.826007486
2286833.5449074334 -1360468.9505413363 5788709.49111277
2279606.287706809 -1369996.4140837516 5789313.085198039
2279117.0232246513 -1372573.6581882855 5788895.244111369
2271395.399845771 -1370896.3040461224 5792326.584466051
2261681.3797822394 -1376584.0412698528 5794778.2281695185
2258305.0728723975 -1387146.1855326192 5793576.15448361
2257291.4538461193 -1393805.0872860346 5792372.887776549
2261275.8876381135 -1397355.8634645713 5789962.776290332
2263552.640639005 -1401165.9931998644 5788152.062839782
2268826.5878241872 -1402623.8078892918 5785733.606719566
2271585.1324450523 -1402192.9125744158 5784755.571498304
2271469.8664620034 -1395833.252769305 5786338.667604805
2264840.8776291474 -1396774.5797089008 5788709.49111277
2253992.295051393 -1396064.3613603674 5793113.500768686
2248123.1872887625 -1400912.6734574593 5794223.57319088
2241019.032711456 -1405788.5891004486 5795794.435431607
2237747.386279646 -1414590.5101145832 5794916.852198346
2234694.305601965 -1420917.1876927407 5794547.152817855
2233383.180375156 -1428802.4834906084 5793113.500768686
2231950.045386387 -1436464.7272805232 5791770.807117509
2233373.2529055974 -1441905.1551596308 5789869.984440925
2233245.3723840523 -1447683.3614416572 5788477.260189436
2234833.2601072676 -1449876.2867022282 5787315.444381521
2234778.8685957207 -1453668.030905922 5786385.198411883
2235878.729827371 -1456605.8713615527 5785221.399481665
2235576.061157717 -1460580.5975172047 5784336.175650136
2235864.181187156 -1463275.7287903256 5783543.594096739
2234948.9836900677 -1467249.649317641 5782890.497569532
2235243.707843434 -1471577.8068476887 5781676.688032606
2235055.958036881 -1474979.507119548 5780882.399601398
2234113.8058600384 -1478783.7458400526 5780274.6591753615
2233191.1708606128 -1482549.1365961095 5779666.621178797
2231525.115354332 -1486329.8117429053 5779339.092860631
2230222.8551710704 -1491369.9259321815 5778543.307815356
2231005.3982754494 -1495276.6219961839 5777231.4941135505
2234768.5647014114 -1497629.2235538617 5775167.285107839
2239237.171240856 -1499831.1144951724 5772864.498576544
2246360.563237913 -1500233.015650916 5769991.86469794
2251642.770888868 -1498481.57557672 5768387.885706111
2251453.599305567 -1497675.3865843005 5768671.088439136
2246506.4789627446 -1497837.0726836384 5770557.489850779
2242141.2590859937 -1500926.077919608 5771452.545323849
2237131.9074823465 -1506579.7070064596 5771923.3722357
2233371.6682836614 -1515918.1261590666 5770934.432662551
2231897.475160841 -1525238.6646555918 5769048.593677322
2233804.8198291655 -1531007.4552139535 5766781.8754472835
2235795.5100282826 -1530594.569036199 5766119.98683467
2233344.824205299 -1531322.4514642502 5766876.402857697
2230966.6476242957 -1533186.2386547448 5767301.68924669
2226212.8949770066 -1537425.0119625435 5768010.183662133
2222135.652713093 -1544194.4507276001 5767774.062780497
2220937.0070894477 -1550845.8894928272 5766450.974176731
2220131.694481002 -1557962.4623496498 5764842.515201116
2222038.901022911 -1563471.8570208657 5762615.714642494
2223934.0286331046 -1570033.9302011456 5760099.989957195
2223663.728860106 -1579633.1234073595 5757579.336525575
2222882.097670049 -1586620.2720322898 5755959.719476344
2222507.070628658 -1591980.3361075723 5754624.395253998
2223631.9063474727 -1594548.3871703988 5753478.737776458
2224265.147245546 -1599003.142429166 5751997.436130375
2225033.917866083 -1601028.861628752 5751136.552767397
2225208.2751146825 -1604221.485774029 5750179.349980495
2224584.969606384 -1603713.120307553 5750562.315178819
2225274.4940456087 -1603443.0307322443 5750370.846592962
2226063.2913471255 -1603893.3604091536 5749939.939803914
2224994.606551617 -1603831.3899752558 5750370.846592962
2222645.351447206 -1601253.9262839374 5751997.436130375
2218739.1449174723 -1598086.879066863 5754385.799871714
2216678.0842585657 -1600601.4155521232 5754481.243283387
2218660.8416122454 -1599913.2166496492 5753908.477642498
2217651.7810400566 -1597362.4714726245 5755006.056711039
2218039.3728507333 -1599229.7061130295 5754338.075536539
2219858.371634641 -1596187.7804892766 5754481.243283387
2216630.3180408203 -1595686.7541629763 5755864.384758476
2215367.6560302754 -1598126.2383039913 5755673.694282821
2214874.4291875563 -1598123.1013911357 5755864.384758476
2214202.5236520167 -1599225.4782339858 5755816.714769531
2213244.0200272943 -1599179.8516875403 5756198.025586857
2212950.7335630315 -1598556.4601435543 5756483.935055856
2212245.6086243177 -1597988.3452854014 5756912.680895416
2210040.8808224555 -1598979.9563857699 5757484.12105236
2208665.1730308714 -1601393.2949334662 5757341.284688849
2208939.4575246526 -1603239.7267486039 5756722.144724874
2209895.1618262306 -1603462.3183771565 5756293.335757097
2210940.139473979 -1603219.3884271102 5755959.719476344
2212564.87116134 -1602689.4292720968 5755482.975754709
2212195.940932005 -1603540.9642276727 5755387.605971273
2212917.1331578796 -1604770.8312305682 5754767.531447979
2214688.764308681 -1607117.4922883704 5753430.98013921
2218021.9635580922 -1607823.0904521027 5751949.624169439
2220550.3655979214 -1609123.8781233225 5750610.177946015
2223590.5034828405 -1609374.5174619681 5749365.17672734
2224240.785976306 -1609845.17429941 5748981.861232857
2226878.097809705 -1609622.8081089745 5748023.082165799
2227522.8350481763 -1611983.6702705522 5747111.593324077
2230726.190252226 -1613886.6087052752 5745334.775134046
2231141.2360341093 -1619294.2386187569 5743651.795995669
2232018.0511365966 -1625587.6211581882 5741533.0100364005
2228777.367930726 -1635284.0595246858 5740038.195767015
2227446.1058173627 -1642334.9200343678 5738541.701174156
2226012.936289891 -1649328.395148248 5737091.881121285
2226778.1539311646 -1656526.8805810518 5734720.459367425
2226534.6241003335 -1665054.7032989473 5732344.843317126
2229531.781123774 -1675562.42569567 5728116.583533884
2231427.62041058 -1689146.5095823985 5723386.745977802
2234846.782735978 -1704285.3103404795 5717561.756435369
2233905.35563917 -1722886.7067682778 5712352.340121169
2227231.3253578823 -1743173.301835838 5708802.717130039
2212972.523816454 -1758197.749587459 5709740.299013522
2204749.775814054 -1763875.0299292556 5711170.134468063
2197808.829315512 -1767588.9731440938 5712696.961313647
2195117.2380965888 -1757237.0995735251 5716923.918235542
2196437.3786800494 -1748064.2306958346 5719228.5569733
2198002.494698526 -1738058.9519299762 5721676.075497033
2206303.3745311564 -1729776.2863927064 5720991.209446654
2213374.09845279 -1729650.6663655885 5718297.357836454
2217878.8495398397 -1730366.9873289529 5716334.883290688
2224043.0073179593 -1731869.025557451 5713484.346693773
2227728.237733165 -1734114.2314291103 5711367.23833806
2231146.8355867923 -1736212.5836047737 5709394.947153637
2231618.955092953 -1742089.615767319 5707419.873279476
2231585.038642112 -1747146.1272101118 5705887.277670615
2233289.0435151756 -1757551.416600884 5702023.681651918
2230587.8163620653 -1765471.3345844918 5700634.171761732
2227393.233704499 -1773335.9418700652 5699442.079688083
2220537.7734906245 -1780322.853133901 5699938.90626123
2217512.2610952454 -1790904.9350803497 5697801.320281105
2213418.556686182 -1800850.0523679338 5696258.279063868
2211976.4218823025 -1806552.4972664248 5695012.676338588
2206676.9503476964 -1806594.407266318 5697054.895684107
2207343.620824327 -1800907.133682674 5698597.076075568
2207039.534171748 -1796556.482437047 5700087.920375999
2208280.893315914 -1794557.2058420614 5700236.918863654
2209205.574979497 -1793260.8888952208 5700286.581553442
2213448.138239538 -1797345.6246004773 5697353.512382169
2215883.921760135 -1809937.2296580637 5692418.349874034
2214238.1547608813 -1825406.894987475 5688117.44443918
2218174.2914790516 -1841040.6485176052 5681541.440764758
2222609.576886519 -1854767.822396154 5675339.98926374
2230418.1815156615 -1866573.2554866371 5668401.89272659
2234613.0069445586 -1876193.0810576137 5663571.773341073
2239508.6123796166 -1886643.1400491986 5658163.998788196
2248417.9487217306 -1898581.0961468664 5650632.491077413
2260536.0312827243 -1911721.708105351 5641359.584535567
2269704.7437769724 -1926620.998661408 5632602.67581455
2280285.40674166 -1941018.1474149919 5623378.701030787
2288044.2592772623 -1959567.663417101 5613785.624699113
2298551.779545675 -1983076.7730483967 5601223.72602125
2308155.9859348824 -2005105.9691479546 5589419.200335596
2316230.2813181444 -2023140.7074761768 5579571.664712056
2325146.4945675367 -2038955.1688094756 5570098.43704628
2330988.9731289223 -2055260.1413723482 5561657.770704476
2336587.246763989 -2066946.9795252262 5554973.557281027
2341165.605848792 -2075517.134126535 5549848.036832886
2347218.102653234 -2076424.068297988 5546951.529188784
2348994.251465333 -2076022.9307798569 5546349.772369124
2351482.2195491637 -2068956.4856309511 5547935.781145071
2352240.899777343 -2068240.5287977958 5547881.114844918
2351413.10075579 -2070060.9258966045 5547553.081554978
2355446.096959895 -2082310.8627648337 5541254.023696077
2362156.704279648 -2093831.9045967024 5534051.378485717
2368384.6639772253 -2109634.7718431815 5525381.092093798
2376901.7714591525 -2125270.1086315103 5515723.518650273
2384392.2141413274 -2142850.7085870225 5505679.395846648
2389665.4723843695 -2153931.153799162 5499065.421941022
2395683.4003422293 -2165729.5961113344 5491808.20512262
2399911.6438445086 -2175191.271869584 5486219.830860036
2405111.2793339617 -2180286.3649449004 5481918.651426333
2414830.901943585 -2181660.949435198 5477096.695944654
2425227.1397297634 -2178401.5573565452 5473799.5008608755
2435213.512580764 -2174122.121993019 5471066.545638486
2438547.5343457134 -2171674.2984447847 5470553.688998107
2440144.4858812033 -2168442.598239424 5471123.521376959
2439412.139072368 -2169697.4864920867 5470952.589161809
2438309.175939422 -2171080.515379506 5470895.60842364
2439132.9032917623 -2179764.3054068224 5467074.103481112
2444067.910545199 -2188551.7264616266 5461356.4605549285
2452098.689175564 -2202847.600945755 5452001.051499441
2460264.6705933665 -2212823.1169076753 5444277.050620139
2469831.118968516 -2218232.35600824 5437740.381678116
2478622.5816761395 -2229021.6732851127 5429321.640649994
2481697.2346698125 -2236648.7213983294 5424778.551470965
2489385.372785229 -2240980.667372226 5419465.574595606
2494490.1703039403 -2240536.735580743 5417301.443225235
2501472.729478564 -2239404.5283348206 5414549.15409848
2506461.1784002073 -2237652.3569030166 5412966.403998737
2508919.1492356304 -2239295.956046616 5411147.690077589
2511736.100846242 -2239684.5494278697 5409679.831446571
2514460.3327699075 -2242586.434331125 5407211.510518214
2517337.4860105547 -2238220.174149538 5407681.890935901
2521171.369644452 -2237456.6002305495 5406211.602126748
2520753.8144402574 -2236221.073144674 5406917.469224824
2521614.1621464887 -2235962.1130626914 5406623.386755405
2522781.09160552 -2236210.4632375743 5405976.260394089
2529057.136566219 -2235239.733510647 5403444.67295805
2531007.538628957 -2228323.2868142743 5405387.79079213
2533605.4046113663 -2220504.578855213 5407387.915528819
2539134.841619778 -2215184.5871575414 5406976.2807776565
2546270.857267696 -2210866.0186869334 5405387.79079213
2552074.62373211 -2207481.831629335 5404033.685861794
2554187.370612476 -2203159.992680458 5404799.156532643
2561960.6407499383 -2195710.722912496 5404151.468689164
2563344.6698055724 -2193949.7519828286 5404210.357633559
2563070.857267388 -2187445.1489658975 5406976.2807776565
2565620.797475518 -2185909.131596901 5406388.091134632
2563892.358415372 -2184590.9687398295 5407740.681075566
2563412.1004730365 -2182097.6158516654 5408974.893456512
2563916.9437225237 -2177130.739580518 5410736.793493668
2566806.0713065146 -2172115.9158702027 5411382.451862682
2567862.9784871144 -2167939.051347416 5412555.865148936
2569630.9803793104 -2161148.8227088484 5414431.954580187
2570265.9333489826 -2160687.3527710363 5414314.748464572
2571171.415985284 -2155787.152317236 5415837.91333568
2573776.537067695 -2154149.208053767 5415252.212656504
2572760.9036543854 -2149026.6126318485 5417769.55497625
2576181.771602433 -2144185.596549549 5418062.071184937
2581340.479794473 -2137824.08584093 5418120.5694754375
2586639.640209157 -2134233.309285612 5417008.819748628
2590724.4524800135 -2130166.207173633 5416657.617123093
2594377.4424432297 -2123775.809063133 5417418.481064571
2599561.965760113 -2116677.963161741 5417711.0467834
2604492.3946969737 -2116009.7922962983 5415603.6528601125
2606475.6321671125 -2116865.9814636535 5414314.748464572
2604839.261594234 -2120974.970097639 5413494.12094227
2598739.764539222 -2125907.962316899 5414490.5551640075
2595693.4101296403 -2140333.301949682 5410267.098505834
2600997.8152752593 -2150509.382290505 5403680.297872352
2613008.715894467 -2156833.722987809 5395358.629603975
2623978.38223093 -2159504.987574427 5388962.484395853
2629462.1990128993 -2165712.1247482444 5383796.108386786
2636009.200925046 -2162777.9437873084 5381773.690755274
2643581.46048433 -2157973.853974732 5379987.630779924
2651960.694773685 -2150352.485282823 5378915.286785382
2657749.4168373533 -2141548.138803711 5379570.671204819
2661396.062847926 -2134163.8853298677 5380702.231791988
2660319.158687747 -2130250.4895261284 5382785.136506249
2657762.507920738 -2126376.746753113 5385579.020157305
2655532.803256474 -2122541.2106965054 5388191.286482304
2651450.238571127 -2120567.659564901 5390978.151837434
2647176.7930684243 -2120485.1132886396 5393110.318782775
2644694.61503874 -2123730.4450040124 5393051.120668907
2641554.634999435 -2125383.0334821744 5393938.919870999
2640567.8985857856 -2123905.8992839498 5395003.790911095
2638369.0471802973 -2121530.634495265 5397013.761125596
2636794.2487521665 -2119279.4044582546 5398667.603732105
2636746.2865847223 -2122044.9939897675 5397604.567182061
2631940.9969346737 -2125453.64645189 5398608.560123514
2633213.739307137 -2132867.1624484914 5395062.9348018775
2634673.6991564124 -2144655.788915065 5389674.113158101
2643334.013393121 -2150248.3944182764 5383201.476439522
2653571.3187914183 -2151197.9211857575 5377782.792189886
2661168.369763528 -2145682.238111884 5376232.104440927
2667477.129915441 -2138734.313390352 5375874.096191687
2674542.7768321387 -2131698.725067311 5375157.902837966
2681300.04211331 -2123344.1368051902 5375098.209415171
2687143.26102087 -2117460.532270002 5374501.185136064
2694850.513412944 -2108251.9116998194 5374262.329582736
2703464.344338812 -2102392.8325204984 5372230.999934305
2713315.5882275356 -2090892.5724968966 5371752.7650627
2724260.293377333 -2079240.213384685 5370736.1682521375
2732687.1361117503 -2070015.8516234644 5370018.285830779
2742640.2723181327 -2055716.6426717432 5370437.079205112
2749148.937397346 -2046690.4114082004 5370556.719731836
2747907.896782296 -2041446.2969051558 5373187.155464969
2742477.163544352 -2037114.6390710887 5377603.923191071
2742956.1097421995 -2029532.5826493846 5380225.857340234
2741110.6612957646 -2021438.0414282507 5384212.253171063
2739167.36035931 -2015358.8800945121 5387479.165283741
2736855.070109426 -2009611.0668943985 5390800.375179171
2736913.788434433 -2004438.7922564526 5392695.897487172
2737245.459258944 -1996326.4461673978 5395536.0267631365
2738039.9632137474 -1992516.8550662573 5396540.997909802
2740577.0022384506 -1988223.9875566547 5396836.48724936
2746208.1204200475 -1985586.6217967165 5394944.6453769
2751532.4808893045 -1977395.1302103007 5395240.356613571
2757110.819197258 -1971714.7381173698 5394471.42194267
2757320.158737297 -1963801.8904390866 5397250.103277483
2750318.009595598 -1957223.572775284 5403209.021708013
2740125.6735775406 -1949898.3032744986 5411030.299294993
2732115.87713442 -1941757.2288773088 5418003.5712439995
2726401.411524925 -1934117.0633908082 5423612.037040944
2721525.409020732 -1926091.782494627 5428914.338379378
2715099.895472031 -1919908.930065004 5434319.024299587
2706044.329159418 -1913647.2268080597 5441040.284720743
2705252.8597660726 -1904883.2160557045 5444508.049210393
2710006.671983244 -1901093.6845312468 5443468.346600512
2713314.3842588994 -1894876.7300212518 5443988.265067966
2717348.991670527 -1891914.434103247 5443006.084095347
2721975.9776286213 -1885418.1626380102 5442948.293820861
2734705.1443585963 -1883026.6293784804 5437392.710341065
2745957.264180736 -1884070.469464185 5431356.936290051
2754551.7552123163 -1881917.5613719544 5427750.171116628
2761182.753394875 -1877907.1824966413 5425769.569036472
2763123.2462629196 -1872182.054688694 5426760.108947426
2762820.54229522 -1865019.6836634276 5429379.820073332
2761147.015052001 -1859193.5769460804 5432228.585462127
2760530.386994151 -1852971.9820478843 5434667.22221586
2758544.725710799 -1845708.7846742815 5438145.922870157
2758537.9685061444 -1838881.5325939425 5440461.743767247
2761343.9810325126 -1834493.6201955562 5440519.605320554
2764045.7909408277 -1830592.221164327 5440461.743767247
2767533.437059218 -1827556.126899645 5439709.392770055
2769317.623442962 -1825196.4640190136 5439593.621606371
2773496.883405232 -1815547.784676327 5440693.180036745
2773879.4521730836 -1809580.3058085076 5442485.911937848
2773704.4374479624 -1805672.808859871 5443872.7392386375
2772963.8654405153 -1801059.0342564103 5445778.067097901
2771379.15123519 -1799135.8097009996 5447220.294641152
2768655.7290765895 -1797917.3531179 5449007.216476127
2767262.339553811 -1794472.9717507418 5450850.107803665
2767507.510142667 -1790243.869320998 5452116.109334293
2764162.5662910487 -1786301.39727723 5455105.280853954
2762753.9204597324 -1780405.1589331648 5457745.802529516
2761432.39393667 -1776826.2914350263 5459580.612444736
2759498.3392917127 -1769254.9068567995 5463016.290476299
2759726.4008524357 -1762883.363912035 5464960.515656106
2762932.644280799 -1754831.2155967336 5465931.906631731
2768166.7897079657 -1749421.4744009878 5465017.6696203435
2771603.5501830527 -1743075.8297888967 5465303.414470091
2770720.4231261835 -1737126.366889259 5467644.9521095995
2763239.9313699794 -1733780.4001240467 5472490.439080559
2756230.7759541827 -1726969.918863595 5478175.5912916185
2758238.731704352 -1718522.6506118865 5479821.164806372
2759591.806657385 -1707820.4443387713 5482485.147314851
2763208.702742288 -1697212.8595117065 5483957.25499364
2765398.38281778 -1686483.0388998585 5486163.29904715
2771367.7379314695 -1675360.3634009503 5486558.986641595
2776976.568536909 -1665674.7058476254 5486672.025198554
2784098.27693918 -1653931.0945053925 5486615.506755734
2791752.081951657 -1643811.4017400707 5485767.52956484
2796472.3026876333 -1634060.999783846 5486276.361001726
2799747.011692794 -1626157.1178983112 5486954.59234227
2800864.3661498176 -1620601.383005299 5488027.966385876
2792474.88880934 -1617113.605806036 5493329.462292087
2778190.421945435 -1613247.5024038933 5501702.597868977
2767260.8968517496 -1604512.2214761407 5509759.401270526
2766617.9450853635 -1594862.0307520751 5512883.206526055
2765107.6522855805 -1585322.9589392971 5516391.192358612
2770687.5962652606 -1572626.6695064744 5517225.444211865
2771062.236061849 -1561986.853139004 5520059.071648855
2772342.4996875273 -1551442.48507789 5522389.363302958
2775963.973242671 -1540389.1150593578 5523664.218022798
2776876.9334147573 -1530769.1402312184 5525879.236464079
2781178.9001580738 -1519119.8051819205 5526930.426811936
2785884.3398591504 -1513304.3791312855 5526155.9244224755
2791615.9477476384 -1509610.0192281757 5524273.616515294
2796067.9566387665 -1509684.6916591912 5522001.187398261
2799378.443708351 -1510651.9037846522 5520059.071648855
2795370.451472069 -1513406.3465286915 5521335.551234277
2790915.5781890014 -1511309.4460442849 5524162.831933837
2793482.43824059 -1508792.4788095471 5523553.396422375
2793650.331645317 -1505232.185804723 5524439.780766512
2794096.54445161 -1499311.7736961762 5525823.893822495
2799266.916900282 -1487582.0244761202 5526377.244488754
2808120.0300672157 -1483436.1705024922 5522999.187468725
2814351.456255464 -1479259.7573269175 5520947.151624063
2813696.053052784 -1475532.474609145 5522278.4643124435
2806228.4023917112 -1477929.365870337 5525436.448201008
2798415.8218554193 -1478059.883823099 5529362.428691223
2790731.5824643653 -1477928.1372927574 5533279.918423999
2783192.22602538 -1473997.6111418365 5538123.606000505
2783391.9519467186 -1467826.5301545362 5539662.040162083
2782928.3840969605 -1459149.8724046357 5542186.595455715
2783389.2521689576 -1447397.4885791484 5545036.138833101
2785621.476737549 -1436350.636409402 5546787.433967956
2791742.6633054833 -1426332.7248023765 5546295.0570662785
2799798.601619595 -1419251.6819121481 5544050.275183163
2799827.68044295 -1413190.8740629677 5545583.604391029
2798427.2155029126 -1408441.5442347222 5547498.403425307
2788607.224786869 -1411560.3956010158 5551649.123948413
2783870.637017956 -1403308.1816259082 5556116.577586455
2785649.5131022646 -1396530.7990377294 5556932.563698444
2785356.804610732 -1385390.869438919 5559866.9597288
2787357.331619627 -1374572.51880304 5561549.289219487
2785428.2711348496 -1365953.996040705 5564638.355460592
2783930.8874491765 -1356851.5938914062 5567613.81258262
2783889.653962464 -1346923.9361937272 5570044.461642039
2780405.0670343963 -1335788.442370609 5574464.808431259
2773537.2332723555 -1334574.858485172 5578175.522762905
2760788.1717579635 -1333428.4418298132 5584770.206660309
2754463.283306275 -1329484.3697162047 5588832.108016659
2745929.816112748 -1321113.6180794328 5595012.891236988
2746219.120539492 -1306703.6623804886 5598253.931424039
2744488.661671132 -1304881.7495972137 5599527.355547673
2744115.650422321 -1304528.2419059128 5599792.528583283
2744411.486424457 -1310722.6356663983 5598200.8507674355
2737650.2937167217 -1308549.9055048195 5602018.298266802
2729477.231803602 -1312024.888655753 5605192.747142029
2717556.804166283 -1316235.3250331972 5609995.595832879
2708051.8984221066 -1316303.0079202426 5614574.098432805
2700541.999578666 -1310672.086674511 5619506.436487456
2698495.1385047613 -1305898.2989875835 5621600.71689261
2696546.38383832 -1305419.943279836 5622646.829696469
2692597.416176573 -1305016.7658676147 5624632.556461237
2691762.1051810845 -1307862.3482525966 5624371.417957237
2689049.5256316727 -1308053.0273793445 5625624.492113193
2687834.6200305247 -1309202.8505582754 5625937.606431079
2685818.2686868953 -1311992.6635031328 5626250.659053655
2681817.47561114 -1312126.0825211843 5628127.678995414
2679296.6626474094 -1315706.5513803412 5628492.397097228
2672383.0310933366 -1318627.3556047045 5631095.082856916
2671555.6956696683 -1323847.8793966358 5630262.689888633
2667156.97798545 -1328284.5742018924 5631303.112488336
2666377.6678233454 -1334465.8709469254 5630210.650749295
2658152.462761506 -1342729.427704597 5632134.956540994
2652936.8259870876 -1349756.4337900612 5632914.411453798
2647669.654974525 -1356397.4626962005 5633797.326965036
2644623.5380653967 -1361253.1124232362 5634056.913612829
2638793.910338761 -1369106.565001549 5634887.30254907
2631475.14362832 -1374006.4792088233 5637116.795273847
2627392.1108078645 -1382220.7624392745 5637013.168331823
2621936.8620382124 -1389181.6907552367 5637841.991538574
2616195.1046922584 -1396624.7080775 5638670.375094797
2606447.8192813685 -1409359.8697676405 5640015.5605150545
2601847.2877649427 -1414746.4256556858 5640791.1007450605
2596564.1950744656 -1422166.452573672 5641359.584535567
2591963.299464583 -1429719.3612314248 5641566.254361344
2588118.702332449 -1438694.8260630134 5641049.528243527
2583479.337167507 -1449425.27054362 5640429.230079755
2582183.0192878 -1458550.0525967705 5638670.375094797
2581120.1863086955 -1469201.5247962468 5636391.262444982
2579494.2262509833 -1481358.5598605275 5633953.084102297
2581160.716632626 -1491856.0671593028 5630418.797016127
2583602.8728632852 -1501942.6526170024 5626615.8091327315
2589307.770064755 -1512038.872533758 5621286.749475526
2593798.478925145 -1522807.2092396342 5616307.386015601
2594807.1745708105 -1536337.9128878163 5612154.893106512
2595833.8259890056 -1548410.1812058948 5608361.04923615
2598358.636767811 -1558105.200526669 5604505.4713886995
2601550.6522679427 -1565704.1672684392 5600905.789627467
2602664.450169858 -1572940.9045324482 5598360.087621256
2602647.0634922544 -1579946.5864337932 5596395.093889579
2608025.4273006176 -1587076.241804294 5591872.081267041
2618101.7597205047 -1597155.4917090384 5584288.541170849
2625285.054071257 -1606697.613777673 5578175.522762905
2628582.7121506426 -1618253.4309048078 5573279.982088428
2630250.2983841137 -1629616.9919115554 5569180.62442972
2632590.5435013017 -1638005.8720288947 5565612.706024951
2633749.9125203635 -1647156.0948209914 5562362.735168665
2635212.037473662 -1653962.8147636766 5559649.766391128
2636207.979499556 -1660944.2196295827 5557095.715218692
2635930.476802543 -1666108.519899249 5555681.229280767
2633604.96300283 -1673400.5315394374 5554592.38467508
2631192.490479571 -1683494.3659511677 5552685.27812036
2631299.058863277 -1691404.9046900815 5550230.239477959
2635031.0007741563 -1699203.2374412075 5546076.178960082
2638776.3551763264 -1705533.4798931698 5542351.116297652
2642550.355524245 -1712160.6239854498 5538508.338550411
2644748.487907053 -1717651.0060284915 5535758.435589713
2645279.3688026723 -1720556.984627044 5534602.219097414
2645670.876748557 -1722257.622099 5533886.093428958
2645519.6042082524 -1724789.9246784362 5533169.682874145
2643024.059408492 -1726846.5491425863 5533720.793200738
2637184.279409943 -1727303.1627288277 5536363.776023036
2630370.752454721 -1722709.2345536733 5541034.524149285
2620090.9950330975 -1721798.254967722 5546185.621392109
2612311.3709685383 -1720409.4200638302 5550284.833093173
2614494.3487205934 -1711789.7105739866 5551921.855293094
2616520.0432359176 -1701591.253919901 5554102.183785243
2615690.9952990906 -1695211.67050398 5556443.01773161
2610843.832486926 -1702312.3629326974 5556551.817572789
2607083.989851167 -1707002.9296112445 5556878.17647286
2617049.2281049313 -1699531.640503026 5554483.462987757
2627400.7438281486 -1678807.1824094446 5555898.916972999
2631277.315047388 -1656939.6230573594 5560626.923006033
2635734.27992425 -1639387.6679964727 5563717.631193489
2639813.656046964 -1622817.731362854 5566640.591247317
2640791.2366517615 -1613970.9754897184 5568748.542958286
2634174.386921632 -1617514.4395477655 5570853.914539541
2633347.905195578 -1613654.4524932138 5572363.871657242
2633543.4815983046 -1613521.4148842597 5572309.967530609
2638763.2951930272 -1613933.70499452 5569720.573585779
2644125.522122494 -1617086.5554804346 5566261.967904931
2647179.9947175123 -1617304.5063798542 5564746.64375754
2646291.1475857566 -1617268.9153590535 5565179.7291392675
2638342.4367551017 -1620200.6535333407 5568100.217193229
2631039.43951986 -1617044.1864835182 5572471.674818175
2626617.61746516 -1611044.0452648178 5576294.287054659
2624792.9516339647 -1605263.1985488834 5578820.038721206
2623851.4987668092 -1596895.23540942 5581663.723259031
2635634.012391301 -1592677.9206268296 5577315.787533814
2643777.616595217 -1580451.3729168552 5576939.516601856
2644812.387281004 -1572060.8803884438 5578820.038721206
2645640.120992975 -1559956.445915171 5581824.54373478
2643552.9285003752 -1553320.9778223417 5584663.181792984
2643666.0830961224 -1546381.528916417 5586535.13442038
2645256.8638366745 -1537846.1397588514 5588138.006058347
2646312.6776610394 -1526679.4933842344 5590699.413895413
2646231.219185218 -1517228.738296947 5593310.137145568
2647914.1390437763 -1505814.3517775561 5595597.809906713
2648669.3441744396 -1493179.4249892717 5598625.448270249
2650412.3350121924 -1476473.2114752752 5602230.119355247
2646460.3700472857 -1458575.157235653 5608783.024905151
2642438.131632393 -1446572.7359578907 5613785.624699113
2641817.832231027 -1440964.0447094566 5615519.758950254
2646488.1366211497 -1443451.5035563852 5612681.115082553
2651418.5718707778 -1442180.3584769499 5610680.562138788
2658110.585108121 -1438674.2998039213 5608413.80217436
2666274.47622342 -1434260.5696300361 5605668.384398425
2675641.2625594833 -1427339.3746724073 5602971.278134386
2681211.426879979 -1419149.0915228317 5602388.967253001
2683906.786759357 -1407529.3130347168 5604029.496080038
2681799.5648404597 -1394866.9006403475 5608202.780171159
2678688.0212721275 -1380857.4411560846 5613154.56868035
2676381.8539389777 -1369043.3373644138 5617147.097266037
2670079.2147517027 -1358302.1179611287 5622751.403298321
2663420.349988716 -1348425.85555421 5628283.997040207
2655712.256827384 -1339054.2210607582 5634160.736258433
2651847.8711150917 -1329220.311742811 5638308.011390713
2650341.0686848136 -1321007.044855298 5640946.162399116
2651310.190099618 -1311971.6633041357 5642599.191025436
2655380.3293241723 -1306839.3801022081 5641876.207544112
2661378.3781785835 -1299076.1141145984 5640842.789681383
2668178.2065209053 -1290939.4908229052 5639498.318935894
2673353.1499765804 -1287690.0103789798 5637790.202967868
2673009.878451674 -1285226.364145535 5638515.086669984
2673027.8484254004 -1280184.1332054117 5639653.509448199
2668013.559526114 -1275607.9837552612 5643063.788223968
2665522.843731767 -1269619.3426039005 5645590.818898422
2657820.276283707 -1264471.133004838 5650375.662977875
2654195.8674919116 -1255539.5640047002 5654069.835101769
2643862.4793903334 -1250369.1265877536 5660053.81929785
2637996.328063658 -1242190.5015207506 5664589.934942712
2633864.3154068682 -1231438.6260715555 5668858.675099011
2632765.232410215 -1216898.6735509452 5672507.897687049
2627496.3059035046 -1204182.3082990788 5677662.294540152
2629579.464302832 -1191004.4485859303 5679477.198155245
2631061.0805387646 -1180238.603398725 5681038.235175118
2632914.8172182846 -1166582.3217614845 5682999.758210975
2629047.420697905 -1157411.0656070816 5686664.249358491
2635741.567280753 -1146818.9272677335 5685711.366097376
2638342.171784335 -1135812.9695550897 5686714.383787422
2643610.8804385136 -1125523.8885247614 5686313.259853629
2646755.877429578 -1117597.9821369466 5686413.551230284
2655039.3716021967 -1107089.6027751367 5684607.246474412
2656129.649827572 -1103954.3257920076 5684707.655620645
2653506.260119221 -1103026.9204360072 5686112.656314642
2642458.954114561 -1103468.368596594 5691169.4084192
2636697.866015435 -1092479.5181059274 5695959.433306095
2637416.82750349 -1072660.1938718094 5699392.387481697
2649991.3606924727 -1052845.6063403152 5697253.980424706
2657818.6189436098 -1046299.6238916956 5694813.279277977
2660130.487011803 -1047209.7336610368 5693566.418844689
2657465.0091529503 -1050716.4893411493 5694165.047147327
2658453.1110877167 -1047942.9770621756 5694214.921565053
2662436.507118689 -1042968.6412386824 5693267.011036315
2663779.460686014 -1039260.5405513206 5693316.916673469
2667270.587549141 -1030818.9090877234 5693217.103664891
2669106.303935444 -1024948.0764705262 5693416.722744915
2659579.778831238 -1022301.981315899 5698348.450123911
2651977.9102393542 -1014336.3171160788 5703312.7215138655
2656493.9036686993 -1003858.3829819135 5703064.920434273
2666678.7525695805 -995704.3353201419 5699740.196466732
2674502.7245826027 -993788.5772743564 5696407.678518037
2683626.2245775275 -993768.5648643397 5692118.7027544705
2689774.5755831865 -991456.961551581 5689619.2162514
2687005.3911259556 -981124.6330073024 5692717.934569246
2688265.0870453166 -974465.2701963588 5693267.011036315
2686999.6665903055 -972998.5668989999 5694115.1709950585
2687521.007710534 -968043.9994697631 5694713.570339174
2694498.2257838044 -956501.206276483 5693366.820576342
2704015.856231795 -941108.8086923062 5691419.283399245
2714493.0155818434 -924406.0157361281 5689168.848472353
2715831.6158340224 -920156.5001522233 5689218.896268975
2714209.7410063967 -926160.2309303957 5689018.694684431
2715846.698043722 -922275.7801107935 5688868.52529974
2720049.217854591 -910432.4804054841 5688768.403711945
2725925.8741612025 -896186.1065516563 5688217.611080142
2731236.1007704837 -896558.7656916345 5685611.026223087
2732364.0958221 -894710.8222974155 5685360.1462287465
2732651.288479601 -898291.4838607651 5684657.451913352
2733420.7994654183 -898174.4192907338 5684305.977477074
2735572.0031923046 -897664.748063034 5683351.547760826
2737752.2526164935 -895470.0618313993 5682647.883835227
2744832.8179477225 -895188.1700455181 5679275.652909244
2752319.206399985 -894920.0651004863 5675693.619564246
2760447.8153605363 -895858.6806949379 5671596.431596202
2767461.252727104 -889600.3288674317 5669163.11897383
2773516.7299857945 -880397.4261574451 5667640.27797321
2779288.5024986374 -872627.92022417 5666014.201599226
2787102.936163717 -867178.8073618982 5663011.4903017795
2786374.5387586723 -866525.4778728203 5663469.919223962
2792072.631439245 -852396.8453400028 5662807.69926212
2797934.647127998 -843627.4229013413 5661227.382973552
2798048.041227959 -842223.3951014105 5661380.389244679
2799651.529282126 -837912.1868422056 5661227.382973552
2804066.096659556 -843821.3604677332 5658163.998788196
2804870.419466122 -844917.6737028898 5657601.705198806
2805375.535723618 -847687.3995919743 5656936.907561938
2791256.883993376 -852360.8375326045 5663215.253740609
2781391.4175193887 -841287.9284261791 5669721.104607692
2780663.928737099 -827525.3101546647 5672102.870759115
2778036.999458091 -812986.4902428995 5675491.555479967
2777420.693860716 -795520.8087709704 5678267.511497379
2778003.2191369063 -779658.3531250939 5680182.388521275
2777856.27625641 -764262.4296525506 5682346.209716938
2774328.767419957 -751948.9023179552 5685711.366097376
2777350.2625084682 -744552.4510804578 5685209.597449704
2777565.6826131027 -746429.1553461942 5684858.256352499
2776925.672168856 -753745.4365845557 5684205.540625488
2778636.446953022 -760670.1969906299 5682446.774680299
2778394.0688863103 -763054.3292200423 5682245.637829812
2775992.55587495 -760936.0469056983 5683703.25247953
2776523.719666153 -751815.5947685775 5684657.451913352
2779006.66598635 -742969.3154727366 5684607.246474412
2782905.7552867704 -735639.1588433286 5683653.014142229
2783137.3423949536 -732427.2695931701 5683954.418195403
2780367.685922618 -739019.2616261834 5684456.619767874
2782945.6232469897 -751625.9142173991 5681541.440764758
2788134.852284894 -769498.7704027465 5676602.565604092
2793497.4503548187 -782376.6441579892 5672204.137858334
2802117.2542096796 -792655.1541547348 5666522.5403462695
2806813.131457535 -804681.6682876565 5662501.960953245
2810073.6856102436 -816189.1404743559 5659236.8892292
2811864.0955699366 -824857.6239423875 5657090.348250484
2811981.6646516025 -834228.3059175622 5655657.632076849
2811910.736080691 -839656.5907824616 5654889.549926658
2810517.104300879 -843623.3019134348 5654991.983274679
2804086.3865895476 -849220.9528207172 5657346.048266223
2796112.734636354 -861799.4560928112 5659390.097235085
2787581.0299679665 -872613.2874766433 5661941.279444881
2783372.4181119627 -873483.2438912175 5663877.29428656
2790082.4107211386 -865916.5054483116 5661737.343517156
2786401.12789975 -864774.0002864515 5663724.541577527
2786255.4754710495 -861904.000217028 5664233.65688753
2786098.701785724 -857382.0281372411 5664997.006330645
2786574.6794215874 -858859.6995177466 5664539.043254161
2789258.5762507305 -860220.0041395002 5663011.4903017795
2796393.7617205414 -864238.1064241374 5658879.343546287
2798886.745909644 -875508.7861811621 5655913.573322254
2804489.4072715207 -882046.2526326245 5652121.245401463
2807946.5857455637 -889115.2097136065 5649296.515094225
2808019.483857685 -895721.3427970316 5648216.608305095
2810343.1965695256 -908149.4733681073 5645075.433642726
2812791.981907246 -919416.4701392318 5642031.160934422
2809533.7233802048 -931830.7410090212 5641617.917521529
2801992.412873749 -941668.1875159624 5643734.627249792
2789616.019486795 -951184.2635302808 5648268.04964451
2776914.6241178648 -958120.458894506 5653352.222938893
2761968.8203244917 -963549.2826094198 5659747.522243215
2753658.700481166 -970526.6881554554 5662603.880622622
2745975.1998138884 -990019.7302653922 5662960.545129404
2748862.1646246794 -1009532.7266106352 5658112.889806726
2749678.6775286207 -1021285.4553650786 5655606.43865927
2753060.024341952 -1017841.6130318658 5654582.208541227
2751995.3380390243 -1009593.3459113304 5656578.818977337
2748885.0541024962 -1006601.9542908815 5658623.90205867
2737699.622460207 -1013249.076843124 5662858.649609559
2723337.424910872 -1015560.3847093525 5669366.047018733
2725197.801262746 -998251.6867152357 5671545.778177487
2726266.3997225226 -987217.576874887 5672963.420792811
2725204.4269570103 -975549.8116290602 5675491.555479967
2717618.0400226265 -980546.4070695179 5678267.511497379
2716805.0181097034 -976075.07549747 5679426.814438808
2712572.949249234 -973485.655372074 5681893.581701977
2713657.5153717087 -969279.602540432 5682094.767017328
2716187.018678916 -969862.389338737 5680786.567483969
2720887.2906689923 -974968.8305956298 5677662.294540152
2723264.749561539 -978610.5487660028 5675895.655985884
2724395.369942778 -980735.2625910263 5674986.2742516715
2718433.631221387 -982664.2303145416 5677510.951385724
2711554.384340771 -982157.8233593495 5680887.239751936
2695799.0858714967 -988016.4824397973 5687365.9737212
2683372.321639458 -994739.7982037804 5692068.755499073
2674060.5606809193 -993836.7443908476 5696606.8534970395
