-5348178.28153738 -1235805.7974604242 -3234101.745439541
-5350177.660011481 -1233415.5717574721 -3231706.3656310523
-5352065.372158282 -1226966.3944818983 -3231035.5490084467
-5350133.8844214855 -1223771.9270410638 -3235442.8892118116
-5348920.088374192 -1224771.482899805 -3237071.1612293054
-5350685.1138882 -1220851.9231476341 -3235634.465411991
-5351519.926544338 -1212594.5687223792 -3237358.4737720764
-5348921.743896564 -1206903.1266231118 -3243772.8065661285
-5348335.218840371 -1206672.6881114515 -3244825.482314513
-5349153.800059753 -1200972.0029222586 -3245590.9895584825
-5348714.8115130905 -1194893.3098086955 -3248556.732346675
-5347284.206327311 -1190361.0484998971 -3252573.31830917
-5347774.674102546 -1186846.1733302088 -3253051.3669290342
-5347713.468829947 -1182132.7097075242 -3254867.7257200982
-5347943.330633292 -1179246.854503586 -3255536.8203229224
-5348376.789034197 -1175427.6152023363 -3256205.8663327782
-5348652.442429039 -1170987.4071983777 -3257352.6892678807
-5348496.258101323 -1168507.8678470782 -3258499.369319507
-5349925.831031048 -1165689.9936435095 -3257161.5620331364
-5351588.013804285 -1160183.2706807733 -3256397.013408957
-5351861.416189738 -1157308.945183166 -3256970.430829638
-5351169.351215117 -1157550.3474305866 -3258021.6033322006
-5352719.402498836 -1154952.1588246573 -3256397.013408957
-5352403.416782913 -1151560.3524795494 -3258117.158514679
-5352513.208473793 -1150508.842846145 -3258308.265902168
-5351937.064837081 -1150482.7272696577 -3259263.743282709
-5352607.302439307 -1149258.5506430187 -3258594.919539298
-5351147.696313722 -1147382.0410295003 -3261652.002307929
-5351272.196530436 -1146529.5443239252 -3261747.519755736
-5351569.229758401 -1144053.4886670264 -3262129.5796108213
-5353125.572382646 -1141943.9412625453 -3260314.6537284916
-5353905.562130184 -1138007.7577923986 -3260410.1850834345
-5354897.860272811 -1134702.5520683588 -3259932.518377523
-5356139.380804944 -1132133.2204247683 -3258786.0170009756
-5357590.569695847 -1125799.0219656504 -3258594.919539298
-5358470.049404426 -1121883.0553048337 -3258499.369319507
-5358865.065029474 -1117768.342067995 -3259263.743282709
-5359781.055802234 -1117276.1096155585 -3257926.0471572727
-5361210.931162842 -1113474.0560608972 -3256874.863739679
-5360329.103760104 -1114364.4518751865 -3258021.6033322006
-5362139.96790028 -1117377.2288180366 -3254007.389844914
-5365214.944585247 -1117920.2942740852 -3248748.037944659
-5366388.311031624 -1113670.0674271462 -3248269.766528017
-5363899.765508758 -1115888.0931557482 -3251617.1467637955
-5365118.297415876 -1120049.8250352852 -3248174.1092761336
-5367913.409267017 -1118580.3141447394 -3244059.9118110007
-5368146.248393019 -1115794.0855789697 -3244634.0956186345
-5366491.223083644 -1118186.2253969277 -3246547.784631976
-5368438.509224224 -1119667.4270852807 -3242815.724860513
-5369952.478984643 -1116560.614788987 -3241379.9170952975
-5370966.425999295 -1111393.8531118694 -3241475.6445257324
-5369137.309953223 -1111015.3610177108 -3244634.0956186345
-5370087.324716781 -1114242.1893216735 -3241954.2668661764
-5374979.015472784 -1114865.7749683615 -3233622.7187214373
-5380348.42921433 -1109222.9812508426 -3226626.1261751223
-5382129.324588549 -1101953.856602577 -3226146.7157156253
-5383782.196598434 -1098083.0575394188 -3224708.3369406653
-5386623.392747923 -1092298.8749353427 -3221926.844687173
-5389553.585463292 -1085745.7638131885 -3219240.4827507827
-5391006.471256946 -1078795.0412188922 -3219144.5270300084
-5392017.387932691 -1074593.5647180479 -3218856.653984155
-5394309.56207028 -1070841.8315410288 -3216265.3995556696
-5394950.1805355 -1065293.6673937181 -3217033.25313103
-5394772.378108412 -1062421.8355672765 -3218280.8814192032
-5395273.491499393 -1058999.5330966602 -3218568.772113624
-5395441.303283219 -1056098.8860158843 -3219240.4827507827
-5395258.002464223 -1054694.2526142495 -3220008.0932116057
-5395386.776543967 -1054328.3681128186 -3219912.1453367425
-5396747.070871699 -1052931.8908959602 -3218088.949387819
-5395992.694317527 -1050340.8460671701 -3220199.98601869
-5393326.049022196 -1052264.4327109666 -3224037.017869073
-5392516.608676376 -1055233.2424284003 -3224420.634660356
-5393289.657279497 -1055384.5162478844 -3223077.907148108
-5393547.0653968975 -1052600.7125777781 -3223557.4747829875
-5391761.255488337 -1053229.1098853378 -3226338.4828478503
-5391945.803316126 -1055512.3931044992 -3225283.714978333
-5392700.607293869 -1053705.7417453707 -3224612.4371628254
-5391521.350844433 -1052400.7445169382 -3227009.6368509373
-5390693.209472761 -1056048.736406653 -3227201.3862909423
-5390711.235096218 -1057713.2038939109 -3226626.1261751223
-5388978.514918269 -1058643.0761902856 -3229214.5179569083
-5386947.889041284 -1061662.269170597 -3231610.537638034
-5387085.342090986 -1068235.0462537643 -3229214.5179569083
-5389403.518014701 -1069574.6110691705 -3224900.133549408
-5389295.132942373 -1079039.5625406057 -3221926.844687173
-5391516.43638689 -1086239.1064503796 -3215785.4592288793
-5396024.621390008 -1086853.3786337127 -3208007.0166234514
-5398588.924577584 -1084036.7185583983 -3204643.9765199185
-5399989.78303926 -1082455.2281428128 -3202817.8253122517
-5401797.596816553 -1082817.6135460013 -3199645.252027396
-5404729.759621027 -1078402.114450799 -3196183.0524885287
-5405096.7289997 -1074846.3815238788 -3196760.1734070955
-5405151.450670851 -1074857.2633624794 -3196663.9890216356
-5406718.896710594 -1075267.0594508874 -3193874.218376862
-5410153.0588066615 -1070552.28009377 -3189639.9006582154
-5411766.09013193 -1064100.6187941649 -3189062.3478978956
-5414254.693695429 -1060664.4833383258 -3185981.476026134
-5416838.878401032 -1053809.8669756912 -3183862.8000759915
-5417284.019921237 -1048598.5313733406 -3184825.8928091633
-5418469.713766295 -1044511.6896781839 -3184151.7380808084
-5420688.735166907 -1040916.8968754759 -3181550.981869334
-5422829.901250904 -1035342.9682741159 -3179720.3965355903
-5424290.893137264 -1028852.9939803529 -3179334.9655872695
-5425131.2284524385 -1023814.3714151848 -3179527.6829985087
-5427273.113482776 -1018431.9639989585 -3177600.3345877514
-5430399.897991246 -1011661.8276405599 -3174419.3633468854
-5432717.41798671 -1004639.0799591683 -3172683.8442118075
-5435028.97251932 -1000652.5452317088 -3169983.5254456582
-5438003.205411342 -993940.3664309279 -3166993.003767948
-5440307.340378379 -986219.4212404283 -3165449.1459180512
-5443320.469058769 -978231.0286000639 -3162746.800774586
-5444375.409239101 -970771.3703501354 -3163229.417823041
-5445409.683114869 -965269.2179532822 -3163132.8963403814
-5446492.297498825 -961049.660156858 -3162553.747211004
-5448393.5539245475 -953738.8272583983 -3161491.8837367287
-5449304.170262415 -947234.0720206825 -3161878.0293938876
-5449684.60013636 -940834.2251033939 -3163132.8963403814
-5450661.393342488 -934832.0840368276 -3163229.417823041
-5451792.169039256 -926898.134090835 -3163615.494117635
-5452414.848032021 -918585.5945286867 -3164966.6397111253
-5451927.298914989 -912144.1023975032 -3167668.363924316
-5452997.309894418 -906062.7352786069 -3167571.8867965234
-5454179.351874556 -898239.6759733307 -3167764.8400871814
-5454313.049523793 -890245.8115489653 -3169790.616557186
-5453409.644879287 -885115.5870471571 -3172780.2701579803
-5454304.674427399 -880278.7047943058 -3172587.417299179
-5455048.690667761 -871804.3201148477 -3173648.0601782287
-5454465.880165139 -865951.9612665806 -3176250.9603135735
-5454556.922089749 -861477.4105349368 -3177311.19892604
-5455660.255977656 -855894.532794474 -3176925.6711604614
-5456304.632174189 -846728.4685163394 -3178274.950585373
-5455154.007657563 -842552.7206059649 -3181358.305148465
-5456464.810478216 -836223.5121228766 -3180780.2517284667
-5456641.437259172 -826213.6010796407 -3183092.2560581197
-5456951.14326967 -818565.4975103451 -3184536.975174488
-5456980.549248265 -812727.7031973519 -3185981.476026134
-5457993.659302339 -807037.1217425491 -3185692.593321735
-5459461.456420042 -798201.0159667481 -3185403.701883579
-5459455.914336838 -790902.4259443512 -3187233.2001357954
-5458767.22726501 -786328.6206689244 -3189543.6442937073
-5460595.043888838 -782214.6768104992 -3187425.7585140546
-5461285.6832135385 -775797.3859968575 -3187810.863618994
-5460862.240613881 -772042.7157009036 -3189447.3869576086
-5462278.904222853 -771562.329889001 -3187136.91949032
-5461072.93665329 -765754.2924276969 -3190602.4108593627
-5458617.945332786 -768810.3858136456 -3194066.642629103
-5457785.112806634 -771121.8839287069 -3194932.503598867
-5459084.134053968 -771888.5151786278 -3192527.13965842
-5460225.40734409 -767384.6364113429 -3191661.059823537
-5459576.724002639 -767196.3004674357 -3192815.815432781
-5459342.5884249 -767260.5643035489 -3193200.7028489024
-5460429.444633964 -766733.0296345724 -3191468.5869426634
-5460493.459372478 -762660.7658032759 -3192334.684279634
-5458656.25122546 -762112.7771429248 -3195605.8965198924
-5460591.692184763 -760342.6750798291 -3192719.5911472086
-5461681.476121563 -755733.5318729216 -3191949.7618530067
-5461289.1216625525 -756942.1332938945 -3192334.684279634
-5462134.562596758 -757739.4692605403 -3190698.656534439
-5462540.184191038 -756435.3480984686 -3190313.6680027717
-5462252.482888546 -752412.2435426839 -3191757.2948056343
-5460999.390194386 -748840.6865277449 -3194740.0968619036
-5458424.574455744 -746255.3841356833 -3199741.40621178
-5457912.534889954 -742983.3430234164 -3201375.87819376
-5455179.695188546 -733982.3454577812 -3208103.085899656
-5451579.445687289 -729623.4837544555 -3215209.498510771
-5449677.831676671 -728594.4433321148 -3218664.7337176055
-5447137.754911031 -724674.6734724201 -3223845.203580728
-5442998.525167771 -724607.4035957473 -3230843.878257768
-5438462.913832202 -727868.0054087339 -3237741.54335612
-5436175.298153727 -732584.5397936164 -3240518.3257927448
-5434296.881331618 -731269.1727199791 -3243964.2110508685
-5427439.592453895 -732468.2513848171 -3255154.486499399
-5422114.1009617355 -738302.8930037617 -3262702.639581822
-5420339.0653545195 -742879.6082094607 -3264612.581042085
-5419766.6970855445 -744535.8901221402 -3265185.4859230393
-5418524.627391976 -748123.4903917902 -3266426.6569862934
-5417592.573747888 -751945.8441186427 -3267094.9102198463
-5415727.375482391 -755830.1504875364 -3269290.256013467
-5413800.9459781125 -758066.0083768475 -3271962.139797782
-5412151.754125681 -759954.057342649 -3274251.703984097
-5409158.198103043 -761940.5867787014 -3278733.769325282
-5407551.343365476 -765949.8010043557 -3280449.72087786
-5408167.760268153 -766903.6892639463 -3279210.4550012485
-5407010.78060714 -762408.0550688384 -3282165.348663031
-5404763.509011024 -761513.951730057 -3286071.9579740376
-5404358.580514734 -760687.3428502404 -3286929.2812052118
-5405211.996110091 -756670.967064909 -3286453.000532431
-5404763.184897256 -748242.2926905293 -3289119.849839542
-5404653.6454790635 -743997.5527396655 -3290262.5448324424
-5405924.151138323 -740231.1324430084 -3289024.618743608
-5408341.436357997 -736523.6800184589 -3285881.4306887556
-5408903.831049272 -728524.9422559673 -3286738.7719396637
-5407451.757104812 -724678.2688177812 -3289976.8846129216
-5408246.909480142 -720461.3707672788 -3289595.9902897836
-5409908.909206156 -714917.7961246033 -3288072.2526848763
-5409931.408400097 -706372.2835161679 -3289881.662535341
-5408564.47020658 -706193.8030179344 -3292166.715735715
-5409671.209081345 -701249.5325947461 -3291405.095498278
-5410611.411330723 -699355.0898152539 -3290262.5448324424
-5410779.665193059 -694000.7492315819 -3291119.4713652222
-5409346.204618793 -693433.036932065 -3293594.5806773845
-5410322.24523259 -692598.3818514928 -3292166.715735715
-5409909.21214167 -691297.9591378244 -3293118.6507741525
-5407901.255810237 -687492.3731567087 -3297210.8279965078
-5404057.90536334 -687578.8432320161 -3303488.2306161956
-5402999.006889164 -695399.2029589912 -3303583.3090870734
-5405858.631890824 -699795.9796777511 -3297971.958467555
-5406201.10719653 -699840.3135862736 -3297401.1166411773
-5406472.103868409 -705344.7949318355 -3295783.5351180555
-5408735.389383292 -706216.1198571024 -3291881.1156672635
-5409980.763195612 -699753.5775492768 -3291214.6804121444
-5406122.287097066 -696856.3084995622 -3298162.2310397
-5404108.729182265 -699857.1544636381 -3300825.6249796217
-5403364.20276179 -697076.0362526352 -3302632.4790982655
-5400549.104038958 -691826.2958961991 -3308335.94895841
-5396671.390543332 -689797.8381479773 -3315080.3678006777
-5394022.905734301 -688598.1944576484 -3319637.0914609563
-5392988.506560607 -686170.4415166121 -3321819.696084375
-5390482.088923288 -679638.1294106474 -3327226.4518737565
-5385682.543574858 -679128.4895955941 -3335093.55707642
-5384020.346596959 -673669.0532110881 -3338882.434913759
-5380807.2892705705 -670214.9770842073 -3344751.9788804534
-5375204.740785244 -667421.2919351979 -3354305.265432977
-5370306.022176108 -670715.5396947883 -3361487.0062207533
-5367634.4348227205 -674568.6230355535 -3364981.24020347
-5365499.175670623 -681626.1173035217 -3366963.8299345584
-5364216.229450523 -685649.4477164617 -3368190.9207385667
-5361465.431267428 -693668.6477429654 -3370927.6522142696
-5359920.446184714 -700984.1234623153 -3371871.1525241924
-5358759.318162467 -707111.6454033321 -3372437.2034097123
-5356224.358352746 -714577.7666584402 -3374889.6631425084
-5354364.73002917 -723557.8795997332 -3375927.033081253
-5353278.093998435 -731118.7356540513 -3376021.333269698
-5352998.390102061 -739647.6892233456 -3374606.7224776438
-5353336.024024094 -744074.8190483776 -3373097.5493667577
-5352411.115653009 -749850.9130526683 -3373286.210393092
-5353270.968516469 -756831.7372444203 -3370361.5027379985
-5354236.5863842955 -760495.3008079855 -3368002.1488224748
-5354545.572907158 -764162.4433117886 -3366680.6305160737
-5352811.61457323 -769635.4593859437 -3368190.9207385667
-5353284.675163379 -772946.1292799234 -3366680.6305160737
-5354216.398042264 -770600.5012877653 -3365736.5657980964
-5353916.663696982 -767314.7503470685 -3366963.8299345584
-5353934.64882783 -767603.4195087914 -3366869.431153995
-5356487.972533607 -767587.8578272384 -3362809.3137463196
-5358152.899063141 -763818.4756675649 -3361014.7048904947
-5358223.2767974455 -759153.543417942 -3361959.2819518247
-5356054.13577283 -758560.1497222346 -3365547.740550436
-5355711.839591515 -753840.0991783221 -3367152.6244187513
-5356920.759847923 -746479.2068578503 -3366869.431153995
-5358145.265157456 -743218.1448246929 -3365642.1536868825
-5358758.718813942 -744351.8657687292 -3364414.702955356
-5360560.135507978 -745460.3893559397 -3361298.088760351
-5361146.081303341 -746781.8416510631 -3360070.025446802
-5362173.9330713125 -749596.496077395 -3357802.3772341083
-5363481.641576548 -752929.0713454171 -3354966.9885103605
-5364891.361095985 -755514.1215210336 -3352130.680003386
-5366233.575091165 -759810.7567199107 -3349009.6792241465
-5368944.302319935 -764400.7420105841 -3343616.243560254
-5371075.3509013 -766808.4137583084 -3339640.0152606177
-5372303.004965979 -768514.5504420024 -3337272.3605652046
-5372562.367882685 -772858.0864134966 -3335851.4627417196
-5375658.75203859 -776655.5617447282 -3329975.9939137525
-5377978.923411789 -776032.5688916884 -3326372.972376661
-5378984.970921333 -777998.7068326506 -3324286.3436787687
-5379842.514248917 -781382.2676559855 -3322104.3441879856
-5383967.399660868 -786011.7170519667 -3314320.6875687237
-5385706.59366066 -785305.6310918095 -3311661.298015784
-5384427.211368948 -788862.4404855205 -3312896.112989486
-5383655.364939735 -794509.0074491166 -3312801.1332764635
-5383892.767323681 -800401.7693509385 -3310996.327025997
-5384233.834930001 -804775.2099216195 -3309381.1917472715
-5381987.366366599 -809625.8908516663 -3311851.280648478
-5381703.908335429 -811120.1789187104 -3311946.2704515676
-5382246.584042151 -811009.8273544856 -3311091.325907673
-5381270.990309369 -808557.6865961782 -3313276.0217496296
-5380184.932626235 -808778.5936654237 -3314985.4113057884
-5381425.297075075 -807140.2679250696 -3313370.996416534
-5383500.620017844 -809277.0257861038 -3309476.207770994
-5382716.168810089 -809831.5988028657 -3310616.3214137075
-5380765.185108019 -815397.3189878945 -3312421.204333292
-5380137.258210445 -817223.4144812219 -3312991.091693343
-5380480.3092343295 -819581.4400098937 -3311851.280648478
-5380764.971617403 -821931.134806812 -3310806.3262369107
-5385541.569533587 -823911.2735854916 -3302537.3905656897
-5389204.857703101 -820140.4883172944 -3297496.2594568566
-5391197.603503411 -817748.2960621717 -3294831.881032247
-5392477.749344526 -815054.2442140328 -3293404.211725747
-5394721.657868463 -814815.5723223276 -3289786.4394556046
-5398381.154725019 -810935.8655687998 -3284738.182906508
-5400603.020546958 -806547.3566349092 -3282165.348663031
-5402427.475659 -804795.6823440044 -3279591.785561913
-5405337.782490402 -802336.4177787396 -3275396.270665234
-5408439.091023763 -798552.3474637524 -3271198.824138665
-5411225.658233366 -795297.0416595114 -3267381.289535169
-5414604.6259800475 -794249.0136435331 -3262034.0661375294
-5417972.543878265 -790879.5913085388 -3257257.126146617
-5421802.948033538 -789409.2985694904 -3251234.650410036
-5425995.909394797 -784991.5806929899 -3245303.9317561695
-5427883.110209266 -780235.9693000776 -3243294.2780628707
-5430842.709219122 -775534.6138324534 -3239465.161175414
-5434499.471509393 -771895.5342459605 -3234197.547827787
-5438887.507284996 -768258.2289748607 -3227680.742686861
-5441747.07234619 -762075.9959734363 -3224324.731935784
-5443561.262538951 -756809.1597698056 -3222502.3935869867
-5445399.204952742 -751737.151148295 -3220583.759861477
-5448120.70888156 -742231.4925751657 -3218184.9158936692
-5448552.159543515 -734446.1035040044 -3219240.4827507827
-5448455.364752168 -727559.8849879858 -3220967.5180075304
-5447865.454364768 -720901.2009863304 -3223461.5632197983
-5445603.236975419 -713930.0579826181 -3228831.0977429245
-5443328.991232389 -709573.5382450226 -3233622.7187214373
-5441409.297590596 -705943.1109679817 -3237645.777439445
-5439119.603728377 -703812.0970016469 -3241954.2668661764
-5436685.770306537 -703207.7347972059 -3246165.0784684066
-5434385.724498716 -702428.0672769283 -3250182.7037362326
-5431307.927865591 -704536.216790914 -3254867.7257200982
-5430281.491842261 -707583.552904974 -3255919.1382793537
-5431855.499984407 -706053.2805689835 -3253624.9925716594
-5430982.176002672 -704397.5777656726 -3255441.238354508
-5430258.685198915 -705556.5908436923 -3256397.013408957
-5430781.629541882 -707263.1485191713 -3255154.486499399
-5432057.600930574 -704055.0549556955 -3253720.593376712
-5431507.050252235 -701670.4583229243 -3255154.486499399
-5430967.77773921 -703624.6618520038 -3255632.4012996424
-5431752.916893032 -708160.9343825225 -3253338.184209952
-5433772.020526947 -708038.3802821436 -3249991.427832686
-5433726.759844707 -707068.0381372432 -3250278.3402029267
-5432641.221815383 -708373.1758584797 -3251808.388997796
-5432732.130184605 -711181.7187570186 -3251043.3962907433
-5434174.570339731 -710212.9411898071 -3248843.689259229
-5434410.892101741 -709279.1644186854 -3248652.385640465
-5433191.557064452 -708541.3747538138 -3250852.138210154
-5432381.224591505 -710364.2952381958 -3251808.388997796
-5432039.904069545 -707716.2633212908 -3252955.759186817
-5430737.634411955 -707161.027315437 -3255250.071442717
-5428397.868380794 -705314.8138591158 -3259550.3671380403
-5426068.114997972 -706456.6796732045 -3263180.1622263305
-5424474.254900036 -704131.1145925629 -3266331.1882583685
-5421507.687928881 -703938.4713426362 -3271294.2420839844
-5419014.828094862 -703614.7938636319 -3275491.6447373596
-5415720.290346787 -705878.4353686393 -3280449.72087786
-5413969.708563872 -706899.5625319018 -3283118.335248524
-5412024.775971333 -708951.3719059027 -3285881.4306887556
-5411981.532165258 -711924.3291952718 -3285309.824811359
-5409993.489751525 -716466.1685026711 -3287596.032093543
-5411538.50377345 -720515.3639873108 -3284166.504980473
-5413519.234580667 -719529.0617818054 -3281116.9479426597
-5414376.591254245 -719162.1809740756 -3279782.4448482366
-5414294.16898964 -718478.0932888188 -3280068.4262845577
-5414268.401093308 -717801.5589282428 -3280259.0755796577
-5412979.904173653 -716188.7627301695 -3282737.1526138415
-5410811.698080447 -719457.5103715406 -3285595.632253881
-5411039.647354083 -720352.8296936359 -3285024.0083619733
-5410408.767843774 -721614.3285400487 -3285786.165544696
-5409935.431504412 -722992.7601620059 -3286262.481255339
-5409328.731904357 -725794.7851909855 -3286643.5158050787
-5410319.916013486 -726600.6830677985 -3284833.459058957
-5409106.497474472 -727879.4147501864 -3286548.258669325
-5407754.347766413 -733175.4523824736 -3287596.032093543
-5406566.220327426 -736378.0385666052 -3288834.1535460874
-5405650.117724401 -740962.5467484937 -3289310.3090256113
-5402922.123228161 -745200.5316413295 -3292833.0807942855
-5403879.627256816 -755426.6766381406 -3288929.3866457804
-5409720.924081418 -757109.633471964 -3278924.4465921503
-5412586.473189627 -758088.5924384154 -3273965.5398704833
-5415172.000806247 -763076.8641222905 -3268526.7172114956
-5419105.55473029 -767007.5268586451 -3261078.87675743
-5423471.178297077 -770232.5507936275 -3253051.3669290342
-5426321.372215992 -768318.6522418218 -3248748.037944659
-5427424.244377521 -769827.6129396165 -3246547.784631976
-5428669.25366866 -771937.3884543157 -3243964.2110508685
-5429872.971059256 -771915.1829756397 -3241954.2668661764
-5430040.221308089 -767105.1880764317 -3242815.724860513
-5428085.942712652 -765959.4669542088 -3246356.433527984
-5425200.746215465 -768546.3290898845 -3250565.2436623443
-5423680.847560335 -772386.990873141 -3252190.8615788748
-5420990.887779671 -773548.5024683308 -3256397.013408957
-5417539.53979371 -777591.0663535115 -3261174.400166137
-5413636.930475527 -783107.1150246217 -3266331.1882583685
-5411243.087969368 -787293.1251059753 -3269290.256013467
-5408816.806983361 -791664.3069876379 -3272248.3667252553
-5405682.618903234 -797663.3436720265 -3275968.500130831
-5403573.8705477845 -805255.6714258367 -3277589.6218364127
-5402982.200749221 -809602.1555842743 -3277494.2697219774
-5402727.578405868 -809371.177854815 -3277971.0203097556
-5400661.592356368 -812338.7094612947 -3280640.3621789347
-5399272.792999165 -815021.0551178361 -3282260.651821181
-5397995.9313072 -817333.8322297281 -3283785.366354442
-5396792.479733177 -815706.400695594 -3286167.2201152
-5394318.944762192 -820918.7608025098 -3288929.3866457804
-5394318.561378726 -827759.3581353041 -3287215.0375940413
-5397366.457317932 -831698.5129739917 -3281212.262097065
-5400961.162382815 -831287.4307631208 -3275396.270665234
-5402041.90424049 -829523.5371241265 -3274060.9289057003
-5402115.048696864 -832430.2395335668 -3273202.3916881415
-5403494.919446035 -836215.5048745924 -3269958.300181857
-5405910.118536548 -835526.5835927251 -3266140.247817604
-5404854.3090635715 -837874.8104106317 -3267285.830758658
-5405692.913582752 -843609.3350629954 -3264421.604792461
-5410461.369521667 -841838.690970617 -3256970.430829638
-5411670.5826807 -839608.5493073771 -3255536.8203229224
-5411589.656694825 -841240.3698859023 -3255250.071442717
-5416771.538304112 -844466.6933393059 -3245782.356483422
-5420994.951153615 -841248.988511126 -3239560.9083479233
-5424725.964505972 -841149.2773750267 -3233335.290870128
-5427398.191753224 -840108.635543034 -3229118.664378852
-5431951.2196146045 -840133.8741449108 -3221447.193613713
-5437005.247080658 -833144.1395853652 -3214729.5043116705
-5440688.863212371 -825352.3783197692 -3210504.5001243623
-5442493.734412521 -819408.0017056213 -3208967.6654060013
-5445852.456856306 -814373.9642720479 -3204547.872082419
-5449120.786807266 -809126.9121919546 -3200318.310848418
-5451043.624830626 -802995.9266878375 -3198587.4916775567
-5452722.355595668 -798479.3965123206 -3196856.356818767
-5455376.51395331 -793422.5028718949 -3193585.5747017516
-5458574.652897413 -786884.3711284522 -3189736.156051103
-5460041.493108351 -780190.456512739 -3188869.8225392587
-5460680.583474816 -776100.3533641701 -3188773.5584028466
-5462412.187403343 -770219.8535869889 -3187233.2001357954
-5463609.440648154 -763290.4085460206 -3186848.0717288693
-5464775.956043063 -757328.2029543738 -3186270.3499959847
-5467111.310342457 -746470.9993147092 -3184825.8928091633
-5468420.14746589 -738484.7506061447 -3184440.667356093
-5469034.756778704 -730988.049874078 -3185114.801712458
-5470068.288588461 -724907.8356084268 -3184729.5879010526
-5474444.035109148 -716350.5405537338 -3179142.244302108
-5479786.241573479 -709657.7434475345 -3171430.218974863
-5483149.752099854 -701726.8072976294 -3167378.9296462755
-5486335.388701796 -695517.5431987571 -3163229.417823041
-5489095.987309139 -688178.7952830337 -3160043.7003037636
-5492565.078644699 -679949.4602144418 -3155794.446475695
-5495000.495332178 -670515.4834168949 -3153572.504763024
-5496330.473071175 -663669.1088320947 -3152702.910959293
-5497850.447869472 -658401.4248695006 -3151156.77435942
-5500181.614750655 -651378.7609608517 -3148547.111689451
-5501665.166595908 -643474.2166132177 -3147580.39249504
-5501790.2071017 -637649.2786100048 -3148547.111689451
-5502527.5729705375 -634620.4678003027 -3147870.4183221855
-5503800.112499853 -629316.9637466775 -3146710.263241163
-5503364.661626368 -624402.2760208504 -3148450.444085484
-5502369.756414836 -622441.321961658 -3150576.9097747733
-5500893.88037492 -622274.367308662 -3153186.028233088
-5499538.230287938 -623482.0373033714 -3155311.458915182
-5498366.207158231 -622571.5934672568 -3157533.0026759887
-5496932.267816653 -623963.9931574125 -3159754.0376236765
-5500140.049432554 -623550.2654728396 -3154248.8017049017
-5504933.344992176 -619325.7514474732 -3146710.263241163
-5507590.739434318 -610865.4553783231 -3143712.5572041064
-5507637.127439227 -607951.5018656657 -3144196.120446727
-5508448.65350285 -609598.1207025636 -3142455.1807398186
-5511145.820098574 -608144.0846329675 -3138004.7039378295
-5511983.427096198 -604536.5831626373 -3137230.5014191894
-5511630.512462182 -603232.3159474628 -3138101.4749514596
-5511970.04195521 -607163.9506464809 -3136746.5937852915
-5515748.531113416 -605826.376570403 -3130356.7756681945
-5517896.210555028 -599240.4713034491 -3127838.433662212
-5517816.577927871 -595919.0810504861 -3128613.376750842
-5520393.503981627 -597464.5646530314 -3123768.98236432
-5527828.509984133 -591437.5215888317 -3111744.62677506
-5530714.367547431 -582765.4772485957 -3108250.9524058104
-5531722.141850599 -575746.4539774825 -3107765.6227734047
-5530804.9251736915 -570382.3758343081 -3110386.121530902
-5530269.459631035 -564962.5459120387 -3112326.786439502
-5528743.669723566 -558469.7866957127 -3116206.9783375505
-5527016.098901611 -552254.1074199466 -3120376.4906370225
-5526274.5142307 -549257.722378037 -3122218.273563256
-5526304.266887337 -543416.9855722638 -3123187.4951040596
-5524760.520481005 -537911.0187556917 -3126869.6690517287
-5523228.763689488 -531631.856698866 -3130647.3121218886
-5522147.773935615 -527442.6456798755 -3133261.7538814307
-5521889.344926663 -521486.04624120204 -3134713.92091226
-5521340.771097008 -513851.65548846 -3136940.1597055797
-5519059.048363929 -508781.69367386645 -3141778.0648630476
-5518477.263175672 -505522.8049693162 -3143325.689372499
-5519016.283648504 -498385.16260302096 -3143519.125203444
-5518131.539817417 -489179.68701625953 -3146516.89064002
-5516151.930838809 -483473.8795915761 -3150866.8463862366
-5516294.060703099 -479314.87530509045 -3151253.4150973926
-5515809.493534435 -470835.23714710475 -3153379.2684192043
-5514748.94472265 -464443.444418972 -3156180.819220703
-5513608.642908554 -458242.44357834593 -3159078.124350115
-5513488.815915112 -452322.51839009166 -3160140.252605289
-5513078.572273378 -445121.3128758921 -3161878.0293938876
-5512237.633989395 -439727.9656321537 -3164098.067802578
-5511986.826751079 -433802.7712601231 -3165352.646605051
-5511055.873591871 -428697.20589430426 -3167668.363924316
-5510898.750488274 -423556.7880708129 -3168633.0821264097
-5509711.976777392 -415824.657546193 -3171719.5315999095
-5508003.047806468 -412698.7137873771 -3175094.2028533425
-5508286.139202593 -407403.0458572902 -3175287.0054366416
-5507264.272748282 -402398.8589723467 -3177696.7112057894
-5505966.126748456 -399599.0159985472 -3180298.513899537
-5504568.216128694 -398145.48142133607 -3182899.6103568114
-5505162.05549337 -392200.57586951635 -3182610.6345331725
-5504639.433570454 -385404.6087418464 -3184344.3585676616
-5505276.491078875 -377822.002603402 -3184151.7380808084
-5505838.394044715 -371199.327665921 -3183959.1137141627
-5506235.662352629 -362731.5733304178 -3184248.048809224
-5506557.978416505 -355224.55444978795 -3184536.975174488
-5506012.54489196 -347180.7813669358 -3186366.6393781197
-5504607.952506398 -341112.3788908856 -3189447.3869576086
-5503007.561473896 -336289.1474102795 -3192719.5911472086
-5500918.4405044075 -332981.4592598842 -3196663.9890216356
-5496786.957661658 -332827.66109964915 -3203779.001443084
-5493460.374714079 -335898.19267183915 -3209159.783433359
-5490406.438126784 -335326.72530949063 -3214441.496040825
-5485919.23450358 -339665.92263295106 -3221639.056987229
-5485419.8487313185 -346747.39419833466 -3221734.98720195
-5485296.620862845 -352218.7358954399 -3221351.2604549774
-5484604.761546584 -352462.6688695904 -3222502.3935869867
-5481961.081521958 -355847.63953513885 -3226626.1261751223
-5479899.356288532 -360612.40185392776 -3229597.9224320916
-5479383.088787428 -364996.84358196874 -3229981.3111666073
-5480026.66833907 -368882.6498526324 -3228447.661792009
-5481546.617421687 -370618.7735857721 -3225667.2806876157
-5482981.131778639 -375234.29199414793 -3222694.2353675277
-5487139.166255982 -376192.37788037816 -3215497.4832775593
-5490402.089946592 -372854.0254427011 -3210312.409473768
-5492290.061744909 -368167.490783665 -3207622.729746777
-5492762.565605031 -367813.97590500605 -3206854.109094609
-5496042.567118315 -364854.05054126726 -3201568.1504892493
-5498558.063994856 -358948.85754788347 -3197914.310068707
-5499982.52659702 -352487.02403432096 -3196183.0524885287
-5501162.678294779 -350634.54626481485 -3194355.2717101276
-5503471.694917353 -348563.5653104629 -3190602.4108593627
-5504910.525080395 -344314.0190833538 -3188581.027215986
-5504974.849328846 -339688.40499014186 -3188966.0857042847
-5504598.931999166 -337640.0315926062 -3189832.410472342
-5504051.910852958 -332881.88787383866 -3191276.1101730824
-5502007.735535724 -328806.8723264096 -3195221.1064049993
-5499444.674783287 -324897.1305498333 -3200029.86291663
-5497151.690296195 -324857.94358149025 -3203971.2249590647
-5496336.827570882 -324424.73354712897 -3205412.7768746004
-5495055.792043702 -326177.73367980204 -3207430.580445736
-5494042.846455117 -327176.1158643309 -3209063.724908449
-5493212.836332049 -328858.5840989089 -3210312.409473768
-5492897.0563306855 -330379.1089939342 -3210696.5868630544
-5492131.075010911 -330044.4311085855 -3212041.0844809716
-5489990.1749090385 -327319.4093800588 -3215977.4382985523
-5487878.539849642 -324982.75759822805 -3219816.196481039
-5483655.775630666 -323003.94225808344 -3227201.3862909423
-5478565.892035487 -322128.43162145355 -3235921.8223199556
-5472133.333568182 -321654.3735529152 -3246834.8038707264
-5466173.595163942 -322452.8599785627 -3256779.2956576208
-5460160.739046833 -321906.8995654285 -3266903.9857001794
-5457582.650154225 -326821.1292909462 -3270721.719465688
-5454067.94106972 -331005.3762922015 -3276159.235303004
-5451901.13341294 -333643.5776933174 -3279496.4544202057
-5449417.187190658 -335782.8202670762 -3283404.2117236396
-5447727.323736146 -339878.33195674216 -3285786.165544696
-5448367.679721555 -342495.835529104 -3284452.3484457466
-5449113.800507477 -341587.9407335103 -3283308.9205654114
-5450101.2113837935 -342318.3156136802 -3281593.50871925
-5450094.81320706 -347857.11466867896 -3281021.6327887694
-5448942.225757354 -351507.798874371 -3282546.555296511
-5446561.856290118 -350113.33253958815 -3286643.5158050787
-5441503.894111675 -347308.79167040176 -3295307.7206227523
-5436740.276044365 -346909.4740745244 -3303202.989165877
-5436400.750979585 -353080.77212293714 -3303107.906669972
-5437839.179288537 -356700.7587794953 -3300350.0767162126
-5437903.838364119 -363568.4443731944 -3299494.0265078293
-5439343.356464152 -371294.109891737 -3296259.324514531
-5443124.105148181 -374129.2336180645 -3289691.2153737424
-5446164.1906224415 -374242.6892608707 -3284642.905753471
-5447949.439619027 -374174.2989352799 -3281688.8178757927
-5451712.367969981 -373667.9571208679 -3275491.6447373596
-5456298.588937026 -367668.066655854 -3268526.7172114956
-5457584.775678287 -362970.74882264266 -3266903.9857001794
-5459556.098390503 -360804.9115476108 -3263848.652178925
-5460968.823350295 -357547.9233958641 -3261843.036209958
-5462261.854621096 -356962.38593354373 -3259741.44474373
-5462065.027992425 -355609.2104652737 -3260219.1213804
-5462863.9231661 -353842.0290525345 -3259072.655748298
-5462822.946787772 -351828.79313423863 -3259359.2855606866
-5463563.688192578 -350057.2373442911 -3258308.265902168
-5463589.951697623 -343357.00516878866 -3258977.110491922
-5462262.681367193 -340880.88422743126 -3261460.9644316765
-5461082.286124928 -337841.0824300782 -3263753.156596712
-5460401.058305495 -334068.094389448 -3265280.9665888213
-5458508.9337100955 -331370.51845333306 -3268717.6078864713
-5454890.500486387 -329717.5264281678 -3274919.3853390445
-5451635.826593084 -325701.0952572786 -3280735.681330477
-5446803.924471652 -322931.983022227 -3289024.618743608
-5442130.415122131 -320176.72368025983 -3297020.535334288
-5436750.39269273 -316432.49228889716 -3306245.0975962556
-5430464.237610069 -309980.58029736433 -3317169.1551497034
-5425381.053694402 -305415.64553067036 -3325898.7816346595
-5420110.974090694 -300753.8347262395 -3334904.070500242
-5414614.526936523 -306136.80708459223 -3343332.2868114733
-5415894.244407542 -312373.33685486054 -3340681.5819253745
-5416539.897031439 -312315.7254073382 -3339640.0152606177
-5414784.156666014 -311361.1176956514 -3342575.0240056003
-5413117.665754659 -315910.18710727606 -3344846.6168685043
-5414261.024134948 -318347.4373520337 -3342764.3458168847
-5414616.00011813 -318273.4797165351 -3342196.368164784
-5412764.848133353 -320913.862565791 -3344941.2538376567
-5411456.119274219 -330030.8347652832 -3346171.441703749
-5412430.181646546 -336064.05673635 -3343994.838299161
-5412807.966764801 -337510.07006657857 -3343237.632524967
-5411746.648077567 -343228.30073449103 -3344373.416739843
-5411396.988716204 -350508.3995184658 -3344184.129556895
-5412362.016306611 -357211.62513361505 -3341912.3655941123
-5413950.868306114 -359689.12814761564 -3339071.836103541
-5414754.177992918 -366862.3034154032 -3336988.199296034
-5415232.554841882 -370977.66507465404 -3335756.728089808
-5415968.0703754015 -371312.96385707095 -3334525.085157679
-5414250.3434783565 -373378.8937246267 -3337082.9207356344
-5413264.670032665 -377488.00058905716 -3338219.4987129616
-5411556.101168499 -379361.99046920735 -3340776.263698787
-5409729.265413483 -381226.4898425399 -3343521.592329146
-5406201.6282519065 -383917.57033565134 -3348915.0860948986
-5402829.084327331 -390881.4794697733 -3353548.9491811832
-5401170.320859118 -391898.6286894527 -3356101.2544173836
-5396791.610799105 -393095.95131808263 -3362998.1984333172
-5394754.501000581 -391149.15431027854 -3366491.8257759544
-5395324.432081828 -395450.47538731364 -3365075.659490712
-5397357.94904279 -399009.15796223684 -3361392.548002521
-5398434.450868064 -399562.42023566586 -3359597.6473405627
-5400347.259565151 -401504.6734327034 -3356290.284423988
-5400382.018283397 -403402.81593156187 -3356006.7378805773
-5400590.533816751 -408442.2945202347 -3355061.516290863
-5400768.188492069 -409972.56791044254 -3354588.8671688247
-5399350.951867745 -420007.8387519306 -3355628.661510656
-5397850.5670008175 -429370.45626516425 -3356857.349905651
-5396468.624468126 -435611.5240732093 -3358274.8525434453
-5396013.960180549 -441926.4807869978 -3358180.3595274403
-5395660.89373343 -448344.8462082066 -3357896.874341781
-5394996.135512255 -452082.2529176306 -3358463.8355064574
-5396517.287132614 -459134.3938139494 -3355061.516290863
-5398208.6918009715 -465447.29920166725 -3351468.742421793
-5397969.131236276 -472261.10504605493 -3350901.3275357676
-5401443.580701581 -481400.8370643297 -3343994.838299161
-5404748.0156250065 -492155.9384301714 -3337082.9207356344
-5407236.135382349 -504469.85607767093 -3331208.270361422
-5409845.686059975 -511476.2431818036 -3325898.7816346595
-5412927.245829373 -519489.3765561341 -3319637.0914609563
-5413942.02863796 -528838.3385669515 -3316504.5940280617
-5415519.83582698 -536436.2539886535 -3312706.1525543034
-5417467.060399475 -543695.5934308526 -3308335.94895841
-5419514.53118204 -552692.2801043903 -3303488.2306161956
-5419731.830325819 -560170.4047019766 -3301871.7426709933
-5421840.685358684 -571580.6137987697 -3296449.6332446374
-5428108.336049342 -580001.6153383092 -3284642.905753471
-5433006.056082738 -584265.5691741381 -3275777.76096699
-5434658.220312919 -592888.2125113223 -3271485.0749851144
-5434881.982730848 -603377.2296971115 -3269194.8171485057
-5437909.334040673 -613227.0005757097 -3262320.6035762704
-5439211.380865593 -617412.0195554391 -3259359.2855606866
-5438959.526155123 -623634.0458948088 -3258594.919539298
-5439475.411674867 -628599.1291438318 -3256779.2956576208
-5440495.054418993 -634106.0397734434 -3254007.389844914
-5442031.494788442 -635632.9580498268 -3251139.023845567
-5441355.951316363 -636035.3849722949 -3252190.8615788748
-5440634.001054421 -635854.7426472396 -3253433.7879882497
-5439495.5127088595 -636299.0960172521 -3255250.071442717
-5439908.723333343 -634230.1701055613 -3254963.31363806
-5439661.865587728 -630448.6964982981 -3256110.2913068286
-5438464.553651532 -626943.3738981162 -3258786.0170009756
-5438145.546077659 -626233.3841526554 -3259454.826845807
-5439108.571380004 -619323.4960598071 -3259168.200011903
-5438082.102167025 -613727.0852879173 -3261938.5516705653
-5438009.892352152 -611316.0530956388 -3262511.6235666825
-5437575.713777692 -607519.5171523545 -3263944.146766914
-5436162.886987864 -599581.7645833802 -3267763.1146879126
-5432844.357137261 -596336.6776593527 -3273870.14983796
-5433948.7614751225 -596745.8532682823 -3271962.139797782
-5434420.403362023 -594014.0228668004 -3271675.9039000394
-5434477.773843453 -590853.0614037174 -3272152.958746176
-5432363.906196151 -587553.5528903878 -3276254.601392141
-5431488.183044976 -585540.7826573376 -3278066.367431846
-5430588.8736328995 -582663.3714810791 -3280068.4262845577
-5429513.702567319 -578714.1487338331 -3282546.555296511
-5427653.067829316 -575067.0218127016 -3286262.481255339
-5425888.932227378 -572103.139849169 -3289691.2153737424
-5424150.837861702 -568856.9592152552 -3293118.6507741525
-5423008.418781202 -565962.2743741778 -3295498.0494325007
-5420955.327579371 -563452.651069583 -3299303.7820715285
-5417076.450533896 -562858.3478319987 -3305769.8361118427
-5414266.062970221 -564763.318104786 -3310046.282741711
-5415585.428213838 -565474.2370419633 -3307765.765129047
-5414681.347784446 -563564.7462874876 -3309571.222786593
-5414091.970455536 -565318.2960273445 -3310236.2996658767
-5412339.435050619 -564848.8255592155 -3313181.046073444
-5410659.380091709 -565341.7347841243 -3315839.9834034326
-5407619.2015233915 -563783.7610025147 -3321060.5899539655
-5405164.242639671 -568296.415016285 -3324286.3436787687
-5404535.376782177 -572045.3632889407 -3324665.767178642
-5403120.8801518 -574375.091823137 -3326562.6415807665
-5401108.015468926 -571873.239899596 -3330260.380619517
-5398464.533068678 -574737.6879549457 -3334051.3306252174
-5399754.7226436185 -577448.5906516872 -3331492.6174977976
-5400699.722778395 -577358.9735506685 -3329975.9939137525
-5400634.5024087215 -576875.3251600773 -3330165.586065346
-5399305.612654303 -580546.097577415 -3331682.177181277
-5400751.5369977495 -583943.6961970797 -3328743.5460377745
-5399758.391239033 -587173.6216014023 -3329786.397704685
-5399136.20048619 -593399.6547722839 -3329691.5980786704
-5400422.497657746 -601841.6706969987 -3326088.460971042
-5398356.15532912 -616019.4331507822 -3326847.137786885
-5395816.219946564 -624889.8576034277 -3329312.3894320796
-5394657.272485047 -633822.0353504095 -3329501.995783823
-5393577.317703507 -639994.7251615482 -3330070.7904967484
-5392266.397010979 -644611.5634309242 -3331303.053754997
-5390217.714449001 -651906.200207061 -3333198.5084857726
-5388724.456519334 -658883.7398913031 -3334240.835485234
-5385037.672428658 -662153.5423580853 -3339545.321277551
-5383644.50395421 -670091.2756088366 -3340208.1577944425
-5384713.834249003 -678433.4917834629 -3336798.7533673495
-5386786.526774978 -680604.9115513497 -3333008.98128519
-5385061.257882898 -681723.7939955014 -3335567.2557376265
-5382702.905629454 -691927.468117708 -3337272.3605652046
-5386005.850736104 -697703.9087979652 -3330734.3381729657
-5384976.840531344 -697952.8649964877 -3332345.604102951
-5381271.6649580775 -700719.8386351912 -3337745.9423482777
-5377774.287578709 -708570.344417769 -3341723.025456926
-5379981.972923726 -716313.7926050669 -3336514.576851041
-5378767.52441283 -717489.7189050594 -3338219.4987129616
-5376319.584704042 -726524.7316720955 -3340208.1577944425
-5376698.512696942 -735846.878226768 -3337556.512685053
-5378716.552901727 -737844.5617701049 -3333861.821702759
-5377578.915343944 -741418.1342597206 -3334904.070500242
-5379525.5745723555 -751926.4159182992 -3329407.1931150495
-5384273.610111239 -757764.4596969832 -3320396.3189775744
-5384396.622150092 -756056.7857739333 -3320586.1157428003
-5381839.804603683 -761733.0197370425 -3323432.5815676902
-5383954.266068424 -771140.2081384953 -3317833.666758436
-5388430.212745502 -772933.0315761196 -3310141.291707957
-5388241.911120645 -772618.0904504412 -3310521.3174893847
-5386016.192434297 -778343.8996984125 -3312801.1332764635
-5387229.497867843 -784471.4558299739 -3309381.1917472715
-5389477.861440065 -785855.5306773174 -3305389.6087982273
-5388810.876379728 -786430.6528837024 -3306340.146871834
-5388570.811015457 -792447.825431723 -3305294.549452552
-5391359.459643632 -794876.8073705615 -3300159.850373237
-5393625.315799704 -792133.2786653865 -3297115.6821675776
-5393098.677328172 -788979.1434069372 -3298733.024642941
-5391893.817471411 -793224.9364014827 -3299684.266923798
-5394000.845317534 -793534.9104265315 -3296164.1686433153
-5392086.765355612 -788734.9829810688 -3300445.188379699
-5385670.109208578 -786356.2989490727 -3311471.3113479307
-5381281.071891097 -794350.5482640024 -3316694.473686004
-5384429.933236353 -795199.4621384932 -3311376.3165008924
-5382933.947508901 -790275.1670057913 -3314985.4113057884
-5377785.488773596 -796999.6953172119 -3321724.8113593645
-5376581.261697861 -810156.162992475 -3320491.217865927
-5379106.539860488 -814761.816867406 -3315270.2777609318
-5377777.052789157 -815808.6580919332 -3317169.1551497034
-5375500.096948772 -825735.9457174799 -3318403.208721599
-5374697.877980868 -833968.3815514998 -3317643.811351714
-5373352.298752124 -833951.6762163327 -3319826.9044080046
-5369661.373447508 -836930.2971034533 -3325045.174474499
-5366763.814369008 -844923.704268897 -3327700.5716776783
-5367372.366309566 -857023.6858600428 -3323622.313568633
-5369595.247886583 -860742.6748472184 -3319067.628351474
-5366048.820309017 -867092.02962732 -3323147.9759735325
-5361938.126682917 -877186.2267494604 -3327131.624872263
-5359733.130846671 -887009.7423114191 -3328079.84927483
-5358931.486260447 -892547.510829723 -3327890.2125037205
-5356738.132907956 -898621.233396271 -3329786.397704685
-5356040.286138798 -908695.1331024286 -3328174.666139711
-5356625.203247597 -917356.8098496259 -3324855.472852189
-5356601.323778102 -923320.2303735832 -3323242.845517245
-5355059.9240263095 -928830.0056154229 -3324191.485272139
-5353716.812709588 -934180.5895840164 -3324855.472852189
-5353782.11241148 -937177.1372151191 -3323906.9039767254
-5353332.3796476945 -938735.5337153117 -3324191.485272139
-5351992.332129032 -946012.3583034679 -3324286.3436787687
-5355413.722041245 -953269.4445921698 -3316694.473686004
-5358540.926814425 -956817.4894116296 -3310616.3214137075
-5357037.06908296 -962917.8864355832 -3311281.3206451507
-5355256.531960653 -971477.1866169454 -3311661.298015784
-5356122.611082685 -978974.5003112423 -3308050.861578333
-5356515.161302232 -983877.6230879737 -3305959.9437267953
-5355822.318208916 -989549.3064137709 -3305389.6087982273
-5357003.464472031 -998665.5764316622 -3300730.5173378023
-5358869.572013231 -1005595.9869573298 -3295593.2123315902
-5361078.243087397 -1012501.7125954168 -3289881.662535341
-5364783.181075277 -1016983.8630455916 -3282451.2551379497
-5366482.102152919 -1020314.1172632492 -3278638.4291936937
-5369582.056381339 -1022068.804403712 -3273011.59467123
-5373192.77659808 -1018966.6465986682 -3268049.473100688
-5374776.713970268 -1025585.1592175618 -3263371.1643261877
-5373741.706501691 -1029179.128524429 -3263944.146766914
-5372301.91431843 -1033958.8481557653 -3264803.5533138784
-5372060.899022707 -1037316.0227080768 -3264135.132960099
-5372292.484204111 -1038819.7179439064 -3263275.6637732843
-5371846.614693406 -1039025.2908341541 -3263944.146766914
-5370156.060775909 -1039962.3923205677 -3266426.6569862934
-5367846.500512807 -1040487.1660857236 -3270053.731078943
-5363572.041963449 -1040921.3538015703 -3276922.1360703628
-5358630.3444491 -1040835.7680416004 -3285024.0083619733
-5352225.8329520635 -1046088.1249277276 -3293784.945615876
-5350366.494315762 -1046306.4229573015 -3296735.0888085556
-5347516.5560417455 -1047977.9942047078 -3300825.6249796217
-5347068.746097327 -1056517.694545938 -3298828.153393338
-5347460.838890418 -1061056.7047768126 -3296735.0888085556
-5345611.189249924 -1065636.130294127 -3298257.36581877
-5342361.4864875 -1068672.7897774128 -3302537.3905656897
-5340502.246994209 -1072082.0132586116 -3304438.970036695
-5340256.018188624 -1071256.9168640752 -3305104.427740682
-5338750.7448321255 -1073184.489994204 -3306910.421373749
-5338245.912483079 -1078027.5703832414 -3306150.047313537
-5338961.6918497905 -1082343.0014933918 -3303583.3090870734
-5337183.365227563 -1088772.7551460583 -3304343.900623821
-5335881.336585084 -1101997.4381770063 -3302061.932813237
-5332555.460975559 -1117137.4834987589 -3302347.2104825377
-5326825.4304230455 -1130891.3735668978 -3306910.421373749
-5322600.401656153 -1138249.1350742138 -3311186.323780735
-5319696.335922796 -1144620.624830847 -3313655.9143612683
-5319885.249816612 -1153601.997726258 -3310236.2996658767
-5319291.853725373 -1158237.2365770964 -3309571.222786593
-5316657.224676128 -1167581.0728799424 -3310521.3174893847
-5315011.5454839645 -1175584.9232675054 -3310331.30661544
-5313100.649297692 -1180999.6801659425 -3311471.3113479307
-5310615.731921546 -1190275.1904371467 -3312136.2470310894
-5311272.413597027 -1194998.9440466538 -3309381.1917472715
-5309437.407001282 -1196046.5387172198 -3311946.2704515676
-5306011.04098221 -1201503.8923768194 -3315460.1836816305
-5302911.60335973 -1211217.4620206922 -3316884.349302654
-5301617.54512872 -1218420.7595237428 -3316314.7103290595
-5296601.431003238 -1221356.3242612286 -3323242.845517245
-5292383.6521822475 -1227487.3455030608 -3327700.5716776783
-5291022.076431048 -1228728.663763099 -3329407.1931150495
-5290930.311594007 -1228610.0294006509 -3329596.797438373
-5290985.279133135 -1225800.7136786277 -3330544.7581951837
-5288802.205600549 -1226462.1402911365 -3333767.065718187
-5289356.837689146 -1229217.637249293 -3331871.732805202
-5290654.963226234 -1228254.1387985097 -3330165.586065346
-5290766.285716572 -1225458.0884892966 -3331018.700530069
-5289799.392787505 -1227569.021627478 -3331776.9555006986
-5291588.0243896935 -1228860.0932806744 -3328459.1106513226
-5293065.682950189 -1226088.0175378558 -3327131.624872263
-5292524.902894704 -1223529.7863721102 -3328933.1645588246
-5291587.993269066 -1225259.178766477 -3329786.397704685
-5294228.698529898 -1224410.3813605625 -3325898.7816346595
-5295979.631346705 -1221212.9419522474 -3324286.3436787687
-5294855.149340815 -1221440.2871946122 -3325993.6218094286
-5293983.401095779 -1222893.6465292396 -3326847.137786885
-5293574.311847354 -1221825.9853480584 -3327890.2125037205
-5289942.324552847 -1219723.5487531014 -3334430.3362825797
-5284349.258300477 -1219599.5802980454 -3343332.2868114733
-5279385.231775397 -1223695.7912932776 -3349671.8025625963
-5277353.140763254 -1229340.8475928043 -3350806.7548153275
-5276681.420520154 -1235302.7974769815 -3349671.8025625963
-5277483.589334147 -1238794.407132789 -3347117.6228458537
-5277214.951255894 -1244271.885941813 -3345509.054254085
-5277154.161257672 -1249606.087581547 -3343616.243560254
-5277506.405205894 -1254943.5028358614 -3341060.302912956
-5277716.754174595 -1260347.4586135198 -3338693.0296556507
-5279192.14647817 -1264693.6195887346 -3334714.5798605857
-5281929.4551248625 -1267494.0807192877 -3329312.3894320796
-5285326.753363825 -1268016.6522995012 -3323717.1780504687
-5289364.152723989 -1266837.6043908026 -3317738.739560395
-5291888.6861508675 -1265489.22967309 -3314225.722996227
-5295143.223501768 -1264802.0621585299 -3309286.174715454
-5297563.760473215 -1264109.7449764272 -3305674.780793859
-5299900.633679951 -1265742.865922674 -3301301.1481058067
-5303962.623501752 -1265832.3347093845 -3294736.71010304
-5307241.775227914 -1263971.7986438898 -3290167.3257615007
-5310581.209205371 -1261339.5636187356 -3285786.165544696
-5313961.52423903 -1259007.5496084495 -3281212.262097065
-5317072.279115699 -1257294.576623067 -3276826.7769678645
-5319666.984218813 -1255261.4210841598 -3273393.184716755
-5321953.706957571 -1251781.331293385 -3271007.985258663
-5323820.405081428 -1252318.4581901568 -3267763.1146879126
-5325456.26922885 -1254076.5968214858 -3264421.604792461
-5325707.077003595 -1252762.2586741897 -3264517.093414487
-5326987.643304177 -1251297.4925770387 -3262989.1561503885
-5328606.444908608 -1251874.0136247466 -3260123.588039188
-5330271.528745985 -1250007.6044697368 -3258117.158514679
-5330861.836764613 -1247986.7581752664 -3257926.0471572727
-5332042.341031944 -1247183.3878413702 -3256301.4403668307
-5333525.8817327805 -1247824.9382824649 -3253624.9925716594
-5335699.707189691 -1247253.1202220167 -3250278.3402029267
-5335781.52998921 -1245406.2950380824 -3250852.138210154
-5334364.161063597 -1244486.4404726555 -3253529.3907754957
-5332935.778200591 -1249846.8572263268 -3253816.1931906245
-5336822.300561931 -1255376.884745296 -3245303.9317561695
-5338677.141249344 -1261321.1286168683 -3239943.8871694054
-5337506.489194796 -1267734.705614362 -3239369.4130161065
-5336254.446711947 -1276886.4652015287 -3237837.308286523
-5338410.417738825 -1284595.613999774 -3231227.215822206
-5340334.461963528 -1287918.4503524348 -3226722.005318479
-5338975.899136768 -1294495.0144870277 -3226338.4828478503
-5337318.0925245285 -1301788.7493320908 -3226146.7157156253
-5336179.720639729 -1307630.5224851025 -3225667.2806876157
-5335869.029371679 -1309134.0285355574 -3225571.390734114
-5332638.507959876 -1311894.2647668151 -3229789.6187670496
-5328604.809543255 -1317413.3767869622 -3234197.547827787
-5324956.614484084 -1320160.8984037167 -3239082.16261769
-5321803.277152639 -1319477.7167874773 -3244538.4007881223
-5318528.408955758 -1320439.4690050366 -3249513.2207492595
-5314334.130802233 -1325307.8747665829 -3254389.7712585307
-5315021.036703329 -1318780.8553308994 -3255919.1382793537
-5316385.350410413 -1306616.6064665774 -3258594.919539298
-5316380.465049943 -1298746.652816731 -3261747.519755736
-5317278.788386081 -1291691.0583825961 -3263084.659685356
-5314542.814070037 -1283367.0162679045 -3270817.1423930367
-5308988.734797881 -1276633.608923288 -3282451.2551379497
-5305327.149710359 -1271737.8741780475 -3290262.5448324424
-5303151.025334547 -1267497.5441935528 -3295402.885529545
-5300530.368249106 -1266577.799539323 -3299969.620009117
-5300013.536699992 -1269975.0705568998 -3299494.0265078293
-5301670.689847965 -1270469.9980190306 -3296639.937958121
-5304261.222852734 -1269035.208290601 -3293023.4617839665
-5305279.776366366 -1265265.8995266005 -3292833.0807942855
-5306530.008910958 -1264976.7787027636 -3290929.0502638076
-5310231.387329057 -1260081.6209674915 -3286834.0270730513
-5313378.76562298 -1250253.7544348275 -3285500.364107184
-5311100.312526081 -1241111.8193500557 -3292642.695792388
-5306040.800073744 -1235437.7522159 -3302917.73865964
-5304422.533607247 -1229401.5731240653 -3307765.765129047
-5305726.457758672 -1221705.139706396 -3308526.0021729595
-5301978.824477749 -1216847.6843239823 -3316314.7103290595
-5297281.39449265 -1219955.2813780915 -3322673.6130712116
-5296180.373013815 -1217755.1076619807 -3325234.8720453433
-5294516.89870685 -1212800.7548612098 -3329691.5980786704
-5295763.393807194 -1214642.8401671988 -3327036.796857268
-5295310.533857578 -1217652.4119332382 -3326657.4746628404
-5292039.968459278 -1216316.8777276971 -3332345.604102951
-5286700.268659819 -1219267.5457094384 -3339734.708226371
-5281576.839623481 -1223815.2515306792 -3346171.441703749
-5280570.265747811 -1228924.3484690227 -3345887.567483415
-5282391.589451911 -1227793.3018379183 -3343426.9400795423
-5282263.919677899 -1227569.2818468246 -3343710.893772838
-5283359.416591393 -1226463.2567296822 -3342385.69812149
-5284135.884064975 -1223630.8247845809 -3342196.368164784
-5283126.946549829 -1220482.9679327966 -3344941.2538376567
-5281142.7935014935 -1221286.8662107238 -3347779.888981418
-5280011.626998613 -1223064.170387413 -3348915.0860948986
-5280566.517340397 -1224552.3014547324 -3347496.0667557814
-5282095.8180578835 -1220536.0949225812 -3346549.9263938307
-5280400.988097239 -1218785.4104315469 -3349860.971476414
-5279268.939430839 -1219009.3755393445 -3351563.3079964262
-5279432.294420499 -1218561.823298098 -3351468.742421793
-5280296.317601889 -1215073.2208080657 -3351374.175826243
-5280503.266913655 -1211821.851157076 -3352225.2384308022
-5281398.900955206 -1211057.1049451437 -3351090.4699143874
-5283756.776607027 -1208880.182131084 -3348158.3043383774
-5285552.890616371 -1205214.47460566 -3346644.5450178795
-5285481.627413327 -1203160.442056976 -3347496.0667557814
-5286737.719280313 -1202378.8444032504 -3345792.9407048333
-5288789.749856921 -1199933.4473872753 -3343426.9400795423
-5289701.862077781 -1194317.265955498 -3343994.838299161
-5290909.826220183 -1192940.2414625278 -3342575.0240056003
-5294006.937312167 -1189270.0420194697 -3338977.136017205
-5296634.573498431 -1183938.0974055442 -3336704.0288783223
-5299266.66530974 -1179089.4202390725 -3334240.835485234
-5300210.723627118 -1178328.653568413 -3333008.98128519
-5301299.233049693 -1177988.072549883 -3331397.836133798
-5301933.344244935 -1177546.3586807554 -3330544.7581951837
-5303542.163433851 -1177806.5436230756 -3327890.2125037205
-5305664.606150224 -1177889.226735386 -3324476.0574540924
-5308669.062159529 -1176125.960490805 -3320301.41907777
-5310313.090193046 -1174059.6358237402 -3318403.208721599
-5312371.766065186 -1171986.5287521814 -3315839.9834034326
-5315109.487433296 -1168699.8620411507 -3312611.1708230358
-5317075.911538846 -1163782.574255508 -3311186.323780735
-5318665.759504411 -1159753.9156144948 -3310046.282741711
-5322029.4633366205 -1155428.6027382333 -3306150.047313537
-5325430.921837676 -1154707.2444230712 -3300920.731615953
-5326693.558113284 -1154591.6694288496 -3298923.2811388527
-5327572.3570173 -1156242.522148824 -3296925.387496669
-5328431.508277577 -1156623.7433315483 -3295402.885529545
-5328494.768205131 -1157416.5523742854 -3295022.2198796417
-5331010.832243078 -1157475.914495293 -3290929.0502638076
-5333366.941802171 -1155550.8820778003 -3287786.5233346564
-5335232.030631115 -1153712.9371472187 -3285405.0949596674
-5336613.220745309 -1148942.765507985 -3284833.459058957
-5337585.407216987 -1143597.0998997786 -3285119.2815124826
-5337410.424799118 -1138104.5775715653 -3287310.2877210034
-5338154.058652712 -1133783.301981628 -3287596.032093543
-5338959.23858202 -1128599.180348588 -3288072.2526848763
-5338955.870063709 -1123050.8965425058 -3289976.8846129216
-5338423.686022147 -1119436.7679091315 -3292071.51671571
-5339314.192346709 -1116024.3967645396 -3291785.913638878
-5339393.3986076955 -1110012.1061245461 -3293689.763648288
-5340988.487531474 -1103732.570982664 -3293213.838761197
-5344679.522183757 -1097202.3594315916 -3289405.5371156884
-5351521.977851641 -1091503.2223334645 -3280163.7514317045
-5356645.854748998 -1085246.7133331278 -3273870.14983796
-5360203.426714766 -1080903.9549689912 -3269481.1307557146
-5363638.452601459 -1078576.9538965556 -3264612.581042085
-5366624.030744412 -1074987.484867299 -3260887.8269599024
-5370105.246331952 -1072370.6528712346 -3256014.715289011
-5372152.989883533 -1068490.197934346 -3253911.792013368
-5373972.957275915 -1067487.190761696 -3251234.650410036
-5378109.413528147 -1064406.6192949265 -3245399.6186788883
-5384456.509396786 -1057364.3392407626 -3237166.933063003
-5389214.216036435 -1049802.4099850988 -3231706.3656310523
-5392365.209910165 -1040065.2394791535 -3229597.9224320916
-5395773.072562221 -1030079.5908222579 -3227105.5120624565
-5400188.359336148 -1019497.6646094547 -3223077.907148108
-5401492.111974632 -1009203.0794743432 -3224132.923540113
-5400307.233170738 -998938.095185936 -3229310.370551289
-5400722.799864729 -994823.6622836632 -3229885.465458768
-5401762.679485647 -992286.0870197052 -3228926.9542718306
-5400655.976327377 -989257.2929724208 -3231706.3656310523
-5398236.292891315 -987742.9482470639 -3236209.1703564585
-5394439.628180342 -988702.4920341467 -3242241.4284200068
-5390784.7166486755 -986962.9281323323 -3248843.689259229
-5385887.15342826 -984706.1938030114 -3257639.3726780782
-5379198.139871375 -983289.1911444879 -3269099.37728769
-5372410.155389006 -986409.480685878 -3279305.7891398435
-5364661.418828375 -991763.4059848738 -3290357.762901112
-5356035.751491967 -996937.5861157659 -3302822.6531452695
-5347787.6510750335 -1005545.6816446168 -3313560.9427223816
-5343388.684692912 -1015730.170349238 -3317548.88213242
-5341208.991264508 -1021595.5508263708 -3319257.45343246
-5339850.666999755 -1025297.1962374704 -3320301.41907777
-5338148.061632179 -1030767.6364812774 -3321345.2623410616
-5337792.441962363 -1037175.0219874034 -3319921.8093646276
-5338811.133920753 -1041338.1272452613 -3316979.2855954235
-5338431.878886273 -1046294.379216817 -3316029.877204073
-5337625.011678636 -1050103.0405204052 -3316124.8225892275
-5337527.160198059 -1056277.990920017 -3314320.6875687237
-5339260.130584779 -1059429.499493076 -3310521.3174893847
-5339897.3005977245 -1063334.2977410452 -3308240.920839456
-5342369.624996141 -1064214.3743180106 -3303963.612907006
-5344479.585046027 -1064537.7041361856 -3300445.188379699
-5345284.233807374 -1062855.2104712462 -3299684.266923798
-5345267.304766142 -1063530.7281114475 -3299494.0265078293
-5346266.575496685 -1064408.593543799 -3297591.4012680617
-5345955.923487452 -1068906.6299676972 -3296639.937958121
-5345754.45212093 -1074009.9459657408 -3295307.7206227523
-5346524.221964633 -1079505.0880833196 -3292261.9137528683
-5348603.419817434 -1082839.8932881404 -3287786.5233346564
-5349064.634145446 -1086626.8053244099 -3285786.165544696
-5351318.683844934 -1090780.7906161416 -3280735.681330477
-5353993.046573977 -1090839.2889709044 -3276349.9664832754
-5356840.65919848 -1088595.86953469 -3272439.1796930335
-5359371.771586928 -1085019.9765670325 -3269481.1307557146
-5363179.736381247 -1083160.233270868 -3263848.652178925
-5366889.677029083 -1080887.6235497552 -3258499.369319507
-5371371.05571347 -1079351.6168122587 -3251617.1467637955
-5375062.457383524 -1078824.6366260808 -3245686.673515299
-5380286.6850541225 -1076942.898420271 -3237645.777439445
-5385742.632323683 -1073831.7176324606 -3229597.9224320916
-5390191.5226164665 -1070806.6392068516 -3223173.822638812
-5394082.204087043 -1067078.7161572026 -3217897.01343529
-5398149.648283745 -1062989.0705715949 -3212425.191437057
-5400562.2101348825 -1057101.247772307 -3210312.409473768
-5399446.559736669 -1050524.112499732 -3214345.491325488
-5401055.593934907 -1043403.6551965114 -3213961.4626729754
-5402949.067381795 -1048074.1015831981 -3209255.8409807035
-5403479.998576608 -1052385.5677598559 -3206950.19009546
-5402453.785421369 -1052968.6607579116 -3208487.3532317406
-5403022.084259075 -1047403.3390714527 -3209351.897550453
-5404634.388173869 -1047618.0192081223 -3206565.860230991
-5405547.876862636 -1053180.007567632 -3203202.307473834
-5405586.484566301 -1049466.798099057 -3204355.660278967
-5407708.608166207 -1047332.586827649 -3201472.014829117
-5410174.699470299 -1049573.7219463473 -3196567.803662415
-5411902.76553703 -1054124.030498277 -3192142.225011084
-5412792.379161313 -1055964.3425996685 -3190024.916399755
-5413218.509178445 -1060167.1824626268 -3187907.137467645
-5415452.736382884 -1061488.0636894081 -3183670.169890097
-5417138.869682317 -1062702.2063668063 -3180394.8634029883
-5417427.260373279 -1067276.2660399096 -3178371.320426922
-5417900.899808052 -1073461.1559290553 -3175479.8041509497
-5419863.930315705 -1075521.4284410356 -3171430.218974863
-5421114.541843635 -1080294.0620055788 -3167668.363924316
-5420174.910114439 -1084435.1667509447 -3167861.3152850904
-5420996.264050164 -1087650.278253336 -3165352.646605051
-5422820.814960026 -1093136.9989192463 -3160333.3543204116
-5422267.211129736 -1092533.0018695723 -3161491.8837367287
-5424710.651352819 -1101303.7029096317 -3154248.8017049017
-5427472.451945563 -1107586.197805448 -3147290.3580386243
-5424210.553329701 -1117476.1511937326 -3149417.076962013
-5422081.965280536 -1125326.7094129752 -3150286.9645258244
-5421142.3201738885 -1138165.342389575 -3147290.3580386243
-5423421.737707186 -1149420.5728550912 -3139262.6525448062
-5421956.1808120115 -1159199.7016803403 -3138198.24500917
-5417437.338903247 -1171093.4694618976 -3141584.594570165
-5415623.396331461 -1189711.169257718 -3137714.38516171
-5414651.3302355595 -1209028.1047889427 -3132003.035408609
-5412168.570886783 -1227032.0624074808 -3129291.4019198283
-5410498.140270862 -1239765.8163777972 -3127160.3084374554
-5409064.909251969 -1250372.1393885482 -3125416.3435516697
-5408740.3312758645 -1259250.391097403 -3122412.1254810183
-5408625.4871983295 -1265494.712333173 -3120085.6514341733
-5407324.357287697 -1270566.7455799356 -3120279.5451865545
-5405856.193091547 -1274901.9545240556 -3121055.0821740567
-5402888.170647561 -1279877.2674634892 -3124156.6215071315
-5400451.119426161 -1287066.9703433616 -3125416.3435516697
-5399008.86695198 -1292400.8060540562 -3125707.025791882
-5396818.509345123 -1297554.4459364517 -3127354.063265052
-5393772.931424377 -1301802.2919993098 -3130840.9983228194
-5390334.392809776 -1306947.4614107946 -3134617.1164599895
-5388965.025951448 -1310499.8781842005 -3135488.322151961
-5387161.978699104 -1312352.0661181018 -3137811.159042925
-5385641.577252398 -1311185.1091281504 -3140907.4184017093
-5380840.208278303 -1307927.2799813217 -3150480.262318138
-5377228.931957113 -1309733.4652527457 -3155891.041103986
-5376733.3501740955 -1311998.8158221834 -3155794.446475695
-5374507.876424639 -1317619.4641103556 -3157243.2649460286
-5370048.688638673 -1327659.721310103 -3160622.9996728264
-5368874.6535971 -1339705.673263566 -3157533.0026759887
-5372099.074160567 -1348580.6360471793 -3148257.106000362
-5375666.763037228 -1350373.9041979378 -3141391.1204493567
-5376216.85581665 -1352906.4295019212 -3139359.411129172
-5376430.652789103 -1359447.7011622754 -3136165.873093186
-5378369.633688319 -1364932.6735266303 -3130453.6221063603
-5382468.175969987 -1366972.7748773817 -3122509.0500132022
-5383212.200758068 -1364261.675874019 -3122412.1254810183
-5379665.170816932 -1368260.057948669 -3126772.787351449
-5378060.020238832 -1372349.8618237781 -3127741.5614882507
-5376206.228179173 -1376075.1847039878 -3129291.4019198283
-5375312.979347151 -1383946.5080130897 -3127354.063265052
-5378489.0702378675 -1392574.3795993824 -3118049.537549908
-5384052.707466609 -1399029.4710422882 -3105532.801690656
-5387339.923363114 -1402092.126494437 -3098442.708678058
-5388921.72715665 -1406521.5354157586 -3093680.783305009
-5390330.788616945 -1410306.4219313336 -3089500.0866721896
-5390897.847570297 -1413672.20411497 -3086971.3792606937
-5391015.786111927 -1414708.7901236878 -3086290.4647875875
-5389825.2723679375 -1414999.6819769118 -3088235.8124581627
-5387725.155615442 -1415353.003628612 -3091736.4898496806
-5385208.170055803 -1417706.485664729 -3095041.56444924
-5383235.878912054 -1420101.1873109466 -3097373.902161637
-5381919.18870935 -1422969.3264977864 -3098345.5491678985
-5383016.704042372 -1423259.507490754 -3096304.981480017
-5384890.767950546 -1421241.4423148998 -3093972.3948166757
-5386409.24904643 -1416112.8531287275 -3093680.783305009
-5385656.3919004705 -1412599.1086026095 -3096596.516622196
-5386096.842186227 -1408997.7892946154 -3097471.071108565
-5386840.165440051 -1403367.5584550523 -3098734.18154538
-5387552.0402735295 -1396325.6892195174 -3100677.1168520874
-5390621.921866583 -1386383.2918272368 -3099802.8427036623
