-3542667.132468832 271100.6927431104 -5288256.329161746
-3539993.126069861 270958.2122731459 -5290053.999212095
-3536078.3796395464 271279.3558455077 -5292655.118571189
-3532518.602794168 270572.1438111846 -5295067.89719514
-3529633.214805049 270722.9322213636 -5296983.996852779
-3526387.397698224 270721.6158986872 -5299145.471492583
-3525990.1580782537 271062.5397135832 -5299392.371272325
-3521296.0919463276 274163.94141326135 -5302353.153654731
-3519299.4678969737 273575.9207646268 -5303708.935343064
-3515139.436610372 278067.32582167286 -5306233.532695004
-3509364.8578093303 278226.86518760433 -5310046.055003739
-3506232.8413830204 279025.4388158415 -5312072.7655502595
-3500042.6153993835 280807.48167044524 -5316059.61672987
-3494482.0424821177 279317.8756082121 -5319794.900100541
-3491124.8463003556 280521.2824528527 -5321935.373305027
-3487137.235980071 281426.0013438293 -5324501.31967388
-3486034.6238196646 282378.1050793037 -5325172.880508416
-3482674.635063573 285838.4215039894 -5327186.385239108
-3479821.4296445204 285359.6739483311 -5329076.249620648
-3477486.2812808924 288773.48995888996 -5330416.497329281
-3472191.7640217254 289554.24548557075 -5333824.490249092
-3470097.573554388 292246.1358959599 -5335040.395916964
-3463199.530314237 294222.0157885563 -5339412.272774651
-3460263.9395649303 296831.7755787498 -5341170.786031219
-3452944.6587778544 301364.8082935499 -5345651.82515095
-3448525.813425654 302616.66779578594 -5348432.842105161
-3444213.2735555656 303692.10353940725 -5351150.066341951
-3439948.803762734 305252.348151591 -5353803.716185275
-3436323.3737814515 304870.18934521737 -5356153.175409743
-3433002.1930286516 306326.88895767136 -5358199.397163378
-3429259.4048414114 306173.9059248335 -5360604.301162086
-3427224.9999110447 305811.38984199415 -5361925.884775698
-3424131.494142919 307824.5435039053 -5363786.7744006375
-3421181.4503204613 308221.47814474 -5365646.09384494
-3417085.286842368 309836.6233820635 -5368162.666057784
-3412197.766752945 308732.9889950074 -5371334.22364243
-3409419.6321246726 309261.5471892284 -5373067.658936838
-3406571.3055216176 311580.9958678124 -5374740.0144947255
-3402482.717142243 311985.5077791317 -5377305.775431051
-3399498.355644828 313686.39827572886 -5379094.047653834
-3395004.9048409457 315363.4350452158 -5381833.200680081
-3390734.335552722 316638.139321445 -5384450.014108302
-3386989.661155922 318315.96885020845 -5386707.433970945
-3383281.769806719 319575.98136842396 -5388962.484395853
-3381148.924684857 320148.53807274427 -5390266.956531218
-3377737.7410588576 323216.29370621225 -5392222.174587155
-3375767.857835962 324038.6058183437 -5393406.28470922
-3371532.978649431 327730.2486710334 -5395831.655823346
-3368695.261647252 326742.2181578727 -5397663.638744881
-3365603.0442943177 330296.79423976544 -5399375.998756871
-3361523.1890005777 330370.28564618825 -5401912.469132895
-3359162.5399449957 332210.2215950442 -5403267.936989434
-3354647.0212888666 333773.92740188504 -5405976.260394089
-3352270.369695268 333832.89943423914 -5407446.713904676
-3351337.839118989 337461.97568018234 -5407799.46956794
-3349118.2079745084 338773.73217760696 -5409092.399599036
-3349462.2468327414 340993.79576364654 -5408739.861399591
-3347638.762170992 343051.5562035645 -5409738.565568265
-3347878.59501652 343489.4541780717 -5409562.358259554
-3346575.575542316 343237.7187131446 -5410384.53214152
-3347754.921449203 340052.54422504135 -5409856.028867932
-3347408.8266479317 339722.2613017665 -5410090.935691888
-3347809.0375733757 338582.27747405675 -5409914.758045871
-3348379.2171857236 335747.33077440324 -5409738.565568265
-3348983.8798669158 335394.6969495809 -5409386.13612022
-3348172.096960062 333070.683378717 -5410032.211457867
-3348215.8749454888 330714.5745178361 -5410149.658277902
-3346800.0363905593 327743.79785916564 -5411206.382996402
-3346671.38429675 324193.3260610457 -5411499.822864891
-3347410.3616650617 322436.8880654785 -5411147.690077589
-3347611.1114535998 321335.8510003716 -5411088.995510447
-3348222.442489456 316912.9282855573 -5410971.601431245
-3347429.5312759527 313242.4677763403 -5411675.867004883
-3348061.5427510636 310531.34121690097 -5411441.138187996
-3346831.6704943664 307412.8160236692 -5412379.895195855
-3346739.6364505677 303222.6217312488 -5412673.170207227
-3346663.200410509 298799.4849377618 -5412966.403998737
-3349483.8607912567 295869.6097464701 -5411382.451862682
-3349876.6644488056 296788.1662854537 -5411088.995510447
-3350803.178696367 293805.5348183463 -5410678.087388718
-3352771.514039519 292975.7132755139 -5409503.619194265
-3352560.6433719886 289950.55890626385 -5409797.298042057
-3356189.48250125 286310.81675053475 -5407740.681075566
-3357517.0362581476 284063.16085397155 -5407035.0906834295
-3359207.408993392 279718.9596613613 -5406211.602126748
-3361583.8016218073 277317.59531831945 -5404858.02736767
-3362969.9180158135 275422.8346754573 -5404092.57809857
-3364341.8062168118 272520.6621836842 -5403385.762614471
-3364954.3584878095 269614.7445938925 -5403150.104780679
-3366056.4578173663 265269.06735530397 -5402678.710111351
-3366566.054976804 261171.04299741884 -5402560.844986158
-3368619.4498291407 255357.27040219752 -5401558.725653694
-3369757.4445380243 251539.8874751221 -5401027.999371006
-3371404.8765703067 245864.93796301435 -5400261.15947353
-3372984.994368329 242311.12629158446 -5399435.0209851945
-3374191.899240495 235946.4823995071 -5398962.797106786
-3376800.68276036 229615.08061214502 -5397604.567182061
-3379458.109367715 220909.03312438488 -5396304.5768482005
-3386167.5534420335 214879.01253258515 -5392340.615167908
-3389894.976522692 211076.43978445264 -5390148.40099177
-3396409.9105615173 204698.9789032384 -5386291.771476502
-3401885.156503563 202883.81708566632 -5382904.098971621
-3406734.914064198 197206.642835812 -5380047.189878304
-3414986.2069444642 195950.0665888963 -5374859.419350693
-3420496.184279227 193211.71217695725 -5371453.815086648
-3428555.850522297 190065.3547268441 -5366425.341023752
-3434631.510817436 188718.57458115314 -5362586.380144193
-3441244.2663791203 186009.70632045637 -5358440.005101056
-3447656.935188954 185149.37778953466 -5354346.1192892315
-3451636.579539947 184215.20977795785 -5351813.774718646
-3456044.4600397632 182212.36369389022 -5349036.954886884
-3461434.075702284 179225.28791272538 -5345651.82515095
-3468229.8696062537 175996.3840593465 -5341352.623106719
-3475251.099148017 173677.10858748638 -5336863.035512827
-3483221.38542304 170845.4629545422 -5331755.959148866
-3488634.2651475226 170622.68080085816 -5328222.95562366
-3493204.748194401 166568.50498544032 -5325355.999399384
-3499877.6883158274 165111.26228684298 -5321018.270772532
-3502831.312891297 161574.46338708585 -5319182.971679899
-3510663.1772368853 156839.6103190859 -5314159.048488102
-3515030.572178568 156727.3692903303 -5311274.574748075
-3520261.4145691935 151666.59345249133 -5307956.086623722
-3527585.842577103 151612.0664214455 -5303092.767863391
-3530593.368148893 148407.80846405917 -5301181.622164058
-3537339.087368008 146464.91915271836 -5296736.845307312
-3540073.2785454523 145216.53006142442 -5294944.224628374
-3545604.4839636474 141042.597068327 -5291354.914302112
-3551064.2710935436 140825.25625869315 -5287698.15607534
-3555206.155153996 138814.3968395406 -5284967.43202692
-3560050.632857545 137634.52649739003 -5281736.194529829
-3562632.625001194 135243.511018321 -5280056.720529102
-3565449.386000868 131424.5362523535 -5278251.535038557
-3569468.595399917 127330.78370413199 -5275634.731288268
-3571819.581236843 125979.02419275377 -5274075.7640136825
-3573823.266356411 121303.51812152813 -5272827.867220865
-3575597.6081685377 117802.62500980894 -5271704.210784234
-3576599.9865003596 112399.1827064078 -5271142.187447856
-3579400.9291715603 108109.98967460162 -5269330.338703233
-3580804.5270056524 104211.62035608465 -5268455.169929662
-3583177.487833567 101651.90493561781 -5266891.586211518
-3583304.6407312457 100403.70856007065 -5266829.022003781
-3583979.197648357 99295.7951731713 -5266391.027628386
-3582364.7227546107 97811.9241249547 -5267517.140044468
-3582958.454721287 96263.62773712142 -5267141.826998409
-3581116.9596598716 96339.2470582349 -5268392.6458373135
-3578751.3400949836 91837.81273557004 -5270080.232968024
-3573113.0453560497 89134.61966102858 -5273951.003250249
-3571547.5114483903 81423.95629361083 -5275135.97102561
-3568280.846846698 79230.95043161776 -5277379.582190457
-3559797.0073662633 75126.53623234086 -5283165.932459431
-3556839.399127813 66121.28002685978 -5285277.8985725725
-3554670.843952461 63598.512608940015 -5286767.577674304
-3550053.644519201 58309.72013915706 -5289930.065470925
-3543554.663559745 54553.095165849336 -5294325.765021624
-3533558.567090965 48847.51842407545 -5301058.269146063
-3526709.3351328014 41549.98779664158 -5305679.585500923
-3519835.410914364 34649.171563043 -5310291.810718438
-3515373.2347897836 25155.91270819542 -5313300.217395911
-3512064.785087965 20412.162149123847 -5315507.999145653
-3506242.5485249134 15604.94962864958 -5319366.567220256
-3503756.013873528 9967.815707591311 -5321018.270772532
-3500509.96437082 8003.514539640354 -5323157.609266855
-3495591.175764883 4087.643409676222 -5326393.397326754
-3493176.1519703423 304.8371267943727 -5327979.098906076
