-1211227.1627111386 -6229482.11997032 -562247.5231433333
-1215925.7143408523 -6228114.800803016 -567231.5975182473
-1219352.4593434164 -6227171.717068752 -570221.8743894146
-1224511.107303074 -6225854.201219295 -573544.2557043397
-1228932.906752386 -6224809.140003174 -575426.8687105923
-1234426.229494024 -6223475.804714332 -578084.589028686
-1237133.743183065 -6222896.9938076725 -578527.5325663288
-1242143.2340465146 -6221971.020027666 -577752.3795263421
-1246905.1320762932 -6220936.1310333265 -578638.26801025
-1254389.9657437385 -6219400.293027164 -578970.4732842986
-1261890.9878455815 -6217944.534525174 -578306.0611498316
-1269474.5723339943 -6216338.834174209 -578970.4732842986
-1277373.3529891532 -6214617.288960986 -580077.8127289863
-1286435.7614053441 -6212509.362291699 -582624.6263379619
-1294833.7409994586 -6210472.835835905 -585724.9683201732
-1304097.2079113242 -6208251.506431545 -588714.451333014
-1313404.9173760496 -6205708.423799362 -594803.7338467594
-1320866.1233780733 -6203537.855586183 -600892.4682681214
-1327562.896317183 -6201504.483883041 -607091.3380212899
-1333166.7374162832 -6199659.337854422 -613621.662591279
-1338550.5363021358 -6197849.286777696 -620151.3364933361
-1342531.821641203 -6196364.822104455 -626348.3849002823
-1346931.1873664071 -6194723.902059196 -633098.0601425177
-1350075.34919819 -6193562.699804189 -637744.9608437782
-1354630.0989665145 -6192122.230891067 -642059.6332729616
-1359295.7027896345 -6190673.856376607 -646152.7654919003
-1364862.5273717868 -6189205.96287081 -648475.7748294902
-1371095.2382945635 -6187677.344539048 -649913.7845931285
-1377926.9464943332 -6185786.695217623 -653453.3582387009
-1384836.0486619554 -6183739.207322621 -658209.3391523322
-1390742.4993818884 -6181774.770562783 -664181.4409078779
-1396432.0536317471 -6179859.362146951 -670042.3745364839
-1401589.3376040389 -6178101.770837533 -675460.4636015379
-1406840.8445252436 -6176264.445558477 -681320.2893689097
-1411240.2346219693 -6174672.917641042 -686626.7984388561
-1417091.2468106253 -6172492.054424287 -694143.5271482125
-1421738.9480571067 -6170510.339998625 -702211.8679910802
-1424866.4280521458 -6168827.220430522 -710610.5731589939
-1426884.986358364 -6167747.306999013 -715914.3752652974
-1428202.4312851832 -6167069.59424927 -719118.5124562215
-1429593.1528905516 -6166708.697992747 -719449.9644235598
-1432374.3135154452 -6165985.913974301 -720112.8624400889
-1435911.1683098653 -6165098.675876125 -720665.2714218012
-1440523.3008432183 -6163958.037261243 -721217.6749153337
-1445873.0452606296 -6162575.954334099 -722322.4654210318
-1452503.1008330649 -6160848.086415277 -723758.6601786236
-1460156.277789912 -6158648.371873217 -727072.8134472435
-1467462.7640949148 -6156427.462287011 -731159.9945246172
-1472661.702880768 -6154421.536028734 -737566.3127706051
-1478230.3842228572 -6152541.89270068 -742094.4614558741
-1484118.1339520775 -6150576.364043543 -746622.2301428723
-1489159.5929123068 -6148873.724077827 -750597.5167708246
-1493122.6368598475 -6147412.421720514 -754682.9192270207
-1497335.8892300127 -6146048.007624116 -757443.1482318747
-1502181.6846546065 -6144483.587883009 -760534.4334904195
-1507135.9626988634 -6142900.521356899 -763515.1436958556
-1510133.3252595542 -6141682.843964831 -767378.774848891
-1514012.3969978483 -6140354.576643204 -770359.0947302999
-1518110.8166787957 -6138995.710770704 -773118.4976585017
-1522834.524592797 -6137867.356057144 -772787.3770684389
-1529076.382343425 -6136440.371626338 -771794.0025900386
-1538629.4599219922 -6134149.202622785 -771021.3648287657
-1548463.9099644774 -6131618.510173397 -771462.8735308606
-1559096.7525259496 -6128645.240948045 -773670.360598051
-1568998.1046805184 -6125488.59974056 -778636.8614170356
-1579740.3074424786 -6122065.186858936 -783823.5827604334
-1589771.0614214423 -6118545.133955478 -790995.838179116
-1599319.6195480267 -6114937.094962727 -799601.2000851176
-1605102.720157149 -6112202.603671652 -808866.8551829784
-1609613.4513574352 -6109841.989496091 -817689.6725528882
-1614111.0543445596 -6107870.20160399 -823533.9122347764
-1617643.0842903627 -6106563.358540314 -826290.384780311
-1621839.1475935814 -6105181.356065835 -828274.9476345791
-1627456.083733367 -6103566.698978385 -829156.9493415264
-1635569.4557047188 -6101472.457465904 -828605.7001679102
-1644722.0515371177 -6098996.659005632 -828715.9505075832
-1654030.6268823224 -6096253.758472702 -830369.6752909141
-1664704.5204980895 -6092654.481016647 -835440.742591005
-1674196.8311408218 -6089339.98672802 -840621.494272679
-1683248.9213256245 -6086095.683870305 -846022.1011482904
-1690292.4533341038 -6083451.59050665 -850981.2971880668
-1695636.9007560657 -6081283.736693873 -855829.7813332804
-1702825.9755849368 -6078761.651233502 -859465.8133783778
-1709590.742497928 -6076362.921462211 -862991.3903652834
-1717904.7538489841 -6073374.175835157 -867508.1423258751
-1723420.6158281637 -6071021.811649637 -873015.7750080087
-1728198.075338985 -6069298.662168519 -875549.0630421907
-1733244.9569622818 -6067317.823367896 -879293.6650556972
-1737344.82743029 -6065633.259212421 -882817.7135384874
-1742441.110925731 -6063431.673860905 -887883.0505062311
-1745499.7132894152 -6062115.759907151 -890855.9167407074
-1747639.5366200781 -6061191.405113686 -892947.8151708193
-1751876.6909394173 -6059594.430472607 -895479.9818692286
-1755557.320953652 -6058056.389312471 -898672.5080675257
-1758496.303182262 -6056729.449705215 -901864.8040409837
-1761301.8864594337 -6055733.737474855 -903075.6145325089
-1764163.9323777806 -6054538.921924214 -905497.1356123313
-1767416.4664103023 -6053111.964163043 -908688.9366378146
-1770723.9268445312 -6051482.672042475 -913091.0386538466
-1771641.0002901568 -6050698.520587026 -916502.3617301037
-1772217.985616922 -6049928.201516888 -920463.5614441952
-1771508.9967174341 -6049464.653174672 -924864.468200304
-1770381.4903391837 -6049137.253895257 -929154.9182999362
-1769321.8544701978 -6049041.187483048 -931794.9814351976
-1769666.4422686407 -6048652.038818575 -933664.9272646738
-1770795.615279768 -6047811.270951887 -936964.6310577997
-1771956.3178404751 -6047078.831912403 -939494.230052615
-1772882.3098213244 -6046328.178484512 -942573.5374955027
-1773875.9918591403 -6045418.227046383 -946532.3161948144
-1773675.4860387058 -6044734.897689062 -951260.3675573625
-1773612.342625812 -6044129.235150646 -955218.3241974843
-1773543.7641049547 -6043505.1262538545 -959285.8310992684
-1774107.2237210781 -6042692.750394268 -963352.9379584918
-1775614.043922136 -6041582.767779337 -967529.5484367594
-1775552.4933657213 -6040983.604738053 -971376.0500387122
-1776678.706238125 -6040139.151865257 -974562.8768347778
-1776831.4270475106 -6039490.248556232 -978298.8385204597
-1777740.5863922848 -6038687.828043176 -981594.9892581991
-1776896.2801444319 -6038542.953590302 -984011.9954826738
-1777728.2168936825 -6037867.835409514 -986648.564072972
-1776878.5764886062 -6037704.5406219615 -989175.1131972471
-1778175.2127977542 -6037052.603515629 -990822.7767753619
-1777986.7100759586 -6036801.365782923 -992690.046728941
-1780529.946776658 -6036105.920004136 -992360.5348473589
-1782526.59129284 -6035498.530457586 -992470.3724435547
-1787307.62324541 -6033849.414842534 -993898.2336704565
-1790613.0668815372 -6032633.911599776 -995326.0437311355
-1795406.205798696 -6031027.783232705 -996424.3242990049
-1798479.217230563 -6029803.307112804 -998291.3315867444
-1801516.2799891278 -6028459.614182613 -1000926.9569271081
-1803439.8638724843 -6027226.701506551 -1004880.0655013825
-1803720.2338022941 -6027014.605227733 -1005648.6794819504
-1805217.3835152595 -6026272.931703646 -1007405.45505286
-1806184.1540546466 -6026056.648896137 -1006966.2685197393
-1809920.5102226732 -6025137.228816642 -1005758.4802540895
-1812769.7031977389 -6024317.269798086 -1005538.8784034731
-1816374.6772448581 -6023341.2725680405 -1004880.0655013825
-1821940.5581975612 -6021641.7169052465 -1004989.868417186
-1827869.0148718674 -6019624.666134625 -1006307.479518543
-1832908.8076110315 -6017706.018949628 -1008613.1926954607
-1837247.4876559358 -6016124.925748796 -1010150.2595584444
-1840598.586976498 -6014694.41386717 -1012565.5284549093
-1843549.3314856836 -6013457.600478082 -1014541.5465278343
-1847705.4342759042 -6012033.630171723 -1015419.7446531693
-1853507.0457193241 -6010358.77012587 -1014761.097914119
-1859071.2804348653 -6008287.410876725 -1016846.7743777964
-1863181.2056635744 -6006716.62623958 -1018603.04678468
-1865240.9082482392 -6005946.996221537 -1019371.3909928857
-1868924.2186872452 -6004484.792951759 -1021237.3064157767
-1871480.2957394342 -6003464.42189542 -1022554.3690654914
-1874529.321183167 -6002550.479129799 -1022334.8617371909
-1877725.2414993711 -6001738.354961901 -1021237.3064157767
-1881758.636731561 -6000661.66224973 -1020139.7199856954
-1884983.6796974111 -5999574.695376702 -1020578.7582886282
-1888862.9924741206 -5998373.164231785 -1020468.9991791407
-1891872.00214843 -5997331.406274598 -1021017.7916173841
-1895956.2795417602 -5995686.013084052 -1023103.1319346201
-1898255.0205302727 -5994583.611226121 -1025298.1054555856
-1899781.0617480497 -5993949.917334498 -1026176.0598986988
-1901575.6653863941 -5993437.183417542 -1025846.8293260454
-1903162.4898170952 -5992632.663721078 -1027602.6931924667
-1905601.7958074198 -5991612.600120344 -1029029.2735848948
-1907126.729408296 -5990976.541016567 -1029907.1428850242
-1909256.0537553024 -5990430.303634428 -1029139.0083448727
-1910246.9487333833 -5989925.765924234 -1030236.3386969853
-1913003.7248944729 -5988819.246181655 -1031553.0936912915
-1914500.202974545 -5988095.128601995 -1032979.5272044269
-1916727.7953113497 -5987496.015886322 -1032321.1798787768
-1918333.7273396507 -5986754.502926104 -1033637.863202189
-1920346.1711630838 -5985843.84228499 -1035173.9364368488
-1921220.0972186078 -5985335.557593102 -1036490.5214496676
-1922423.8047321984 -5984777.962379424 -1037477.9303756652
-1923440.6051023726 -5984356.127923383 -1038026.4798304831
-1925656.0523091285 -5983719.7173379725 -1037587.6408988301
-1927910.1290722769 -5983203.018075799 -1036380.8077676682
-1931258.0902768504 -5982502.94930174 -1034186.4678752011
-1937027.7906046163 -5980732.15469312 -1033637.863202189
-1941718.8763579072 -5979191.812961388 -1033747.5847666532
-1945046.8183112235 -5978072.102421967 -1033967.0269508559
-1947744.4381500254 -5977497.144911494 -1032211.4542236864
-1948737.3945967718 -5977002.881666282 -1033198.9737960252
-1948402.0765242795 -5977036.315428466 -1033637.863202189
-1947349.4416263627 -5977701.611860797 -1031772.5484593626
-1947533.1885105853 -5978265.652408688 -1028151.3842233103
-1948868.592118732 -5978113.33993119 -1026505.2876580323
-1953026.2698242716 -5977057.646561548 -1024749.3737770347
-1957665.8329618818 -5975708.961861442 -1023761.6370925906
-1963708.4048707427 -5973707.197696204 -1023871.3868609525
-1969290.5140479666 -5971360.544717406 -1026834.5126031432
-1973154.2096819824 -5969062.747476075 -1032760.0793541748
-1973722.631134379 -5967636.5226798905 -1039891.4888222895
-1971706.5134203334 -5967479.166250189 -1044608.4555017618
-1969087.5963662209 -5967593.56297415 -1048886.1258431172
-1965384.5472522664 -5968621.324906343 -1049982.886191609
-1963589.4604202374 -5969482.00881891 -1048447.4127555978
-1963239.7367528374 -5970174.016435171 -1045156.9018654532
-1965454.6436155702 -5969886.382662312 -1042633.9827538175
-1970037.006574754 -5968720.3981369445 -1040659.4071020244
-1976089.4971901064 -5966757.569927514 -1040440.0034637566
-1981031.110126886 -5964582.165488596 -1043511.5389131109
-1983582.3242227861 -5962868.452826796 -1048447.4127555978
-1986113.7008523904 -5961097.647582492 -1053711.6319339469
-1987480.7646749842 -5959650.671838583 -1059304.0544153817
-1986304.3961027684 -5959242.138327295 -1063799.315099961
-1985348.9358942222 -5959149.106829134 -1066101.554881725
-1982868.4392669727 -5959680.561398068 -1067745.924203395
-1982856.6715370822 -5959645.192480146 -1067965.1679194262
-1982956.6202280873 -5959945.596813143 -1066101.554881725
-1985770.8403631342 -5959028.140538107 -1065991.927661009
-1988317.7367074867 -5958002.20949606 -1066978.5609535377
-1992515.662755594 -5956383.500010109 -1068184.410334174
-1995842.1578757325 -5954580.269126913 -1072020.9416659744
-1997268.6103119175 -5952973.785825967 -1078268.150105319
-1996111.6965463592 -5952626.015840162 -1082322.784779894
-1996790.848779093 -5952238.768649006 -1083199.403260464
-1996589.0871534126 -5952326.389192865 -1083089.8271049073
-1997859.7522849753 -5951979.762919978 -1082651.5191837335
-1999326.069048654 -5951527.236653121 -1082432.3632442458
-2002252.3668646626 -5950603.179520263 -1082103.62686214
-2005129.9745193582 -5949534.475342852 -1082651.5191837335
-2007952.5561437851 -5948303.049931283 -1084185.5738082072
-2010950.881903419 -5947250.117119446 -1084404.7191867935
-2014949.448986518 -5946076.349460803 -1083418.5545816603
-2019777.6776266315 -5944278.187289437 -1084295.1466626476
-2022566.1800405309 -5942609.000341722 -1088239.5491865806
-2024993.27242778 -5941239.863154484 -1091197.5692267278
-2024235.8170440695 -5941054.848388813 -1093607.628645533
-2023473.9186909471 -5941536.065549884 -1092402.619068405
-2024279.6806070625 -5941523.269645059 -1090978.4649330413
-2025848.0541227881 -5941370.564576389 -1088896.9078807011
-2028617.6081163257 -5940666.343510817 -1087582.1785585776
-2030959.1762709655 -5939725.75457175 -1088349.1097978703
-2034861.147818192 -5938269.615385965 -1089006.46650231
-2037572.8274251518 -5937058.188271841 -1090540.2523579623
-2041008.88042753 -5935595.857813031 -1092073.9731028934
-2043414.2747872325 -5934505.964435134 -1093498.0839853317
-2047492.053809298 -5932554.445363978 -1096455.672783852
-2049776.5500069396 -5931116.561676469 -1099960.6478637124
-2050864.4271511666 -5929905.928481398 -1104450.8956069902
-2052005.3887803275 -5929184.575615481 -1106203.0341216626
-2052149.1737492334 -5928930.404177688 -1107298.076896073
-2053811.0894683052 -5928375.365146833 -1107188.574135942
-2056382.787275181 -5927769.964101654 -1105655.5000960457
-2059906.3696303559 -5926566.865168153 -1105545.9922803831
-2063146.2347125974 -5925214.917008827 -1106750.5597230615
-2065165.0136212301 -5924020.059517062 -1109378.5652131056
-2067518.5273526995 -5922788.514224641 -1111568.4211158566
-2069044.2942289764 -5921844.2659857785 -1113758.1415773667
-2073010.7673400377 -5919920.74110915 -1116604.5752539076
-2075606.5774391675 -5918721.78712005 -1118137.1751094398
-2077362.3933912963 -5917774.575747799 -1119888.636051167
-2080402.269513448 -5916520.0357889775 -1120873.7944616629
-2084054.276586289 -5915027.110754211 -1121968.3824801343
-2087885.4765611978 -5913384.927888333 -1123500.748280978
-2091230.4974743095 -5911682.192185783 -1126236.9488819144
-2094637.4750634148 -5909828.419752055 -1129629.5397832359
-2098088.6616327525 -5908101.361070688 -1132255.834713505
-2099912.128846038 -5906697.147322434 -1136194.9044676824
-2100573.92193719 -5906272.3228398245 -1137179.6018807567
-2102918.044326176 -5905353.818596769 -1137617.2361703778
-2108034.335766426 -5903740.118886473 -1136523.14005485
-2112905.916325141 -5901766.48746557 -1137726.6438765216
-2117399.495661054 -5899712.312378703 -1140024.1255962297
-2121651.2457156545 -5897634.167915354 -1142868.4145563708
-2123712.546171539 -5896255.2703031665 -1146149.9939605342
-2124681.5431197523 -5895395.259676815 -1148775.0312861104
-2125745.290814329 -5894798.541543804 -1149868.737375595
-2128865.589972374 -5893779.050487914 -1149321.8887071463
-2132876.358207459 -5892648.563822367 -1147681.290202937
-2139196.6078383382 -5890506.20603416 -1146915.6506413126
-2144116.9252384068 -5888354.569690907 -1148775.0312861104
-2149157.70053624 -5885896.789707611 -1151946.6824186833
-2153017.157183806 -5883714.088012639 -1155883.4938668155
-2154848.4371029786 -5882355.092531674 -1159382.4987817984
-2155271.200681819 -5881919.876666216 -1160803.8662885414
-2155366.888098828 -5881863.235427382 -1160913.1997763237
-2157762.7328277333 -5881092.628726094 -1160366.5288017353
-2160895.4754360137 -5879791.198224408 -1161131.8656909515
-2163446.81324001 -5878809.729214516 -1161350.5301907754
-2166645.6436565453 -5877372.167479982 -1162662.487463915
-2168489.0830659103 -5876367.5945006525 -1164302.3623297284
-2170112.7529606656 -5875399.616167924 -1166160.7907022475
-2170710.5335179446 -5874809.624436293 -1168019.1164124622
-2170593.7079747347 -5874178.093643805 -1171407.5631716384
-2171007.020926244 -5873719.999018966 -1172937.7171075966
-2171179.5778379957 -5873241.164004388 -1175014.2425620253
-2170097.589464241 -5873466.064958089 -1175888.5304259174
-2169659.087727948 -5873540.531153982 -1176325.665762222
-2172086.249414887 -5872227.098638032 -1178401.9802783492
-2174088.255791867 -5871025.170317738 -1180696.703443964
-2176046.3062332207 -5869705.585295198 -1183646.8286964332
-2177704.6251730775 -5868207.512329931 -1188016.90128312
-2178872.5874777227 -5866331.948003154 -1195117.03333843
-2176387.8677729657 -5866228.6758438945 -1200140.813287103
-2174238.4969816897 -5866085.632820665 -1204727.0672885976
-2173331.6454878384 -5865837.985337163 -1207565.8526543227
-2173850.266146831 -5865038.18778382 -1210513.5588711263
-2175019.147402193 -5864108.580044522 -1212915.1948434208
-2179754.9578956654 -5862123.918947306 -1214006.7884633667
-2183373.9340365343 -5859643.873666212 -1219464.201186677
-2187529.9182403907 -5857046.380116266 -1224484.2007842008
-2189949.0451590726 -5854792.55391119 -1230921.7401089934
-2192670.6242264393 -5853038.673854387 -1234412.741354896
-2193937.7434005337 -5851757.274640212 -1238230.5830409531
-2197382.6869965554 -5850071.796480814 -1240084.7966601064
-2201162.9500198527 -5848349.667628359 -1241502.6510689214
-2206347.333480874 -5846024.958215661 -1243247.6149027608
-2211232.8209551894 -5843528.391205951 -1246301.0682417606
-2216569.2840175163 -5840993.915053908 -1248700.0013827593
-2220671.9922226295 -5838898.525749747 -1251207.7800890682
-2225218.9070564765 -5836746.194839395 -1253170.24889128
-2230319.789300916 -5834212.941030349 -1255895.694779915
-2233146.6894269134 -5832449.961617764 -1259056.912425555
-2235362.425635151 -5831530.500375214 -1259383.9165449627
-2238439.13267 -5830420.820198574 -1259056.912425555
-2242469.527818555 -5828754.1058578845 -1259601.917373138
-2247116.781627953 -5826869.796377629 -1260037.9144248632
-2251948.3593680207 -5824555.8562012585 -1262108.8165175389
-2255151.4113892484 -5822867.257775598 -1264179.5798200357
-2258545.8194898968 -5820769.382599701 -1267775.838172745
-2259166.163566258 -5819958.407439639 -1270391.0347093805
-2260820.5856225374 -5819101.764118844 -1271371.6759682528
-2263554.4756419538 -5818015.050919553 -1271480.6341721606
-2267331.9965422614 -5816305.675985328 -1272570.1949034259
-2271104.4585302332 -5814284.705554477 -1275076.0374187026
-2274112.018355438 -5812702.493976341 -1276928.0498495572
-2278039.256529816 -5810781.23613667 -1278671.0176863603
-2281132.4328676146 -5808823.411972417 -1282047.7339945717
-2283790.556549702 -5807249.400390543 -1284443.8856867466
-2286162.364270803 -5805544.065642023 -1287928.859091379
-2287347.5965599655 -5804690.360455114 -1289671.1952086184
-2287655.8467686693 -5803987.635235494 -1292284.510770991
-2287968.011155503 -5803888.828065023 -1292175.6271463826
-2290988.112291717 -5802939.722553414 -1291086.7692567133
-2293966.3684032867 -5801884.16004395 -1290542.3255615237
-2297091.754965098 -5800016.888813058 -1293373.3253607235
-2299313.904927488 -5798236.427050026 -1297401.5965140709
-2300243.875368854 -5797038.095875988 -1301102.774107629
-2301913.964725178 -5795934.991889676 -1303062.0356652401
-2301754.539614397 -5795238.73283554 -1306436.0178773555
-2302302.4500244916 -5794554.543337669 -1308503.7534894617
-2303852.9737872486 -5793741.5651253 -1309374.3359754283
-2307256.810484992 -5792288.474859516 -1309809.6176468749
-2309428.503609532 -5790683.68912629 -1313074.0265508904
-2312052.6648875233 -5788746.7207454955 -1316990.841974527
-2314929.5493224952 -5787150.902861315 -1318949.0548103084
-2318612.9607595564 -5785229.405336998 -1320907.1374710363
-2321055.185352804 -5783429.1331563415 -1324496.6169474903
-2323221.3669715296 -5782110.548163957 -1326454.3297294625
-2326496.423744244 -5780344.036771173 -1328411.911595641
-2330081.2175661144 -5778474.643565554 -1330260.6185314052
-2332972.324280744 -5776631.204103966 -1333196.559368671
-2336724.9236734295 -5774309.951094015 -1336675.809529013
-2338113.5653842143 -5772815.116136216 -1340698.172697915
-2338936.371388979 -5771951.142189991 -1342980.8869695102
-2340248.1946255737 -5770558.2274742685 -1346676.3274375834
-2342284.2733729696 -5768639.395022163 -1351349.2934500652
-2342692.920797011 -5767912.91378458 -1353739.819110244
-2345502.472844006 -5766745.482300252 -1353848.474627903
-2348206.8536902308 -5765031.870379024 -1356456.083253844
-2352791.8754723575 -5762752.769280004 -1358194.356808666
-2357166.0922132223 -5760246.98659863 -1361236.0805905948
-2361730.215580253 -5757348.380001834 -1365580.836166612
-2363742.537397583 -5755386.834083705 -1370359.298488239
-2367176.2440170916 -5753172.68972012 -1373725.457294761
-2369275.498913719 -5751997.180831023 -1375028.3786013739
-2372642.6095970147 -5750479.266803032 -1375571.2446809611
-2375754.0387886693 -5749480.134227498 -1374376.9254839323
-2382886.06307891 -5746553.881823306 -1374268.3484988587
-2387827.3247373784 -5744580.346538511 -1373942.6150320137
-2393849.629188952 -5741813.468833066 -1375028.3786013739
-2397746.529501151 -5739874.989857093 -1376331.239592493
-2401424.8549511954 -5738258.910216498 -1376656.9454092795
-2404295.711360649 -5737525.228320889 -1374702.653927066
-2407284.8371954416 -5736791.716841306 -1372531.0598270257
-2412069.77894577 -5735845.261359871 -1368078.7693813597
-2417459.8444123873 -5734093.4663072275 -1365906.6660304416
-2422666.853580372 -5732464.327896382 -1363517.1601261427
-2425351.3507469115 -5731561.543460809 -1362539.5770219986
-2429567.3108432456 -5730652.732062344 -1358846.1820928468
-2433645.305428284 -5729694.203487413 -1355586.9068007465
-2436548.6234167265 -5729025.304751057 -1353196.5353370204
-2439080.81147922 -5728870.472884159 -1349284.5882132915
-2442765.976737957 -5728092.766496373 -1345915.5401819947
-2446652.6796558434 -5727784.667624017 -1340154.6427424361
-2452272.802697334 -5726549.024357594 -1335153.688823894
-2457881.0816702037 -5725005.190911165 -1331456.7782725492
-2461578.6687858133 -5723694.448882042 -1330260.6185314052
-2463778.2478216453 -5723303.584160982 -1327868.1519981471
-2465806.5428289934 -5723613.789938599 -1322756.3180595422
-2467724.5363201434 -5723941.410043209 -1317752.3846444408
-2470840.111766897 -5723747.363042295 -1312747.601845124
-2474944.4813796817 -5722821.374701416 -1309047.870533716
-2480327.6956279404 -5721559.165236758 -1304368.1386005464
-2484874.9001609874 -5720007.43768515 -1302517.8092358203
-2489185.163032017 -5718182.633696081 -1302300.1158864328
-2492305.7163574696 -5716624.779916577 -1303170.8797604505
-2494972.3512913543 -5715659.924667831 -1302300.1158864328
-2497774.6963693663 -5714733.360346449 -1300993.9224763156
-2500421.895822969 -5713451.646558478 -1301538.176669164
-2503566.894130128 -5711950.20773711 -1302082.4209502323
-2504744.8912394024 -5711384.108775411 -1302300.1158864328
-2506739.166446163 -5710782.023734948 -1301102.774107629
-2507021.238125784 -5711153.791066936 -1298925.6662211388
-2509505.438377077 -5710854.0141855525 -1295441.9645111994
-2513647.1603132496 -5709994.109390007 -1291195.6568160213
-2519200.3316928456 -5708013.925455222 -1289126.725969144
-2522858.0247467738 -5706053.612433502 -1290651.2150869376
-2525952.349055729 -5704166.68450695 -1292937.804250782
-2526811.7590459124 -5703687.296441894 -1293373.3253607235
-2527644.6981708677 -5703416.968287333 -1292937.804250782
-2527745.226281356 -5703643.801485671 -1291740.088712088
-2530987.071658581 -5702895.8064950425 -1288691.1435089374
-2535168.6812772136 -5701579.17486425 -1286295.3277632026
-2540343.241823656 -5699545.77295005 -1285097.3487514833
-2544491.862028364 -5697350.777990141 -1286622.041085324
-2549172.1872397764 -5695012.061947344 -1287711.0600120774
-2551886.818105693 -5693081.0560361175 -1290868.992958268
-2553428.2326915488 -5691994.523134344 -1292611.1592827698
-2552598.7010035203 -5692539.600234706 -1291848.9739109743
-2553901.587125896 -5692251.592226936 -1290542.3255615237
-2555105.008608363 -5692007.63435486 -1289235.6206025525
-2557918.0581689985 -5691360.132334399 -1286513.1370365003
-2561975.6684314096 -5690026.832047746 -1284334.9738063398
-2568061.9104424934 -5687626.666815686 -1282810.1664165042
-2573201.917917744 -5684983.404769051 -1284226.0615347018
-2576566.716114379 -5682645.924979538 -1287819.9597478744
-2576978.813320691 -5681445.409305423 -1292284.510770991
-2575280.3660005587 -5681918.17479335 -1293591.0835519228
-2572909.4151891856 -5683016.974061928 -1293482.204653332
-2573950.6522802874 -5683732.63491834 -1288255.5547678065
-2578524.376113322 -5682743.533121266 -1283463.6646815625
-2585669.2194182817 -5680037.140120164 -1281067.435620941
-2593650.124854134 -5676274.357694915 -1281612.0497324166
-2600200.234034365 -5672266.245813384 -1286077.5169225936
-2601843.1481858334 -5670101.760591234 -1292284.510770991
-2602564.068168863 -5668801.417092363 -1296530.6647541877
-2601150.5281705805 -5669375.464590206 -1296857.2671271495
-2602366.370257593 -5669414.594197112 -1294244.3486672502
-2603977.7517083655 -5668749.227824038 -1293917.717883261
-2606554.7065443983 -5667838.076068191 -1292720.0413325701
-2610247.478961032 -5666485.937015728 -1291195.6568160213
-2613341.276371713 -5665134.209904543 -1290868.992958268
-2615087.466113329 -5663980.743233251 -1292393.3940019475
-2615901.436201145 -5663406.020199856 -1293264.4456741312
-2617393.4926283234 -5662741.472813432 -1293155.5655935882
-2618132.657332209 -5662524.064364605 -1292611.1592827698
-2620720.9125314606 -5661376.353304945 -1292393.3940019475
-2622945.8940097676 -5660221.521410312 -1292937.804250782
-2624300.386466285 -5659519.021537792 -1293264.4456741312
-2626399.2353738355 -5658868.640022748 -1291848.9739109743
-2629004.876839234 -5657758.010769111 -1291413.4307546425
-2632753.0220723446 -5656263.350701093 -1290324.545331364
-2637274.271397398 -5654106.996101116 -1290542.3255615237
-2640975.952719881 -5652254.591877968 -1291086.7692567133
-2642471.395804407 -5651082.604734233 -1293155.5655935882
-2643364.833696727 -5650165.974192847 -1295333.092315975
-2643227.893397923 -5650130.183804764 -1295768.5787290537
-2644011.1026707576 -5650262.683938573 -1293591.0835519228
-2645016.8175377953 -5650613.464490286 -1289997.8720382925
-2649266.370001339 -5648647.193767331 -1289888.9801546459
-2652238.7632761453 -5646779.208883282 -1291957.858716341
-2653433.5578053943 -5645993.551949149 -1292937.804250782
-2653382.995165277 -5646141.95677968 -1292393.3940019475
-2653341.9969131122 -5646310.7238825625 -1291740.088712088
-2653447.422192652 -5646535.068835882 -1290542.3255615237
-2653931.569535307 -5647053.224616516 -1287275.457146629
-2655158.9865348903 -5646848.385206606 -1285641.8905405006
-2657568.8124938062 -5646086.419566402 -1284008.235817867
-2660222.552358553 -5644563.919967361 -1285206.2578923453
-2661200.8998568356 -5643829.809709079 -1286404.232595782
-2661845.1342901182 -5643153.392821493 -1288037.758042558
-2662820.4153147913 -5642668.395969184 -1288146.6566013782
-2663360.7941290024 -5642537.634624916 -1287602.1598840212
-2665966.4929621373 -5641679.571736191 -1285968.6109146294
-2667995.7039357894 -5640620.894382091 -1286404.232595782
-2669681.135300568 -5639599.73308703 -1287384.358451264
-2671008.7324726973 -5639095.366868299 -1286839.8480071563
-2672991.6309543345 -5638702.035519346 -1284443.8856867466
-2675389.4072508165 -5637911.948945814 -1282919.0837711233
-2678804.0733141876 -5636215.917406443 -1283245.8334900506
-2681872.41603731 -5634806.162897558 -1283028.0007349427
-2685227.2666410096 -5632984.855015993 -1284008.235817867
-2687607.6215519025 -5631650.811953255 -1284879.5292954026
-2688781.917331375 -5630318.856569466 -1288255.5547678065
-2690716.7060328675 -5629568.874698007 -1287493.259363739
-2692573.6963616777 -5628656.017871693 -1287602.1598840212
-2695235.5459363554 -5627406.814778375 -1287493.259363739
-2697543.926517527 -5626176.010254665 -1288037.758042558
-2698731.9338922123 -5625631.182623865 -1287928.859091379
-2700568.123792012 -5624675.140340852 -1288255.5547678065
-2703247.609831036 -5623462.688936628 -1287928.859091379
-2705672.3835566486 -5621971.95607578 -1289344.5148432374
-2708311.968851406 -5620425.943405934 -1290542.3255615237
-2710352.444731142 -5618891.568599547 -1292937.804250782
-2712137.0778775285 -5617829.843979602 -1293808.8401669208
-2714950.6827441524 -5616395.389396385 -1294135.4721334593
-2717705.232437006 -5615338.912650214 -1292937.804250782
-2720722.841671436 -5613576.380949154 -1294244.3486672502
-2721966.8783165733 -5612897.9415001925 -1294570.9759029953
-2722748.1656305585 -5611764.643198188 -1297837.0529100064
-2721612.308285019 -5612416.283629916 -1297401.5965140709
-2722151.4733724827 -5612280.604595205 -1296857.2671271495
-2723112.7875766656 -5612266.739269752 -1294897.5995896005
-2726384.272664514 -5610778.704244355 -1294462.1005520518
-2729282.149760858 -5609269.128288805 -1294897.5995896005
-2731962.4249782246 -5607561.701041572 -1296639.5326068315
-2733407.709196817 -5606302.934838881 -1299034.5253765848
-2733460.7394449757 -5605418.235988469 -1302735.5009981291
-2732089.1865158887 -5605833.820302874 -1303823.9359942127
-2730797.2614467507 -5606412.647567334 -1304041.618228481
-2730251.703551662 -5607032.547781113 -1302517.8092358203
-2732416.1132456185 -5606256.166315202 -1301320.476181206
-2733484.1028087065 -5605962.847913798 -1300340.804367184
-2735881.849446969 -5604919.311700224 -1299796.528383009
-2737887.9496781956 -5604065.861976001 -1299252.2425003175
-2739780.2620013105 -5602483.956692818 -1302082.4209502323
-2738544.82945896 -5602682.960954702 -1303823.9359942127
-2738151.5082027763 -5602621.808208822 -1304912.3312735485
-2736802.436728667 -5603331.6231056275 -1304694.6553966128
-2737992.0750292162 -5603535.082012847 -1301320.476181206
-2740265.019238424 -5602979.630336898 -1298925.6662211388
-2744539.043691392 -5601063.970237606 -1298163.6410559646
-2748681.89758059 -5598880.578171343 -1298816.8066700175
-2752484.831729652 -5596253.176916728 -1302082.4209502323
-2753099.7708732835 -5595037.520668437 -1306000.6868029817
-2751941.9927123142 -5595149.496147879 -1307959.6264803815
-2749116.7376505877 -5596309.206217415 -1308939.04792225
-2746226.381589588 -5597829.899895615 -1308503.7534894617
-2744994.356793843 -5599272.344587303 -1304912.3312735485
-2746254.3353432063 -5599616.893701722 -1300776.2180248064
-2748470.671723589 -5599438.471433969 -1296857.2671271495
-2751834.969681625 -5598138.751369821 -1295333.092315975
-2753884.4444552525 -5596878.772327483 -1296421.796506598
-2756656.912593514 -5595362.375257822 -1297075.0000672862
-2758089.1174474405 -5594328.248693293 -1298490.2256429335
-2758066.434577205 -5594036.067747692 -1299796.528383009
-2757618.365977079 -5594358.111366763 -1299361.1004685382
-2756411.564789788 -5595357.037006245 -1297619.3255025935
-2757978.783904578 -5595089.288305916 -1295441.9645111994
-2760324.5786544206 -5594184.386477492 -1294353.2248067923
-2762034.285680177 -5593466.393019013 -1293808.8401669208
-2765197.86628403 -5592003.862797627 -1293373.3253607235
-2767584.8303801217 -5590444.83387484 -1295006.4733629494
-2768131.4600967844 -5589340.715368244 -1298599.0863808817
-2766947.6778355176 -5589648.516045004 -1299796.528383009
-2767573.2677360256 -5589440.037991474 -1299361.1004685382
-2768333.540597755 -5589012.910258779 -1299578.8152175222
-2769917.867019034 -5587797.215162097 -1301429.3266234042
-2769642.0876602074 -5587731.034545542 -1302300.1158864328
-2770913.2611939874 -5587354.383338555 -1301211.6253426033
-2772762.433269785 -5586183.303187428 -1302300.1158864328
-2774590.796905202 -5584970.6936589135 -1303606.252171275
-2776062.971464435 -5584264.488852846 -1303497.4096641378
-2778113.380406881 -5583498.718485389 -1302408.9627594948
-2780965.5353761697 -5581900.872390543 -1303170.8797604505
-2782286.230923361 -5580402.858793763 -1306762.5120046388
-2781600.0505445194 -5580489.982434851 -1307850.7998831512
-2782941.8242779793 -5580254.296065233 -1306000.6868029817
-2784976.726654789 -5579213.524621247 -1306109.5201684036
-2787298.7112739887 -5577773.40777124 -1307306.6609217497
-2787294.0219767443 -5577520.573258472 -1308394.9288846992
-2788241.561406368 -5577225.614232658 -1307633.145493541
-2789491.885267735 -5576319.5267472 -1308830.2249120586
-2789840.287382286 -5576043.0399416555 -1309265.5145603383
-2790075.8207868775 -5576027.381265006 -1308830.2249120586
-2791053.8754852447 -5575793.234732349 -1307741.9728875267
-2793117.76944159 -5574810.694960823 -1307524.3177012275
-2795345.185756149 -5573668.616743966 -1307633.145493541
-2796184.8047851874 -5572915.324149432 -1309047.870533716
-2798160.2726255874 -5571514.367179476 -1310788.9780634341
-2801635.1342049437 -5569947.052090615 -1310027.2560887858
-2805210.8884168854 -5568095.83179443 -1310244.892934468
-2807336.8792642257 -5566511.592511586 -1312421.1735403854
-2810013.4038415016 -5564570.18441538 -1314923.6985264514
-2811147.7312626275 -5563920.0757675115 -1315250.099216201
-2812899.3796405317 -5562803.121036928 -1316229.279646874
-2820001.8511257246 -5558767.7553356355 -1318078.7540539117
-2822697.2032666267 -5557347.953891471 -1318296.331652732
-2825418.7519104695 -5555499.801386522 -1320254.457726618
-2827300.5659744353 -5553921.179124327 -1322865.0897634567
-2828534.2177404407 -5552748.397904053 -1325149.2024090867
-2829743.801049103 -5551768.44215677 -1326671.845294216
-2832500.8033159026 -5550232.326516427 -1327215.6271332907
-2834934.787077834 -5548781.329314732 -1328085.657050852
-2838103.4724704484 -5546379.186453054 -1331348.0385051616
-2840280.5881452975 -5544428.076896719 -1334827.5097271393
-2841874.3421929195 -5543008.633930264 -1337328.122548879
-2843681.7959183953 -5541530.198185678 -1339611.1025810956
-2844972.170532677 -5540473.36166741 -1341241.6924433939
-2847078.262660005 -5539101.749704061 -1342437.3999238475
-2848292.2546704295 -5538134.903877302 -1343850.444967889
-2851363.3344144574 -5536264.017684595 -1345046.0444340538
-2853982.089117151 -5534465.161034625 -1346893.6915334016
-2857296.3413308915 -5532119.227902793 -1349501.9325978402
-2858869.8442735705 -5530430.128813086 -1353087.8773456216
-2860150.62147862 -5528649.270524191 -1357651.157693979
-2860948.560142658 -5527354.762371962 -1361236.0805905948
-2860881.112704596 -5526988.153283435 -1362865.441793384
-2862293.0813619187 -5525935.4527742835 -1364168.8635062624
-2866040.515679412 -5523724.426550605 -1365255.0025589648
-2870912.137776025 -5520144.938164289 -1369490.5471851504
-2873585.6237559575 -5517755.124920622 -1373508.2978836657
-2876541.070915291 -5514969.012921218 -1378502.5403880407
-2878111.8010524646 -5512817.017635085 -1383821.516928952
-2880782.0390435695 -5510193.567921008 -1388705.399847611
-2882656.2013996816 -5508391.709702491 -1391960.8460775132
-2886382.709213975 -5505918.389950608 -1394022.4313669796
-2891157.9551631827 -5503109.960817109 -1395215.910693455
-2896962.300504946 -5499229.985235951 -1398470.5928030417
-2901671.4348522937 -5495834.680891741 -1402050.3002638025
-2905953.8375966903 -5492795.561167087 -1405087.2631193455
-2910220.9784142 -5489730.097825929 -1408232.3351713023
-2913691.6961201737 -5487248.180465583 -1410726.4461749827
-2916684.3226213767 -5484792.566585185 -1414087.7142902317
-2920698.0727252224 -5482180.560329335 -1415930.8146679732
-2923778.6041142084 -5479893.466007744 -1418424.2226250994
-2927629.1533763455 -5477668.820620262 -1419074.6393003892
-2931682.77449762 -5475134.9591632495 -1420483.822034724
-2938540.3971264185 -5470950.589618275 -1422434.8773886168
-2943187.49064058 -5467463.903252026 -1426228.1940744703
-2946732.4888936817 -5464676.394046229 -1429587.5444520172
-2949297.0515099415 -5462355.832245374 -1433163.167224764
-2953467.208582449 -5459817.68479605 -1434246.5954697244
-2958527.824304767 -5456649.768912454 -1435871.6559087595
-2962930.5630215006 -5453860.86932164 -1437388.2901969468
-2967722.1273153503 -5450654.6936255 -1439663.0806897676
-2972106.806309091 -5447835.494303386 -1441287.812652059
-2976191.457625289 -5445146.143050998 -1443020.751193515
-2980537.945736737 -5442710.765325198 -1443237.360601722
-2984999.6066049375 -5440035.167100563 -1444103.7806465002
-2988602.383615237 -5437596.298280084 -1445836.5362585254
-2993212.475536696 -5434742.937339267 -1447027.740346549
-2997409.575372375 -5432486.935069331 -1446811.1617509122
-3002482.346386285 -5429800.313350658 -1446377.9992712166
-3007500.5559609146 -5426791.436225259 -1447244.3171790263
-3013364.04700114 -5423075.156705421 -1448976.8683334377
-3018679.8622703925 -5419712.50606347 -1450492.757907611
-3022705.2654195935 -5417149.449567336 -1451683.7532524024
-3027011.9035095484 -5414424.720723212 -1452874.695090007
-3030490.6847942583 -5412216.746737071 -1453849.0622186414
-3040893.357811913 -5406640.704428445 -1452874.695090007
-3047729.5936974976 -5402673.588411066 -1453307.7515743163
-3053449.1523876423 -5399151.595326051 -1454390.3617912724
-3058480.2874077023 -5395952.890705498 -1455689.4355684095
-3063570.751942569 -5392859.798290272 -1456447.1991207418
-3068344.035091024 -5389647.833216925 -1458287.3915046519
-3072580.515429166 -5386588.636623862 -1460668.6263488105
-3075933.634363255 -5384821.36107239 -1460127.4555090577
-3079849.412240452 -5382729.46635693 -1459586.2735497984
-3084763.879874277 -5379767.710514242 -1460127.4555090577
-3088891.520381713 -5376957.725364233 -1461750.934653312
-3092662.0375205283 -5374613.278117227 -1462400.2982649324
-3097133.545295957 -5372185.085237873 -1461859.1630352945
-3101488.2786693205 -5369554.297436761 -1462292.0721098185
-3106010.7003152636 -5366349.37907322 -1464456.5105347254
-3109896.1442150455 -5363773.5045549655 -1465646.8756254134
-3122648.1363168964 -5356211.586787492 -1466187.932810809
-3127243.6598647945 -5353351.918150566 -1466837.1866942511
-3131572.123942002 -5350464.910352658 -1468135.6461970063
-3135267.8089847066 -5348211.033340084 -1468460.251012477
-3139673.998899952 -5345030.654848846 -1470624.1801893855
-3143220.3888087524 -5342737.409824734 -1471381.5130809029
-3147272.105645554 -5340023.622058196 -1472571.5632477307
-3150523.817045213 -5337657.906634263 -1474194.271449865
-3153252.713894887 -5335896.790095205 -1474735.1517361393
-3156630.949718638 -5333958.788073553 -1474518.8009690891
-3162148.1459718645 -5330749.7027672 -1474302.4484053825
-3168939.8247814677 -5326085.845181665 -1476574.0606788113
-3172434.3058551927 -5322652.8859847365 -1481441.1329348967
-3175234.1427780506 -5320169.334216792 -1484360.9378435535
-3177382.39149454 -5318494.109528643 -1485766.6523144073
-3180457.996570924 -5316474.126498577 -1486415.4178153754
-3183838.3241420244 -5314752.773110241 -1485334.1329281812
-3188290.329676542 -5312294.823462135 -1484577.206583896
-3194101.9629375827 -5308530.274817316 -1485550.3935263434
-3198676.1143913087 -5305017.779456014 -1488253.498191115
-3202296.8375856555 -5302438.309467129 -1489659.0006723958
-3206096.643975356 -5299320.38975768 -1492577.876088369
-3208003.3310137587 -5297251.7511274945 -1495820.6822280954
-3209035.4561791555 -5295618.016784182 -1499387.2952962487
-3210074.033017011 -5294621.12599102 -1500684.1222454105
-3211381.241204158 -5293858.991724506 -1500576.0558464355
-3213935.3381662793 -5292859.947111041 -1498630.7825324133
-3217765.5318964506 -5290838.3027321445 -1497550.011212178
-3222870.092636222 -5287791.666019403 -1497333.8514729196
-3227750.462586262 -5284170.462895988 -1499603.4376900403
-3230055.572054969 -5281932.610503858 -1502521.1810595386
-3230754.5421730126 -5280797.460152002 -1505006.4030031925
-3231546.6865959815 -5280435.9162165 -1504574.2079011407
-3232864.267796582 -5279690.929410738 -1504358.1076000656
-3235779.153526023 -5278243.614515246 -1503169.5231860762
-3240589.9158166316 -5275752.997278992 -1501548.6369776009
-3248017.5970253353 -5271121.824789301 -1501764.7610873282
-3254229.841527593 -5266579.621086386 -1504250.0567621314
-3258588.102582603 -5262740.128234464 -1508247.632313016
-3261964.347985159 -5259779.967399289 -1511272.4066226098
-3264336.040622058 -5257251.494869505 -1514944.8615670009
-3267152.087929544 -5255439.635950789 -1515160.8717278403
-3273977.3988333154 -5251688.712894833 -1513432.738770261
-3278910.1917470847 -5248983.899151217 -1512136.5615936867
-3283053.2746952586 -5246237.84895219 -1512676.643481427
-3286216.017648737 -5243758.509123754 -1514404.8280896023
-3287891.693922521 -5242364.677451712 -1515592.8865107237
-3288708.174643583 -5241633.864727938 -1516348.8946049768
-3290685.399975642 -5240517.777153429 -1515916.8927504031
-3292197.9578013867 -5239880.047002553 -1514836.855794347
-3294779.4046332277 -5238507.044650115 -1513972.7930038325
-3298105.506996173 -5236694.56676654 -1513000.6870848828
-3302146.915598563 -5233990.938496198 -1513540.7505391429
-3310665.141297194 -5228262.984444214 -1514728.8495602468
-3313846.5525690056 -5225212.815253285 -1518292.811462715
-3314841.441919473 -5224361.984441123 -1519048.7386715543
-3317738.6768760164 -5222679.591704702 -1518508.7929782262
-3320501.2543196087 -5220986.435408787 -1518292.811462715
-3324190.693578122 -5218135.16234857 -1520020.6117648731
-3328250.5220699143 -5215263.314295445 -1520992.4473531868
-3333418.7892204495 -5211520.065143719 -1522504.116998201
-3339008.411494974 -5207435.239323963 -1524231.6281368777
-3343105.246600659 -5203824.8161683725 -1527578.3426002564
-3345875.0982458363 -5201346.379355395 -1529953.1590558386
-3348980.4612221825 -5198393.566399907 -1533191.1815439477
-3351937.003550849 -5195212.104407315 -1537507.8908565862
-3355760.0681360536 -5191783.934460824 -1540744.9311868579
-3359003.508856009 -5188852.450145238 -1543550.024493791
-3362666.9731399515 -5185579.176571819 -1546570.5387270702
-3367468.7526179785 -5181882.425081627 -1548512.1028818802
-3371742.1846797955 -5178166.605515809 -1551639.8569164195
-3376130.7457321095 -5174432.498072375 -1554551.5464643913
-3379745.8211948485 -5171488.21331378 -1556492.4810845093
-3384636.5214066366 -5167541.181172276 -1558972.3406298845
-3387841.077269737 -5163974.230765376 -1563823.5127900385
-3390529.887935407 -5161392.141056822 -1566518.1918042281
-3394221.867914715 -5158375.506043061 -1568458.1760520558
-3398435.0695516285 -5154780.344203811 -1571152.3417707335
-3403378.2625232055 -5150728.556566752 -1573738.459450083
-3409107.9413244557 -5145915.622938238 -1577078.4527088988
-3412265.90021148 -5142101.369270689 -1582679.9848353586
-3415408.851766953 -5138852.140081563 -1586449.513111303
-3418747.467740517 -5135899.348627662 -1588818.6279697742
-3422487.656766795 -5132774.045631949 -1590864.4932130356
-3425347.819471122 -5130464.97935375 -1592156.528507531
-3430178.401957121 -5127035.913969125 -1592802.5199683956
-3435679.0831304104 -5122480.42709496 -1595601.614366573
-3439479.741693405 -5119257.810978676 -1597754.5403517038
-3443101.1019821274 -5115577.638602696 -1601736.9399990488
-3445843.70613143 -5113292.198649591 -1603136.0030089905
-3449061.977525433 -5110750.4908125345 -1604319.7610974535
-3452298.914666758 -5108429.307212959 -1604750.2039253495
-3456457.000340638 -5104973.731098324 -1606794.7005116262
-3458437.684649938 -5103293.21679024 -1607870.6803894069
-3462202.525792947 -5100027.039159693 -1610130.0786684768
-3463510.211798384 -5098697.229466047 -1611528.645418249
-3466669.4506253954 -5096073.289508248 -1613034.7014435893
-3468870.6751336204 -5094336.710505078 -1613787.6933470317
-3470870.984609367 -5092496.65471004 -1615293.6048792647
-3472603.5905787256 -5090837.35138761 -1616799.4199703706
-3473954.7830998898 -5089573.639659992 -1617874.9430829133
-3474947.7699483684 -5088929.912890613 -1617767.3929888664
-3477659.6498787627 -5087179.658067916 -1617444.7397500565
-3481139.5350151053 -5084456.784373772 -1618520.2332965573
-3483829.149191641 -5081723.030722296 -1621316.285697906
-3485539.8726819856 -5080034.790686284 -1622929.2410210015
-3488054.9132919493 -5077998.875784432 -1623896.9608297022
-3489465.562534525 -5076444.62895821 -1625724.7666831391
-3491181.165190637 -5074954.876942984 -1626692.370674547
-3494047.2162926816 -5073051.002788519 -1626477.3510331362
-3498279.4112796993 -5069719.452265099 -1627767.43914523
-3502666.617497044 -5065479.060979157 -1631529.7880987488
-3504546.263408719 -5062340.154536889 -1637225.8999268895
-3505821.684178723 -5060029.820003888 -1641631.3652625168
-3506656.0859935354 -5058404.717049188 -1644854.3440374997
-3509183.18796339 -5056582.0177946845 -1645069.193265298
-3517806.230808673 -5050166.813736874 -1646358.246529119
-3521542.024651057 -5046510.351992079 -1649580.5636140676
-3524200.5610814975 -5044127.066383811 -1651191.5526210503
-3526235.930128836 -5042352.619626124 -1652265.4824264743
-3528853.7874751156 -5040661.668019764 -1651835.916542179
-3530953.5690640933 -5038979.745510084 -1652480.2623488996
-3534790.326529791 -5036782.115930145 -1650976.7606231382
-3538663.735406704 -5034448.848601919 -1649795.368683125
-3543691.911974213 -5030769.93830843 -1650224.9727903004
-3547426.0225294884 -5027679.112244487 -1651621.1305808325
-3550237.9937584368 -5025517.369154177 -1652158.0917102818
-3552297.232077915 -5023779.404035962 -1653017.203345341
-3555720.2463461584 -5021180.46509837 -1653554.1317533362
-3557747.9584492734 -5019213.06699808 -1655164.8414057584
-3560822.071960249 -5017422.167446815 -1653983.665413304
-3563411.313694991 -5015689.822963797 -1653661.5159239625
-3568715.7676347764 -5011846.1679483745 -1653876.2827539784
-3572782.636761545 -5008486.709048603 -1655272.2180169383
-3576318.6978827002 -5005678.273453531 -1656131.2127515362
-3579311.7457636087 -5003218.579958985 -1657097.5432339145
-3582930.8119916045 -5000342.802474678 -1657956.4693383437
-3589408.3509585294 -4995374.269322831 -1658922.7225692472
-3593693.475761194 -4992506.427173611 -1658278.5582952043
-3598314.917505887 -4988819.617816923 -1659352.1553123104
-3602501.660863192 -4985082.065483787 -1661499.1976735496
-3605712.51612304 -4981828.668310503 -1664290.0500433403
-3608572.2157298336 -4978824.155494168 -1667080.5597002394
-3611289.3162923665 -4975990.247988623 -1669656.1100881607
-3614052.992499188 -4973586.980093774 -1670836.4728031738
-3616502.223623024 -4971481.684882892 -1671802.1783104877
-3620407.9622602947 -4968096.297155312 -1673411.595810766
-3623652.029867543 -4965079.420498109 -1675342.7454055485
-3626841.447338864 -4961989.047318968 -1677595.5442690975
-3630166.318295597 -4959085.19895317 -1678990.0211245425
-3633315.2440247615 -4955942.274366636 -1681456.9606989496
-3635751.9772645393 -4953280.588656004 -1684030.8696281742
-3637650.334099749 -4950974.111456078 -1686711.7105527215
-3639307.718266786 -4949426.9941998655 -1687676.7347005422
-3641637.7141715675 -4947347.045998657 -1688748.9349135472
-3644276.665295289 -4944963.960533598 -1690035.50726253
-3645859.7944814796 -4943136.760235307 -1691965.226768521
-3647479.8121648156 -4941721.230929675 -1692608.4295043063
-3650207.202404439 -4940000.762821843 -1691750.8217330275
-3652095.4164565844 -4937686.153303827 -1694430.7364328795
-3652622.736897846 -4936596.701334195 -1696467.255880063
-3652705.030982198 -4936167.358087746 -1697539.0333027346
-3655081.5884272526 -4934334.10237569 -1697753.3825831139
-3656770.3577096425 -4931753.286760821 -1701611.3156358418
-3657912.223704069 -4930055.27213065 -1704075.754599292
-3659414.6054894105 -4928124.682701141 -1706432.7870978578
-3661395.7679773318 -4925761.668345951 -1709003.808331453
-3660715.544064849 -4924667.022833 -1713609.4711640582
-3659753.4673882048 -4924449.75493729 -1716286.7385836425
-3659538.973485118 -4924161.13865264 -1717571.7109124188
-3660516.543436097 -4923322.402025384 -1717892.9422247636
-3661536.7773355967 -4922002.897246371 -1719499.0281233592
-3662767.726805856 -4920787.572105267 -1720355.5590876574
-3662988.1637097592 -4919649.430247192 -1723139.0530049189
-3663884.559468474 -4918344.024380029 -1724958.8379824508
-3663831.9278148552 -4917556.734181243 -1727313.6283932894
-3664207.005109346 -4917164.458324949 -1727634.7164529609
-3664672.828249018 -4916177.629833073 -1729454.125966404
-3667462.720646541 -4913116.63276667 -1732236.4577329992
-3668522.010411846 -4911495.006171192 -1734590.4598720884
-3668307.7223183555 -4910671.799971622 -1737372.132659833
-3667936.628315365 -4910532.523027477 -1738548.8865579576
-3668526.247659207 -4909713.155739265 -1739618.6072229312
-3669600.783911956 -4908113.480523216 -1741864.8480921357
-3669562.4569317363 -4906812.087903133 -1745608.0627348213
-3668297.465140038 -4907263.175991418 -1746998.2337729433
-3667723.146558604 -4907387.842548835 -1747853.6789451654
-3667332.6226694095 -4907222.5290622385 -1749136.7828070854
-3667572.194175577 -4906471.513269556 -1750740.5547323404
-3666985.1929632975 -4906757.6367122615 -1751168.2069846485
-3666704.671809929 -4906203.698096178 -1753306.3401797845
-3665298.2347471993 -4906643.074230288 -1755016.6929311545
-3664998.3132581157 -4907134.666767891 -1754268.430434739
-3664594.3127151616 -4907665.608178293 -1753627.041739397
-3666753.6592635047 -4906090.67534854 -1753520.1417536684
-3666949.607789441 -4905103.029775391 -1755871.8179927445
-3666460.3409442957 -4905162.600373289 -1756726.9088227095
-3665182.1529861665 -4906309.076574522 -1756192.4810663955
-3665885.514272995 -4905821.825454408 -1756085.5939101016
-3665916.0907134013 -4905684.181391213 -1756406.2537740492
-3666747.8114440977 -4905368.655527735 -1755551.1501052715
-3667120.8259514105 -4904975.026098737 -1755871.8179927445
-3667505.956566651 -4904419.14487642 -1756620.0243415756
-3665867.0353922616 -4905261.440815083 -1757688.845068174
-3664711.1945512253 -4906393.005143052 -1756940.6761795555
-3663983.2061181273 -4907204.503047553 -1756192.4810663955
-3663854.1061593536 -4908103.647990774 -1753947.7384913417
-3664587.7578212414 -4908014.184389676 -1752664.9226410717
-3665541.6576523716 -4907683.499556459 -1751595.8507019759
-3666122.9193787384 -4907211.1407165 -1751702.7602974721
-3666257.6109364303 -4907034.179050842 -1751916.5778876357
-3665712.965890586 -4907555.545024962 -1751595.8507019759
-3665015.198806175 -4908229.263529354 -1751168.2069846485
-3665118.0269855023 -4908724.378482908 -1749564.4670470105
-3666064.678840854 -4908741.138564558 -1747532.8909978864
-3668051.692511929 -4907827.434729771 -1745928.8794146718
-3670486.1779642524 -4906083.096382212 -1745715.0021598914
-3672199.5328215216 -4904267.679770398 -1747212.098259647
-3672536.084095854 -4903825.140470733 -1747746.750161789
-3673606.138253626 -4902756.707716832 -1748495.2404633237
-3674388.552113676 -4902017.781160836 -1748922.9374900875
-3675934.410053902 -4901049.42980483 -1748388.3148749957
-3677773.2582817255 -4899402.552934296 -1749136.7828070854
-3679934.324549958 -4896938.927335097 -1751488.9405729123
-3679322.333350978 -4896480.419652303 -1754054.6363401338
-3680121.684456874 -4895764.7615796495 -1754375.3266804866
-3679602.439464281 -4895963.4886026485 -1754909.799892375
-3680970.7964803055 -4895471.070379763 -1753413.241233786
-3682546.5267780377 -4894898.3153566355 -1751702.7602974721
-3686220.362810086 -4892667.930016837 -1750205.9774178124
-3692322.155163836 -4887796.728067064 -1750954.3819252371
-3693726.1146108657 -4885930.834422801 -1753199.438591695
-3695256.4720407827 -4885118.734420086 -1752237.3002703171
-3697065.1713262894 -4883788.406932606 -1752130.3933431415
-3700172.817478203 -4882047.993388998 -1750419.809943281
-3704912.966943648 -4878566.816834237 -1750099.0603553469
-3708643.551042051 -4875347.569369837 -1751168.2069846485
-3712015.770798305 -4872011.575810348 -1753306.3401797845
-3714242.674099142 -4869466.829613818 -1755658.0399359106
-3716727.9550283495 -4867261.642822194 -1756513.139325345
-3718787.2942362567 -4865379.641317066 -1757368.2044706508
-3721882.7955895048 -4862741.647088695 -1758116.3583688024
-3723970.0991656133 -4860369.767120644 -1760253.7962975858
-3725883.48457578 -4858825.716278862 -1760467.5282982744
-3727824.8669635607 -4857142.704241565 -1761001.8489147162
-3730274.7415941097 -4854718.590387116 -1762497.8752823304
-3731819.5982015436 -4852871.15075725 -1764314.3372502734
-3733814.47150191 -4851258.736577274 -1764528.0284499815
-3735319.5631474676 -4850061.084697839 -1764634.873243593
-3737538.8320012717 -4848039.9037508955 -1765489.612238365
-3739249.077500496 -4846058.963840342 -1767305.818299244
-3740478.633276634 -4844330.131952105 -1769442.3321097125
-3740449.018921572 -4843767.464143232 -1771044.5759935249
-3741951.648089518 -4842567.668537673 -1771151.387937732
-3742795.5877412707 -4841563.680168112 -1772112.6711531328
-3744900.2803887622 -4840444.08302158 -1770724.1369240868
-3747386.165690369 -4838246.11964394 -1771471.8205330824
-3749531.279742763 -4835957.644939373 -1773180.7123311025
-3749630.7095576855 -4835214.454889492 -1774996.258353702
-3750729.792238497 -4834714.7244619 -1774035.106384835
-3753385.2167049204 -4833084.600095433 -1772860.3056477201
-3756410.516522201 -4830537.613778483 -1773394.3140860365
-3758599.557364107 -4828481.4324895805 -1774355.4952392466
-3760744.0860941866 -4826889.829505299 -1774141.9032100847
-3763034.329882063 -4824790.349327047 -1774996.258353702
-3765407.509694437 -4822623.975325326 -1775850.5788928536
-3767396.886806444 -4820833.991174522 -1776491.2965780175
-3769098.545670716 -4819543.050932676 -1776384.5116498428
-3771327.1546337893 -4817366.093782276 -1777559.1160911387
-3773546.9313942846 -4815351.528600449 -1778306.5575344684
-3775750.834819351 -4813663.071853999 -1778199.7818102706
-3778385.726663196 -4811831.8642019415 -1777559.1160911387
-3781326.8339504884 -4809007.718092103 -1778947.2005027507
-3783400.5201504366 -4806981.222782158 -1780014.8954278878
-3788386.951229789 -4803131.522654666 -1779801.360779608
-3791952.0806211624 -4800238.263912291 -1780014.8954278878
-3795399.6582632903 -4796680.399404144 -1782256.8782380966
-3796751.284557113 -4794260.213473135 -1785886.247419594
-3796944.243834904 -4793988.100403959 -1786206.4557027633
-3799023.2563938894 -4792658.922552324 -1785352.5560678379
-3801241.497576333 -4790302.803239755 -1786953.5893181378
-3803523.8264118703 -4788371.323601124 -1787273.7812746053
-3805599.2488880637 -4786522.743372055 -1787807.423646256
-3806927.9057636457 -4785107.120755159 -1788767.9456028675
-3809291.025156182 -4783106.377774053 -1789088.1097815575
-3811525.122990349 -4781286.34331936 -1789194.830084522
-3814303.279023284 -4778950.471007873 -1789514.987723168
-3816620.617521545 -4776379.981442068 -1791435.8304971277
-3818617.0276035257 -4774263.367465157 -1792822.9958857275
-3820509.23204195 -4772187.921865202 -1794316.763084526
-3822390.3516640533 -4770440.510933721 -1794956.9162372597
-3824402.651177463 -4768345.353913218 -1796237.1634839918
-3827250.05154187 -4765416.590596471 -1797944.0372382728
-3828749.598522848 -4763365.903585512 -1800184.0962440781
-3829574.2114611086 -4762178.6453383565 -1801570.6782680938
-3831251.74842062 -4761030.914160045 -1801037.388461524
-3833009.017733254 -4759131.7864572 -1802317.2609472107
-3836994.6018037526 -4755069.716604096 -1804556.8475289217
-3838369.5239240425 -4753717.0011106385 -1805196.6848969117
-3839150.8973894743 -4752478.186036904 -1806796.1916931774
-3840303.0125765232 -4751019.935798544 -1808182.330751099
-3840598.536446171 -4750537.5119165 -1808822.0558478718
-3841993.805722822 -4750058.534030321 -1807116.0781956352
-3844808.391645184 -4747942.9502647435 -1806689.5617582183
-3847158.210641928 -4745592.484110069 -1807862.4607664223
-3848025.7955137887 -4743953.970108995 -1810314.6705883972
-3848134.8165893266 -4743580.684910871 -1811060.9374324062
-3847999.4920086265 -4744260.026544162 -1809568.3767231728
-3849887.575916949 -4743541.072260826 -1807435.9597437826
-3852533.0758136837 -4741555.308935096 -1807009.4499119185
-3854998.419936154 -4739347.843608593 -1807542.585825388
-3855840.543731134 -4737848.786677556 -1809674.9917864283
-3856299.6920673777 -4737230.676082121 -1810314.6705883972
-3855795.076523603 -4736948.502397361 -1812126.9860282273
-3856624.5947882035 -4737292.039758597 -1809461.761108691
-3858446.152721219 -4735645.564938117 -1809888.2202591319
-3859560.4518459984 -4734818.955635908 -1809674.9917864283
-3860802.651063721 -4733643.062464877 -1810101.4465265416
-3861460.8189711426 -4733269.247322986 -1809674.9917864283
-3864047.5206483905 -4732054.357236971 -1807329.3331116
-3866131.8621841096 -4730392.3215078 -1807222.705928873
-3867236.8054084303 -4730059.210646047 -1805729.8675817726
-3869647.673348708 -4728290.686176574 -1805196.6848969117
-3871921.776289526 -4727364.731679786 -1802743.8675433276
-3875707.9069448127 -4724749.368975201 -1801464.02140423
-3876825.0066798534 -4723588.699842538 -1802103.9543549193
-3879502.4846890527 -4721471.335580707 -1801890.6455668183
-3880980.5566513664 -4720582.087439825 -1801037.388461524
-3883771.1712737577 -4718937.515284624 -1799330.7689311164
-3885288.369493921 -4718095.129893558 -1798264.0604621898
-3888815.7874176092 -4716001.280019025 -1796130.479222064
-3892226.9723715503 -4713430.232317786 -1795490.362161852
-3896007.571748756 -4710468.410831204 -1795063.606515858
-3898786.5821464243 -4707802.323460205 -1796023.7944130038
-3902600.8274389957 -4705048.081637901 -1794956.9162372597
-3906771.1901723533 -4701219.161561839 -1795917.1090568444
-3908581.5001898464 -4699224.779818131 -1797197.297215007
-3910487.6421626066 -4697679.502863702 -1797090.617878736
-3914539.0069697355 -4694875.567893061 -1795597.0497060884
-3918762.5495736776 -4690778.868289469 -1797090.617878736
-3922088.72794181 -4686442.267886617 -1801144.0475202226
-3924917.485984204 -4682677.493723389 -1804770.1288507294
-3927741.419270739 -4678909.465774949 -1808395.5746535847
-3930846.1906452067 -4674815.359835081 -1812233.587852315
-3934821.34668519 -4669772.226871888 -1816603.7869625045
-3939215.2097219788 -4664238.132077751 -1821292.7218783037
-3944508.485743324 -4657133.57745498 -1828004.5535064444
-3948261.557522909 -4651185.146442491 -1835033.6255500943
-3951616.515300251 -4645597.276264232 -1841953.8166774567
-3954901.7898616 -4640262.236547793 -1848339.581521203
-3958859.9716114653 -4635229.480061585 -1852489.242165921
-3963456.6045977785 -4629637.989643438 -1856638.044509622
-3966782.97103426 -4624693.566904492 -1861849.4227366576
-3970088.0079811257 -4620055.156997139 -1866315.2346773033
-3972791.2189487345 -4615536.0267532235 -1871736.657862663
-3975330.658740906 -4611319.31353525 -1876731.558399175
-3977161.01666074 -4607747.9673624365 -1881618.961644851
-3978472.159266056 -4604878.127894665 -1885867.8917628936
-3979371.932867291 -4602183.835802519 -1890540.6531958142
-3980885.614671646 -4599389.524761188 -1894150.6599046988
-3981487.379603854 -4596678.962449111 -1899458.2812562648
-3981857.8869945626 -4594513.498432013 -1903915.5654874016
-3983915.4525363995 -4591055.993770254 -1907947.4649758881
-3985670.0919556636 -4587899.152353337 -1911872.4554545106
-3987283.8752527433 -4585390.502086706 -1914524.0247963679
-3989355.008593007 -4582923.92706951 -1916114.7914745805
-3991342.303299896 -4580039.148050766 -1918871.8092178775
-3992668.010397126 -4576881.270627416 -1923642.6365963693
-3992289.1578293247 -4575963.292945775 -1926610.5527301768
-3993301.407344214 -4574544.1755979005 -1927882.3759778584
-3995270.7057749634 -4572287.98190469 -1929154.114659157
-3997650.569497616 -4569536.060564042 -1930743.669004318
-3999616.696224537 -4567277.579013713 -1932015.217207296
-4000814.1103950134 -4565107.079448334 -1934664.0037057758
-4001974.6341886595 -4563056.151316651 -1937100.5619847972
-4000668.2533625453 -4562851.6286826655 -1940278.2123100369
-4001514.979511975 -4561568.3563439315 -1941549.1235461957
-4003039.9608895346 -4558650.377215251 -1945255.4613306583
-4003319.863446268 -4557364.607480552 -1947690.659581289
-4004972.907246746 -4554915.612451469 -1950019.685968685
-4008039.390634987 -4551990.768718608 -1950548.9700643006
-4011536.0687261624 -4548273.825033071 -1952030.8864943895
-4013001.3418562454 -4545935.214173724 -1954465.2104336026
-4014442.0760290762 -4543569.862619492 -1957005.038752649
-4015642.984911195 -4542052.501406988 -1958063.1992343955
-4017669.5357392346 -4539712.21965957 -1959332.9130769134
-4019841.360836117 -4537057.914047992 -1961025.7311635977
-4022044.8343716804 -4534280.790625786 -1962929.9687115902
-4024762.059597925 -4530171.907756123 -1966843.6261681623
-4026404.749210274 -4527562.775276777 -1969487.5250848879
-4028725.6347192265 -4523331.754263468 -1974457.0395498453
-4029294.272403813 -4520791.922791711 -1979108.1469174589
-4029057.299013617 -4518779.152453632 -1984180.7509941047
-4029792.3189640846 -4517380.879136899 -1985871.3097344504
-4032738.185360393 -4513542.027298738 -1988618.1373366183
-4035373.284175641 -4509041.2820949545 -1993476.9057415698
-4037543.846536022 -4505133.530322904 -1997912.050431497
-4039377.374775896 -4501801.583375123 -2001712.7486404767
-4043254.5234820875 -4496956.268236272 -2004773.8475728747
-4046748.335332891 -4492634.495814018 -2007412.3137767166
-4051286.420723318 -4487267.356463478 -2010261.427993912
-4054033.1309290775 -4483697.468489238 -2012688.0991332412
-4057768.921109298 -4479178.608726788 -2015219.9319190555
-4060476.5548942816 -4475726.442245156 -2017434.9955677364
-4063703.4338541613 -4471749.561509229 -2019755.2477525377
-4066285.132478381 -4469259.09525207 -2020071.6227133942
-4071344.808931129 -4463695.5401859665 -2022180.6475469645
-4074668.164657577 -4458891.489848272 -2026081.693734165
-4077960.2258644807 -4453432.6223656265 -2031457.4261640182
-4080166.31274731 -4448665.593287563 -2037463.692786067
-4084810.284176026 -4441886.608572079 -2042941.3351532652
-4088573.7209228007 -4435557.746687803 -2049154.314437374
-4093391.3203474744 -4429601.4831942115 -2052417.890827208
-4098662.2639384754 -4424138.649863206 -2053681.0494702677
-4104031.987477272 -4419402.453009454 -2053154.744313586
-4107014.825375902 -4416581.661133001 -2053260.006595904
-4111795.3239421397 -4411984.43900324 -2053575.7896899774
-4114451.493321354 -4408968.098011883 -2054733.6128605965
-4119007.0873021083 -4405056.033401704 -2053996.8250574889
-4122291.9337450424 -4403944.536453028 -2049786.0212290662
-4124303.9813953685 -4402550.407593002 -2048733.164091656
-4124160.581596814 -4403321.438285323 -2047364.3565178865
-4124125.383239325 -4403745.983415926 -2046521.9610033974
-4123936.3342693155 -4404314.40629203 -2045679.5255909087
-4124376.7562832036 -4403706.291307931 -2046100.7482833767
-4123123.2715865965 -4403754.160410443 -2048522.58517419
-4120048.5985592483 -4404474.55906066 -2053154.744313586
-4118363.394004131 -4404675.825801891 -2056101.8516900374
-4119558.135189126 -4401639.840472833 -2060205.9328036562
-4122119.2161829504 -4397910.031305574 -2063046.6606737373
-4123062.5744026545 -4395840.185130476 -2065571.367528179
-4126825.615489764 -4392010.771781869 -2066202.487630281
-4131573.393858705 -4387693.412479438 -2065886.9304111032
-4136134.3050507493 -4383790.761100488 -2065045.4168062187
-4141343.626886824 -4379960.569728924 -2062731.0468560292
-4145961.0300029316 -4375044.382312183 -2063888.2698672514
-4150334.350818267 -4371094.574066729 -2063467.4702990395
-4154952.011156834 -4367401.182050081 -2061994.5926241728
-4159185.3471086193 -4364065.652343788 -2060521.5918378897
-4162376.639876575 -4361618.323596588 -2059258.9218153884
-4166269.2464737124 -4359142.410017472 -2056628.0692129151
-4168336.1341043785 -4358258.211153673 -2054312.5950135614
-4170625.114675355 -4357605.264987778 -2051049.3673702667
-4171144.6218098486 -4358148.063000599 -2048838.4526142855
-4171389.870137813 -4358556.592581672 -2047469.6531510518
-4171482.7316145306 -4359110.522539659 -2046100.7482833767
-4171840.411734735 -4358570.458550344 -2046521.9610033974
-4170649.8125951253 -4359610.871821597 -2046732.563623099
-4170157.597171552 -4358944.0476306975 -2049154.314437374
-4171438.6389791644 -4356628.240010138 -2051470.4627602713
-4173839.6380653833 -4354873.434432565 -2050312.426384756
-4174765.9358909777 -4354926.9013123885 -2048312.0037606615
-4175287.055577909 -4355318.342243145 -2046416.6587584217
-4175453.45546199 -4353970.485600921 -2048943.7405128032
-4178269.100350107 -4350822.21756499 -2049891.3035091334
-4179215.071209535 -4351351.186365008 -2046837.8639977595
-4179361.7831820254 -4351655.9638556875 -2045890.1381835705
-4179632.6256330293 -4349810.019374717 -2049259.6004633636
-4180584.4363211095 -4347306.214857937 -2052628.423521237
-4182512.1425339584 -4344755.207477405 -2054102.082335239
-4185144.992091307 -4341571.599461287 -2055470.3699942294
-4188722.797879213 -4339216.279287028 -2053154.744313586
-4192446.885676288 -4337162.177574274 -2049891.3035091334
-4194757.095859495 -4336370.448340583 -2046837.8639977595
-4196342.762474516 -4335283.377394256 -2045890.1381835705
-4197952.886929845 -4334221.267638591 -2044837.050296845
-4199291.657081056 -4332576.219289278 -2045574.218359838
-4202286.4905246 -4330218.620078178 -2044415.7976993544
-4206390.631674972 -4326281.717928457 -2044310.4829929904
-4210964.691162008 -4322676.169370833 -2042520.0377328885
-4213117.185085881 -4322319.229190544 -2038833.2608881216
-4213615.678370447 -4322528.764675957 -2037358.3370481739
-4213211.623337744 -4323170.833747584 -2036831.5490501293
-4216682.896246687 -4319487.0127226 -2037463.692786067
-4218681.464016524 -4319422.322041365 -2033459.7387246606
-4220131.3865191275 -4319096.815134436 -2031141.2511225583
-4221435.417552084 -4318169.252420586 -2030403.4877054146
-4222392.281733412 -4316886.567556112 -2031141.2511225583
-4222943.474619867 -4316545.726473117 -2030719.6757386671
-4222867.144567933 -4316769.13402169 -2030403.4877054146
-4222740.221150331 -4317091.559214629 -2029981.8950022797
-4222396.07590503 -4316287.590417686 -2032405.917868796
-4222905.994982793 -4314397.992498174 -2035356.4601479778
-4224462.850632616 -4312674.675593176 -2035777.9265239735
-4226194.341323514 -4310828.636343766 -2036094.0197946818
-4227699.920712585 -4309053.354165967 -2036726.1895890285
-4230131.652243764 -4306417.013870872 -2037252.9806896662
-4232961.596479841 -4303735.113689558 -2037042.2661109345
-4238491.679244298 -4298089.224941174 -2037463.692786067
-4242215.79898702 -4295113.072725753 -2035988.6559912988
-4246860.845052019 -4292916.888369465 -2030930.4646679258
-4249306.264400415 -4292091.293642669 -2027557.5450191768
-4251051.037629875 -4292055.319424668 -2023973.1249362912
-4252048.985316279 -4291414.71868904 -2023235.0675810922
-4250724.198603259 -4293223.755652064 -2022180.6475469645
-4251520.327339893 -4293428.297447596 -2020071.6227133942
-4251921.229534043 -4292634.19835106 -2020915.2621979658
-4251646.818566581 -4292806.698610094 -2021126.1659136906
-4254491.433294587 -4290583.4532846855 -2019860.7066881186
-4256588.358587968 -4288205.076093014 -2020493.4473794994
-4258310.1027837 -4286047.85548667 -2021442.516869672
-4258534.084219524 -4286123.676202766 -2020809.8094166778
-4260651.52682949 -4285112.47553841 -2018489.6925450494
-4262146.584844984 -4283923.563058623 -2017856.881735011
-4263841.246276902 -4282038.028939184 -2018278.7580674961
-4265933.424967277 -4279804.504690338 -2018595.1588615417
-4269093.88317725 -4278193.763620084 -2015325.4172814884
-4271281.961720495 -4277697.900315068 -2011738.5707693717
-4272273.277268051 -4278690.704928375 -2007517.8444788079
-4271321.885582033 -4281173.657567865 -2004246.108514353
-4270446.4689416215 -4282836.963101683 -2002557.2409781408
-4266158.974418423 -4287058.468855306 -2002662.7997756249
-4267584.230848803 -4284899.458460571 -2004246.108514353
-4269654.29648318 -4282490.932065115 -2004984.9389216846
-4270828.000171049 -4280529.211358494 -2006673.5817420818
-4274014.542064107 -4277298.010532491 -2006779.1167239468
-4277720.254237072 -4273839.679168198 -2006251.4357022638
-4282838.729260216 -4269255.856868353 -2005090.483679976
-4286513.083848767 -4265616.2481745295 -2004984.9389216846
-4290085.388448779 -4262916.6924719615 -2003085.0288647767
-4294795.70040918 -4259560.305207541 -2000129.2203372912
-4299353.812242585 -4256050.64921636 -1997806.4642152274
-4303412.328768589 -4251748.4603111185 -1998228.8054285827
-4305366.363759609 -4249968.329922849 -1997806.4642152274
-4307889.444131214 -4248304.313674159 -1995905.8082886552
-4309967.608190712 -4247683.725401297 -1992737.6107525537
-4312834.8935596645 -4245912.045074508 -1990308.289282194
-4314539.368101728 -4244477.167240282 -1989674.5004840016
-4316663.844796735 -4243306.81021377 -1987561.7136124626
-4317404.850091386 -4242998.1817000015 -1986610.8804941797
-4318096.768062729 -4243826.332313686 -1983335.4135917546
-4320268.454557729 -4243589.5682026455 -1979108.1469174589
-4325349.826968495 -4240726.54432007 -1974139.876159428
-4330724.749216145 -4235188.126368757 -1974245.5978909675
-4333162.908900228 -4232101.582440787 -1975514.2117518415
-4333777.716893909 -4230928.930274217 -1976677.031667664
-4336807.206360344 -4231669.593515181 -1968430.010485526
-4343324.518216297 -4228716.174305077 -1960390.9422948787
-4347280.679725467 -4226512.4712145645 -1956370.1138469228
-4350302.10122752 -4224431.247430067 -1954147.707772334
-4351971.55991362 -4223396.760748793 -1952665.9578636587
-4353588.8259753315 -4223343.54842478 -1949172.8005288588
-4356184.98506426 -4222911.46864835 -1944302.4723172414
-4359272.90994413 -4221332.242361117 -1940807.76900488
-4362754.283180063 -4218805.592086275 -1938477.6090467463
-4366527.290001738 -4216117.306399211 -1935829.3531071215
-4370519.784522067 -4212903.015751875 -1933816.4320767224
-4373678.099756957 -4210207.9149866905 -1932545.003949405
-4377226.556918473 -4207005.20063201 -1931485.415752051
-4381210.919088141 -4203926.293877724 -1929154.114659157
-4385926.494374341 -4199784.96252903 -1927458.4442888077
-4390419.369685463 -4195282.681982944 -1927034.503205559
-4394737.32080672 -4190466.7599776075 -1927670.4113077372
-4399975.672182016 -4185795.6418121206 -1925868.616804655
-4405377.490064617 -4179670.454859299 -1926822.529141755
-4408971.402879127 -4174753.606782119 -1929260.089063617
-4411514.229452369 -4170594.985126373 -1932439.0477782276
-4415197.589955453 -4166203.84417362 -1933498.5829952157
-4419163.591991409 -4161061.0708047645 -1935511.537617559
-4422178.727603268 -4156770.91583638 -1937842.0612603917
-4423785.593312334 -4153775.3177824663 -1940595.9481003284
-4426345.199649186 -4150948.611740803 -1940807.76900488
-4428152.455859267 -4148723.3049192014 -1941443.2175286105
-4431538.729204493 -4145800.1473467946 -1939960.4712003623
-4433973.376164883 -4143146.572272697 -1940066.3854945754
-4437484.066338427 -4138889.702571502 -1941125.4959275979
-4439030.472160245 -4135987.9037795896 -1943773.0132455553
-4439832.775438152 -4134130.509993761 -1945890.7606759132
-4440608.791062098 -4133695.6356489323 -1945043.6901414266
-4442451.341228506 -4132661.9406994954 -1943031.745677598
-4444214.056690727 -4131264.2482416043 -1941972.7417019184
-4445491.688538369 -4130138.360908559 -1941443.2175286105
-4446793.827578712 -4129035.1002114485 -1940807.76900488
-4449337.6219818555 -4126194.2133623543 -1941019.587544616
-4450595.865358861 -4124039.2287744395 -1942714.0506981805
-4451257.747713573 -4122775.7956598364 -1943878.906244236
-4451999.38843689 -4121875.038450863 -1944090.6904651462
-4453570.377882585 -4119577.7845058353 -1945361.3460364526
-4454268.621963286 -4117771.914185645 -1947584.787919946
-4453747.258001987 -4117434.103024042 -1949490.3870228203
-4453822.204296209 -4117503.3899435396 -1949172.8005288588
-4454172.168270055 -4116673.6156927613 -1950125.543975957
-4454356.383005301 -4116123.1738216383 -1950866.5333918736
-4454027.929887767 -4115675.546069977 -1952560.1141223
-4454181.300670259 -4115961.3860357893 -1951607.493688662
-4455661.275597908 -4114158.360504509 -1952030.8864943895
-4456689.468821233 -4111938.643119398 -1954359.376808501
-4456327.7765895575 -4111172.9882435347 -1956793.3995016145
-4455900.846592944 -4110779.125144153 -1958592.2571100264
-4456445.98560192 -4109986.432688727 -1959015.4926715419
-4457146.815477776 -4107610.674093584 -1962401.0332622551
-4456791.413487675 -4106276.309382522 -1965997.499404915
-4456269.407909159 -4106082.968191525 -1967583.955631989
-4456910.204512003 -4105235.337362946 -1967901.2306981543
-4458705.107289575 -4102575.4332263283 -1969381.776324151
-4459158.067591087 -4100406.0385284713 -1972871.16848429
-4459294.835882129 -4099239.236180659 -1974985.6331710315
-4460017.0447009485 -4097892.8879982443 -1976148.4861898501
-4460034.8101018155 -4096904.4234767784 -1978156.878909373
-4459581.764588491 -4096631.777037213 -1979742.2984617783
-4459454.516542986 -4096514.8852715055 -1980270.74149808
-4459123.512691069 -4096210.82068212 -1981644.6228050992
-4457173.925003577 -4097002.523537783 -1984392.0793011757
-4454721.342998747 -4099771.396506873 -1984180.7509941047
-4452838.226077506 -4102634.029925647 -1982490.0375232585
-4451918.528672216 -4103223.4951630193 -1983335.4135917546
-4450231.441065027 -4104542.5075838887 -1984392.0793011757
-4449602.646291324 -4104968.737701247 -1984920.3894898836
-4449121.827167823 -4105387.687371204 -1985131.7093331034
-4449021.481370795 -4104576.325451741 -1987033.4790441513
-4447543.701316239 -4105512.6591182444 -1988406.8574368993
-4447524.185470736 -4104919.6096606595 -1989674.5004840016
-4447350.457434246 -4104903.0104039377 -1990097.0287742503
-4448036.963469686 -4102518.494520455 -1993476.9057415698
-4447948.693230838 -4100713.3679962866 -1997384.1132648066
-4447876.035939717 -4098062.1031929324 -2002979.4725076708
-4447933.131495154 -4095675.34182049 -2007728.904048383
-4447217.609767742 -4092148.8107806924 -2016485.7157435704
-4445362.726018354 -4091301.7726542936 -2022286.0923228688
-4442712.603986988 -4091728.048689731 -2027241.301360271
-4441524.386303597 -4093070.0247242157 -2027135.8855721934
-4438840.874887479 -4095040.4949598657 -2029033.275248838
-4438724.129865885 -4096940.9128937437 -2025449.1490046638
-4438425.236483393 -4096951.963406774 -2026081.693734165
-4439450.951826718 -4097611.769324693 -2022496.9800265743
-4439828.676828381 -4096525.588068865 -2023867.6900206178
-4439789.905560073 -4096202.9084298997 -2024605.7214819174
-4438509.608456905 -4097173.318329604 -2025449.1490046638
-4438902.595158119 -4099401.8331711027 -2020071.6227133942
-4440154.04962441 -4099552.5575087015 -2017013.099567729
-4442835.264888843 -4098151.3947741915 -2013954.0596971035
-4445874.446811562 -4095787.5598148378 -2012055.0857404473
-4447148.836209086 -4094092.676553816 -2012688.0991332412
-4449177.016976122 -4090798.072446835 -2014903.4721486585
-4448445.242227132 -4089981.9680305156 -2018173.2899064987
-4448484.383172505 -4089158.4014129895 -2019755.2477525377
-4449755.865003105 -4088608.0774741834 -2018067.8211307302
-4453004.439472234 -4084861.297905961 -2018489.6925450494
-4454181.9098290615 -4082220.8741327673 -2021231.6168480644
-4454877.642501699 -4079998.2050428754 -2024183.9929179922
-4455530.557555278 -4079023.559790916 -2024711.1520811536
-4456835.655727568 -4077073.875240529 -2025765.42414629
-4457494.9856605325 -4076248.226191175 -2025976.2711553439
-4459229.646506869 -4073406.422081052 -2027873.7831194196
-4459873.5444993805 -4072281.4327511517 -2028717.0575377815
-4460075.85409804 -4071324.355371716 -2030192.6925907114
-4459559.676805865 -4071994.8422081927 -2029981.8950022797
-4460348.803820206 -4071288.090878906 -2029665.6939819541
-4460446.024145485 -4071234.1231101686 -2029560.2924052593
-4461504.238306141 -4069916.749208036 -2029876.4952804965
-4460591.573774622 -4069654.776142903 -2032405.917868796
-4460404.683737167 -4069912.2353428314 -2032300.532377595
-4459866.451865055 -4071133.2051672996 -2031035.8582045871
-4462218.270365721 -4069712.054687604 -2028717.0575377815
-4463489.079055908 -4068160.543671012 -2029033.275248838
-4464967.982140904 -4065800.731601717 -2030508.884335038
-4465074.403565643 -4064472.371019783 -2032932.8360375627
-4464674.983891828 -4064963.8168044025 -2032827.4536422142
-4465168.60827202 -4064843.147143447 -2031984.372189677
-4467532.429543419 -4062719.3274536007 -2031035.8582045871
-4468727.175868416 -4060244.8789030574 -2033354.3594259669
-4469893.647270597 -4057745.681529057 -2035777.9265239735
-4469829.902676304 -4056122.751198161 -2039149.3001625466
-4469735.565627797 -4055325.9484112137 -2040940.0837615652
-4471081.202844167 -4053417.9536237475 -2041782.7432942572
-4474351.891641747 -4049701.1119488925 -2041993.401958446
-4478052.043294363 -4043959.620564507 -2045258.2929280477
-4479646.040429003 -4040433.735976838 -2048733.164091656
-4480432.679692929 -4037315.8903710097 -2053154.744313586
-4480274.97834266 -4035615.4784758873 -2056838.5518368983
-4480996.319866244 -4034707.2088913056 -2057049.0319546852
-4482965.058170182 -4032090.055829577 -2057890.9273587507
-4484638.093407728 -4029207.6459839675 -2059890.2681212511
-4483603.556749547 -4027288.3354261336 -2065886.9304111032
-4480544.744877652 -4028640.19203293 -2069883.569741578
-4478801.485494162 -4029335.1894411743 -2072302.1460844823
-4479672.182194481 -4028421.247026044 -2072196.9975323468
-4481637.998411257 -4024392.3424140625 -2075771.693976821
-4481120.112810389 -4022091.0850597387 -2081342.5566324198
-4479951.473612439 -4021324.528318067 -2085335.6641138648
-4480269.063276481 -4020480.145526776 -2086281.265810698
-4481844.431431705 -4016812.986069307 -2089958.1161807028
-4482197.14579681 -4014449.63654829 -2093739.2057819017
-4482982.586018286 -4011488.4082659082 -2097729.4591546007
-4482622.742042014 -4010462.057878534 -2100459.1009692177
-4483901.359396123 -4007380.983847423 -2103608.1501799845
-4484512.055190956 -4005815.467463 -2105287.4073344907
-4485640.573998933 -4001899.7289259927 -2110324.1932263873
-4484137.832236436 -4000980.7338104416 -2115254.6109590624
