5840022.111433143 -2506294.9244714496 -449742.69259282335
5836240.776403564 -2514690.00876664 -451961.01563471684
5832557.241513542 -2522643.5500413757 -455177.48615521967
5828993.869698761 -2530285.864166932 -458393.84006687696
5825123.549130451 -2538398.64389946 -462719.0962292814
5822305.791522122 -2544186.927350292 -466378.7609956442
5819444.760238267 -2550439.9584380486 -467931.2993783557
5816621.6428476935 -2556709.393608551 -468818.4516308997
5813411.489572211 -2563898.772876438 -469372.9171485039
5810244.6263327915 -2570864.683874843 -470481.8374560525
5807601.635360636 -2576728.3629345885 -471036.29223755177
5804584.435000779 -2583275.049908299 -472366.969069553
5801634.854742524 -2590094.562121511 -471258.0731459869
5798579.580599118 -2596866.9619694236 -471590.7434319046
5795000.526275076 -2604984.375564269 -470814.5107551733
5791267.054518701 -2613153.96618886 -471479.85348020843
5787114.185842785 -2622716.04728089 -469372.9171485039
5782498.034034635 -2632798.88235671 -469816.4869891651
5777334.387781386 -2643972.551947955 -470592.72869912133
5772072.812500006 -2655223.0396765093 -471812.5229042989
5766784.622463418 -2666216.5518192006 -474473.83165438316
5761816.625290369 -2676502.174269169 -476913.29155299405
5757884.757719118 -2684456.3902000245 -479685.31970459333
5753384.4187595565 -2693612.9452626696 -482346.38081789354
5749207.504858161 -2701940.762739762 -485561.7167033156
5745292.116718871 -2709778.2558525675 -488222.5902973173
5741674.662554338 -2716774.9266656823 -491881.15152158454
5737434.060563098 -2725438.507635242 -493433.2191790735
5733204.361242618 -2733984.088540781 -495317.83314801764
5729486.939360451 -2741545.395420496 -496537.26602007507
5725492.701438918 -2749957.314153829 -496093.83799997234
5721029.348759024 -2759250.817445944 -495982.9806170651
5711644.320408689 -2778724.629905645 -495428.69143692876
5707023.406026682 -2788064.8743337328 -496204.6952317606
5701471.123468077 -2799047.1037647435 -498200.0995241359
5696971.521989852 -2808075.8477198198 -498865.22337123525
5692198.311310953 -2817463.7624929845 -500417.1577270355
5687346.4734255895 -2826812.176995899 -502855.8513144938
5682041.053927732 -2836552.923241233 -507954.69791256683
5677516.25711498 -2844823.72731269 -512277.3767343567
5673204.298335711 -2852332.071858594 -518262.23207183
5669954.878499257 -2858140.735652445 -521808.59612175985
5666882.126374563 -2863417.1956988596 -526241.3221636859
5663899.371205366 -2868986.888899662 -528014.340886022
5660811.032460626 -2874626.9228335265 -530452.1743689063
5658384.298468033 -2879359.904150544 -530673.7917219844
5655643.293035809 -2884678.8971973755 -531006.2165391237
5652509.239519911 -2890916.945858067 -530452.1743689063
5648930.759728916 -2897923.4475536332 -530341.3654499729
5645756.017633403 -2904265.399481736 -529454.8882854972
5642719.794887548 -2910180.263069933 -529344.077913818
5638954.746885209 -2917589.527857535 -528679.2122987281
5635241.087303161 -2924775.9458883423 -528568.4007990259
5631688.135625041 -2931671.28238959 -528235.9653339869
5628134.897852419 -2938566.558839498 -527792.7157946876
5623858.904143192 -2946959.8054485847 -526573.7663041871
5615640.023203683 -2962670.2177698677 -526130.5071295359
5611538.439886462 -2970529.709390627 -525576.4295554335
5607162.410052648 -2978996.4715261688 -524357.4448095725
5603113.461712326 -2986507.7297084983 -524911.5311835906
5599118.457072713 -2993796.3837515987 -526019.6919351174
5595762.133074934 -2999792.6419966593 -527571.0900602539
5592371.593402567 -3006147.618540597 -527349.4636829908
5588710.66542695 -3012734.5624564756 -528568.4007990259
5582510.34486163 -3024246.837216173 -528346.7773166214
5579266.926680889 -3030303.520363216 -527903.5284207592
5575927.08414741 -3036560.152203536 -527238.6502533825
5573537.589229651 -3041441.929663774 -524357.4448095725
5570134.628844325 -3047917.196249946 -522916.8015594336
5566539.368980882 -3055045.7384687103 -519592.13759457436
5562840.528795422 -3062244.571179557 -516821.4754365336
5558787.6791575905 -3070134.849325876 -513607.384098553
5555013.333928759 -3077420.0103099653 -510836.5100670733
5550559.333768554 -3085976.63801738 -507622.17438341276
5546044.658139211 -3094373.4019421157 -505848.6920796522
5541532.197856879 -3102771.917734963 -503853.4773431712
5536588.132576366 -3111818.531385902 -502412.45798430673
5531558.126528997 -3121071.6686874423 -500417.1577270355
5526155.559342452 -3130751.413148119 -499641.19427802105
5522088.771794368 -3138130.4609062253 -498310.95387825044
5517220.521728238 -3146839.4043570366 -497313.2592306799
5512676.335291439 -3154967.7530440325 -496204.6952317606
5507760.620777338 -3163905.780403079 -493876.66167416493
5503648.515891323 -3171260.3376748245 -492546.32697625103
5499304.427250791 -3178993.3448461 -491215.97067283763
5494263.286123609 -3187732.2027674606 -490994.2425258317
5489575.883353805 -3196035.6730635203 -489442.1287605942
5484328.060400773 -3205167.7879358423 -488555.19348293735
5479348.005439658 -3213943.1243777378 -486781.29437101027
5473879.375809773 -3223331.962252882 -486226.94310722366
5462654.610357002 -3242068.62507992 -487889.9857732076
5457428.896843629 -3250957.221611928 -487224.7727131652
5452317.021123522 -3259655.753630234 -486337.81365634245
5447533.405299411 -3267775.7381927404 -485450.8451181136
5443460.484411228 -3274900.24232594 -483122.5077213466
5438926.390392216 -3282783.019738799 -480683.2275102933
5433926.797548813 -3291680.8443529326 -476358.87501007866
5427363.7226741975 -3302873.685398483 -473697.6251812206
5421952.39763025 -3312302.1701506567 -469816.4869891651
5415499.978958377 -3323044.681136356 -468374.8766460289
5409014.722577044 -3333637.238162767 -468042.1939091685
5402803.325231257 -3343616.962955061 -468596.6644239497
5397065.389950962 -3352715.7396445135 -469705.5947435867
5391070.283343687 -3362176.596522938 -470925.4015680885
5385377.464140292 -3371303.0515206205 -470814.5107551733
5380349.227857062 -3379275.5907844976 -471147.1827635292
5376164.336924653 -3386206.614829284 -469151.1313701633
5371385.67057699 -3393812.3470956855 -468929.3450201763
5366768.465366664 -3401520.4913770724 -465935.1734821146
5361747.857604618 -3409761.4174816543 -463495.40162312746
5357100.116999071 -3417583.1352076293 -459613.80570314615
5351648.236330183 -3426603.0166654033 -455953.858151892
5346072.452189408 -3435939.8800640763 -451073.6930112325
5340144.925765639 -3445579.2767701554 -447746.1549936014
5333957.326579118 -3455579.8992679613 -444418.4942238223
5328607.1406934885 -3464009.062802501 -442976.46999869193
5322162.451593437 -3474241.1018720344 -440314.2115716039
5315706.838948827 -3484334.2346400567 -438539.32967061613
5310335.580585184 -3492751.1734756012 -436653.4801829018
5305165.488149241 -3500902.639372497 -434212.91204305773
5299724.542726319 -3509407.616468882 -431994.15817174414
5295356.5700748535 -3516361.736547839 -428998.7569997798
5291249.257663616 -3523090.190203989 -424450.00290100445
5286087.4868790945 -3531650.400567276 -417570.9870587983
5280277.982054788 -3540980.436139916 -412023.0371008332
5274807.864360371 -3549470.368435491 -409027.0133871457
5270463.915384193 -3556311.331133051 -405587.0223365059
5266018.280326713 -3563218.173238573 -402701.776960639
5261976.729247873 -3569595.1151618026 -399039.6154103749
5258039.416179465 -3575909.409304236 -394378.4912397499
5253551.413819258 -3583058.039209295 -389273.2074203458
5248058.6005529845 -3591671.983127748 -383945.6872749652
5242914.082221185 -3599718.4974646233 -378839.8942268749
5236413.454193481 -3609527.781552965 -375398.8957613298
5230583.187050292 -3618451.9902533405 -370736.7227271232
5224935.566721108 -3626963.5920583643 -367184.45704557665
5219694.760292129 -3634947.651061069 -362743.964008375
5214281.264038818 -3643082.8792614914 -358969.40583502705
5208034.837534163 -3652397.6412158296 -354972.6770774632
5202116.535117732 -3660993.9801907456 -353196.3081089833
5195848.3513193065 -3670023.2622560933 -351752.98803505104
5188749.282191914 -3680233.143288405 -349865.5421650586
5181862.419408699 -3689913.178829277 -349976.56924692966
5175250.47187271 -3699107.372887448 -350753.7558330827
5169124.894980156 -3707557.2195504727 -351864.01329997025
5161952.459832517 -3717442.042481579 -352863.2358569088
5155361.425687496 -3726513.99412904 -353529.37939275015
5149381.252923753 -3734657.3739503054 -354750.63246739446
5144046.065316488 -3742034.10830318 -354417.5647419017
5138015.845277212 -3750278.1446773103 -354750.63246739446
5131896.797093389 -3758594.696538171 -355305.7431815003
5126789.2986269435 -3765725.6226908565 -353529.37939275015
5121783.402130119 -3772655.9600036037 -352197.08845148917
5116030.287204007 -3780691.0124913836 -349643.48768162477
5110675.062926544 -3788192.334602526 -346756.740726743
5105066.849853339 -3796059.59334871 -343314.75685403123
5097172.587493847 -3807070.7814371097 -338651.2637347073
5090684.811972046 -3816084.5928828367 -334764.8803554086
5083914.422543553 -3825581.544088508 -329212.6877613404
5077773.677213972 -3834163.7665989143 -324104.44904833066
5069494.787459477 -3845585.758121265 -318329.6669430896
5062282.3778348705 -3855448.4263173454 -313776.28825269156
5055022.44352564 -3865275.905065668 -309889.13044965005
5046933.973040211 -3876288.60151875 -304113.7114770803
5038568.379173019 -3887509.9474236267 -299559.83889722236
5029871.578078006 -3899178.5422720457 -294006.1283856302
5020858.972817333 -3911165.9574702242 -288785.4362769915
5011818.325348168 -3923132.9580890597 -283453.4650690878
5000978.04637709 -3937502.105905905 -275566.22732284374
4990030.119562693 -3951788.6853920366 -269456.10378058127
4979400.835652271 -3965620.9617342157 -262790.23147683294
4968467.361491947 -3979781.124217556 -255568.54483853304
4956806.955230718 -3994784.7802675967 -247790.97626578005
4945404.605805878 -4009284.9971370352 -241346.4244729878
4933839.695838727 -4023941.466614488 -234012.6685170264
4920372.907393762 -4040920.828724358 -224789.4752142749
4905270.228881517 -4059723.206759821 -215899.20366789063
4890627.758744039 -4077755.17227693 -208119.8701974801
4876181.55825501 -4095374.2894775383 -201007.06460245018
4859714.170927513 -4115216.6992155565 -194449.72456584065
4841261.510315674 -4137166.616665199 -188892.49505213654
4823706.494492282 -4157691.873074776 -187336.44482839026
4805945.15220713 -4178333.47504642 -184557.75595542986
4787916.864112442 -4199038.232517688 -183223.97278310728
4770689.212420829 -4218819.963876771 -178111.0633462663
4751911.89047956 -4240051.625676203 -175888.02324083832
4733539.735541008 -4260602.608827508 -174665.34203039037
4714412.85872273 -4281670.492257273 -176777.241869949
4697355.374077846 -4300111.996608225 -183112.8238218209
4687901.162735772 -4310293.109752365 -186002.67858794212
4679569.363956566 -4319240.984795578 -188225.61776035826
4672418.622592599 -4326858.564143041 -190893.1144695911
4666260.22336842 -4333425.557829064 -192560.28293388092
4663759.762802127 -4335957.108901536 -196116.86473653303
4664337.466373084 -4335280.169823984 -197339.4256585883
4661955.730932612 -4337770.208526834 -198895.4017609543
4662013.6136568375 -4337672.25655135 -199673.3853647987
4659340.84239857 -4340346.767396482 -203896.6726249031
4661317.758146681 -4338239.2462146655 -203563.25844614103
4658908.530346377 -4340551.587427053 -209342.35775460114
4661053.180638965 -4338296.647238555 -208342.1412343039
4658048.2973505715 -4341269.038391429 -213565.436935389
4659025.167551233 -4340356.469708689 -210787.1058251172
4653964.730427817 -4345514.5555067435 -216232.59655510334
4655552.58119692 -4343956.244565436 -213343.17193584202
4651830.283225137 -4347626.681153408 -219677.62151057686
4653279.3224355355 -4346242.968244492 -216343.72738581625
4648996.486090105 -4350606.16358212 -220677.77804554807
4649243.147863756 -4350532.589322698 -216899.38055017285
4645043.276540933 -4354821.031679121 -220788.90621377362
4644440.084558271 -4355626.506718458 -217566.16216667453
4641688.588622088 -4358530.821448887 -218121.8116915224
4640969.273432897 -4359379.829452202 -216454.85815062711
4639239.715430103 -4361109.495467691 -218677.45955527766
4636493.072724782 -4364018.320302042 -218899.71823472597
4634882.129524999 -4365706.9017597595 -219344.23479318377
4630432.478795232 -4370370.169946146 -220455.5215074639
4629644.398381247 -4371154.438941125 -221455.67380956316
4623327.380667663 -4377722.351560914 -223678.2148817153
4625977.9955272265 -4375028.769890339 -221566.8015062848
4618414.677819776 -4382865.081638369 -224456.09783195212
4622311.157079848 -4378902.684418258 -221566.8015062848
4613223.541767321 -4388202.998668181 -226900.85095335596
4618097.162534727 -4383329.773772964 -221900.1841913557
4606654.78256739 -4394837.251280863 -231901.377751511
4612395.308905942 -4389102.226203873 -226345.2281685111
4602794.285303585 -4398679.456365599 -235679.45885012086
4608394.444363433 -4393118.1512388205 -229901.18402532523
4598959.085934806 -4402545.555933109 -238346.28973686058
4604940.542914344 -4396580.546667862 -232901.46604403638
4595070.194972638 -4406513.887978095 -240013.03783397863
4600431.505389994 -4401186.200794935 -235012.7446488715
4591547.206677301 -4410063.184064974 -242235.3430211383
4596413.622789697 -4405184.994681206 -238679.64066681953
4589006.821772522 -4412553.221197184 -245013.18296698498
4592590.260544942 -4409062.141218287 -240679.73247315752
4586004.96209202 -4415524.223908748 -247679.8654360856
4587678.874183368 -4413896.799306157 -245679.85763284267
4584117.53547361 -4417408.725935214 -249013.19040319734
4583356.432884215 -4418372.661426915 -245902.08192311597
4577673.7527751485 -4424160.790185078 -247679.8654360856
4577383.500837709 -4424498.363186544 -247013.1988747038
4573000.910231558 -4428915.906407183 -249013.19040319734
4571358.570555015 -4430573.5286212405 -249679.8487943058
4570409.275192293 -4431665.007815214 -247679.8654360856
4568526.791078981 -4433399.249423533 -251346.48277713393
