-3426698.6065201773 897.1076178536185 -5370975.410041513
-3420695.6310725594 3223.9306339905424 -5374799.717741339
-3417032.326640501 6142.768486105281 -5377126.867118641
-3413175.2001007013 9769.694492041728 -5379570.671204819
-3410630.831664284 12500.670868846828 -5381178.5013441825
-3408357.802005106 16834.976506962947 -5382606.680510562
-3406087.5799738197 19677.32249926641 -5384033.915246759
-3406161.8872166504 22828.65788291243 -5383974.465991827
-3406304.2804758647 28834.532837219183 -5383855.562561821
-3405233.445143376 32926.65075299867 -5384509.450242163
-3404918.979087347 36133.00082036302 -5384687.748802384
-3404122.5729817534 40105.72971144442 -5385163.139456445
-3403539.3863305203 41702.97068739552 -5385519.613550089
-3404514.8627117183 46231.59659622755 -5384866.032600177
-3403079.6199395214 48053.70322938143 -5385757.230135632
-3404349.451352614 51221.410687958945 -5384925.457252151
-3403551.6405966934 54180.2781891519 -5385400.795414107
-3405693.798902751 55403.49797624159 -5384033.915246759
-3406908.2376389364 61311.69845400513 -5383201.476439522
-3407545.264854249 62453.52013119566 -5382785.136506249
-3409799.11733712 67436.13704985905 -5381297.552340587
-3409924.3104177043 70534.6290379554 -5381178.5013441825
-3412679.1989011616 73511.4772527744 -5379391.949663033
-3413869.3617701447 79081.12727626054 -5378557.72080916
-3414048.8220355273 83377.93404735663 -5378378.915702372
-3415570.4479953093 82580.0211029376 -5377425.039449249
-3417126.6925921063 87928.92371103962 -5376351.427422648
-3416182.455472191 88143.27963141708 -5376947.944064533
-3418111.951506869 89745.2047734707 -5375695.069959425
-3420866.504587525 92028.1875881539 -5373903.997140288
-3421171.4924089164 94605.86331646712 -5373665.076105385
-3422684.5778450156 94169.44423857314 -5372709.130071502
-3423023.0987038077 95494.11348865177 -5372470.078095289
-3427317.2073070724 92800.33989031435 -5369778.939343136
-3426890.0967132202 94704.14400601631 -5370018.285830779
-3429189.09710837 92910.91898230827 -5368581.814353484
-3430193.5005525686 97251.95416374247 -5367863.225360557
-3429541.322157559 97113.65408588448 -5368282.43089015
-3426823.145641162 97096.54134451735 -5370018.285830779
-3428482.654266959 94748.15528027686 -5369000.882516371
-3430036.581620461 96169.07085662741 -5367983.006545009
-3432448.816120135 93658.70831399994 -5366485.271671994
-3436868.722232045 96420.65770215882 -5363606.75692312
-3436608.107455306 95693.0224063551 -5363786.7744006375
-3441215.554760437 94979.82384393697 -5360844.647883148
-3441472.8237796403 95828.48138034028 -5360664.390291798
-3445301.8687652256 92685.54801870992 -5358259.551596144
-3448143.7591707828 94809.68406188628 -5356394.005289348
-3449535.0330041135 91775.19842237218 -5355550.986502867
-3454495.425513731 91545.1611552458 -5352356.662123122
-3455756.7976675485 89767.91212396914 -5351572.449040323
-3460848.503487247 87905.55495887043 -5348311.999997518
-3462714.6037412607 87952.95390692398 -5347103.220523805
-3465623.759412141 83548.0988127013 -5345288.829743707
-3469934.649435388 82743.07529794745 -5342503.917840206
-3472398.0039874464 81103.93670653175 -5340928.313819116
-3477345.557023593 80794.4270137986 -5337713.099971916
-3479303.989314155 80718.41414603325 -5336437.8837910555
-3483396.319398083 76859.54217211647 -5333824.490249092
-3487027.9314376283 76817.89262412941 -5331451.605027152
-3489407.432763214 74372.1717003873 -5329929.225445063
-3493356.2176188384 72382.41987114075 -5327369.343505047
-3495349.279599222 70409.69901373237 -5326088.32896057
-3498758.086822449 67240.67460789054 -5323890.639520386
-3500449.961083845 66234.2076689592 -5322791.006575645
-3502948.3333816654 61694.60159782692 -5321201.72045679
-3504856.7899245424 58729.935123674826 -5319978.4470277885
-3507026.0387387895 56684.609596942784 -5318570.881227679
-3508915.151368694 54632.38720613724 -5317346.214303087
-3511281.036362991 51604.350396441936 -5315814.469551942
-3512061.7517864495 48918.20191721474 -5315324.097471375
-3513148.4897973537 43904.54737264837 -5314649.666662383
-3514385.4115079744 41343.44717670091 -5313852.359518043
-3514234.0041567306 38335.86684170011 -5313975.039962273
-3513904.257096897 34345.44503404841 -5314220.381425832
-3512548.037640561 30530.92197585808 -5315140.181224833
-3512389.2467591628 27280.2753851431 -5315262.793674977
-3509725.203393999 23584.015301757667 -5317039.946331342
-3506143.458273644 16950.800092007412 -5319427.762492989
-3501244.474052418 11182.846676746016 -5322668.792707059
-3495590.9569446933 4270.672129951909 -5326393.397326754
