4771218.096360288 319413.2688444012 4209880.525697879
4769208.130738082 317522.9127850445 4212300.322336748
4769338.207543858 317782.4027540821 4212133.474447621
4769632.254853473 314457.53565780836 4212050.0485784095
4767297.124650653 315222.82791884744 4214635.653773224
4766850.142340544 318619.4353534489 4214885.8081664555
4766156.98978846 320160.7185721254 4215552.830053728
4763966.748240055 324189.9421872771 4217720.083534193
4761112.531158685 331342.8924644928 4220386.280100081
4761615.179108918 336806.3482736569 4219386.610615591
4763200.699357202 339425.07512893615 4217386.716441448
4766130.454094198 339717.45626052376 4214051.915255401
4768076.510030914 338267.0165468712 4211966.621426134
4770264.598538089 336497.75847793935 4209630.1403417345
4771577.617025741 334581.77960526553 4208294.556878727
4772396.16793424 331291.1969482151 4207626.642076409
4770364.688112729 328724.12655307323 4210130.899512397
4768675.3117606575 330782.0122162491 4211883.192990823
4767111.859135495 331007.97253220266 4213634.9206605265
4763656.125935645 334026.32671341806 4217303.371456474
4759631.615181492 341842.62769660755 4221219.196589335
4757876.013068072 348728.67329604924 4222634.859503323
4756833.64268794 354829.52391640464 4223300.925194585
4757382.863817978 363220.9881789892 4221968.711489622
4759419.687715782 369392.8044024275 4219136.664323535
4762179.045379516 374707.9886715213 4215552.830053728
4767024.603509778 375926.42261709913 4209963.984918488
4772523.055332327 369655.6231728568 4204285.83787759
4772571.646336808 360359.3246583224 4205037.697537771
4768399.677105351 355106.47036690114 4210214.354885644
4768133.734022948 349731.5143487779 4210965.3955291165
4767886.803941378 345028.6083059414 4211632.899986908
4769767.3757828735 344495.23010467755 4209546.6759916665
4773648.052324093 343770.5203328513 4205204.763372704
4775307.364960746 344225.12438253296 4203283.196965854
4773508.760341916 344681.7027120049 4205288.294368716
4774330.8306420455 343484.6520239852 4204452.926767619
4774953.502308608 344032.0734277529 4203700.986421817
4773057.467512571 344816.59636935283 4205789.453442805
4770966.938457811 342154.5567592503 4208378.040460644
4771101.792793854 339234.8659006949 4208461.522760617
4773285.881783597 336459.71050502243 4206207.0507729715
4775089.943451031 335916.8409028442 4204202.291511516
4776294.124962351 339687.8346864444 4202531.09528248
4774315.9756412 341640.93980202294 4204620.01053465
4771464.266037223 340348.7400781961 4207960.609732113
4775274.320811407 336432.35542456753 4203951.644729353
4777975.7086952245 334611.40756579774 4201026.580854399
4777685.489826552 337691.6500563724 4201110.175868164
4775384.337110187 339036.7618796885 4203617.431091564
4775031.324475636 334656.45351622696 4204369.382962967
4778330.738894132 328435.1381268827 4201110.175868164
4781074.333268006 322671.60099847306 4198434.500819917
4782647.6681198375 318920.747496095 4196928.858039459
4783433.055508537 317044.4394762906 4196175.881307339
4785606.954707241 316349.6193143233 4193748.9187381463
4787363.56458649 315290.87263016426 4191823.3223867924
4788898.629379799 317574.5948317428 4189897.0505540757
4791065.947466199 321329.96746382536 4187132.089991849
4795023.08213674 323444.85313881404 4182436.8577127247
4797199.924824407 325862.6761039184 4179752.073698522
4798736.215285199 331184.11072971986 4177569.7266365835
4799838.782056381 335300.6950351345 4175974.3905077376
4798664.164733979 338501.08348628203 4177065.9859016538
4795002.412711747 342700.63882474997 4180926.8271805043
4791339.9634379 346809.86123475665 4184784.9735575705
4788139.36622736 349518.55612934846 4188221.4827424185
4784592.673111879 353877.33660736063 4191907.058015457
4781786.022151288 359040.7225646321 4194669.617252213
4779813.7725559 363758.84859503916 4196510.550416113
4778325.896916996 367839.9228060981 4197849.022302064
4775804.574570146 371922.34434787644 4200357.774677014
4774559.692599113 374675.993360948 4201528.131740504
4772739.293834478 375371.28177403536 4203533.874480815
4771364.423935562 376939.0184144345 4204954.162698901
4771071.76292606 376915.8981193054 4205288.294368716
4770346.585358718 376774.83114768297 4206123.533869404
4770120.454057214 376840.7444736453 4206374.080736228
4769488.841428266 377377.1922359246 4207042.149333827
4769050.299878692 378263.8314086906 4207459.650558158
4768378.19900187 378378.01819736895 4208211.07201489
4767127.208875021 379283.4784840574 4209546.6759916665
4765815.683169741 380016.19927267125 4210965.3955291165
4764483.734942934 381918.491180983 4212300.322336748
4764843.308771816 382951.6900996682 4211799.763272497
4763857.200288424 383290.8495323731 4212884.249528449
4765075.010267977 385565.2320604597 4211299.158020694
4767379.067025659 385332.9112182262 4208711.961968607
4768087.665334185 388405.7885469871 4207626.642076409
4770010.40075271 391914.7974994418 4205121.2310957145
4770261.387465008 395120.7077058805 4204536.469291522
4769838.119180521 398438.6643519254 4204703.550496977
4769012.586409248 400381.3540243813 4205455.352517701
4767741.182425977 398850.0609602031 4207042.149333827
4766565.706587958 396154.83403467905 4208628.483514623
4766795.318700002 392488.2301446873 4208711.961968607
4767958.602933629 389986.9249090125 4207626.642076409
4768188.115275626 391681.292166849 4207209.153668352
4769350.225551703 397224.42929994036 4205371.824083722
4768524.762990832 400927.0964408027 4205956.496218521
4768577.330284768 399422.8730984962 4206040.0156845795
4769582.798733739 402357.4195101109 4204620.01053465
4768850.052788905 406654.81221975933 4205037.697537771
4768260.35355373 404928.0367278042 4205872.975471254
4768788.859536072 405643.57664354745 4205204.763372704
4769493.977696869 410315.4463222954 4203951.644729353
4767539.145398804 413332.80935659254 4205872.975471254
4767231.128495497 412635.4790342789 4206290.566395255
4769080.785573835 412544.00094993075 4204202.291511516
4768367.98762873 416507.26472551853 4204620.01053465
4766752.65787611 419803.4259757603 4206123.533869404
4767204.995734106 422191.12952610897 4205371.824083722
4765271.764816558 424870.0174991668 4207292.653913244
4765206.037662058 424780.3277401547 4207376.1528765205
4765912.710403801 426771.75365990045 4206374.080736228
4764417.1360298125 428649.6227304202 4207877.11974085
4763167.530020617 427782.9548207153 4209379.743444651
4763811.0910609905 428008.3836021287 4208628.483514623
4763798.280952593 430605.62811201514 4208378.040460644
4763458.391007059 431916.0160191404 4208628.483514623
4762696.614872208 432182.1783882511 4209463.210359297
4761944.944839997 433957.5454854242 4210130.899512397
4761376.898731592 435330.2791266806 4210631.612513807
4759168.201926724 434458.28757395176 4213217.8939769855
4757270.649975607 431773.52300977707 4215636.202011315
4756368.341358233 428678.6679080843 4216969.978670192
4754909.472526247 428463.52118266764 4218636.7370391
4755284.965403381 427577.0105450592 4218303.426481068
4754390.006241305 427663.84105832427 4219303.29647017
4755181.775587575 427902.3925124076 4218386.756048094
4754852.435799488 427454.46049079637 4218803.384607797
4755169.530189601 430495.0448407924 4218136.763492139
4755891.138799309 432317.84378676 4217136.67763256
4754910.8462808365 434153.31968461827 4218053.430070284
4753201.5116694365 434248.19976196514 4219969.773643749
4750481.396889444 433247.27127038623 4223134.416490207
4748962.058868152 429598.81469769 4225215.405377707
4747268.76929863 427023.2761193956 4227378.780484916
4746549.663194997 425956.45174628583 4228293.792540813
4745463.078288464 424022.20340137044 4229707.595522842
4744183.68041878 423407.11354320653 4231204.157524088
4744139.670986881 423069.34637475613 4231287.287614319
4743941.290809864 421966.7512822429 4231619.795085748
4743624.918978103 422188.95235894993 4231952.281932776
4743669.002579665 422526.6717846197 4231869.162154645
4743889.702441351 422546.3298969312 4231619.795085748
4743985.167677993 423139.0249439581 4231453.543927982
4744637.26767038 426619.61034738715 4230372.785736549
4744635.127282391 428289.05061989726 4230206.495914486
4745452.783732745 431535.9980446728 4228959.15796721
4746361.695347442 435377.53137051343 4227545.157903847
4744863.785818592 437160.93784875696 4229042.32284881
4742071.722382975 438489.6228562601 4232035.40042178
4740826.754947218 436705.54676614626 4233614.406745176
4740832.39474408 431783.2624440378 4234112.943606759
4740004.831328105 429455.7832704375 4235276.015704502
4741901.9034653045 430628.9756690252 4233032.721728757
4745119.901251488 428666.78350842616 4229624.440947872
4745840.075237582 428898.8564738823 4228792.824339392
4747941.625358116 432681.41856220335 4226047.575716906
4750754.497411352 432686.94295903115 4222884.643785404
4754285.714979418 432088.24482324166 4218970.027036009
4757071.311019296 432341.4107825078 4215802.942073994
4758837.340818093 434846.8347768284 4213551.51789081
4762719.691993054 438386.9146899252 4208795.439140544
4766543.39046114 436893.2064736386 4204620.01053465
4768212.851191703 437969.36455085466 4202614.667257185
4771947.195189518 437388.50996330427 4198434.500819917
4773438.677201372 434752.96182239795 4197012.515728858
4774645.135154415 436039.212747634 4195506.481736466
4777996.723098705 434747.6830900875 4191823.3223867924
4779183.236764857 433005.4405794181 4190650.889522343
4780988.715680506 433337.2797611856 4188556.637137051
4783411.1067375075 431705.11699146254 4185958.6567360694
4784700.588319061 431232.177017209 4184533.437510594
4786576.249379245 431569.6660615847 4182352.977955593
4788856.896615676 429837.3671024815 4179919.910904859
4790687.9790082425 429833.14778634615 4177821.5798248257
4793639.160332881 428748.55651355465 4174546.5952376937
4795395.385801606 428736.9058936243 4172530.2586509106
4798407.766119481 427739.9985254716 4169168.0709352163
4801883.840578576 425600.20837665105 4165383.180959477
4806090.853695852 425043.1482511222 4160585.298746542
4810921.0401717825 424793.3455859572 4155024.7121742065
4815312.947364022 426959.8630374977 4149711.7362900544
4819830.009644479 428462.5824151502 4144309.290292008
4826309.639931297 430651.754359144 4136534.2167052887
4831347.702415452 432631.24123099534 4130441.9360978617
4836419.319516 431724.0089524671 4124597.3798549594
4842810.109153045 432124.0917241781 4117049.9166316437
4847713.943119098 434523.2224675561 4111021.782334059
4849886.65079154 438387.26250989863 4108047.8432636475
4849499.545650141 445008.93542622396 4107792.8628559024
4844366.561027696 456050.808275231 4112635.5640474884
4837674.878354089 467945.60380768706 4119170.994656425
4830079.216168222 477593.95933942794 4126969.8055040645
4825693.91928716 479456.7405340238 4131880.979809489
4823790.679519799 476717.11320328206 4134419.581290348
4823503.115774927 472268.66192904016 4135265.5299350885
4824221.690695656 469363.99527604086 4134757.9758626814
4824768.842356524 467462.18576426775 4134334.9794986593
4823857.909020862 467883.8276695747 4135350.117871781
4822954.901433926 468221.0869994373 4136365.074848149
4821393.037298637 466370.67036644137 4138394.4444325487
4820582.226859373 463489.9627391083 4139662.4317119913
4821096.849158175 458869.1689339124 4139577.908052827
4822966.493272539 456753.8645434694 4137633.5159116
4825951.34324988 453552.4259398776 4134504.18182262
4826255.836453214 455705.5816068115 4133911.951649876
4830100.705350372 457174.3319743716 4129256.568240538
4830594.927676903 457306.17590381694 4128663.791855955
4831726.006809275 459115.01605640084 4127139.2267713035
4833789.6897153305 457949.10871927656 4124851.6154432744
4835078.055182856 460370.1975106622 4123071.7288852953
4834088.655215899 462404.4720687351 4124004.119508583
4831057.30898672 465348.10987465095 4127223.935519139
4826451.306896133 468050.3411155684 4132304.1587402783
4822070.569711842 470599.028006512 4137126.173512023
4817288.489527759 474206.8255906222 4142282.0395558076
4812958.408154801 476834.1426297889 4147011.160075955
4807984.813532142 478544.70259114594 4152579.6802067794
4806286.900556764 478036.84339481796 4154603.2308625556
4804340.972091702 477081.182230107 4156963.118605083
4802866.101593723 476511.4660195135 4158732.3829400046
4802815.441927465 474813.49710504804 4158985.08938779
4802450.408987208 473338.60929699184 4159574.693423282
4802724.942980472 472773.2113919826 4159322.01358146
4802925.163858637 472962.19972835266 4159069.3223366207
4802563.945372895 472926.629178371 4159490.4680763865
4801878.505387137 473959.232670346 4160164.2353719086
4801161.914148148 474565.41195658373 4160922.126633442
4800166.55535962 474297.8329515658 4162100.8645231575
4799288.433292415 475056.893305616 4163026.8413965884
4798784.498753016 474245.84628907044 4163700.182746751
4797804.993659417 473810.82650561986 4164878.334777957
4798065.302712547 472652.73959045846 4164710.0425676205
4797312.471036686 471395.027663873 4165719.7197038666
4797756.445068215 470593.21642653376 4165299.0431011957
4799359.010052719 469143.6183602372 4163616.0195168857
4800757.46860586 469026.55184529524 4162016.6771997884
4803496.806400229 472341.3023746223 4158479.6650908184
4804395.985780451 475054.42424268206 4157131.644033436
4803494.595803368 481908.1138130968 4157384.4226783924
4799957.242574287 490185.84349668364 4160501.0886062863
4798259.477291688 495344.04889482126 4161848.2987496057
4795325.206107321 497578.8544137998 4164962.4789800965
4791528.276739925 499636.32359529333 4169083.9902004735
4788734.536062288 502555.77157253673 4171942.0225577727
4786813.81967848 502016.34047207446 4174210.589995927
4784578.132571962 502372.8564788988 4176730.1332965516
4781770.669405686 500474.95626473794 4180171.6571647273
4779790.740172418 499761.7146741268 4182520.7361958143
4778675.140649393 497790.20621526166 4184030.3310009204
4776345.199544441 494766.8361641178 4187048.2816204694
4774728.425380347 494767.81800334895 4188891.7711171666
4774378.348415729 493889.32380629034 4189394.433806546
4772915.959012982 490959.79160173587 4191404.6250904435
4771014.6456797505 492278.982267735 4193414.0809520306
4771408.847841718 491309.71765967365 4193079.222727725
4769716.852587034 489873.57902771333 4195171.75127763
4768260.043379729 491153.6957856547 4196677.877300621
4767865.625114776 492122.26495476643 4197012.515728858
4766626.717422636 491994.38927464775 4198434.500819917
4764254.171744119 494270.7737418972 4200859.386987779
4763402.615287148 496787.56311798195 4201528.131740504
4761865.556703119 497383.3996611508 4203199.63523338
4759088.147960057 499948.38374194456 4206040.0156845795
4758159.864476795 502453.83742948377 4206791.6332205655
4756106.071030064 502320.8957348558 4209129.335007314
4753506.574596551 505234.3829823226 4211716.332271184
4752965.821991075 504757.4519161211 4212383.744356615
4750165.412741157 506053.08897935034 4215386.082286187
4748935.25768229 507179.4497575524 4216636.5653309105
4747247.556409768 508423.8532558514 4218386.756048094
4746027.00092456 510136.45534288086 4219553.23505051
4744750.169418923 511674.64087113435 4220802.754416333
4742796.748174012 513976.3280639544 4222718.122217006
4742792.987877232 516739.82665664214 4222385.063644648
4740780.416675292 518195.10413571424 4224466.342026862
4740793.771540939 522802.25624220324 4223883.665134103
4740912.65303816 522396.6162108894 4223800.420431117
4737513.9948566975 525621.053088847 4227212.39791505
4737575.962917112 529729.8212196261 4226630.018359854
4736265.906183663 528830.0786712029 4228210.616066193
4733069.696986805 532822.7971274283 4231287.287614319
4733302.275258191 536028.2459733441 4230622.210804738
4731589.043848143 534746.925417726 4232700.301922226
4728963.173154138 538880.9033394108 4235109.878027729
4730124.74142466 540434.996611047 4233614.406745176
4728096.893801404 539952.5144560224 4235940.514804019
4725941.244152385 544469.7413757099 4237767.46147611
4723547.062587439 547786.2570436852 4240008.769344191
4721974.168356141 551696.8528015999 4241253.533566007
4720912.254760857 552491.5259907242 4242332.094091316
4718262.576284586 554101.4956366613 4245068.997527079
4716767.454629567 554760.5141243631 4246644.151670326
4714791.100837694 555696.0769270216 4248716.011402693
4716247.42738763 552195.9239514396 4247555.869583233
4714069.823447754 549105.4250043769 4250372.916802716
4713663.175829894 551309.5812994431 4250538.578861821
4711541.312463971 545143.929486256 4253685.173715794
4711638.7360838195 546238.5787905097 4253436.826341188
4712880.430311332 544548.6761474508 4252277.7177525135
4711422.348310353 544880.1743491945 4253850.732153509
4711851.922839483 548263.6153208817 4252940.096609538
4712582.395224862 547765.0744197967 4252194.914566191
4711448.663684472 549800.2828709139 4253188.467305541
4711711.34374866 552665.1932451872 4252526.119539475
4711736.810413142 553085.0183750725 4252443.320239182
4710402.622853536 554261.9666626604 4253767.953582537
4709933.329051217 555706.9576861615 4254099.060091538
4709397.73929791 555810.4436013787 4254678.4465902215
4707784.669922047 555536.7559720196 4256498.962106188
4706648.750833849 555652.5858818428 4257739.862894043
4705661.406150803 553870.6124006074 4259063.168747538
4704303.7511160765 552046.019007567 4260799.503629937
4703218.091271383 551086.4643728257 4262122.041275053
4702602.755162473 548019.2852460918 4263196.358383776
4700055.7961137425 546724.7532117018 4266170.244803085
4699650.163753837 546345.0345455529 4266665.728828067
4698224.3214624245 543769.2962146824 4268564.650759449
4696104.129426228 543939.2128966715 4270875.453377127
4695251.560200253 544172.6524558581 4271782.989660904
4693939.020536382 543190.2964394576 4273350.181454823
4691470.759888832 544398.3259531403 4275906.169668309
4690539.089719762 545949.6360392623 4276730.4150156
4688747.650268859 546487.6218560472 4278625.6848731665
4686548.696564438 549216.1934074761 4280684.978788928
4685815.261453185 551617.5771028919 4281179.088074166
4683992.503165414 552397.6333520474 4283072.7386955805
4681943.150921109 555718.891961399 4284883.410859636
4681129.090402634 556865.088608329 4285623.9583140565
4678472.944851449 558288.2065569616 4288338.394146669
4676763.7902006935 561230.4163408807 4289818.39597453
4674980.9687128095 562258.0422420931 4291626.712111286
4671903.98992444 564617.9103559006 4294666.544009375
4670238.418547191 567145.9613074829 4296144.73365347
4667200.803336504 568513.0011147029 4299263.963621988
4664090.662805522 571686.7777033829 4302217.279186335
4661668.910237017 573537.2380598179 4304595.103826646
4658289.625219449 575762.7190156982 4307954.974110627
4655603.120549461 578483.2987423654 4310493.8994280305
4652580.74546244 580829.0146567833 4313440.745238654
4650302.800941754 583264.956465857 4315567.963792502
4647648.785605691 585651.2372847702 4318103.101354201
4645944.110567526 588319.7629936112 4319574.536682295
4644691.263688494 589808.4881339624 4320718.691646207
4643401.320198565 592774.2282725278 4321699.190581655
4643613.982801286 595272.5569098633 4321127.255904688
4643351.939813758 596721.7488026931 4321208.964807611
4643296.202906984 599515.6928008852 4320882.121298271
4644145.339977128 601768.0326479984 4319656.270590483
4644448.76025841 604115.308692238 4319002.362483471
4644847.978190627 607465.1146968653 4318103.101354201
4646002.265348847 610832.8861235769 4316385.888171183
4646311.0931633 613678.5445432992 4315649.762146468
4647287.501190899 618346.9823472283 4313931.720680906
4648642.43469001 622986.6309020361 4311803.818834603
4649566.417313345 627406.5821618857 4310166.367050337
4650215.224503727 632701.1878718856 4308692.211409312
4651467.903893234 637419.9669199426 4306644.067580098
4651896.17320764 642028.6124344848 4305496.748867843
4651620.559118712 646210.4520089264 4305168.896303434
4651295.745925079 650717.0296949495 4304841.022756154
4650302.111279559 653474.5743464809 4305496.748867843
4647491.411192738 657795.0655130096 4307873.052293494
4645512.6268528085 661567.9682797029 4309429.342395278
4642368.335559063 664427.2324754926 4312376.802848231
4639175.875734873 669176.6713836227 4315077.146063034
4637820.61870283 671708.1807619106 4316140.524662332
4634379.372297303 674430.7865785656 4319411.064918488
4633282.254773051 678813.5865670388 4319901.464419896
4631973.398832673 679943.1379050185 4321127.255904688
4629596.112176978 683143.901526233 4323169.58352588
4628899.567924178 687334.2252403324 4323251.259513449
4627749.10792017 688401.6990011809 4324312.927501473
4625839.050754819 691996.6072946002 4325782.561803646
4625078.517650957 694523.9944395527 4326190.717792195
4624313.110548237 696059.7327340551 4326762.08082648
4622626.504158032 697621.1428784771 4328312.597775792
4621789.3401676 700630.2162206457 4328720.549450122
4621008.159768457 701749.4222632463 4329373.203560365
4619318.79458693 703307.5753870727 4330922.918775986
4618364.406554341 705554.2026561354 4331575.287973907
4616784.82514587 706879.6827865919 4333042.809893107
4614606.769224168 708607.0410966139 4335080.325292577
4612389.57705344 710079.4729399804 4337198.465783884
4609871.89651137 711998.2502049374 4339559.953435345
4607339.457090088 713006.8127526259 4342083.072916633
4604193.057938299 713013.5980910773 4345418.149519098
4601095.298421628 715165.4656347485 4348344.674885585
4598369.9868280515 716879.0985678416 4350944.589658152
4594891.434817203 719458.6343150568 4354192.574491052
4590769.852710321 722671.9378146741 4358006.24480292
4587232.650608149 725561.4599354697 4361249.611871676
4583302.5610590335 728466.0418846988 4364895.858965085
4579413.434013996 733011.3406527765 4368215.651137953
4575715.76936184 738236.0541589881 4371209.641089427
4571566.048008262 744281.0957134165 4374525.1764347805
4568032.178686641 750745.7628415232 4377111.354998738
4565090.714450094 754026.9218345935 4379615.413479839
4560960.8181876335 757434.143854597 4383328.750239988
4558422.233302244 758238.9215827199 4385829.6228573285
4554981.158761518 756522.8000323129 4389699.408428652
4551792.4061664855 756074.8253756304 4393082.94362835
4550003.328414238 753737.7086812189 4395337.322428319
4547183.616111188 750090.8554059975 4398877.796666586
4545352.09292642 747507.1951124859 4401209.872817299
4544238.569827651 741948.9269343157 4403299.741138658
4542338.863364601 733501.85032385 4406673.766679249
4540242.904332126 728610.8326233223 4409644.160728361
4539964.895103621 724502.88821117 4410607.136914423
4538427.715228673 719953.1433760978 4412933.530542593
4537020.783101526 714048.5462903745 4415338.954966585
4537638.52255137 709114.8029952093 4415499.273562491
4539243.1148710055 702306.349643279 4414938.134939934
4538263.621452397 699559.7088864401 4416380.929664525
4536614.691187775 699629.7757506176 4418063.639263517
4535693.702728841 700541.3712802774 4418864.720960655
4535389.094691133 698468.316313334 4419505.489402989
4536308.77763318 695530.3158311232 4419024.9211481055
4539251.649854408 693630.1812347816 4416300.785835839
4539974.819294942 691956.8617349768 4415819.894613654
4541583.483690983 690093.410556254 4414457.10652761
4543246.072562794 685803.6905490854 4413414.71223496
4544218.421741806 684003.7394759749 4412692.921548619
4544999.49227347 680876.7495725405 4412372.090738203
4548388.111538903 675379.271652441 4409724.416132349
4550094.299214455 670682.3293103477 4408680.991113664
4551651.4661997 669613.2318293954 4407235.874105346
4552359.312730861 668499.8144005191 4406673.766679249
4555568.945928072 665154.0594367648 4403862.243089649
4559912.6151717305 660912.0894920828 4400003.767266673
4561250.563776235 660780.8896775141 4398636.483080633
4563301.451488381 661077.9984173458 4396464.118226435
4568541.386271484 657522.9726803647 4391552.589042081
4574331.0654529575 650046.2958277166 4386636.082114936
4577089.465675161 645304.6778770564 4384458.33552053
4579342.711370298 640813.767073219 4382763.859455488
4580476.934402003 636001.1217402825 4382279.615286584
4583779.677010101 626595.7092009828 4380180.668630014
4584508.836817011 622375.9009088604 4380019.173829564
4585017.978484241 620896.6186669108 4379696.168218097
4587041.218443964 619051.028218747 4377838.471752633
4589131.162475239 610935.0206555532 4376788.157328986
4588320.55658108 611234.6150319984 4377596.111502541
4590170.779153413 611807.2373274545 4375575.976092736
4591824.8307686 606889.7793464339 4374525.1764347805
4593588.865527432 601087.4977985907 4373474.151574766
4595925.217189688 596743.3337772328 4371614.094541322
4600463.859634092 591373.3985270734 4367568.062402134
4604412.745601282 586326.9330027757 4364085.8144381195
4608535.919122492 579823.8138277291 4360601.108456961
4609803.05207281 572138.8219727122 4360276.824869252
4612623.323520549 562927.0325910423 4358492.8853093805
4613314.078064707 555331.4899166834 4358736.18763936
4611787.605558361 554004.5720748489 4360520.039552445
4612583.5546372 553120.2142986584 4359790.359641694
4613502.4848679975 546697.2038626635 4359628.193941033
4613618.36741342 543771.6268605355 4359871.440499935
4611463.871676054 543844.1089051339 4362141.165234761
4612200.9092057925 544094.2660305062 4361330.668820467
4615536.3063049605 539832.6722938496 4358330.677117655
4617766.426925786 532497.0526132159 4356870.564443624
4617311.623996495 527790.582087912 4357925.133405362
4617680.233552417 527914.3636337 4357519.556505573
4618408.119552844 528242.560251631 4356708.303155854
4618262.863597013 524143.4340586785 4357357.31645385
4618012.944482764 522972.17345542705 4357762.906627773
