-6276109.610909075 5915.095705415901 1095469.8368725383
-6276799.775333463 15337.145683016664 1091416.6721908236
-6276726.713793013 25963.390813169673 1091635.7738250608
-6276806.921600611 33194.24647426143 1090978.4649330413
-6276589.524300633 40971.21713150746 1091964.423782349
-6276868.54047742 47327.370666407194 1090102.0344677225
-6276771.406134193 56748.61575630606 1090211.589438462
-6276660.456148613 64307.155456468245 1090430.6983836154
-6276748.401563699 71977.45608064477 1089444.697671108
-6276871.208209398 80634.75824016285 1088129.9882437938
-6276700.399381226 90384.24425604627 1088349.1097978703
-6276383.162762278 100021.72831356183 1089335.140376621
-6275867.896187029 107025.63671546735 1091635.7738250608
-6275397.908219082 117316.3907088442 1093278.9936656673
-6274656.272759441 126943.35878927207 1096455.672783852
-6273614.388762841 134590.27667992894 1101493.9666339809
-6273112.210949208 139946.90886360145 1103684.307915749
-6272591.991461884 145850.15031814098 1105874.5147169319
-6271975.522884803 153064.7162926098 1108393.0859402553
-6271579.387335502 156559.8937785103 1110145.0301688164
-6271216.940615141 159398.43972116814 1111787.399261266
-6271549.773924564 163788.1743007012 1109269.0688674217
-6271887.690511511 169274.1131190938 1106531.550493675
-6271961.701741751 176396.8295297166 1104998.4481512087
-6271657.84011271 182961.33924994216 1105655.5000960457
-6271527.8887988925 191831.6293156618 1104888.938315435
-6270829.4407926705 201779.71889245944 1107079.0710385418
-6269862.746598378 211717.54859860634 1110692.4949927628
-6269075.628101537 219359.1437612008 1113648.6587751398
-6268200.439195041 225900.84436032688 1117261.4119320498
-6266907.973715886 233411.49322740236 1122953.4824762782
-6266234.464514273 240833.97425976352 1125142.4943427225
-6265860.57223272 246405.39011408234 1126018.06071758
-6265887.065919913 252649.85873436288 1124485.8051656496
-6265724.186237151 261406.61528306088 1123391.2958043807
-6265517.642778235 272243.6716428729 1121968.3824801343
-6264925.419276778 282954.6489115236 1122625.1188883374
-6264358.1835377235 291474.98326023604 1123610.2004153377
-6263278.654757651 303038.2253294422 1126565.2785552966
-6262337.281742897 312962.89133161184 1129082.3700431897
-6261401.083188874 320147.1539752172 1132255.834713505
-6260678.325868854 327231.6977369525 1134225.4255623748
-6260068.843985192 335745.92418006185 1135100.7633520365
-6259577.163708163 342622.52658007934 1135757.2521728147
-6259307.77858004 349292.11622438784 1135210.1790201226
-6259040.664275153 358921.17670642823 1133678.3282138458
-6258003.995187105 370917.08501591446 1135538.4239494188
-6256772.984758574 380817.29665331496 1139039.5093081468
-6256223.261804934 392292.7352562446 1138164.2712350488
-6254617.26661585 404358.3350232275 1142759.0231751062
-6253300.507385285 415891.87544898083 1145821.8501453325
-6251794.007375778 422477.576589414 1151618.5942487419
-6250737.7600214835 428215.05368839175 1155227.390272691
-6250024.555780837 432988.6490713716 1157305.0081598596
-6249169.012665123 442026.4376119771 1158507.7814145577
-6248357.470136985 449422.4659684501 1160038.5219751012
-6247670.824236489 457484.7205995219 1160585.1982522074
-6246409.399629325 469012.0665977538 1162771.8149353832
-6244987.82929536 478881.0442228983 1166379.4225880473
-6243775.689470632 488983.58918008 1168674.9715331865
-6242449.950651856 497979.2236159534 1171954.0547536402
-6241199.480374147 507637.1051848755 1174467.8010132918
-6239562.5278185345 518029.0557463707 1178620.5321668633
-6238760.933150175 525637.9094527791 1179494.725357124
-6237586.092384428 535078.7649339206 1181461.5759343016
-6236500.77551742 543319.8986636681 1183428.3099058964
-6235312.787528614 553525.2392628178 1184957.9111433397
-6233976.929647844 564484.1431684693 1186815.1889531028
-6232640.762087019 575002.9804601728 1188781.6045149975
-6231129.997977493 584736.1844836257 1191949.4716054553
-6229602.437501677 595124.218176631 1194789.3687227115
-6228068.36480385 604302.8421849703 1198175.0782989399
-6227064.862328721 611995.5394139416 1199485.5814424846
-6225921.662048389 620990.617996789 1200796.0319707047
-6224841.02189603 629442.5361709812 1201997.2320180433
-6223573.159080186 639191.8329755401 1203416.7749512403
-6222592.7467618715 647652.8677009081 1203962.736510284
-6221403.072518414 655981.7711922702 1205600.566158582
-6220081.258016854 666821.2135155703 1206474.041524763
-6218433.989127994 676965.7151700635 1209312.6739359002
-6217002.156775396 684606.2072188997 1212369.3841760536
-6216264.09584286 690125.7876680987 1213024.3558686022
-6214092.569554404 708665.6105178773 1213460.9962739109
-6213045.200853903 716126.7503400905 1214443.415558594
-6212165.622233438 724266.3543991976 1214115.9457919684
-6211135.16293261 735575.9882075881 1212587.7095511595
-6209957.004906315 745989.3792506509 1212260.2209345205
-6208638.304382894 755836.0506534782 1212915.1948434208
-6207487.176360135 764713.1243089788 1213242.6768104061
-6205892.253835536 774304.7004767972 1215316.6519897706
-6204398.737431305 781267.6111800511 1218481.9353120662
-6203073.38556185 786490.3575651817 1221865.168826429
-6201838.502690515 790953.4851140006 1225248.0446552404
-6200698.407328646 795647.8039954329 1227975.909107849
-6199427.785679062 801314.4996473576 1230703.5397711783
-6198446.71309745 805037.6702990357 1233212.7530523315
-6197328.0353706535 809622.3381937946 1235830.8506856947
-6195449.0698596975 817956.5634984716 1239757.590420149
-6193169.23019806 822934.9663340962 1247827.6833412023
-6191605.278624342 828886.3818132312 1251643.894946068
-6190172.629846336 830344.2745330781 1257748.861439131
-6189446.800014177 833436.2584188237 1259274.9155554129
-6188915.45116811 836224.2477376913 1260037.9144248632
-6188933.977916281 839526.6633895128 1257748.861439131
-6188647.541654493 845208.5033907653 1255350.6247139694
-6187825.867178186 854889.4697317076 1252843.1793414408
-6185898.450141428 864307.4501421094 1255895.694779915
-6184270.660119168 873215.439589677 1257748.861439131
-6182215.346183115 880189.7974336614 1262980.7337848337
-6180731.3458280405 886362.9608613279 1265923.2726796053
-6179435.793347377 891020.7631940029 1268974.4975587341
-6178943.7301427135 896895.2164410724 1267230.9775471755
-6178637.148335926 901916.3502851203 1265160.4191926285
-6177835.462446343 911932.8503973676 1261890.8333554473
-6176487.524993406 924294.5662761364 1259492.9171508818
-6175245.20102993 934469.2552078452 1258075.8793602632
-6173688.724939242 946581.8750857682 1256658.7768034656
-6172322.435761967 956739.4333485794 1255677.6679010075
-6171172.4091808135 966821.2088097301 1253606.3362799191
-6170500.048402407 976428.0389899727 1249463.259699975
-6168950.013493099 985897.2077621345 1249681.330079917
-6167388.827460278 996027.145234376 1249354.2239390742
-6166164.2121472275 1004665.5134399603 1248481.9241539603
-6165131.81087003 1011788.9242750976 1247827.6833412023
-6164602.344667051 1018885.2520254387 1244665.3266362625
-6163573.569214661 1027337.2002872933 1242811.3830281429
-6162320.492194892 1035088.9477242256 1242593.2648192085
-6161673.995110177 1038408.5134483392 1243029.4997227483
-6161737.721261338 1042843.6529597668 1238994.095977321
-6161164.403323431 1050601.77890227 1235285.4315451274
-6160360.913883507 1057215.3352570636 1233649.1176966215
-6159488.640034089 1064814.1358528356 1231467.2343911456
-6158266.141482056 1073238.980006768 1230267.1345970891
-6156065.189243599 1084926.4755975793 1231030.839715477
-6154228.917377054 1093575.662178873 1232558.1948168185
-6152526.538186851 1102137.161479481 1233430.9361259257
-6151457.3913874095 1108817.0962553325 1232776.3823975122
-6148828.151580656 1117653.1839927635 1237903.3575526176
-6148478.440636509 1119696.0218640573 1237794.2816356209
-6147271.534323557 1128457.2618352748 1235830.8506856947
-6146790.204293804 1133692.7759341393 1233430.9361259257
-6146487.366844789 1138407.3857022626 1230594.4390399135
-6145911.571377464 1141629.445108421 1230485.3379337883
-6145062.855896008 1147242.2844119403 1229503.4111154224
-6143277.701902793 1154788.8194423635 1231358.136284835
-6141956.83581542 1160867.869254887 1232230.9106299207
-6141264.447949263 1164178.79930204 1232558.1948168185
-6140943.75448952 1166560.871826245 1231903.623064792
-6139897.511151037 1171137.0302249866 1232776.3823975122
-6139381.415608022 1176925.3270289826 1229830.7234268275
-6139073.4006913155 1184310.6218887523 1224265.9563206981
-6138814.801388172 1195043.8678084319 1215098.3451025512
-6135909.335173146 1212717.109335407 1212260.2209345205
-6132358.459916066 1229039.569193885 1213788.4726967744
-6128900.525607493 1241258.6715478592 1218809.360612004
-6125127.526936564 1252629.675832128 1226120.986684707
-6122024.501854711 1261237.2456019039 1232776.3823975122
-6120384.137688648 1267582.025397126 1234412.741354896
-6118904.55030255 1274071.0201804645 1235067.261254642
-6116932.6066910215 1284134.5993239472 1234412.741354896
-6113981.25925932 1296555.819159229 1236049.015706965
-6111091.458698626 1307427.2756615523 1238885.0238326888
-6107799.616912357 1320776.1902533511 1240957.3300098262
-6105301.253271926 1332175.5928003744 1241066.3949778127
-6102845.350452493 1344589.4337886241 1239757.590420149
-6100395.35286971 1356558.7643519172 1238775.9513106705
-6098379.597327247 1367173.0819601885 1237030.7396610011
-6096016.209744185 1375809.1111130223 1239103.1677445343
-6094004.904694176 1384300.245930204 1239539.4510385299
-6092903.162138604 1389530.6389162028 1239103.1677445343
-6092009.401861523 1394025.5331681764 1238448.7314806327
-6091260.3640192235 1399225.3711630981 1236267.1792221467
-6089496.9882436255 1407550.4551319994 1235503.6003304555
-6088682.39313446 1413072.546348387 1233212.7530523315
-6087192.751367759 1423255.4558061995 1228848.776381249
-6085637.613321871 1432416.935980959 1225902.753417662
-6083464.317191094 1443564.511368633 1223611.2139808675
-6080794.757155252 1455043.9077852105 1223283.8377786041
-6078151.788728097 1465407.464130879 1224047.7103654642
-6074523.9912286205 1478113.9052966172 1226775.6775208295
-6070899.2244954035 1489695.4061873858 1230703.5397711783
-6067375.461845032 1501298.8645667268 1233976.3872341497
-6065636.638611378 1508398.044232174 1233867.2977641535
-6064333.400970763 1515493.6951457418 1231576.3321223299
-6062387.2238707375 1527041.5372860495 1226884.7913524366
-6059760.0331898825 1539433.339484886 1224375.0787389325
-6055414.099432048 1555667.3506024503 1225357.1637155844
-6050726.223572979 1571247.9466835062 1228630.5618082066
-6047225.652622215 1580933.595087203 1233430.9361259257
-6043615.200932026 1590361.5731011273 1238994.095977321
-6040703.740119599 1597150.7247235365 1244447.221307588
-6039335.529195453 1601977.7184444934 1244883.4304483505
-6037128.843544088 1609176.8000277248 1246301.0682417606
-6035531.052437723 1615748.0222098937 1245537.7327824347
-6033651.599816014 1624841.2963281474 1242811.3830281429
-6031065.246089095 1635326.6795080786 1241611.714146323
-6027845.402917812 1649371.1416322915 1238666.8784112995
-6020111.772311857 1674391.2871597453 1242702.32411295
-6016473.086048572 1684924.2790190515 1246082.9742939658
-6013561.420688784 1695206.620226201 1246192.021457669
-6011196.107659904 1702696.908750836 1247391.5151967197
-6009147.443012118 1710390.0823088025 1246737.2515813448
-6006950.731529878 1718721.7961834038 1245864.8788278564
-6003244.4446442565 1732406.9625525342 1244774.3787318966
-6000163.985708045 1744912.3395428369 1242157.02385942
-5996395.418668041 1758127.5537705217 1241720.7768455087
-5992512.927592488 1770627.218327218 1242702.32411295
-5988905.650861217 1783094.24315392 1242266.084667024
-5985106.269765708 1795504.0721912864 1242702.32411295
-5982003.363634595 1806415.070801902 1241829.8391664443
-5978950.995919097 1815746.3381041186 1242920.441564753
-5975774.501927921 1827433.8032784911 1241066.3949778127
-5971679.211009831 1840551.6459544087 1241393.5876133363
-5968025.168923959 1850608.8727195673 1244011.0061015403
-5963171.821566917 1862688.7252664713 1249245.187797599
-5958983.632359484 1873716.1485078128 1252734.1553948412
-5954557.983759768 1885123.0561227598 1256658.7768034656
-5950126.181950342 1904879.3902912557 1247827.6833412023
-5945534.970272436 1920011.6925028549 1246519.1606709757
-5942249.9339481965 1930295.409980584 1246301.0682417606
-5937943.45969617 1943572.462015945 1246192.021457669
-5934844.40358441 1951621.90121877 1248372.8849690803
-5931064.507651245 1962315.9494453303 1249572.2950802667
-5927643.028172726 1971174.9766267564 1251861.9500870658
-5922725.9047488095 1981831.3109690233 1258293.8893915808
-5919285.704341174 1989529.7949704847 1262326.7981417885
-5916167.854296643 1996989.7429619876 1265160.4191926285
-5911820.275965991 2008518.7761687017 1267230.9775471755
-5907893.494480136 2018808.0720995197 1269192.4306050357
-5903963.946101782 2028634.1192148528 1271807.5064598594
-5900933.4450065605 2036002.4795618819 1274095.5147950589
-5896111.499375019 2047821.669628483 1277472.738001746
-5891090.995116585 2057953.2459009266 1284334.9738063398
-5886985.646865576 2065054.1244269588 1291740.088712088
-5882155.480978225 2072241.7324087296 1302191.2686166677
-5877243.087061753 2079163.2358253666 1313291.6410215306
-5873240.2970241895 2085708.7786994039 1320798.3585193683
-5869869.601584849 2092013.7471350022 1325801.773338796
-5866194.744061504 2099477.771144442 1330260.6185314052
-5862516.946288882 2108902.39857677 1331565.5176343513
-5857422.422430878 2122670.16331098 1332109.2083584298
-5851905.91844506 2136746.381525415 1333848.9504834204
-5846855.454030395 2149717.8714647605 1335153.688823894
-5840758.0560943205 2165894.507935172 1335697.3125171552
-5835876.463108992 2178346.627451804 1336784.5293837872
-5830798.728924436 2190840.1827907837 1338523.9916573886
-5826977.366482837 2200785.3375537717 1338850.1292172535
-5822012.040474684 2212505.1650897358 1341132.9893112967
-5817280.106744677 2224195.7686704793 1342328.701287793
-5813007.746226472 2232918.0170027018 1346350.2782172812
-5807664.812213629 2244951.727140922 1349393.26061109
-5802845.952321354 2258935.588125593 1346785.0096906195
-5797809.867653908 2270152.628269161 1349610.6041735087
-5793353.325284328 2279376.53431128 1353196.5353370204
-5789597.462498659 2287355.937385538 1355804.2033922952
-5786105.800162531 2295789.0938692843 1356456.083253844
-5783960.382135993 2300548.1115209367 1357542.516630217
-5782017.031644173 2306322.9916554606 1356021.4983318374
-5779511.800071279 2314565.5233216905 1352653.2412586156
-5774707.861194109 2327976.4632127397 1350153.9558844643
-5769050.953860148 2341395.8465385493 1351131.9630507384
-5763935.8449816415 2352336.0018884474 1353957.129733156
-5759568.0664871605 2361701.2994045005 1356238.7916191088
-5754614.424366265 2371880.90664993 1359497.992475612
-5751122.1093617305 2378783.1543762307 1362213.7085151337
-5747382.2269027345 2386874.687096746 1363843.0136857291
-5744626.756467664 2393375.037592512 1364060.2473149232
-5742665.891636115 2399618.72892295 1361344.7075746094
-5739858.7058905475 2407982.738772221 1358411.6335586642
-5737666.0426018555 2414485.537936011 1356130.1451820235
-5735294.936249233 2421268.0243378263 1354065.7844259702
-5730668.651276806 2433586.956535671 1351566.6222028136
-5725195.282282759 2446255.5763221607 1351892.612244023
-5720186.103761838 2457467.635149527 1352761.9008985125
-5715819.805893556 2466234.5144091127 1355260.958816491
-5709214.021122089 2482318.425016886 1353739.819110244
-5706804.796568626 2489328.4363846267 1351023.2972336912
-5702599.656349709 2500061.7871814887 1348958.568553934
-5699274.985242408 2508215.9451165367 1347871.8096515383
-5694251.658110274 2519541.160553709 1347980.4873899575
-5690308.447587623 2528492.1111325664 1347871.8096515383
-5686667.560990435 2536150.037528012 1348849.8945122713
-5682560.569323487 2545741.931135304 1348089.1647177583
-5679865.2323553655 2552036.8981126635 1347545.7739729013
-5675993.937839164 2561378.5362915075 1346132.910019749
-5671977.728752427 2569462.4184835674 1347654.452942977
-5666961.116179353 2580791.4514610474 1347111.0539880702
-5662293.81952682 2589771.0777717535 1349501.9325978402
-5658484.549147244 2597349.277012678 1350914.6310050988
-5654795.109009687 2603905.1014342834 1353739.819110244
-5650075.114261251 2610461.8929130253 1360801.568508304
-5645787.577326911 2616496.60510333 1366992.7385263906
-5642560.783537851 2622541.8936765282 1368730.3678929084
-5638072.154719212 2631951.9832419027 1369164.7585622664
-5633781.297243323 2641574.4229154466 1368295.9705525246
-5628532.357377546 2653747.6331294603 1366341.1000236215
-5622747.490954026 2666149.643403209 1366015.2751529377
-5616824.538564534 2677884.627159354 1367427.1558671484
-5610514.987141227 2690637.2323361267 1368295.9705525246
-5605817.336610299 2699584.909796969 1369924.9261751187
-5601151.470367173 2707823.0207883487 1372748.2267671393
-5599754.454038201 2710765.84447175 1372639.6435061474
-5596093.315557659 2718644.728637664 1371988.135160625
-5592193.832973756 2727857.6434911997 1369599.142558481
-5587440.916561261 2737742.771465567 1369273.3551870098
-5584085.15614648 2746257.9901746567 1365906.6660304416
-5578187.292285471 2758486.8557354417 1365363.6141774382
-5571250.848808598 2771291.5414573923 1367752.9644991402
-5566235.973822398 2778620.0779010346 1373291.1367989918
-5563244.415083423 2783801.018438218 1374919.8041287514
-5559534.545627623 2790078.386318923 1377199.7800497427
-5554949.726102013 2797858.5483370544 1379913.7958497407
-5553231.520518753 2801855.2380956993 1378719.661233811
-5550355.890177699 2808186.807487154 1377416.910969526
-5546699.240822451 2815827.249144447 1376548.3772229936
-5542680.465600613 2824258.6095027816 1375462.6723029574
-5534735.222681106 2839218.672358563 1376656.9454092795
-5530232.286946611 2847401.975815432 1377851.1677738063
-5525631.664248776 2855900.5246644407 1378719.661233811
-5522124.693156225 2861419.433097506 1381324.9802730042
-5519537.338115647 2868026.4212685516 1377959.730925665
-5517923.690783218 2872326.858105554 1375462.6723029574
-5514197.761006828 2880302.487671667 1373725.457294761
-5509981.9337777905 2887532.2554983804 1375462.6723029574
-5507860.902365723 2890955.897608901 1376765.513176212
-5506454.826327906 2892547.354430037 1379045.3393525188
-5499375.506553563 2906241.6940203835 1378502.5403880407
-5494751.915136992 2914357.5432766792 1379805.2402584509
-5490821.059281088 2920627.7738904287 1382193.3661160257
-5487163.398706847 2926673.2706906237 1383930.0569454257
-5484539.154774292 2931178.0492887935 1384798.3618979466
-5481726.025521132 2937305.104778628 1382953.1816246388
-5478343.730510707 2944729.345498862 1380565.12056906
-5473962.088367897 2954083.112415464 1377959.730925665
-5468592.060163615 2965373.304924078 1375028.3786013739
-5462044.903805383 2977014.280483171 1375896.9593007027
-5455606.024101443 2987847.199864028 1377959.730925665
-5450293.046047307 2995828.4754006853 1381650.628120864
-5445076.479884701 3005099.778760099 1382084.8193589414
-5440999.117890471 3011279.410308934 1384689.825254952
-5435975.9301863015 3019042.585507024 1387511.640790891
-5433317.461651508 3023276.314422302 1388705.399847611
-5430391.491632372 3028230.1281619337 1389356.51957987
-5427577.396578919 3032873.2270450355 1390224.6555212045
-5425395.202289944 3036626.0951267565 1390550.1995125841
-5423198.154409788 3041490.236993196 1388488.3565523147
-5420311.819415407 3048457.96803316 1384472.7507035946
-5416554.682782987 3056307.896822709 1381867.7245817846
-5411847.785554492 3065368.4246380436 1380239.4601014028
-5408574.325357458 3070750.0373655176 1381107.879603831
-5405456.4684157865 3075845.079192229 1381976.2721808502
-5401499.587049081 3081960.613050248 1383821.516928952
-5397996.518019449 3087459.3925452204 1385232.5042512561
-5394859.286399835 3091916.190102059 1387511.640790891
-5392363.162101122 3095488.736954936 1389248.000682356
-5391794.795023493 3095162.4655532576 1392177.862267549
-5390331.91568416 3097075.093903438 1393588.4261430062
-5387128.567833505 3100739.736933585 1397819.6870244641
-5385609.657734024 3100240.9013074827 1404761.8902796905
-5385727.734608808 3096930.8036407176 1411593.9097795587
-5387600.398885367 3092879.689525751 1413328.754412549
-5390174.833884386 3089481.3841467444 1410943.3146551785
-5389990.647747896 3090000.7367750946 1410509.5759758598
-5391436.866880927 3087080.229467549 1411377.0464577305
-5391715.588988918 3086989.9163318123 1410509.5759758598
-5389763.683052255 3090495.579956646 1410292.7040580737
-5386367.384785909 3095422.482077944 1412461.3458643842
-5382400.778712708 3099394.344067277 1418857.8354707062
-5380429.347996287 3099384.6211154484 1426336.5667377727
-5381878.400546596 3096967.571342548 1426119.8209767141
-5380005.704624917 3101016.7256472404 1424385.7923538159
-5378290.305205255 3105282.51525002 1421567.7589962673
-5375736.140064926 3110692.2125935466 1419399.8418027693
-5374201.7082965 3115315.7658766634 1415063.488831253
-5370396.589339095 3122509.2104522646 1413654.025515364
-5365155.6471992815 3128364.3701456315 1420592.2176785918
-5362639.532515421 3128778.8021988324 1429154.103382149
-5362836.403098949 3128391.8427415793 1429262.4643027165
-5361026.771302017 3130848.625117314 1430671.116638657
-5359046.9446822 3134335.1827690336 1430454.4056867315
-5357330.532732834 3136971.5296414103 1431104.5333125559
-5358071.897693654 3136149.9679517644 1430129.3359908657
-5355926.138545404 3139665.0126562114 1430454.4056867315
-5351810.474962166 3145541.29460125 1432946.476335918
-5348295.443755667 3148501.0615089736 1439554.7617160114
-5347064.46423887 3150541.6723752012 1439663.0806897676
-5345881.270152609 3151855.976002389 1441179.500259964
-5345751.755398853 3154546.378479652 1435763.3216066654
-5343487.195110273 3160003.6393887126 1432188.0444769259
-5341755.388185824 3164644.7641700986 1428395.5647503592
-5337163.483226717 3171748.2126751114 1429804.2623742193
-5334355.870588683 3176760.4559837403 1429154.103382149
-5332363.60913977 3180492.8884127494 1428287.2003479544
-5329671.613815005 3185827.4160712417 1426444.9389665881
-5327202.646020663 3189275.3403015556 1427962.1045303843
-5325115.0049180435 3193583.1663844376 1426119.8209767141
-5323886.756171741 3196258.6832137704 1424710.9311855945
-5322127.789490499 3200006.5990703823 1422868.4261866857
-5321768.582521548 3201181.853732919 1421567.7589962673
-5321778.131915983 3204477.2508092886 1414087.7142902317
-5319703.853428184 3209303.7990584797 1410943.3146551785
-5315294.671988295 3216268.0315740737 1411702.340795495
-5312766.196583911 3218919.8214161666 1415171.9060698752
-5310761.920829184 3220747.4300027206 1418532.6264846986
-5311531.9823893225 3218425.505850672 1420917.40201364
-5310516.52733058 3221486.0999572244 1417773.790395047
-5310679.538153446 3222979.922782533 1413762.448355099
-5306966.232725145 3231127.966994872 1409099.8778009545
-5304079.088752547 3237750.770500376 1404761.8902796905
-5298426.105989533 3247134.1023535095 1404436.513588801
-5288408.993767038 3261599.4704147344 1408666.1099189625
-5285064.773155716 3265142.0352954115 1413003.4794350134
-5282967.563435444 3267032.1862355196 1416472.8792991878
-5282301.022244926 3267639.6878522835 1417556.9761963154
-5280696.89561965 3269196.6100566243 1419941.8373254845
-5279392.964191934 3271066.5907282177 1420483.822034724
-5277655.52068155 3274198.224701987 1419725.0404137843
-5275028.355751997 3278053.476849241 1420592.2176785918
-5271798.869634816 3281788.783124024 1423952.2678370997
-5269934.838901881 3284969.132412463 1423518.7363802132
-5266077.998226435 3292272.354051266 1420917.40201364
-5261564.6922144145 3299293.77220614 1421350.9750671764
-5257381.678392107 3304602.1304402375 1424494.1723983453
-5254379.860299128 3308859.5903351335 1425686.32424181
-5251569.208540598 3313365.261982487 1425577.9489722794
-5248123.103440689 3318494.973556353 1426336.5667377727
-5243032.392163899 3325276.100244224 1429262.4643027165
-5238608.952448029 3329911.5110438955 1434679.9545364548
-5234971.140737469 3335301.3351698364 1435438.3160763653
-5231848.198915508 3338706.0800209064 1438904.8386658467
-5227893.969153508 3343634.8067313526 1441829.368026253
-5223142.021125722 3349980.1586620654 1444320.3812593627
-5218317.82890749 3356277.305307917 1447136.028983199
-5214664.5127970185 3359849.1272832993 1452008.560880094
-5211774.021134954 3362365.056889049 1456555.4492824164
-5209120.902778721 3365677.137607858 1458395.6341190753
-5208902.004742818 3366437.830549432 1457421.4346001248
-5206122.006499663 3371343.5482312436 1456014.1940377816
-5201256.5623132745 3377864.5705196154 1458287.3915046519
-5198476.103292852 3380833.7518488197 1461318.0166729626
-5196324.397346654 3383953.0083291773 1461750.934653312
-5195172.197308892 3384364.926245706 1464889.3768153957
-5195419.807732968 3382201.849187257 1469001.2500914503
-5196910.452446407 3379299.2860478153 1470407.7953309435
-5196872.149656652 3378887.2307180907 1471489.7017014066
-5195638.318930411 3378472.079206039 1476790.3943644776
-5196530.227162857 3376342.733425576 1478520.9990483925
-5195349.999778684 3376736.615365946 1481765.5719602043
-5194906.6952165 3376706.433980591 1483387.7061337875
-5193778.163086133 3375586.0537876394 1489875.225018532
-5192288.829122925 3375391.5584081113 1495496.420053402
-5193580.390116831 3372492.801372942 1497550.011212178
-5193487.738090315 3371530.6556581617 1500035.7169956958
-5196391.180242067 3367102.129889115 1499927.6478546052
-5199156.609150992 3364515.101932306 1496144.9403019112
-5198801.203142633 3366216.4479885157 1493550.7609366025
-5198478.651508161 3366522.6985887787 1493983.14237491
-5197761.750140212 3366573.512793417 1496361.1100724177
-5199119.808176844 3364620.0304794786 1496036.8547330138
-5200180.887290173 3364276.633394517 1493118.37221891
-5199767.250841307 3365682.865269587 1491388.7445964355
-5199606.057896335 3365836.0778060122 1491604.9544122526
-5200453.065082547 3367157.2090526517 1485658.523146654
-5197386.91936751 3373933.003355519 1481008.5412501544
-5195038.626337286 3379630.4408883844 1476249.5567769676
-5191837.685828664 3387228.6291175485 1470083.2146840242
-5187735.110251511 3395146.690079303 1466296.1429081412
-5186289.726109007 3398986.4215906872 1462508.523974574
-5183248.619661311 3405664.523330113 1457746.1717698989
-5179745.847916767 3412560.21635207 1454065.5833765278
-5174771.889228013 3419913.837770979 1454498.6203768326
-5172406.473286147 3422892.076030455 1455905.941658141
-5169576.163858449 3425691.620645847 1459369.797653556
-5171059.177102308 3424466.7696751277 1456988.4454918632
-5169030.873523513 3428447.1298765386 1454823.3934749875
-5168477.6453533815 3428729.6848560926 1456122.445973895
-5166264.13527099 3430638.387758188 1459478.0358239685
-5167903.261530161 3427569.3470290992 1460885.0915703266
-5167633.155435356 3428299.3428978557 1460127.4555090577
-5167395.46472459 3429440.624201315 1458287.3915046519
-5166134.437281634 3431201.9271841454 1458612.1180151305
-5167072.953645995 3431305.4311344507 1455039.90665799
-5166410.271359739 3435414.947821783 1447677.4655534467
-5165012.577306285 3439427.947153063 1443129.0561174199
-5163431.305695145 3443841.023401649 1438254.8998363244
-5162990.856547507 3446803.124940954 1432729.7837010704
-5161106.5640478805 3452451.369619556 1425903.073477972
-5159117.5796625335 3457119.5405483157 1421784.5411932208
-5155641.257367864 3462879.997149846 1420375.4259581524
-5151019.358897625 3469307.3993989346 1421459.3672482225
-5146003.652551224 3476122.034621092 1422976.8123027093
-5143836.06879659 3478973.999144001 1423843.8856234364
-5142067.346912773 3480656.0668975576 1426119.8209767141
-5141334.989026319 3481338.0941452147 1427095.1632134048
-5139302.994237588 3483626.4683110616 1428829.0180085076
-5136448.393572491 3486010.8538291543 1433271.5120143536
-5134340.8869421305 3485496.8121859087 1442045.9871017172
-5135167.352224427 3482393.0538832876 1446594.5813923802
-5134103.398536639 3483241.5488485415 1448327.1748847845
-5132105.668734983 3485418.9668911085 1450167.9317147955
-5130732.078947539 3486449.214838416 1452549.8980796647
-5129153.408189255 3489041.6817548014 1451900.2921131267
-5125707.942272238 3494685.94437109 1450492.757907611
-5121932.702844739 3501023.7670650976 1448543.7411327632
-5117721.832076196 3508114.6193524925 1446269.70754973
-5112100.978883844 3516077.6504405905 1446811.1617509122
-5111080.289634985 3517872.885564257 1446053.1227851138
-5106983.871290403 3523861.5591027304 1445944.8297420496
-5104918.498216226 3528094.6416215305 1442912.4458300415
-5098939.773259174 3537392.207513372 1441287.812652059
-5094015.7231031 3543862.444607473 1442804.1400270315
-5088876.679012289 3551105.978873974 1443129.0561174199
-5085031.31001039 3556346.4584028074 1443778.876428045
-5080019.192289454 3563546.166296517 1443670.5741422486
-5073937.19630569 3572244.4340341333 1443562.2714166853
-5071250.6673799455 3576843.6303151855 1441612.7471939633
-5065554.07995588 3586081.307371329 1438688.194142249
-5059912.167953601 3594297.6843849765 1438038.250054525
-5052087.010912998 3604683.0543315355 1439554.7617160114
-5046711.070938939 3610692.684071691 1443345.664646389
-5042504.129542399 3616738.41702944 1442912.4458300415
-5037366.851473453 3622248.8763672747 1447027.740346549
-5031218.046312762 3629963.9393962063 1449085.1490302295
-5027441.537674557 3633246.57683783 1453957.3230190347
-5023934.367359011 3636187.4794683396 1458720.359296697
-5021253.535667218 3639324.3527086326 1460127.4555090577
-5015071.673281683 3647274.8848548546 1461534.476553555
-5012062.5606329385 3652447.5606989134 1458936.8405267415
-5007463.038572502 3657800.510071215 1461318.0166729626
-5002626.1384070255 3663246.336641534 1464240.0747176649
-4999710.476650012 3665536.8830326186 1468460.251012477
-4997644.317661709 3666704.9602139746 1472571.5632477307
-4995378.52449051 3668530.7967015766 1475708.7079471743
-4991539.739641337 3671749.8069803 1480684.092749502
-4988626.080145931 3674573.5685864193 1483495.8447983305
-4985629.344695881 3677066.27377945 1487388.5355014119
-4980179.805936573 3681643.033224503 1494307.423675276
-4974897.642378569 3685263.286699396 1502953.4109751126
-4971455.580305828 3688495.133933884 1506410.986415097
-4969399.051755054 3690736.009413202 1507707.4561189546
-4967681.497634497 3692959.2702655713 1507923.5279746316
-4965357.780209535 3696347.4219467617 1507275.3068965774
-4963236.818685194 3700426.0630877097 1504250.0567621314
-4960018.711818267 3705439.984520073 1502521.1810595386
-4958215.877980657 3708814.4911314487 1500143.7856798493
-4956162.7474026345 3711732.3736263136 1499711.5082017444
-4954308.730558455 3715340.068178211 1496901.5265212983
-4952563.902633137 3717273.8033822877 1497874.2473996347
-4951744.0793918185 3719496.6079318253 1495064.0641095382
-4949429.333559103 3722489.391122712 1495280.242992447
-4947680.351261378 3725637.5093120025 1493226.47008066
-4946212.99830682 3727238.8375451877 1494091.236596836
-4941157.871259581 3733851.257728197 1494307.423675276
-4938878.88739248 3736735.5290944306 1494631.7008789135
-4935897.937996117 3741664.661492338 1492145.470999765
-4928033.7744618 3752660.74399995 1490523.8871636807
-4923190.313794547 3757939.973337787 1493226.47008066
-4919855.17407856 3764915.981233458 1486631.6693604116
-4917332.913896861 3768976.977148695 1484685.3402757416
-4915873.030105058 3770582.79763644 1485442.2634535083
-4915268.26545875 3771754.2936336384 1484469.0724398224
-4915471.753013386 3773273.7019506483 1479927.0304630415
-4914335.500426581 3777038.228108017 1474086.0940452826
-4912306.786227736 3779845.0700764586 1473653.3799369596
-4910722.024025716 3781355.4658827526 1475059.6745174075
-4910219.212421961 3781923.974439381 1475276.0207916633
-4910575.529258671 3781925.3243273124 1474086.0940452826
-4909509.40279753 3783562.0480412934 1473437.0201892632
-4907843.067424291 3786648.7679060735 1471056.9445302726
-4903661.847431128 3791347.85089129 1472896.1129659938
-4901029.809696379 3793277.923211657 1476682.227746556
-4897981.559299576 3795021.171696994 1482306.2946411793
-4898160.184974071 3792971.0686589037 1486956.0432814797
-4895477.490946383 3795542.8371621 1489226.5465350735
-4894465.599763565 3796126.2319448926 1491064.4264655195
-4888353.613549809 3802465.8558284617 1494955.9739849337
-4882432.356228712 3805936.144534128 1505438.5907700257
-4881083.0812170785 3805569.1936549917 1510732.2948029207
-4880574.4459743835 3804761.7657299833 1514404.8280896023
-4877630.326086789 3808492.388401831 1514512.835707842
-4873909.079011505 3812437.8310438283 1516564.8927609574
-4868685.247035017 3818634.736773466 1517752.84958079
-4862330.759148321 3824490.9292907077 1523367.8874169597
-4856062.494528128 3831372.812247456 1526066.9784803924
-4848041.637858102 3839755.8369379696 1530492.8586226471
-4842286.261381546 3844558.2462551687 1536644.6088757522
-4837536.972673344 3847812.806233239 1543442.1421633835
-4835806.145587735 3849468.593557494 1544736.6990883525
-4831801.48519351 3854277.7859184374 1545276.077811816
-4827661.675829392 3859807.252267413 1544413.0662073672
-4821127.857569007 3868395.8619625657 1543334.259362817
-4812723.585755048 3878803.8157286546 1543442.1421633835
-4804504.581671127 3888251.350934463 1545276.077811816
-4797043.085277891 3894837.992989558 1551855.5494480291
-4794527.07845144 3896128.578267752 1556384.6554117685
-4791541.424455142 3898981.6036187657 1558433.262084978
-4790855.389750056 3901760.0699948124 1553581.0216068267
-4786425.430725537 3908862.979768467 1549374.971238217
-4778486.107333201 3919927.629531557 1545923.3167459161
-4769777.522006976 3929245.345746344 1549159.2569802757
-4762116.135211367 3937465.5894886125 1551855.5494480291
-4755683.304327323 3942639.100471855 1558433.262084978
-4751123.989157246 3946000.235744996 1563823.5127900385
-4747925.662237644 3947967.0428373767 1568565.9484175732
-4745375.187036967 3949489.927559425 1572445.4350979957
-4740626.240609102 3953386.801315342 1576970.718191705
-4734884.869544055 3957293.588628966 1584403.2711272899
-4729377.371716094 3959986.5604370995 1594094.4504819387
-4724200.163920193 3962950.691436783 1602059.808015028
-4720750.313860798 3962303.2134081875 1613787.6933470317
-4718289.132957281 3961500.894415679 1622929.2410210015
-4716250.108355302 3961192.527676852 1629594.9417311258
-4711235.068013359 3963435.4168556533 1638622.845665048
-4708086.74175254 3964015.44432489 1646250.8281813227
-4703669.662040357 3965770.928189559 1654627.950787634
-4697758.4033846995 3968508.409794797 1664826.7131495741
-4693206.061320079 3969016.1023206767 1676415.5348563378
-4687802.661511284 3970765.6809061063 1687355.0646102878
-4686866.933844433 3967023.6630260106 1698717.928741371
-4684950.557212544 3966805.299442964 1704504.3246601322
-4681994.35730894 3967389.8602564177 1711253.205946393
-4677244.748741834 3971787.6062232964 1714037.8558882389
-4671548.504797078 3976221.2003171574 1719284.8901437386
-4664620.137293661 3981568.9708204237 1725708.117079613
-4662157.66118827 3980733.13996107 1734269.4746316678
-4658827.3563728435 3982531.40122979 1739083.753512384
-4659246.3493537735 3980638.2256860705 1742292.6769749064
-4653941.672726048 3984685.406723973 1747212.098259647
-4652875.026416613 3984194.3852421115 1751168.2069846485
-4647911.228074349 3989373.711500726 1752558.0178491396
-4641662.82867393 3993305.6446387097 1760146.9294929197
-4638776.140751846 3993781.7068737317 1766664.8221527913
-4637052.330078194 3994411.890773441 1769762.7905920425
-4635587.541705015 3995969.776125955 1770083.2442224673
-4631794.547607743 3999750.9744743337 1771471.8205330824
-4627180.167144074 4003385.5116338427 1775316.6326119893
-4624615.084749127 4005543.4326734976 1777131.9947817742
-4619577.392367134 4011068.440864285 1777772.673497098
-4615466.152988918 4014568.3998665176 1780548.7225591056
-4610975.732362978 4017736.0987908207 1785032.33473033
-4610880.188135278 4017086.583001765 1786740.1252920863
-4609434.488918395 4020640.9947330593 1782470.387928385
-4606227.930408475 4025920.0171803636 1778840.42802926
-4602102.8805096615 4030823.252788345 1778413.332716963
-4599734.219400096 4033290.5881802295 1778947.2005027507
-4598278.968980261 4034996.6858775127 1778840.42802926
-4595339.810303201 4039236.7342065484 1776811.648115511
-4594116.5058553675 4040862.7754604737 1776277.7261805502
-4595258.998170042 4041298.712519774 1772326.2837082995
-4594754.71368971 4043415.848795046 1768801.4005928515
-4588965.757818582 4052127.4790936965 1763886.9484018257
-4584229.084653579 4057067.1987757827 1764848.5612181681
-4582934.49965502 4058204.225993983 1765596.4521929582
-4582425.069155239 4059893.9815677623 1763032.1449161016
-4579941.719137378 4064547.5161017394 1758757.6122525083
-4578202.815337653 4067291.413461804 1756940.6761795555
-4577279.463548617 4069759.9328530934 1753627.041739397
-4573261.145575981 4075056.61024532 1751809.66935937
-4569034.052759055 4080025.034641414 1751275.1187142164
-4567249.5914894985 4083305.567156972 1748281.3887540784
-4564336.556282259 4087155.9285662966 1746891.3007313262
-4557719.133836345 4094579.5476112054 1746784.3671575757
-4552121.681801065 4100619.352948012 1747212.098259647
-4550381.392658628 4103369.6673354656 1745287.2412692874
-4546540.054524318 4109123.2625481384 1741757.8895448553
-4540426.887681489 4117007.696845887 1739083.753512384
-4533697.292633927 4124913.213418219 1737907.0287364586
-4530243.08012453 4129291.6915715304 1736516.2714187691
-4524892.720492848 4136141.603742699 1734162.478494907
-4521243.277725468 4140488.9607396442 1733306.4903863375
-4515791.727829496 4147104.5630942825 1731701.4216166907
-4514236.352473773 4150180.747402498 1728383.9035046392
-4511029.853713419 4155666.80437084 1723567.251358802
-4504953.751335475 4163315.8425725745 1720997.935301683
-4498909.254955473 4169537.4536259165 1721747.350364361
-4495046.528481672 4174716.418310147 1719284.8901437386
-4492847.617031424 4178227.606328928 1716500.9058680693
-4485510.930239376 4187199.6777634122 1713823.6645702694
-4483110.656423924 4190820.0041753696 1711253.205946393
-4480168.783591133 4197016.78363982 1703754.3216030907
-4476624.921175961 4203095.518803002 1698074.9026248623
-4470591.474694363 4210074.151605287 1696681.61549983
-4468572.987176496 4213768.780683389 1692822.8262917993
-4467078.259681455 4218402.359044681 1685210.479165014
-4465225.058410475 4223439.270414987 1677488.2732405898
-4460158.909683916 4229426.980886733 1675879.146512218
-4458411.716475767 4233389.548008734 1670514.5618048399
-4455675.7332635205 4238043.6931706965 1666007.3273496353
-4453312.816208219 4242463.089128904 1661069.8053888215
-4451168.71347455 4246055.3882670645 1657634.3758361018
-4448468.75758585 4250306.429815218 1653983.665413304
-4445688.942964427 4255672.618501841 1647647.2275755864
-4444095.689024068 4259204.077533467 1642813.1764506805
-4442125.548010309 4262376.027281796 1639912.2591674104
-4439513.703821039 4266870.128239526 1635291.528236604
-4437199.358828744 4269564.8910550345 1634539.228981668
-4436607.795129557 4271083.939381112 1632174.7011139344
-4435532.372199878 4272734.341677542 1630777.3669683756
-4434098.747065712 4275532.976157078 1627337.4177052788
-4431439.891448343 4279391.759403941 1624434.5656338201
-4429612.6934776995 4282261.336165632 1621853.94982476
-4428646.958981535 4283870.501373917 1620240.9204072037
-4424785.4913743455 4289563.008465565 1615723.8476073008
-4421067.338339626 4294648.467804023 1612389.2606486608
-4414361.693365193 4301782.625413613 1611743.8021719058
-4411472.803612512 4304825.67916328 1611528.645418249
-4406872.951124137 4310860.431234007 1607978.275683906
-4402757.676275868 4315263.786167655 1607440.2943138839
-4399468.324316223 4318216.640411347 1608516.244808473
-4398993.3773737205 4319861.388908488 1605395.8535014922
-4397010.095200679 4324551.722644117 1598185.1021953386
-4391784.324466795 4331643.618508135 1593340.8328432103
-4386518.197289325 4336580.702428684 1594417.4221867868
-4382956.047704759 4340022.695723518 1594848.044326809
-4380527.793205064 4343224.307509377 1592802.5199683956
-4374689.905280792 4349262.131573272 1592371.86093483
-4370217.392912967 4353165.175447791 1593986.7922757675
-4369392.700202047 4354623.194359953 1592264.1949636964
-4368331.523003394 4358279.18465756 1585157.1700356675
-4363597.338050224 4364816.054475543 1580202.5445978607
-4359178.286432845 4369385.216615801 1579771.6594216097
-4358230.379180086 4370875.574115598 1578263.5006840432
-4356073.845741618 4375275.115922482 1572014.4116500155
-4350750.034242658 4381689.356981858 1568889.2626471194
-4344394.101580752 4386911.255017998 1571906.6545907813
-4343188.174114326 4388143.766042463 1571798.8970527162
-4341084.432142666 4391227.079431018 1568997.0331011896
-4337481.818282924 4395708.236719139 1566410.4103665107
-4333471.460513461 4399469.962630111 1566949.3127828822
-4332010.938560856 4402134.660325924 1563500.1312907715
-4327700.825396744 4407899.663563946 1559187.9687238461
-4321368.005358313 4414222.576201601 1558864.525870552
-4316866.0556374015 4417482.9841926005 1562098.7619399831
-4314144.70449675 4420559.614917981 1560912.9250598326
-4312418.423301249 4423421.958205629 1557570.711729087
-4308025.4836101215 4428647.7646324895 1554875.0462276458
-4303687.719423096 4433468.070489093 1553149.6649198195
-4300758.7215105 4438193.717816189 1547757.0683050628
-4297909.526167946 4442229.4560097065 1544089.4290922857
-4293344.617248829 4448063.044303102 1539989.6595255174
-4288509.589370457 4453619.628623652 1537399.9822478676
-4286655.534767805 4455739.21127188 1536428.7836989989
-4285234.366108159 4457997.999170316 1533838.7356300075
-4284450.415443955 4461232.725636793 1526606.7618445281
-4280324.987972703 4467069.787793727 1521100.4267690564
-4276193.379496356 4472748.562372631 1516024.8939067908
-4262097.114634377 4486292.455954168 1515700.8890523366
-4256733.277227402 4491309.250187392 1515916.8927504031
-4245854.270920256 4500867.166902677 1518076.82809721
-4241985.455350795 4505422.655869809 1515376.8800425022
-4238163.943402377 4510503.574983669 1510948.3409116128
-4232735.643183496 4516717.166841495 1507599.4195021892
-4222979.309474362 4526056.215098389 1506951.1901586845
-4214795.562784674 4534073.000577983 1505762.7267801466
-4208593.526396335 4539937.904751034 1505438.5907700257
-4199796.623423613 4547611.795458079 1506843.1503279223
-4190935.225645219 4554096.975106387 1511920.5256139983
-4187100.670832831 4557586.933338966 1512028.5438341377
-4184266.049898334 4561048.305756945 1509435.9795035704
-4176166.933912629 4569000.23871152 1507815.4922764464
-4168185.851729951 4576602.607365873 1506843.1503279223
-4161173.095186229 4584469.322453234 1502305.0633554554
-4152441.9406357612 4592697.205450039 1501332.5110382822
-4140563.064702924 4602598.22108803 1503817.8488285155
-4133641.352479745 4607827.458724909 1506843.1503279223
-4128110.6408273187 4613312.125706869 1505222.4978036433
-4123372.0941765164 4617089.824451199 1506627.0692893995
-4117416.18706925 4622261.07237003 1507059.229530403
-4111859.8461323497 4627556.311278461 1505978.8151602075
-4107521.832839441 4632109.375899072 1503817.8488285155
-4098829.2973623117 4641201.68019717 1499495.3667215307
-4088000.8275784627 4649835.451963259 1502305.0633554554
-4076911.067624202 4658166.165001815 1506627.0692893995
-4070030.6421902226 4662605.94976754 1511488.4481281966
-4063490.3814927195 4667431.752338495 1514188.8114692143
-4057767.064649568 4670725.216271451 1519372.70053507
-4055390.4365932834 4672929.317182657 1518940.7504582142
-4052320.9535470777 4676642.674437429 1515700.8890523366
-4045824.0997369764 4683660.700460507 1511380.4276055996
-4036208.716391164 4691531.686986006 1512676.643481427
-4031004.085130453 4696247.799029422 1511920.5256139983
-4024142.8346300228 4702683.813706952 1510192.1714783474
-4017980.188106248 4707776.985098719 1510732.2948029207
-4010362.78908352 4714994.015584681 1508463.6995748011
-4004798.1634450313 4719790.434933472 1508247.632313016
-3998020.6223284206 4724324.479337495 1512028.5438341377
-3994323.6597075555 4726309.099483289 1515592.8865107237
-3989195.8919722904 4729945.393243012 1517752.84958079
-3983856.4104205505 4733160.807777548 1521748.2935326945
-3978609.6255688695 4736147.855779266 1526174.936083084
-3972794.6904726536 4740470.254253605 1527902.1944774643
-3966586.444968967 4744657.239047075 1531032.546534086
-3957525.658803484 4750475.581721609 1536428.7836989989
-3953716.701961271 4751128.277866404 1544197.3086010467
-3950267.02390086 4750691.678011199 1554335.8775877827
-3950210.2747941636 4747588.720187817 1563931.3056704358
-3953062.649333318 4742256.462983258 1572876.4508820674
-3954898.9806095036 4739579.807456026 1576324.301001863
-3954187.7035550023 4738054.9459304465 1582679.9848353586
-3953199.0250421343 4736030.065460055 1591187.5085810411
-3955276.6705157887 4731464.602943749 1599584.3743810123
-3958036.75299079 4727551.603750755 1604319.7610974535
-3958948.447496605 4725288.496940652 1608731.4290286547
-3961672.1147337714 4721169.6307500405 1614110.3967896302
-3964322.3898862908 4717802.613813037 1617444.7397500565
-3967698.3020137544 4714631.646425152 1618412.6861599989
-3967469.6252136896 4714861.00024303 1618305.1385304444
-3966435.0474731787 4716137.210242681 1617122.0820769295
-3962581.7245405056 4719743.712007642 1616046.5244855776
-3961090.5106002176 4720811.173656051 1616584.3094367504
-3957447.6526096105 4723497.190761794 1617659.8424020193
-3952643.2434522137 4726302.420963515 1621208.7513907605
-3947853.8386411597 4729123.040548888 1624649.6040918787
-3945735.5022203564 4730779.833391575 1624972.1580671608
-3940493.021762778 4735405.650988045 1624219.5251964368
-3931893.0515973107 4741036.873208728 1628627.458222414
-3925059.0380246122 4745255.811248489 1632819.5962303213
-3919752.994427008 4748789.222565906 1635291.528236604
-3914012.5871330323 4752300.210151501 1638837.7529085
-3906498.376300463 4757033.769090285 1643028.0447078573
-3901029.8936286317 4759513.692384121 1648828.7300456197
-3896684.5955771217 4762513.907818081 1650439.7718278954
-3891263.35916154 4766572.442191302 1651513.7368454738
-3883719.428955516 4772274.98470484 1652802.428457149
-3877642.017764083 4776545.233742361 1654735.3299194467
-3874434.349161612 4780261.692736846 1651513.7368454738
-3868793.3770463616 4785754.133331377 1648828.7300456197
-3862791.42885889 4791486.365194687 1646250.8281813227
-3857408.002122538 4796447.86377769 1644424.6395695498
-3852328.489834051 4801961.751106866 1640234.6013054287
-3845311.3663038644 4808498.427624607 1637548.2795038424
-3836044.777331465 4815492.131827176 1638730.2995363667
-3829927.2701633396 4819883.922105871 1640127.1544256895
-3826585.5233687405 4821549.862507724 1643028.0447078573
-3823422.5303052072 4824131.633987049 1642813.1764506805
-3821211.605054647 4826358.336826279 1641416.4839988523
-3818773.049810028 4829163.924913548 1638837.7529085
-3814876.1657438627 4832898.480187643 1636903.515861389
-3809139.3312321934 4836730.007733125 1638945.2057814142
-3809762.993656346 4834743.693435206 1643350.343339829
-3812981.361543106 4831364.9085404305 1645821.1497756967
-3815973.1370930034 4829953.298044201 1643028.0447078573
-3816248.5861574714 4830648.579150213 1640342.047685524
-3816904.4446259225 4831478.771866231 1636366.1991134044
-3815956.047822955 4833572.634442065 1632389.668141835
-3814220.915645498 4836753.284330226 1627014.8964201899
-3808640.061497485 4843744.075949402 1619273.0494458042
-3802105.499946181 4851096.96724298 1612604.4095453008
-3796366.168384828 4857728.8951898115 1606149.0890888923
-3790765.108421724 4864370.836463999 1599261.4727213837
-3785283.184164474 4870296.895866238 1594202.1082025203
-3782375.3968099123 4875330.414243603 1585695.6547705994
-3776723.946630854 4883162.220675429 1575031.4147702774
-3770681.05549352 4890323.284097892 1567272.6485051273
-3764987.6243474223 4896533.50121004 1561559.7523112886
-3759561.82231917 4903099.16846514 1554012.3707218682
-3753308.8999885893 4911255.711642744 1543334.259362817
-3746794.417319903 4918726.878858021 1535349.6297391145
-3742353.8654339323 4923585.050110718 1530600.7971374958
-3738523.231916061 4928000.916033608 1525743.1028832484
-3738102.1242241724 4931019.566401462 1516996.8835289904
-3735794.277059232 4934591.248167963 1511056.3632755836
-3732535.140608891 4939595.432879775 1502737.2969328454
-3728548.901703992 4944539.16112157 1496361.1100724177
-3725042.604478035 4950665.302343695 1484793.4735153264
-3715598.8897638517 4959340.9008393455 1479494.4135236277
-3707866.458494715 4966700.975093454 1474194.271449865
-3699029.452426585 4974214.87031169 1471056.9445302726
-3693568.162280783 4978111.577807906 1471597.8898736692
-3688132.957714909 4983861.786641911 1465755.0879555475
-3683275.245179755 4987484.707166077 1465646.8756254134
-3676554.053496361 4992409.569922314 1465755.0879555475
-3671020.810437677 4995844.304216041 1467919.2407505393
-3666633.066271407 4999192.589934574 1467486.4244920234
-3660937.231404484 5002952.4075229345 1468893.0511704907
-3653975.179304471 5007912.5344481645 1469325.8441692975
-3647343.701740924 5011855.455070824 1472355.1945259788
-3642524.7528224234 5014977.581293491 1473653.3799369596
-3637657.657235004 5018032.326643248 1475276.0207916633
-3633146.095308344 5022315.52372619 1471814.2648733382
-3626991.3825559816 5027837.729604084 1468135.6461970063
-3619946.8991404967 5033794.833014352 1465105.8072784778
-3612595.648753095 5039513.446347207 1463590.7565627443
-3603255.7180507276 5047104.984106425 1460452.159347514
-3593512.9161984012 5053201.1180418655 1463374.3136107372
-3587233.9051764808 5057817.013606005 1462833.1984303335
-3573360.765793423 5068002.645158502 1461534.476553555
-3559767.4388969075 5078213.512967096 1459261.5590385941
-3550720.113763064 5084729.920349539 1458612.1180151305
-3541337.745649753 5091144.804891879 1459045.080475154
-3530814.0865503233 5098572.69982465 1458612.1180151305
-3520570.005879923 5106979.1400139835 1453957.3230190347
-3513407.138857463 5111847.974080747 1454173.843291087
-3505044.548789093 5117647.097430927 1453957.3230190347
-3498288.7863773396 5121960.116707205 1455039.90665799
-3494282.4029664705 5123771.010895923 1458287.3915046519
-3488068.2628618935 5126183.176503538 1464672.9445673905
-3480491.7317534965 5131206.805291952 1465105.8072784778
