-4222006.265736346 -2443770.1729681585 4097839.849700597
-4221052.653940775 -2444988.8876053006 4098095.268798193
-4220681.278387925 -2444773.773231164 4098606.0732872016
-4218851.1130190855 -2443222.010099622 4101414.6944124517
-4216928.444566799 -2448107.5198260336 4100478.638497542
-4222452.314409942 -2445996.469836172 4096051.601491748
-4221577.934268601 -2441653.6604695353 4099542.4314442906
-4220192.626420656 -2445474.5180358505 4098691.2029990805
-4223999.1778885815 -2444037.987783563 4095625.746997332
-4223664.739694149 -2441188.5036666472 4097669.56406079
-4221925.114167008 -2443624.8283925885 4098010.130347311
-4225199.935324929 -2442961.300251814 4095029.49830672
-4223568.128819925 -2440640.987337225 4098095.268798193
-4221398.179844111 -2444106.7805712014 4098265.5419548773
-4222635.953069218 -2444823.427000514 4096562.5857097153
-4220984.092968501 -2443965.399008399 4098776.3314624266
-4218773.062107498 -2447209.8482243326 4099116.8328299657
-4220510.8460200615 -2449202.47655449 4096136.768647549
-4221910.373497852 -2446076.200676209 4096562.5857097153
-4219402.111468753 -2448263.7496680813 4097839.849700597
-4220915.338126743 -2449929.6197604616 4095285.040944862
-4220604.1244233735 -2447189.1708346955 4097243.8281178484
-4216074.534906393 -2450859.564302248 4099712.6621486577
-4214274.94585815 -2460058.730727618 4096051.601491748
-4218398.844218191 -2464045.701244452 4089404.721139419
-4221251.921591265 -2461563.9012828777 4087955.0357560287
-4220452.441285427 -2462084.8856753362 4088466.7305209837
-4221564.804858962 -2465697.3631293997 4085139.91337296
-4225107.883094305 -2464010.090913304 4082494.1700009536
-4224227.470744577 -2463397.8493336304 4083774.517686465
-4224924.51954248 -2466868.589677623 4080957.38343721
-4228164.657294655 -2463716.431970024 4079505.6040708236
-4225377.6077626385 -2462981.596359596 4082835.6234132205
-4225139.778350405 -2466499.8860673807 4080957.38343721
-4227242.450706801 -2464167.4659368126 4080188.839105477
-4225192.911452094 -2462873.9364872687 4083091.700413632
-4224493.666860787 -2465628.443125735 4082152.696691105
-4226867.326734253 -2464245.3283295166 4080530.4267941187
-4226028.015596267 -2461582.2995009157 4083006.3426572415
-4225249.522213629 -2464191.5185954417 4082238.066883874
-4227481.946011429 -2463615.1362868943 4080274.237892048
-4227793.51263823 -2461523.722201784 4081213.5425057043
-4226305.7385020815 -2462238.040879076 4082323.4358331226
-4228919.892654991 -2462278.357495289 4079591.0127998376
-4229663.898722708 -2458166.669981538 4081298.926375487
-4227631.670603715 -2460244.0567159145 4082152.696691105
-4229906.461050501 -2459591.707581225 4080188.839105477
-4230060.906058887 -2456916.1509246463 4081640.4494220074
-4228217.439657794 -2457819.661568852 4083006.3426572415
-4229203.022840678 -2458392.571018182 4081640.4494220074
-4230543.244240425 -2455517.90819428 4081981.952575108
-4231753.070167921 -2452864.105157893 4082323.4358331226
-4231374.51046127 -2451954.083047589 4083262.4121950455
-4231322.911383703 -2451332.328223891 4083689.1698810486
-4232651.807558328 -2451312.9219299764 4082323.4358331226
-4232144.605732063 -2450624.636562707 4083262.4121950455
-4232179.353114475 -2453407.2489785682 4081555.0705253207
-4234030.016285706 -2453196.7430238295 4079761.8265296975
-4233534.896699186 -2454193.0617193705 4079676.420286138
-4233564.24409617 -2455987.3701513885 4078566.026039948
-4235381.021283355 -2457535.3442269336 4075746.39010184
-4235213.145173836 -2456548.7709391117 4076515.515847363
-4234439.3117266 -2461139.7497071465 4074549.772393977
-4235428.027415024 -2460428.954603126 4073951.372308934
-4234266.576009732 -2460446.1854124195 4075148.111661255
-4234617.833077054 -2461540.1449669115 4074122.349967177
-4234876.586283342 -2465053.8886283645 4071728.2111048773
-4236283.473832207 -2463200.8560770387 4071386.111873631
-4234403.60999215 -2464877.52236983 4072326.83700626
-4234679.270078163 -2466522.509174794 4071043.992798942
-4235133.735047652 -2466589.2320949007 4070530.776984104
-4234016.375698069 -2465542.6305215606 4072326.83700626
-4233627.419465978 -2468186.433087611 4071129.5244278465
-4235256.5146176545 -2466660.7402890297 4070359.69512591
-4233671.42805989 -2467123.145309534 4071728.2111048773
-4234567.5278664315 -2467843.350829563 4070359.69512591
-4235121.738621387 -2466186.3029044266 4070787.3904716703
-4235088.563545739 -2468642.1331440243 4069333.0998322335
-4237977.048070451 -2466363.502135094 4067707.292242642
-4237805.721652453 -2465669.747361129 4068306.326037634
-4238339.703640498 -2465881.418986926 4067621.7110296288
-4240039.098927298 -2466771.082135637 4065310.5499958023
-4241721.979748573 -2465570.666684205 4064283.0775063206
-4241790.385033066 -2468979.1839717366 4062141.9372734
-4244641.975620173 -2469151.4808828062 4059057.3367787655
-4244359.966675377 -2471466.690049904 4057943.059390701
-4245889.765148862 -2474044.7051141434 4054770.5112991063
-4245750.231343345 -2477935.5065229353 4052540.1415113523
-4245796.121486706 -2478558.390795038 4052111.1285585393
-4241178.55590799 -2480430.367668201 4055799.6311523584
-4239910.311860593 -2481476.5816406296 4056485.6122199353
-4237650.265208125 -2478466.125715196 4060685.520138664
-4237017.203944672 -2477301.96535206 4062056.27557518
-4236732.91496792 -2476242.8209709073 4062998.486194337
-4238313.735360101 -2475083.1288500624 4062056.27557518
-4236696.426413593 -2474336.982756733 4064197.4467509077
-4236830.133415898 -2476498.060634747 4062741.5345122996
-4237120.642562315 -2478950.418501244 4060942.560906867
-4238664.976874965 -2481641.6827899124 4057685.8887860207
-4238687.988786379 -2480761.1971487985 4058200.218870299
-4237877.32558896 -2483266.6749014463 4057514.435535982
-4237472.86174954 -2482135.585399334 4058628.793278645
-4236012.791178096 -2483366.074636202 4059400.149322747
-4234492.029100218 -2482176.6161507987 4061713.6164088296
-4231690.829915708 -2484009.068320338 4063512.356140884
-4231155.657790155 -2483099.1981250793 4064625.5881471965
-4228133.731513414 -2482218.7224256895 4068306.326037634
-4226883.44678196 -2481683.117725177 4069931.9687825865
-4226869.987168438 -2478898.3302161503 4071642.6881574797
-4226368.635772076 -2478207.7858330244 4072583.372356992
-4223797.26401716 -2479078.1801259136 4074720.7326766266
-4224874.40029445 -2476538.949776547 4075148.111661255
-4222393.98507587 -2475283.016270841 4078480.6024003895
-4220522.16403423 -2476363.685262503 4079761.8265296975
-4220705.589823614 -2473798.3521233196 4081128.157392714
-4218918.35175075 -2471069.3306022757 4084627.927316949
-4218331.697486914 -2473198.3776571127 4083945.209565304
-4221452.42067538 -2471959.875572403 4081469.6903853207
-4222980.487244714 -2468501.5987844747 4081981.952575108
-4223852.773217758 -2470396.4138754266 4079932.6352884914
-4226766.610622903 -2470912.699100575 4076600.968054991
-4227683.858541494 -2469766.149141937 4076344.6077068006
-4225432.180017149 -2471221.1847900236 4077797.168560559
-4226670.444434997 -2473331.597692587 4075233.5837342013
-4226264.236227415 -2469233.6372361863 4078138.895418651
-4223483.003549362 -2471169.5381140187 4079847.231530491
-4223864.684680697 -2470799.148305771 4079676.420286138
-4224057.1763597075 -2467647.4815248735 4081384.3090020344
-4221036.186965687 -2467167.394447647 4084798.594312892
-4220857.8236447 -2467755.038078085 4084627.927316949
-4219298.724234256 -2464768.8749361406 4088040.3213301613
-4215808.150130096 -2465790.121292206 4091024.5317077255
-4212321.965702626 -2466514.619427766 4094177.6084347223
-4211231.722078842 -2466962.057056144 4095029.49830672
-4209276.3187656 -2465915.249161854 4097669.56406079
-4208731.48412141 -2469248.0955608357 4096221.9345555953
-4209594.041057527 -2468766.645518668 4095625.746997332
-4207326.390957659 -2469805.8400629964 4097328.977802724
-4206155.7013069885 -2471093.194010461 4097754.7075048178
-4205420.848353442 -2469378.1284003574 4099542.4314442906
-4202647.2173652565 -2471696.7199953846 4100989.233189491
-4202764.561941656 -2472061.9154358986 4100648.8417247776
-4199534.996884186 -2469077.2123792255 4105752.6142297676
-4194514.843128332 -2478159.4809633153 4105412.502744119
-4197491.272803785 -2481005.2582768346 4100648.8417247776
-4194046.4399231263 -2476697.8810348026 4106772.828614442
-4186179.919016643 -2483793.305069224 4110512.0731260614
-4185054.2972103455 -2484705.8152178195 4111106.7294858657
-4183263.843862876 -2487297.8726727306 4111361.5634272923
-4181229.6938320072 -2492117.522129 4110512.0731260614
-4180240.0453646225 -2492516.5429148213 4111276.6200325084
-4177629.434527534 -2493530.371034239 4113314.9157946804
-4175036.6961632394 -2498707.915956895 4112805.4095014865
-4175247.102232868 -2498635.8983709165 4112635.5640474884
-4171260.0295112403 -2503473.2552719284 4113739.4699154263
-4173962.976236752 -2507474.2513504466 4108557.7702910975
-4174746.2399960537 -2504079.1824028976 4109832.390730216
-4169841.1509276284 -2509457.1008096356 4111531.4464596584
-4171931.64802019 -2512798.5396294855 4107367.870483902
-4171106.3711196794 -2511111.101416631 4109237.602907256
-4165805.983368302 -2516843.850481965 4111106.7294858657
-4166526.216237334 -2525624.530061956 4104987.335249199
-4168954.8603324383 -2522720.833527428 4104307.0022352394
-4163772.095355838 -2528230.097318106 4106177.72544625
-4165115.704532068 -2535119.1640678127 4100563.740735712
-4165920.8633936504 -2535310.3029746367 4099627.547420882
-4164068.4452332016 -2539863.2651918684 4098691.2029990805
-4164380.279022153 -2543744.655170002 4095966.433088218
-4165688.19254419 -2545442.1519357413 4093581.2113168905
-4164615.0776809515 -2547882.0538276564 4093155.175965778
-4165725.0627598665 -2552359.5852214023 4089234.188600935
-4166973.5002874136 -2551824.3022428905 4088296.1705807275
-4165770.774516955 -2555288.519662665 4087358.001871208
-4164792.0132843056 -2558791.5674031046 4086163.7510836516
-4164062.409481771 -2561748.2865486136 4085054.5854744855
-4157471.506081792 -2571617.734180817 4085566.534198743
-4157635.4824478934 -2573926.9065688075 4083945.209565304
-4154372.733746168 -2573913.365509726 4087272.706335704
-4151610.736294835 -2577419.2926278417 4087869.7489366336
-4149786.909728355 -2582110.5501213702 4086760.9069774444
-4148684.075907013 -2582127.4860169697 4087869.7489366336
-4142072.872230861 -2590566.9402481085 4089234.188600935
-4145414.9492086554 -2596785.7478173007 4081896.578651932
-4144358.0893218815 -2594713.89039728 4084286.5783942854
-4138764.8115274925 -2602689.0222273325 4084883.925944425
-4141325.173591917 -2605711.429164972 4080359.6354356953
-4142732.568989354 -2604276.1814384917 4079847.231530491
-4142649.7104314757 -2606948.549467744 4078224.324027559
-4144319.1216932368 -2612039.9322360167 4073267.412038186
-4147701.9185216306 -2610936.4198917556 4070530.776984104
-4145784.662078377 -2614379.2495530243 4070274.1523369453
-4145894.0638985597 -2620722.8790383837 4066081.037339942
-4147690.648257434 -2623986.6935261963 4062141.9372734
-4144775.92417824 -2626601.7734554177 4063426.7142441827
-4146054.022661035 -2635431.111729998 4056399.868911081
-4150859.0552409454 -2637366.660736923 4050223.105010096
-4147424.9522209303 -2638945.7807912794 4052711.738051341
-4146173.71180632 -2646697.202214732 4048935.4738393794
-4147523.8227360267 -2647864.706814135 4046788.8052436374
-4146011.326938877 -2650363.4720833227 4046702.922471697
-4143117.2375849253 -2657894.2412770423 4044727.2785458593
-4150708.8306908463 -2659902.0886355666 4035613.718097556
-4151314.403188501 -2654774.2340396056 4038366.4385688333
-4146078.502195978 -2662552.6612255373 4038624.4415430822
-4151381.418375134 -2663809.56787112 4032343.2276144275
-4151029.5944545665 -2662663.3935693162 4033462.279296571
-4148102.480643536 -2669172.803447071 4032171.0473909033
-4152851.4289870523 -2673356.1503828806 4024504.0566472565
-4154190.530840055 -2669195.9893983025 4025883.108543868
-4150194.4909668495 -2676053.3187662265 4025452.188545862
-4154198.585036042 -2679559.1060547186 4018984.711745465
-4155728.966836036 -2677055.4963999544 4019070.9900914524
-4151339.875350505 -2679459.698055745 4022003.7252369444
-4150580.420792343 -2684514.3799349973 4019416.091232341
-4152228.1096266815 -2685066.171482533 4017345.1905936794
-4150199.021010242 -2687556.433731344 4017776.686367087
-4148887.858448823 -2693701.6207339996 4015014.5848391335
-4150884.315132095 -2696542.882973071 4011041.8699731412
-4151484.3650989956 -2695490.426884638 4011128.260840316
-4149927.9316776465 -2699940.239561858 4009745.8603602736
-4153432.3931203214 -2702632.958703621 4004299.6199470027
-4155995.7733339886 -2700998.2072993424 4002742.661750286
-4153993.7062545815 -2703307.8100758353 4003261.6917184317
-4155761.891162905 -2707247.084815736 3998761.974125844
-4156861.697280802 -2705174.221796377 3999021.6627830532
-4154967.093764402 -2709105.678127188 3998329.1353356633
-4159095.313174235 -2711073.253684852 3992699.461402867
-4161776.55248382 -2709510.206451442 3990966.219893542
-4158849.0067132525 -2712981.7134953733 3991659.574863556
-4159606.9966706433 -2716789.165235439 3988278.73460569
-4161465.790136947 -2712411.4506384456 3989319.190032972
-4156290.44723 -2715243.965537884 3992786.1107095075
-4157331.3024741216 -2721414.1402262533 3987498.27822476
-4159238.465725909 -2717480.594258117 3988192.0220892746
-4156413.838110042 -2717602.2165674507 3991052.8935200833
-4153380.1420870526 -2721728.094625427 3991399.5758685423
-4157285.331653053 -2717032.825671515 3990532.833525597
-4152718.214268041 -2712806.8678342905 3998155.991293681
-4151363.536544671 -2717300.6042527515 3996510.8799520307
-4153544.595815175 -2715622.7276234417 3995385.02422352
-4151674.589111324 -2712745.448036376 3999281.3404767164
-4146349.911517592 -2719604.48611614 4000146.8535986305
-4152054.7075763284 -2720445.2062102724 3993652.5368765877
-4152187.4978561397 -2715149.2543029008 3997117.0247449065
-4146524.0175352017 -2721375.0653463616 3998761.974125844
-4146158.989218229 -2724346.183329003 3997117.0247449065
-4148795.0766088385 -2717274.6464465633 3999194.782463711
-4145218.0851086252 -2716999.998905127 4003088.686606621
-4147340.7612412707 -2721911.0964767914 3997549.948784029
-4148404.185101555 -2716087.56883865 4000406.4837753735
-4141956.9075713134 -2716619.710684673 4006720.769325186
-4142520.0235697133 -2721748.0741749336 4002656.1524878726
-4148141.7216147743 -2716743.274078114 4000233.3982094275
-4145373.403846847 -2712553.0135094007 4005942.647065766
-4148268.0484439037 -2708763.614827208 4005510.3142106184
-4145811.9409661936 -2701899.1079509463 4012683.0874859784
-4141789.5063165925 -2703192.971538529 4015964.1985444115
-4142910.7285441267 -2700832.5634255363 4016395.792206517
-4138489.9910047175 -2699906.6622146238 4021572.5294569624
-4135683.4744920954 -2704460.1857736832 4021400.042569499
-4135189.4023767994 -2704446.21353755 4021917.4885311876
-4134704.666186564 -2705571.853147855 4021658.7710631466
-4132985.0142212734 -2706404.4076748444 4022866.0249056965
-4131833.2273989557 -2710082.9454610907 4021572.5294569624
-4132648.5655989763 -2708967.493295897 4021486.286625738
-4130171.375862776 -2710952.1960873907 4022693.5747745866
-4129004.2437945586 -2714518.926293876 4021486.286625738
-4129495.90028353 -2715048.6075303685 4020623.790942013
-4125811.655808197 -2715411.8572775885 4024159.244631541
-4123272.1663145274 -2721689.0865280535 4022521.1197419455
-4125300.0861209095 -2722820.9386108625 4019674.9042320666
-4123397.2184056393 -2722391.61302918 4021917.4885311876
-4120851.507701458 -2726497.921216483 4021745.011444262
-4121593.595856812 -2727919.8416810087 4020019.971089095
-4120606.3771106573 -2726232.3344697123 4022176.194972915
-4117727.5091230744 -2730324.5996679566 4022348.6598079856
-4119348.063906157 -2730674.65231544 4020451.277107403
-4118474.804395798 -2729578.471752051 4022089.9607175286
-4116093.8258086415 -2731517.2683099774 4023210.9104624856
-4116368.1880521206 -2733769.492480033 4021400.042569499
-4116869.549165054 -2731618.0871597747 4022348.6598079856
-4115027.569787744 -2732361.699348683 4023728.2020309414
-4114222.8276438694 -2734207.69839841 4023297.1287878994
-4114319.5280386694 -2735203.76981856 4022521.1197419455
-4114336.6924573905 -2737079.386121259 4021227.5507820803
-4116476.7102181017 -2737155.8927083737 4018984.711745465
-4116161.719305149 -2741299.9074376477 4016482.107268651
-4117307.451623887 -2741855.4856759435 4014928.248981686
-4117395.3570672683 -2743366.4906231086 4013805.771549883
-4117058.7558741025 -2746775.1552473907 4011819.3437885586
-4119021.406826235 -2746734.209960113 4009832.269552184
-4116753.6041942197 -2749375.935183721 4010350.6990519594
-4119396.8769933376 -2752596.9919154015 4005423.8439790397
-4118802.3847903954 -2753863.801287206 4005164.425963674
-4120819.001322913 -2756252.9840710443 4001444.894801812
-4121361.248855237 -2756823.899982961 4000493.024730469
-4122418.852900367 -2759510.5015615416 3997549.948784029
-4123000.5134281334 -2761775.927638188 3995385.02422352
-4125750.6237836797 -2765183.1146166683 3990186.102550537
-4128595.7186560193 -2764688.817210042 3987585.000459417
-4129279.4743701303 -2765668.6562758936 3986197.29896033
-4129061.6245238557 -2769491.4764494183 3983768.073414721
-4132256.0780914044 -2771215.8463703603 3979254.130851968
-4131794.589316879 -2770906.358047101 3979948.7969854474
-4130780.5230961083 -2777025.2964804247 3976735.315898916
-4132322.0016784053 -2780575.555633142 3972650.93531511
-4130680.925809557 -2784501.477057589 3971607.686242084
-4130973.948448692 -2790260.1557985814 3967258.940402189
-4134557.1481726943 -2793731.386453045 3961078.5310116266
-4135176.3153980314 -2796147.5728546213 3958726.637618512
-4133113.31964728 -2802643.5318950117 3956286.7085287557
-4132343.561275595 -2809919.5664969985 3951927.342626816
-4130312.497551687 -2814129.208937476 3951055.1081924033
-4125505.1927020997 -2822149.115279441 3950357.2339872615
-4122418.6965210116 -2830188.808405216 3947826.794497432
-4121569.84116515 -2833735.7365762955 3946168.371933498
-4116729.84360789 -2838457.326682275 3947826.794497432
-4114916.0552972998 -2844842.585170321 3945120.7235594136
-4113813.9339878983 -2848008.724328272 3943985.5758708166
-4110643.6342774946 -2852824.0992558915 3943810.9197423146
-4110368.7745720376 -2858164.048875777 3940229.4104198045
-4111627.792796816 -2858400.8031717134 3938743.802524872
-4108717.4661761643 -2861379.7218481083 3939617.731523626
-4107859.9996036654 -2866215.796204062 3936995.5846109977
-4106702.811322146 -2867753.5487285955 3937083.0069015976
-4104067.4525927925 -2870924.3814134155 3937520.1003645053
-4101572.744781977 -2874726.8167639254 3937345.2665774683
-4100980.9436125304 -2876767.6590369884 3936471.025683503
-4100713.39141555 -2878823.131060845 3935246.8869861546
-4102686.003248048 -2880314.860518183 3932098.0230699596
-4103214.951833663 -2881113.8817364243 3930960.5517626787
-4101681.533304271 -2885919.692786165 3929035.1393363406
-4104383.3439949565 -2888034.8717078506 3924657.0481172246
-4104253.1955553694 -2885480.7021896467 3926671.3414881933
-4099968.5261014327 -2889424.199806462 3928247.3036394273
-4101688.556759853 -2890314.962127306 3925795.6394912237
-4100136.4470153535 -2888471.6475808327 3928772.5382080823
-4098634.6470255386 -2890840.187510704 3928597.464805336
-4099245.36456224 -2891163.801593853 3927722.0259927213
-4098359.768297657 -2888611.6191044515 3930523.008910383
-4096661.4680109564 -2889234.335027691 3931835.5476560066
-4099412.525119767 -2886998.2490356243 3930610.5198755604
-4096819.5265452485 -2884958.2115472085 3934809.637650073
-4098109.0613322426 -2884796.483686519 3933585.1801043367
-4098841.2369362228 -2879217.8877759585 3936908.16112112
-4097575.3594051613 -2879824.196134384 3937782.342049216
-4102111.601822469 -2877667.623511768 3934634.729525172
-4102963.113574319 -2877410.2450339273 3933935.049085372
-4103874.437538043 -2880293.856605514 3930873.045586991
-4106034.473077159 -2881275.081358221 3927897.1233277177
-4105600.9717193726 -2883324.2067838996 3926846.4675348513
-4105262.617498413 -2887261.156899218 3924306.671659475
-4106858.628661116 -2888919.3420520453 3921415.336241408
-4105331.948068546 -2892989.5628394294 3920013.008329162
-4105877.9208196667 -2898739.965985577 3915190.1753201596
-4108369.060541041 -2903615.708134203 3908959.0023259944
-4109742.533287442 -2907814.331370894 3904391.517811983
-4106711.2876608674 -2915037.1769377054 3902194.4668186232
-4107886.1873336486 -2921373.4516339237 3896214.730735707
-4107012.896887947 -2925179.9333402673 3894278.9348452557
-4104808.3466080544 -2932365.4219729975 3891198.0763813565
-4104853.7807480404 -2938136.529082654 3886794.331470172
-4103412.9366810857 -2943174.825000466 3884503.2141268444
-4101086.8531862176 -2949318.31232501 3882299.4623299623
-4099639.674171327 -2956427.0842179544 3878419.0642145593
-4098416.82102266 -2960549.724963036 3876566.249553826
-4095639.563976387 -2966927.940860543 3874624.647076454
-4094710.5088913445 -2974653.765218722 3869679.8091631387
-4095941.6090946225 -2979044.416378291 3864996.4683208545
-4096045.688914649 -2983713.442973153 3861282.792615041
-4097593.444373439 -2988564.2948609996 3855885.4262166293
-4100285.4613900906 -2992062.820268179 3850306.5091862353
-4101304.1058187946 -2995110.414643163 3846850.560613183
-4103167.347196939 -2997679.1458215495 3842860.713011001
-4102977.955073004 -2999188.5760044204 3841885.0562906642
-4103563.8771072575 -3002474.95430859 3838691.008045593
-4104736.9858751125 -3005973.9577827584 3834696.3167793043
-4108103.1676294254 -3010091.6693878854 3827855.470886373
-4109612.4265014753 -3016160.9498888454 3821452.580931794
-4111013.179114075 -3023707.488986619 3813974.9163040677
-4113296.686386848 -3030700.454262687 3805954.0362819578
-4114917.19077621 -3035996.3017113176 3799976.8379622563
-4113868.78295171 -3042547.4466973497 3795870.0809235894
-4113553.0023077475 -3046536.469666349 3793011.763255924
-4112968.014080086 -3047882.1336302767 3792565.0442215838
-4111265.3237804268 -3049845.188120677 3792833.07910825
-4111154.506626314 -3053658.1262873276 3789884.1236118963
-4110246.068834581 -3055878.547830524 3789079.6447869865
-4110559.9031420653 -3057783.1924117417 3787202.1639839825
-4111402.807823732 -3059971.0183994207 3784519.166073116
-4112306.055468227 -3059974.1419260353 3783535.140170285
-4112190.3163225385 -3062230.3713454437 3781835.130614856
-4113467.8660242055 -3061619.531423544 3780940.2216898566
-4112875.7163774935 -3063298.7532217116 3780224.2116232505
-4112233.473995595 -3064271.2781382073 3780134.705182789
-4112595.743461551 -3065992.7169008465 3778344.334595895
-4114876.395118571 -3066352.3744106903 3775568.3504396947
-4114770.715215605 -3066273.6231214 3775747.4795534224
-4117200.8469472853 -3067972.7650211677 3771715.9621298276
-4118526.4417197816 -3068066.276531329 3770192.338815909
-4118779.7032268965 -3069708.3120130785 3768578.7288371692
-4119616.2731185947 -3071226.6115357624 3766426.670313789
-4121082.7014856176 -3073327.092385192 3763107.6188075184
-4122708.947769348 -3075099.777727381 3759876.7651352035
-4124230.4629775276 -3076570.7645456363 3757003.6490521603
-4125863.9483025637 -3077340.9989405805 3754578.545767362
-4128025.268929735 -3078168.223577785 3751523.526040264
-4129283.3815416726 -3079218.511677591 3749276.345145261
-4130015.0355627625 -3079988.4448272646 3747837.774738394
-4131695.1081237723 -3081016.943136643 3745139.667570627
-4132439.668423312 -3080674.407371613 3744599.9229032453
-4132798.050143131 -3081614.9340557866 3743430.3352590236
-4134285.605373563 -3081040.3230771925 3742260.5549017214
-4134441.3024318293 -3081268.5923627773 3741900.583722731
-4135052.084948556 -3083071.0650132536 3739740.3737212354
-4136673.6190101183 -3084280.0714884885 3736949.131364341
-4138477.472059929 -3083714.916505808 3735417.9855769877
-4138631.6115407967 -3087650.953384897 3731994.2355283136
-4141214.4752069237 -3087890.6293240436 3728929.488696374
-4143613.503445581 -3086304.912772635 3727576.976999796
-4144147.0720071634 -3085915.2156361714 3727306.4439994222
-4145713.5479675895 -3086969.2067985456 3724690.7649462046
-4147569.5635023313 -3086326.2509896774 3723156.9921722454
-4149360.8835304435 -3086421.6699439096 3721081.366152601
-4151186.578152412 -3084292.392231211 3720810.588110062
-4152027.359743114 -3084467.2258774373 3719727.3739391933
-4152185.4214442866 -3084472.18532968 3719546.822379453
-4151584.4068001783 -3085825.196439577 3719095.4236524054
-4152198.6821278846 -3086956.876945283 3717470.1537491437
-4152278.926296765 -3088479.6330105127 3716115.4818857596
-4152252.4639466596 -3090036.1370391785 3714850.8916833918
-4152697.041460461 -3091718.602389458 3712953.5905373916
-4153760.3371623433 -3091158.270812833 3712230.6779350853
-4154128.113761475 -3091206.6575804083 3711778.8208064195
-4153602.4298930606 -3091153.402206216 3712411.412871073
-4155153.084062071 -3092758.1856445177 3709338.303948332
-4157401.24533238 -3090712.064131209 3708524.615253696
-4158084.47900855 -3090769.294050401 3707710.8350548833
-4159131.095324502 -3091096.4912595474 3706263.888827632
-4162813.15573611 -3091126.999180269 3702102.3088738574
-4164918.251506559 -3088181.5692763985 3702192.803386812
-4166063.8996529756 -3088805.669794279 3700382.698891421
-4166418.823329132 -3089519.604820636 3699386.949217078
-4168067.145327189 -3091305.655785237 3696036.6089304728
-4168580.8841402438 -3091912.2347213184 3694949.6810052996
-4169947.463387363 -3094505.5974432407 3691234.7879783744
-4171992.081232691 -3094668.135208242 3688787.362678752
-4172008.7716031573 -3096374.0470500803 3687336.649998345
-4171812.9407649864 -3100521.7310621217 3684071.495299371
-4174378.6383057325 -3102994.110506839 3679080.256560959
-4175231.983630139 -3102384.1054710727 3678626.3394088275
-4172720.881127511 -3106513.3288019076 3677990.8083325247
-4172382.7543294737 -3111584.476103548 3674085.6276692036
-4174899.074695439 -3111533.831578247 3671268.9810270173
-4173891.437390238 -3109989.7266903194 3673722.2498116433
-4173630.793324058 -3111948.467832605 3672359.4233913827
-4176875.868188859 -3110059.8847285924 3670269.2673894567
-4178457.992745498 -3107611.9035540754 3670541.9299812224
-4177995.3669149564 -3109306.875375042 3669633.0155456495
-4180128.3360171663 -3111801.26028937 3665086.7671704376
-4184862.0424567196 -3110900.272765394 3660446.7184365867
-4185528.473163933 -3111395.6772608864 3659263.4969152287
-4186436.445091326 -3116270.076545746 3654073.3026633007
-4190132.066992732 -3116748.5245317416 3649426.3790338915
-4189731.3558888724 -3117927.2952679214 3648879.491968028
-4188839.086704963 -3123174.3443389502 3645414.9449076033
-4189801.917522957 -3127306.87725675 3640762.6381547567
-4189106.0984257907 -3129406.7840576074 3639758.821134453
-4186483.808906771 -3134397.8729787716 3638481.0418123123
-4186701.285651963 -3138553.629671534 3634646.4007377434
-4186271.0839399113 -3138915.929246117 3634829.046997058
-4184807.7305170246 -3140443.833148396 3635194.3262286778
-4183505.4494477278 -3143234.6519870544 3634281.094933218
-4183890.2331716586 -3144095.0168386986 3633093.7287470126
-4183016.2853779984 -3145152.1416808367 3633185.071248491
-4185389.1525128945 -3145792.960533399 3629896.0441706725
-4188095.121051382 -3144510.763811908 3627885.3776403493
-4189817.0886556166 -3143060.124351448 3627154.093545136
-4189504.805384547 -3143054.404462334 3627519.744432788
-4191233.580560363 -3145494.7417547395 3623405.1529985503
-4195987.543820824 -3143685.2136228373 3619471.3439602787
-4197960.105839193 -3143790.5557206366 3617091.7726184824
-4200087.351784209 -3146527.939826214 3612238.8018063423
-4201825.31452849 -3148516.968425552 3608482.4962474075
-4202072.73692434 -3148816.8879015776 3607932.637960832
-4203614.45488836 -3145392.0019210633 3609123.9475674215
-4204332.448791007 -3144327.0446663965 3609215.579072895
-4206146.53552885 -3144424.754207192 3607016.119563052
-4210581.499960565 -3142588.0937624187 3603440.6482045082
-4212815.100040777 -3142538.202603723 3600872.6134153344
-4214275.449591798 -3143627.546461514 3598211.956527327
-4214627.897188088 -3145150.0262835626 3596468.26767767
-4215405.387550317 -3143897.901393461 3596651.8324999944
-4215317.684229014 -3142229.8669782146 3598211.956527327
-4218896.783461086 -3139631.713757129 3596284.698473157
-4220158.501676805 -3139197.51564043 3595183.191232671
-4222426.554401106 -3139511.166731979 3592245.0677332133
-4224314.505238105 -3140228.0441429717 3589397.6920387293
-4224415.198284798 -3141562.2794384244 3588111.4359660083
-4223071.724901592 -3142738.634647224 3588662.7148051118
-4223158.694851929 -3141887.226169975 3589305.823711109
-4224245.538754658 -3139375.570246505 3590224.4577812674
-4226945.015840148 -3137947.4806105755 3588295.1999513465
-4228913.835767776 -3137921.0140141496 3585997.8359530964
-4231959.140121356 -3136860.5864327154 3583332.038428523
-4232598.5873926915 -3137677.958840539 3581860.860587365
-4232945.54432223 -3138049.6423249478 3581125.1669142824
-4233008.058559138 -3135234.832648657 3583515.9160132026
-4233645.291767889 -3133533.2404823354 3584251.3826856315
-4235053.717439679 -3131945.078451793 3583975.590871392
-4236356.598532209 -3130393.050018746 3583791.724203144
-4238343.0399140855 -3128545.579705589 3583056.2138649807
-4241675.655166445 -3125290.8105299054 3581952.817386857
-4242376.262298796 -3124550.555961294 3581768.9026967757
-4245488.027406051 -3124328.691972748 3578273.694628142
-4245710.356397268 -3123921.178562857 3578365.6939596655
-4245701.912424567 -3124143.408052688 3578181.694206613
-4244511.00886885 -3122810.3525194274 3580757.2938958905
-4246530.836747827 -3119957.5962804444 3580849.2637867006
-4250153.508921812 -3114174.8755564047 3581584.9836424175
-4255653.229879363 -3107714.9856922585 3580665.3229143196
-4259799.441684313 -3104363.606931987 3578641.685413928
-4264428.982507229 -3101929.4146687957 3575237.105363064
-4265781.961634711 -3098475.813895547 3576617.5202971096
-4266668.230405916 -3096617.6286871196 3577169.6176375262
-4268998.2509924425 -3091488.59390364 3578825.6742662336
-4272968.861272839 -3084824.360250323 3579837.535000559
-4275901.882670702 -3079795.4372087833 3580665.3229143196
-4279584.480598477 -3077459.1857168362 3578273.694628142
-4281609.78482581 -3077102.0189416637 3576157.409218589
-4281049.177397671 -3076812.434107114 3577077.6041381294
-4280357.087004996 -3075635.306754099 3578917.667057141
-4283393.896329769 -3068079.0825138814 3581768.9026967757
-4285029.700689105 -3062353.410570625 3584711.0138724837
-4288115.2815128295 -3058569.985822179 3584251.3826856315
-4292101.351398071 -3053621.261713559 3583699.7892314787
-4292159.296109986 -3053324.008706144 3583883.6580831246
-4292254.240856456 -3053730.035123735 3583423.9777666493
-4290338.013415692 -3053833.1388665796 3585630.1943452815
-4288668.255483489 -3051968.018301842 3589213.9542901237
-4285937.511265016 -3048560.0401569568 3595366.786725612
-4284704.259048132 -3045093.374779934 3599771.763788109
-4284737.851751229 -3039942.7154242247 3604082.522461084
-4282039.717798913 -3036455.742166341 3610223.4530645967
-4282237.270903031 -3033451.9254452847 3612513.5808327766
-4281925.1943566445 -3029416.4613142177 3616267.9012833447
-4283606.363615288 -3023207.6858603316 3619471.3439602787
-4282197.739978302 -3018184.553412725 3625325.573967882
-4281430.024052591 -3016636.9441633713 3627519.744432788
-4282862.516606172 -3013062.345792402 3628799.383297158
-4283980.069596109 -3009379.7318840385 3630535.6894856263
-4283734.465065258 -3006751.353602028 3633002.3851388306
-4284738.9912341265 -3003662.741988166 3634372.4230450164
-4284587.303197619 -3002552.758875799 3635468.274025382
-4284487.966475266 -3001256.793691044 3636655.265962392
-4284438.273839164 -3000553.2118188194 3637294.3379256306
-4286166.363198518 -2997862.665944275 3637476.919943696
-4287009.008616095 -2993774.563154886 3639850.082771434
-4286595.050015633 -2990258.9033844834 3643225.983645717
-4286699.5823881775 -2988997.321918136 3644138.12854552
-4289461.665635553 -2984141.1826599473 3644867.7645418025
-4290442.826400238 -2978937.9608226065 3647967.9246069007
-4290798.34866108 -2975856.292639183 3650064.3633622583
-4294383.215179414 -2971576.3748052223 3649335.233968616
-4296692.394973125 -2964310.9059069776 3652524.6496226494
-4297504.7536443025 -2960998.279057816 3654255.4759925143
-4300553.447483987 -2956793.7608323176 3654073.3026633007
-4303856.730513725 -2952321.722374623 3653800.0343213417
-4306256.9608768085 -2946900.0487550604 3655348.4224554384
-4307589.959030015 -2944612.065069198 3655621.634019679
-4312099.212592111 -2941514.64552056 3652797.964704666
-4314957.588008217 -2936186.8087886744 3653708.9426479633
-4316815.3424003115 -2934475.721505943 3652889.06750663
-4318819.655518844 -2932092.597731938 3652433.542370028
-4322141.101926009 -2930602.089970885 3649699.807559534
-4325178.201256302 -2927595.209341923 3648514.8783601685
-4325481.447732825 -2926919.8964223904 3648697.187387011
-4328300.624344532 -2926955.6634864113 3645323.75095595
-4337226.329448675 -2958322.442012478 3609215.579072895
-4334646.501646211 -2963440.593737518 3608115.928452811
-4332989.447352603 -2965193.886399812 3608665.773549577
-4332213.397189988 -2966550.5482771834 3608482.4962474075
-4331643.262362771 -2967048.6344876117 3608757.4105517836
-4330345.653596504 -2967159.2709728614 3610223.4530645967
-4328737.0238644555 -2967722.6621397594 3611689.214044752
-4326557.379194932 -2968671.0980508127 3613521.019190515
-4324741.6973656975 -2970201.539142976 3614436.7566661285
-4323029.102432121 -2971579.970107381 3615352.3840397014
-4322354.648492752 -2972449.562929779 3615443.9407203738
-4321731.271725651 -2972576.405431829 3616084.806646349
-4321315.232565479 -2972290.245068422 3616817.1587555623
-4320482.028191901 -2971161.7765615922 3618739.247523945
-4318973.442777727 -2970679.513481501 3620935.3251283043
-4317413.843501773 -2970939.009895285 3622581.9664186575
-4315856.1502013095 -2972309.63703527 3623313.692237645
-4315855.731006562 -2972087.247577107 3623496.612655704
-4316424.772428434 -2970591.440070843 3624045.3474182654
-4316105.948988292 -2968152.3810413415 3626422.738736685
-4314438.0373998415 -2967449.0430008057 3628982.1711646654
-4313083.78034969 -2967293.8760743793 3630718.435336996
-4312716.549648176 -2966597.6612672806 3631723.4584359857
-4312398.41228738 -2965270.1684262073 3633185.071248491
-4311926.543808703 -2964613.196322404 3634281.094933218
-4312230.825565926 -2962938.5074426434 3635285.6432682932
-4311531.709974795 -2959246.7353304126 3639119.9586325972
-4309857.627536261 -2958429.700657795 3641766.320981254
-4308920.4668406015 -2958671.612584105 3642678.643434133
-4309225.500455988 -2957553.2147889654 3643225.983645717
-4309937.744923345 -2955165.884678287 3644320.5442055534
-4309814.349976746 -2952870.1234719884 3646326.8233444234
-4308856.889655419 -2950888.229310478 3649061.7921029935
-4308633.790241112 -2949410.000244191 3650520.0330983084
-4308146.888817988 -2947751.787878047 3652433.542370028
-4307864.5686572455 -2945792.7745018 3654346.5609874106
-4307732.412926855 -2943385.8304409427 3656441.208576839
-4307554.013919114 -2941610.017348147 3658080.087013728
-4307214.821232173 -2939614.996901045 3660082.6703439862
-4306819.877130468 -2937472.7620991375 3662266.6912555075
-4306733.897394121 -2935101.887779791 3664268.145945102
-4306392.3568309685 -2929918.620156529 3668814.8969780253
-4306442.4636151 -2926655.276117122 3671359.857375537
-4309739.248136201 -2920656.131952324 3672268.5593463485
-4312588.947251576 -2913699.059515925 3674448.987619716
-4313156.844520429 -2908384.886562993 3677990.8083325247
-4316955.83413035 -2904812.8055498283 3676356.3335021916
-4322199.339786825 -2896082.8482692977 3677082.811564994
-4322960.920483444 -2891020.928971869 3680169.5434068744
-4323931.234119484 -2890031.843666735 3679806.4657259095
-4328702.790201891 -2886121.8859191323 3677264.4198802128
-4330408.674633394 -2881476.37797817 3678898.6930620493
-4330968.163259104 -2880867.244854478 3678717.125080512
-4333567.5679341545 -2880087.667091577 3676265.518704581
-4336827.70031364 -2876801.286517178 3674993.9939658963
-4336506.975371755 -2876588.5360947056 3675538.9600112583
-4339828.217502705 -2879118.8884421987 3669633.0155456495
-4346011.510197781 -2875580.6269935397 3665086.7671704376
-4345948.661654407 -2875211.879256833 3665450.569799661
-4351161.505477155 -2874513.5379424556 3659809.6225677263
-4352524.065090748 -2870941.8829179676 3660992.7571238587
-4352260.595975017 -2870877.1092204885 3661356.7606117
-4352239.987859158 -2873807.763019068 3659081.4461133634
-4356404.94103215 -2871319.9439391964 3656076.964355056
-4356230.981117637 -2868915.5891512376 3658171.1252312786
-4355555.503247464 -2870869.120754973 3657442.7882916084
-4356937.663375612 -2871671.0628801747 3655166.275845151
-4359458.173712325 -2868423.5641506445 3654710.889834941
-4356964.439372804 -2868962.5473505664 3657260.692914929
-4357181.929234509 -2871068.537322783 3655348.4224554384
-4358798.374615662 -2870933.6413291725 3653526.755962283
-4360554.526253629 -2868381.6159757315 3653435.6609500367
-4358330.889416265 -2869208.0725183324 3655439.4940903713
-4359925.685884216 -2872003.479628335 3651340.1685641115
-4362465.177662146 -2869420.281042419 3650337.7685397295
-4362129.940399004 -2868654.450522892 3651340.1685641115
-4361647.635667543 -2871937.195063806 3649335.233968616
-4366802.671314514 -2869544.344161159 3645050.1624385267
-4368381.268862175 -2864472.341313601 3647147.41897054
-4367611.8868598 -2864948.9927753494 3647694.4327282254
-4369686.986572178 -2866310.1610716376 3644138.12854552
-4374705.789775448 -2861200.816785141 3642131.263276107
-4374699.258259425 -2860978.522866815 3642313.727766906
-4379073.066971117 -2858931.1492974595 3638663.5950173917
-4381994.280101359 -2853753.452374328 3639211.228030131
-4381104.28732401 -2855352.2428210736 3639028.688126523
-4384793.345912932 -2854922.4557857136 3634920.368465881
-4388330.679036217 -2852974.155990202 3632180.2428681226
-4392223.28699043 -2849074.622502912 3630535.6894856263
-4394158.878639081 -2849349.611751381 3627976.783179517
-4399562.01910596 -2847293.6705838507 3623039.3033326915
-4403369.126128533 -2844199.5824249983 3620843.8345766184
-4407225.449195044 -2842767.5863560624 3617274.843017996
-4411100.193200278 -2841997.404514893 3613154.693377946
-4415055.831895906 -2842256.5767514827 3608115.928452811
-4419368.572938845 -2840670.9749302235 3604082.522461084
-4420273.888563596 -2843215.704987372 3600964.343755161
-4424371.051593053 -2845086.9706092514 3594448.765456931
-4425340.63533136 -2848331.368549502 3590683.733806412
-4427416.524336057 -2852509.7412808016 3584802.93683407
-4426790.792667249 -2858671.0414518425 3580665.3229143196
-4427659.259004652 -2865148.626914873 3574408.7387759946
-4427232.384076877 -2872113.101115415 3569344.582942669
-4426685.052058833 -2878898.7263643215 3564553.6288877423
-4426931.747064458 -2884559.4906639997 3559667.5198188205
-4424823.106325391 -2891994.8639631043 3556254.656874273
-4423675.69034886 -2899185.0434659948 3551824.9492844692
-4422914.647133053 -2905201.3867274676 3547854.5526462463
-4421878.957134904 -2910269.191456415 3544990.9339386416
-4420418.963854952 -2914397.1974948496 3543420.1217504083
-4418349.467871735 -2920561.85053669 3540924.6612921986
-4417541.551648123 -2923463.47807454 3539537.9545678855
-4414630.222093659 -2927634.378919474 3539722.8628165326
-4412896.8404718535 -2932032.6702346965 3538243.476081024
-4412027.998796746 -2934009.0422896375 3537688.6349135116
-4409310.858653601 -2936977.0718561034 3538613.348636862
-4408799.3800179595 -2939080.9356231266 3537503.679236242
-4407516.202823052 -2940114.7980686636 3538243.476081024
-4405719.320084796 -2941917.0883660484 3538983.2039459283
-4404383.97168615 -2942915.2830748428 3539815.315323478
-4402380.383949905 -2944244.6463857633 3541201.9735171646
-4400889.941661486 -2945805.3446304905 3541756.5688411165
-4400530.1194814565 -2946120.602954043 3541941.425318355
-4399142.585175651 -2945970.0786059718 3543789.752687426
-4396725.40290051 -2948576.9706423036 3544621.359142216
-4395849.452371843 -2950659.7394911502 3543974.5616790466
-4395692.504860375 -2952446.628622438 3542680.808067575
-4396929.828849143 -2949826.7424351084 3543327.711317614
-4393793.159781092 -2950503.2527691326 3546653.806683091
-4393019.358264331 -2952543.002589147 3545914.795335149
-4393587.871509546 -2950031.6260438333 3547300.384893475
-4391530.7565106265 -2948872.8043821384 3550809.456757237
-4389883.867285776 -2949657.114096324 3552194.186837907
-4389986.842593917 -2949392.6815192397 3552286.4935211865
-4390242.464238947 -2945562.5295503936 3555147.4638475724
-4388026.73064685 -2944742.3295390545 3558560.807931996
-4388284.900251089 -2945137.754301742 3557915.153908927
-4389202.044749115 -2940311.9550792226 3560774.075561155
-4387596.854602213 -2938127.340376519 3564553.6288877423
-4387542.5988252135 -2937425.5591416494 3565198.7361149252
-4390050.947821705 -2933227.4348129123 3565567.3449243135
-4389411.005280092 -2929476.703779092 3569436.6878740946
-4389963.781689173 -2927188.4409699645 3570633.953026986
-4390509.262297601 -2924121.7366052466 3572475.5404609405
-4392231.335712711 -2920070.3600954073 3573672.3388799387
-4391788.668913787 -2916903.136669376 3576801.557102214
-4392494.483179604 -2915162.7981697656 3577353.641367285
-4393591.529145332 -2911474.59847075 3579009.658757848
-4394273.644897143 -2907954.840113702 3581033.2002959237
-4393165.959557394 -2906229.641532 3583791.724203144
-4394886.749916697 -2903399.803582812 3583975.590871392
-4395234.390988437 -2898783.5322076785 3587284.4439316597
-4395255.951642801 -2896816.7296835156 3588846.465673091
-4394604.9979039915 -2894957.683927712 3591142.982486936
-4396224.907212401 -2892725.180408201 3590959.286296304
-4395842.551375668 -2888627.2361205327 3594724.1833355906
-4395666.892078376 -2887523.2820322523 3595825.756291274
-4395534.861800068 -2886009.086586908 3597202.5006716065
-4397043.198499798 -2883596.0206916835 3597294.274865175
-4395810.671120581 -2881580.9838376925 3600413.945263435
-4396176.055315689 -2879188.4490612135 3601881.586818405
-4396202.708610226 -2878000.0220303545 3602798.7201620624
-4395511.438621835 -2877218.7051689397 3604265.9052254437
-4394669.140159928 -2876667.3525166325 3605732.809220746
-4395407.172546147 -2874849.7296997514 3606282.8257327736
-4394053.827073484 -2872431.831985228 3609856.968825615
-4392940.789368927 -2871485.363149534 3611964.012876749
-4392850.502856378 -2869894.593881306 3613337.8584856023
-4392587.026103164 -2867644.5612415937 3615443.9407203738
-4391398.620486458 -2865885.0372884655 3618281.6514245723
-4389314.286634964 -2865726.515978135 3620935.3251283043
-4390417.264813238 -2864152.0850748024 3620843.8345766184
-4388081.950890791 -2860554.6359772203 3626514.161954384
-4384434.062053702 -2862322.002376965 3629530.5082354657
-4384874.288756469 -2861299.807543397 3629804.6618453963
-4383702.372281527 -2858571.8957571825 3633367.752931225
-4381204.330435657 -2856942.945703415 3637659.497529605
-4378896.907073781 -2856527.663061588 3640762.6381547567
-4378107.267458591 -2854596.676715465 3643225.983645717
-4376100.237627028 -2852199.7118086624 3647512.0992533057
-4372803.128460603 -2852008.49383637 3651613.527032998
-4371856.563318125 -2851826.195661786 3652889.06750663
-4369827.782429717 -2848980.941107169 3657533.8343087817
-4365959.348399286 -2849065.7267325292 3662084.7140505803
-4363936.140259222 -2849591.997459736 3664086.2178383395
-4363426.524564568 -2846978.572396749 3666723.7383037386
-4359956.020101973 -2845148.1737886453 3672268.5593463485
-4356851.372540231 -2846267.4945923155 3675084.824438952
-4355681.851311973 -2845828.8706552307 3676810.3906914587
-4354975.216123992 -2842331.407112073 3680351.075521205
-4351693.227029754 -2841597.538686053 3684797.210967889
-4350869.884703247 -2842034.8502748786 3685432.1532495213
-4350511.876732981 -2838227.475616923 3688787.362678752
-4348313.645624484 -2835819.735095287 3693228.380336098
-4346297.447259423 -2835369.8851566697 3695946.0377950417
-4347132.812214316 -2832671.1179042747 3697032.817106253
-4345589.666422744 -2828533.1862578276 3702011.8132331776
-4343940.263368684 -2826919.940390435 3705178.4894802766
-4343462.539583373 -2824451.2860281076 3707620.4093852597
-4343317.271718501 -2821229.907051827 3710242.295153795
-4342060.660433153 -2819120.7469047094 3713315.0196946985
-4342759.021732983 -2816019.8741691965 3714850.8916833918
-4341634.712587376 -2813461.338827407 3718102.24676243
-4342142.7676178515 -2810886.0162277045 3719456.544900011
-4340605.403135174 -2809675.798037672 3722164.3762997766
-4343050.058118933 -2805775.7818878996 3722254.619776095
-4341528.519389715 -2802860.0131800394 3726224.2098191213
-4342167.166875106 -2800910.729422069 3726945.717436751
-4341867.144048937 -2799215.0827959715 3728568.8438965245
-4344472.435937883 -2795530.6614150535 3728298.348370778
-4343677.737487306 -2792554.3038737345 3731453.493315098
-4346277.73000528 -2789832.2465459746 3730462.0263169
-4348009.052866102 -2784839.6673818985 3732174.473838369
-4349757.164219703 -2779326.1405526227 3734246.887494215
-4349915.874364816 -2777503.439957715 3735417.9855769877
-4354152.754577198 -2772192.1391823636 3734427.0689442186
-4355181.111534867 -2767295.2053838954 3736859.0730704865
-4356891.686482066 -2764114.2777276537 3737219.2994157556
-4358703.215547381 -2760891.130764852 3737489.4572213716
-4362437.895266385 -2755474.8446629094 3737129.2445370033
-4362632.388597178 -2752722.498998622 3738930.125780591
-4364961.155222501 -2750252.4903420117 3738029.7420922453
-4369875.9917519875 -2742068.3625645926 3738299.8691560207
-4370888.165536839 -2740577.4805069333 3738209.827940144
-4374366.1775603155 -2737974.2824117956 3736048.497205031
-4376341.743792894 -2734323.222645965 3736408.7645270764
-4377597.347249464 -2732558.886143557 3736228.6331422944
-4379514.200430727 -2731950.005941233 3734427.0689442186
-4382489.768746728 -2728284.1446694788 3733616.216588868
-4382642.773092707 -2726681.5073910328 3734607.245843936
-4384509.663624721 -2726887.7920073364 3732264.591288082
-4387963.132662189 -2723303.775780517 3730822.5756818037
-4388423.232041133 -2721573.9471067693 3731543.6198591255
-4390661.5743158385 -2721052.5859653866 3729290.115321874
-4392694.092238742 -2719872.225964552 3727757.326656
-4394536.448501283 -2718255.037451976 3726765.347343549
-4396014.263212528 -2718214.512809786 3725051.6050092867
-4398076.835496062 -2716731.798332344 3723698.361173048
-4399593.179944564 -2717244.1294011213 3721532.6402196754
-4401275.131668324 -2717115.7629258772 3719637.0987258563
-4402601.25528383 -2717191.6233528173 3718011.951158108
-4404542.760274568 -2717010.047606212 3715844.516946287
-4405922.258372 -2717861.0122568863 3713586.0796857993
-4408066.385887274 -2718334.036258805 3710694.2483755806
-4409698.209708072 -2718278.132445414 3708795.8549866974
-4411553.797154099 -2719953.2729001446 3705359.4006594075
-4413662.118925262 -2720721.6120741027 3702283.2967720153
-4415729.0148002235 -2721676.6597213913 3699115.3574576797
-4416891.273624592 -2724095.329221438 3695946.0377950417
-4421101.422651474 -2724881.5188010256 3690328.42970998
-4422334.508687916 -2727665.5079186633 3686792.558604136
-4424547.090436326 -2730202.9643080058 3682256.89193397
-4427915.429911653 -2732814.992189198 3676265.518704581
-4430793.460351984 -2732669.43249543 3672904.5841686632
-4431752.182803125 -2738067.7042742334 3667723.9314089827
-4436371.924165717 -2739959.1447978253 3660719.7427982586
-4438223.171253564 -2742065.6725179525 3656896.4887930076
-4440380.559086811 -2745005.057006741 3652069.102233872
-4443007.763683203 -2748022.705191327 3646600.3652174077
-4445376.520715989 -2750238.7193767377 3642040.029366509
-4447338.59990013 -2753707.060708068 3637020.4565887284
-4449981.498141797 -2755343.4927865644 3632545.6504983413
-4450344.103596653 -2759330.2503907634 3629073.5634402554
-4452542.615482308 -2762630.3175572646 3623862.4402462374
-4453731.615046833 -2765629.3581204973 3620111.8704584735
-4454251.513677562 -2768861.4532637927 3617000.2357659675
-4455094.23270551 -2772404.6824376695 3613246.276482104
-4456082.63822179 -2775825.7409124263 3609398.838785527
-4456027.739660367 -2779247.1852576775 3606832.802697484
-4456056.12366724 -2783479.7360393633 3603532.3478201116
-4456873.350476838 -2785612.56454748 3600872.6134153344
-4455071.959370616 -2790978.7460295106 3598946.022940772
-4455821.8005741425 -2794156.5027677566 3595550.3778377064
-4454135.720693051 -2797433.4426290267 3595091.391843455
-4453534.083268423 -2802043.993679058 3592245.0677332133
-4453286.100543333 -2805143.8155976073 3590132.5992951924
-4452713.564342464 -2807932.1276142406 3588662.7148051118
-4452089.94207511 -2810798.063463688 3587192.5504637226
-4451788.829505228 -2812564.3795724837 3586181.650202973
-4450005.707464137 -2814916.440857003 3586549.2655935376
-4449978.340318233 -2817183.2873926423 3584802.93683407
-4448447.676401881 -2817845.8868543883 3586181.650202973
-4446623.438885593 -2820606.84543537 3586273.555689304
-4445990.543966631 -2821837.953113611 3586089.7436242276
-4445296.212872231 -2821179.5929825874 3587468.227589257
-4442943.779091188 -2822080.304240996 3589673.2904611207
-4442838.006323701 -2822013.1192261293 3589857.0172753762
-4441674.14862112 -2821273.85713714 3591877.7234902335
-4440646.118900439 -2819968.2737735203 3594173.3377238866
-4439049.156328254 -2820258.9568096926 3595917.546918465
-4439900.720155921 -2817864.0803943095 3596743.613267767
-4437575.147973538 -2816605.413492737 3600597.4158146363
-4437014.884447214 -2816901.679916711 3601056.0729980697
-4436887.059284053 -2814756.613078513 3602890.4274607757
-4436704.621313946 -2812577.9124297807 3604816.0271674916
-4435539.345594881 -2811947.731348543 3606741.1426166296
-4435890.693533032 -2810217.2012307053 3607657.6939801387
-4435970.960945106 -2808207.072982173 3609123.9475674215
-4435330.088667664 -2806391.925109079 3611322.8001996516
-4435246.741776985 -2805580.4404349984 3612055.6102869175
-4435741.77363492 -2803617.7851752057 3612971.523867772
-4435244.615415032 -2801570.5184169407 3615169.267374489
-4434506.5902108215 -2801320.8969206912 3616267.9012833447
-4435390.933511766 -2800038.7211543582 3616176.354515622
-4434801.037223656 -2797069.0314728827 3619196.8160650427
-4433934.19596449 -2797495.9398674024 3619928.868400889
-4434371.248933367 -2795499.954904508 3620935.3251283043
-4433350.544798235 -2794748.359637542 3622764.904494971
-4432621.8379039625 -2793532.292574155 3624594.042438723
-4432198.416552172 -2793373.5254443297 3625234.1363916253
-4431936.58127217 -2790939.4163719015 3627428.333368314
-4430850.3479889985 -2791119.4580645845 3628616.5910080695
-4431171.219281508 -2788945.55951265 3629896.0441706725
-4429922.68068699 -2787835.915699441 3632271.5964353844
-4429583.9090520805 -2786111.9433841063 3634007.10395554
-4428540.403367972 -2786102.867373147 3635285.6432682932
-4428386.345807263 -2782770.5790015617 3638024.639404069
-4427068.037214695 -2782481.0814847993 3639850.082771434
-4426612.525483738 -2780578.370568475 3641857.5582190547
-4425201.936721772 -2779476.8955679485 3644411.7503703996
-4424975.431583153 -2776965.827352176 3646600.3652174077
-4423906.971331742 -2775434.4067940987 3649061.7921029935
-4423589.170597691 -2772223.3132251482 3651886.875490779
-4421367.998324489 -2770723.8515471364 3655712.7023139973
-4421361.286924131 -2768570.680318674 3657351.741160315
-4420439.59564554 -2764987.188025641 3661174.761098295
-4419549.207787493 -2763035.3517491315 3663722.348231303
-4419205.387164246 -2760568.114095298 3665996.2402461404
-4418932.320828303 -2758467.945261746 3667905.7701776414
-4419389.65569218 -2754467.7155720764 3670360.15603811
-4418923.859888792 -2751822.0938313482 3672904.5841686632
-4418738.053272413 -2750422.201906877 3674176.469335687
-4421275.84017012 -2745368.407392018 3674903.1623733724
-4420387.799482945 -2741931.598402527 3678535.5526165697
-4421591.003149506 -2739259.474137252 3679080.256560959
-4423433.959405525 -2735916.2085469365 3679352.5934039154
-4424589.272888733 -2730868.799017747 3681712.42342328
-4425069.2539601885 -2728499.443845334 3682892.0541596003
-4426706.502023643 -2725351.959332904 3683254.9793222183
-4429145.173774156 -2721632.5033674682 3683073.5189847653
-4429067.754296556 -2718071.9994891724 3685794.9527128325
-4430915.705415882 -2717396.5903087333 3684071.495299371
-4433486.869556806 -2711844.237348096 3685069.3358238614
-4433810.599405635 -2711191.626286503 3685160.0418641507
-4435253.988885305 -2708459.5064116404 3685432.1532495213
-4437258.869071146 -2707026.4029691536 3684071.495299371
-4438857.590272419 -2703538.847309885 3684706.500437621
-4439219.515233079 -2702697.1916666897 3684887.920375704
-4440814.503576542 -2700694.5358758755 3684434.3621123736
-4443876.367641383 -2698627.0603629565 3682256.89193397
-4443624.3749675555 -2695820.8217964005 3684615.7887849277
-4444778.6931131985 -2696521.1138619343 3682710.584846942
-4447436.932005407 -2693251.3653110913 3681893.9174131933
-4448218.725622938 -2690966.7817335255 3682619.8485078723
-4448242.790945518 -2691299.497326116 3682347.632760034
-4451520.742861175 -2690099.7320384923 3679261.8155770213
-4451820.753220955 -2686993.8158035367 3681167.9145380966
-4452757.122383611 -2688301.2247226643 3679080.256560959
-4455088.949136866 -2685678.9259909745 3678172.3942423547
-4455213.335483411 -2685223.8575210487 3678353.975670444
-4457011.8457795195 -2683233.398835144 3677627.6230685236
-4457378.275772511 -2682500.162540622 3677718.4210649976
-4458484.016526425 -2682529.661251991 3676356.3335021916
-4460024.9503840655 -2681336.8106403826 3675357.3091410412
-4461021.265499498 -2679180.526285239 3675720.606402941
-4461892.838182806 -2679598.0092478506 3674358.14931097
-4463836.888677072 -2677480.3506593355 3673540.5541682746
-4463539.990397428 -2677726.0101365484 3673722.2498116433
-4466398.408703957 -2677321.0855212123 3670541.9299812224
-4466719.788111866 -2675288.819627227 3671632.479710821
-4467882.217502099 -2676090.9965369035 3669633.0155456495
-4468459.114506962 -2675376.9625178105 3669451.2192436396
-4470450.327172095 -2673920.0059404536 3668087.604477068
-4469864.360096633 -2672404.48727224 3669905.701614839
-4471466.356383088 -2673468.21417315 3667178.3882898297
-4472855.407679952 -2672391.5653934935 3666269.0603939486
-4473330.066158914 -2671721.7484079567 3666178.1214614515
-4474741.391803876 -2672352.759084615 3663995.252110728
-4475991.895516382 -2670132.9067143453 3664086.2178383395
-4475166.28315563 -2671017.301630667 3664450.0695870654
-4477279.509372581 -2671218.8924537026 3661720.746254531
-4479339.36025158 -2670010.2512815553 3660082.6703439862
-4480091.095848048 -2666750.590826715 3661538.7556638527
-4480364.240359902 -2668290.111654253 3660082.6703439862
-4483024.317290502 -2665318.5708188713 3658990.4190404876
-4482247.283904223 -2664750.715585988 3660355.7080859216
-4482906.149514122 -2665142.419232451 3659263.4969152287
-4483920.197746036 -2664686.198516188 3658353.1983233243
-4484444.539062863 -2663303.525121746 3658717.331134416
-4484474.169249237 -2663003.505996899 3658899.3908530194
-4485361.275348865 -2662259.7743117213 3658353.1983233243
-4485644.173387121 -2661157.402936316 3658808.361550986
-4486720.586213562 -2659467.4038431244 3658717.331134416
-4486420.318083714 -2658971.990339861 3659445.5432583923
-4487826.802681369 -2658853.096918291 3657806.965675298
-4489082.712429013 -2656105.2977249944 3658262.162334486
-4488723.826925995 -2656210.2713146852 3658626.299603337
-4489858.725525327 -2655295.048292207 3657898.0072357096
-4491621.620778738 -2651684.010599771 3658353.1983233243
-4492278.143442888 -2650697.273091956 3658262.162334486
-4492199.451037712 -2649699.6174671217 3659081.4461133634
-4494770.063979696 -2647727.5753716766 3657351.741160315
-4494625.306630331 -2643945.2913541324 3660264.6966202473
-4495349.903995573 -2644477.1418972253 3658990.4190404876
-4496763.4084861055 -2641190.221503088 3659627.5851426315
-4497584.856831751 -2639033.9251820464 3660173.684039593
-4496924.8511824 -2637380.708511846 3662175.7032108256
-4499618.818050746 -2636322.709818871 3659627.5851426315
-4500125.177328567 -2631663.091167986 3662357.678184599
-4500207.3810838135 -2630762.6114391554 3662903.576330203
-4500242.792528694 -2629308.121292683 3663904.2852669996
-4503301.526510548 -2626985.1813492584 3661811.739876749
-4503238.599172355 -2623157.5449926318 3664631.9887640066
-4503431.209335901 -2622953.9424431045 3664541.029733678
-4504363.665657636 -2620970.8163950387 3664813.9034757055
-4507002.623095518 -2618085.8429882163 3663631.378039391
-4506131.988529372 -2616528.352574344 3665814.3545639245
-4506836.214439199 -2615570.1045940216 3665632.4644150236
-4507380.9607453365 -2613993.6214527753 3666087.1814121734
-4509562.959926289 -2610738.361362242 3665723.4100477956
-4508445.453509271 -2609986.339836221 3667633.0103487596
-4510773.021708483 -2608391.476176637 3665905.2979633817
-4510216.804284355 -2606284.4634139054 3668087.604477068
-4510879.022502623 -2604882.108978154 3668269.434307042
-4510919.983093302 -2604170.923013424 3668723.989326662
-4512751.938588421 -2601764.264213491 3668178.5199507507
-4512292.816620827 -2599611.132829013 3670269.2673894567
-4513210.779778101 -2599300.7335801697 3669360.319415951
-4513507.165403695 -2597373.7491584453 3670360.15603811
-4514464.639704221 -2596351.7015449074 3669905.701614839
-4514477.718704764 -2594786.6502510295 3670996.345271576
-4514016.821944412 -2593788.109934805 3672268.5593463485
-4514440.774625054 -2593822.1068189656 3671723.3515857332
-4514559.964648383 -2592842.6395811783 3672268.5593463485
-4513402.8686791845 -2592282.8444352113 3674085.6276692036
-4514129.492727825 -2592176.3261950132 3673268.0023106057
-4513824.077400824 -2591162.9413969046 3674358.14931097
-4512755.037492078 -2593796.5046590385 3673813.0959547227
-4515335.579381847 -2592135.39811757 3671814.222342174
-4515868.543820472 -2589403.282787142 3673086.2954774066
-4514665.63019843 -2588922.941047725 3674903.1623733724
-4513198.205324148 -2591222.5864709886 3675084.824438952
-4515875.414300458 -2588360.017174627 3673813.0959547227
-4514281.118667165 -2585980.9984432124 3677446.0237147966
-4512456.879906471 -2588388.981742547 3677990.8083325247
-4513890.323241432 -2589630.0507776956 3675357.3091410412
-4515875.822661988 -2584487.412409737 3676537.959737738
-4511991.279951753 -2585715.2884215377 3680441.8398967357
-4513138.681986056 -2588361.3412496718 3677173.6162826694
-4515270.9944849145 -2584769.011586236 3677082.811564994
-4513662.460384046 -2582279.5324169374 3680804.886187314
-4511080.694103562 -2586657.925243149 3680895.6449569347
-4515204.7089010775 -2584626.437805002 3677264.4198802128
-4513778.456604281 -2581300.3463258618 3681349.421985511
-4512385.903577786 -2582699.199475376 3682075.4069168293
-4512654.828847357 -2584944.7822847334 3680169.5434068744
-4516206.372906445 -2580806.329610688 3678717.125080512
-4513505.561824121 -2579576.4498829665 3682892.0541596003
-4513394.335192334 -2582230.6945795906 3681167.9145380966
-4516381.980500418 -2581534.1214155164 3677990.8083325247
-4517281.917400704 -2577239.105149749 3679897.23682762
-4514290.565671144 -2578979.953431023 3682347.632760034
-4516781.093999836 -2579670.892365469 3678807.909631595
-4518762.467027121 -2575679.9587321803 3679171.03662936
-4517559.343669712 -2574158.5436086035 3681712.42342328
-4516807.69357162 -2575087.999029185 3681984.66272581
-4519248.871465454 -2573658.6618090565 3679988.00680837
-4519940.08038395 -2568935.6361615085 3682438.372464392
-4516917.217423612 -2570869.3792150156 3684797.210967889
-4518392.8911741255 -2571396.0668016467 3682619.8485078723
-4519593.743842408 -2568634.4318282707 3683073.5189847653
-4518499.327645914 -2565613.2689411584 3686520.4977453314
-4516113.066852438 -2569681.2510469197 3686611.185821282
-4519170.121222162 -2567037.2847088934 3684706.500437621
-4518253.018491785 -2564222.175594614 3687790.028605032
-4516237.893991775 -2564641.938820866 3689965.8549252027
-4516585.160543934 -2566507.405770694 3688243.3791275905
-4518576.126062079 -2561695.3567285785 3689149.9959065164
-4515618.614011003 -2561164.366600857 3693137.7743121623
-4515475.053052025 -2562854.001256363 3692141.033805326
-4517532.086581337 -2559749.2049179957 3691778.548969285
-4516685.13942022 -2556666.424502693 3694949.6810052996
-4513369.820733331 -2557807.032849586 3698209.978354226
-4514119.99756447 -2557399.5175728914 3697576.145951086
-4513400.595563498 -2553559.194026297 3701106.7948075784
-4511370.725143719 -2553866.1420632917 3703369.129419721
-4509591.138536298 -2552546.94541972 3706444.772914249
-4507877.996788636 -2551369.4975308026 3709338.303948332
-4506833.955237215 -2549532.463588226 3711869.194493607
-4504553.432803774 -2548034.8096330627 3715663.867993704
-4503287.250998171 -2547111.096759955 3717831.356551778
-4502230.313475075 -2545683.6072945204 3720088.4634613297
-4501624.623135109 -2544511.7026381213 3721622.891632269
-4499280.629133991 -2542979.547197492 3725502.629556833
-4498253.8667898625 -2542813.5964659336 3726855.5329577834
-4497387.287760689 -2541702.3025712585 3728659.0068002357
-4497020.016788151 -2539838.0971515807 3730371.8861346967
-4494414.549552616 -2539815.2681748723 3733526.1161957295
-4494180.496965585 -2540096.9682118027 3733616.216588868
-4493521.89021288 -2537552.0959672276 3736138.5657427097
-4492063.525735014 -2537348.996097086 3738029.7420922453
-4491154.466973004 -2536835.5128562623 3739470.3013260765
-4490415.979948226 -2535488.0590053056 3741270.5902763996
-4489341.435874046 -2533538.143419042 3743880.199470218
-4487798.455372522 -2533080.477408882 3746039.1507465597
-4487297.819668822 -2531971.809541984 3747388.161544001
-4487403.578798798 -2530586.1052721343 3748197.4447442535
-4486075.7912570285 -2527876.95584107 3751613.3984227786
-4484734.658192048 -2528255.757132225 3752961.3470083605
-4484848.882611696 -2526051.2949165823 3754309.0383700277
-4484016.657796472 -2523521.1894518547 3757003.6490521603
-4482460.113530272 -2522542.184207769 3759517.689744588
-4481787.050629691 -2520927.622857018 3761402.6310838466
-4481367.446043121 -2518324.0411926988 3763645.9500191878
-4478728.045072579 -2517252.2488519 3767502.782206061
-4478188.9397755815 -2516332.1872662194 3768758.0372053157
-4477244.480337631 -2513848.3567768075 3771536.7295595533
-4474345.666392243 -2512015.335991349 3776195.2822094928
-4472771.266432792 -2512260.9237355245 3777896.670006306
-4471412.959340963 -2510368.837120214 3780761.2260831017
-4469013.6120918915 -2508303.7399846637 3784966.4044633643
-4466264.085060686 -2509016.166778479 3787738.638995734
-4465682.107948591 -2506946.3748915154 3789794.741693291
-4463536.496607467 -2504819.861486686 3793726.4536277475
-4460554.560735465 -2504989.4262429434 3797120.222630973
-4459237.858550857 -2504761.8779812288 3798816.480889636
-4457900.664803992 -2501452.569982989 3802564.6217869353
-4454827.3086677445 -2501773.0759717557 3805954.0362819578
-4452347.762928435 -2501709.568970606 3808896.1170484913
-4451334.86948184 -2500118.3539432283 3811124.124980881
-4447924.779709239 -2499122.219709121 3815756.0567998425
-4445426.657382797 -2498943.7326359134 3818782.9284930686
-4443043.448882899 -2499237.098826586 3821363.609392284
-4440135.465031933 -2498009.4189649546 3825544.0129382955
-4435582.195310849 -2499424.1156419236 3829899.5651046745
-4434097.267947376 -2499199.180648502 3831765.373013785
-4428782.499660037 -2500992.893585947 3836738.3435592246
-4425752.583822608 -2502950.7390474514 3838957.2366320165
-4422035.805931785 -2505026.855206886 3841885.0562906642
-4419396.253619838 -2506283.228498144 3844102.25306766
-4413325.645253815 -2510175.358695758 3848534.4506112486
-4410372.854781184 -2515224.2022989923 3848623.0646789335
-4406675.892798386 -2517092.4721534173 3851635.2452507946
-4403660.701816816 -2520469.4838545974 3852875.1607380128
-4397670.023872029 -2525913.5054186704 3856150.972703345
-4396012.005784089 -2531495.7417294653 3854380.4631364224
-4393049.731261995 -2533671.1372786 3856327.99782128
-4388766.729216442 -2539067.025283384 3857655.536416049
-4386243.704418734 -2544764.854910043 3856770.540058314
-4384134.315617437 -2549066.8245154633 3856327.99782128
-4381873.402099184 -2553486.1346311825 3855973.9428868075
-4378848.878364808 -2559202.790907992 3855619.869158785
-4378721.704010099 -2563949.5711114453 3852609.483924931
-4377484.2432620125 -2567125.179704297 3851900.96078819
-4375829.262152368 -2571802.903460773 3850660.8646103605
-4375634.16890516 -2575182.930576191 3848623.0646789335
-4375410.223208213 -2578342.313503417 3846761.9231040142
-4374033.376815807 -2581337.8969448707 3846318.71798185
-4374026.385368403 -2585967.7282480174 3843215.462156763
-4375206.058961575 -2586871.272034545 3841264.1101007764
-4373762.204143227 -2590758.876476855 3840288.221678755
-4374430.301874312 -2593836.884436895 3837448.468836881
-4375260.517847061 -2595980.82079449 3835051.4962690957
-4374941.736500291 -2597960.149424362 3834074.7077007727
-4375015.419079353 -2600586.692716079 3832209.5371320657
-4375601.466235141 -2603002.5220679115 3829899.5651046745
-4376625.788601119 -2604025.5757820294 3828033.2427011016
-4376108.596024734 -2606200.448863505 3827144.336988363
-4377138.503789748 -2609298.230830803 3823854.3723871717
-4378203.952315362 -2609726.2329833573 3822342.232297971
-4379008.647945855 -2611241.8295611134 3820384.8456360716
-4379117.300079949 -2614312.1397162746 3818159.8589206035
-4382421.560918491 -2615143.6688060286 3813796.776691239
-4381758.620254994 -2614955.4906987017 3814687.428281085
-4382947.8444820335 -2619193.6477136635 3810411.2413657773
-4384786.796561994 -2617800.6072973097 3809252.6470594523
-4384910.085057168 -2621093.3389914655 3806845.7092793384
-4386895.716447326 -2621137.2300493983 3804527.1183505924
-4386249.853681477 -2624804.466686843 3802743.0537363454
-4389043.510467902 -2624915.9554997473 3799441.3128488297
-4388499.728753931 -2627503.30112831 3798280.865508304
-4390581.372501576 -2628541.4374777894 3795155.612475511
-4390686.111455292 -2630686.536073096 3793547.787968058
-4393810.661180725 -2632037.5643805885 3788990.2524794242
-4394947.897160478 -2632197.6752744354 3787559.8186067706
-4395835.111911454 -2634188.6396455425 3785145.291748888
-4398737.309597066 -2633841.3846180625 3782014.0985765737
-4397226.669100397 -2635335.451145781 3782729.9243385703
-4400218.2047378095 -2638172.268705953 3777269.891247493
-4400886.136321345 -2638468.310911389 3776284.839289931
-4402501.015755579 -2640899.0888719955 3772701.6591119636
-4403194.431358471 -2642046.623207848 3771088.628029016
-4405502.05598096 -2643954.162601159 3767054.4223320605
-4405562.698493303 -2645768.8395105246 3765709.170597159
-4407916.09274013 -2648229.0782537586 3761223.1346270638
-4408790.0568962265 -2649068.3227492208 3759607.460310132
-4409964.597973607 -2652079.234772019 3756105.5598998466
-4411998.747465566 -2654036.565313825 3752332.336339556
-4413671.979512257 -2654938.1902002087 3749725.838442698
-4414360.7505675815 -2657346.4317322536 3747208.3082754137
-4416044.02414531 -2659619.9381885044 3743610.284364635
-4417221.139526116 -2661589.738608074 3740820.560767358
-4418443.21103187 -2664113.3638898586 3737579.5075462726
-4419290.053828475 -2667253.971595002 3734336.9787879884
-4421502.659979601 -2668378.8293262175 3730912.7101819147
-4422128.511750389 -2672126.9763800055 3727486.8004684527
-4425149.108674641 -2674795.752717746 3721983.8859456577
-4427003.116595429 -2675494.4480573083 3719275.9865421206
-4428426.789536107 -2678782.426205257 3715212.2258052495
-4431523.027122477 -2680549.714393512 3710242.295153795
-4434036.199974004 -2681647.091370663 3706444.772914249
-4436257.737533934 -2683096.397016349 3702735.7467807755
-4438664.3599779615 -2684234.536385478 3699024.8246175465
-4442202.678795327 -2685739.0273861797 3693681.393579901
-4445712.6544864755 -2684789.3856300903 3690147.1445657583
-4447421.089606185 -2685821.118634878 3687336.649998345
-4450940.487403014 -2686462.512110018 3682619.8485078723
-4454264.112293942 -2685181.686328262 3679534.1456952915
-4456797.6534725195 -2685330.47968405 3676356.3335021916
-4460103.803017371 -2684564.579573899 3672904.5841686632
-4462907.600250083 -2684130.405027208 3669814.807376323
-4465239.046564129 -2682986.2976245573 3667814.8513519526
-4468063.305975513 -2682136.6443930166 3664995.8137219395
-4469446.125687785 -2680950.9330065395 3664177.1824498074
-4472645.55170776 -2680959.7385011725 3660264.6966202473
-4474938.479770496 -2677877.2075630585 3659718.604412586
-4475758.880512837 -2677625.5696280394 3658899.3908530194
-4477829.556509995 -2677272.7409041678 3656623.324004948
-4481231.389678963 -2675061.5938552283 3654073.3026633007
-4481677.841028257 -2672570.418097311 3655348.4224554384
-4482734.911183253 -2673412.9100005166 3653435.6609500367
-4485495.097753702 -2671770.0361193228 3651249.046849921
-4487197.482142257 -2669283.8696110602 3650975.6750340583
-4488164.343838416 -2668904.6378636966 3650064.3633622583
-4490727.46949558 -2667459.056060101 3647967.9246069007
-4493562.938593483 -2664053.0924366396 3646965.0721631385
-4494484.29815619 -2662373.4958205344 3647056.2461223174
-4495674.064424582 -2661488.5610158076 3646235.6404985897
-4498676.478106418 -2659662.097861766 3643864.496730028
-4501058.949446697 -2655878.4434884996 3643682.0699697314
-4502221.302452183 -2653281.2975307615 3644138.12854552
-4503143.483044316 -2652342.501280067 3643682.0699697314
-4506284.932027835 -2651015.75325295 3640762.6381547567
-4510120.032777636 -2646494.9707534756 3639302.4963190975
-4513996.413886772 -2641889.9379393533 3637842.0706831375
-4515652.943034145 -2637043.1999405404 3639302.4963190975
-4515941.380012886 -2635415.096080614 3640123.861029694
-4517951.070525213 -2633734.5853697862 3638846.14378887
-4520733.664880013 -2629334.442563898 3638572.3189690383
-4520526.051980426 -2625519.439363155 3641583.843177643
-4520992.688083233 -2626740.2594585214 3640123.861029694
-4524079.889847975 -2622306.4027302596 3639485.02957122
-4524581.128957244 -2618905.7315839604 3641310.1181526226
-4524844.105187261 -2617055.1259522308 3642313.727766906
-4526143.780873956 -2616331.1305327574 3641218.8742591655
-4529171.669908119 -2610704.236336355 3641492.602611889
-4527627.087199254 -2609182.279404287 3644502.955425094
-4529354.69626774 -2607966.9222377175 3643225.983645717
-4531245.874899547 -2604424.4844712038 3643408.4215048878
-4532186.581930153 -2600231.797364175 3645232.5558938677
-4531429.734926788 -2599377.1069005863 3646782.7209120207
-4533713.034519188 -2597953.285002726 3644958.964045324
-4535170.484435056 -2592588.559631322 3646965.0721631385
-4534884.229158115 -2591164.897128856 3648332.5648877216
-4535607.0123781795 -2588743.4878881243 3649152.9405031395
-4537701.35673572 -2586999.7351312577 3647785.5977989733
-4538074.978968483 -2581967.950241535 3650884.5488710986
-4536523.007721842 -2582762.1382738543 3652251.324527029
-4539007.036211844 -2580715.841897025 3650611.1637095935
-4540343.39528287 -2577073.3307371493 3651522.408655677
-4539288.271109198 -2574798.72835409 3654437.644869129
-4540088.742423257 -2574938.5820997837 3653344.5648248913
-4542735.5094638495 -2570784.116669077 3652980.16919586
-4542387.861978425 -2568808.2989622783 3654801.969263671
-4541791.558319577 -2567529.577044472 3656441.208576839
-4542540.673740565 -2566593.1865339126 3656168.027081128
-4542739.570448577 -2563254.9905759436 3658262.162334486
-4541282.391389685 -2562328.2784102904 3660719.7427982586
-4539640.216644579 -2564327.275319234 3661356.7606117
-4539920.765827874 -2563440.6571659124 3661629.75151689
-4538474.27205011 -2562101.599699105 3664359.108324197
-4537402.567332582 -2562958.8235232835 3665086.7671704376
