4655148.474209804 303972.21534049034 -4338990.040938458
4657428.2774287 308529.59365912754 -4336220.973433443
4661136.239710799 305180.20466400555 -4332472.1577334935
4659906.488976994 304282.9045263279 -4333857.915068644
4662333.710310421 307710.3483760888 -4331004.469543449
4664572.8442325 304751.1274607969 -4328802.1358292755
4663221.743005723 305725.4392194609 -4330188.902504455
4664315.269760128 310948.2321575678 -4328638.9617523635
4666087.018411619 309348.57745531655 -4326843.698845262
4663205.457567727 311691.7556585537 -4329781.0695189955
4664834.12825701 317852.89682599506 -4327578.201699883
4666092.763042674 318265.9264976832 -4326190.717792195
4663195.018133409 322974.6339125759 -4328965.304631674
4665504.4008132 331071.9663451148 -4325864.195636873
4665967.797265404 330941.15697675064 -4325374.37287238
4666118.330842896 333079.9716205012 -4325047.7980106985
4668167.13486848 335109.74572365324 -4322679.499946165
4669232.211654756 335022.3770319556 -4321535.787255902
4668989.612584315 339428.344069421 -4321454.083618389
4670497.809419204 340521.3591956219 -4319738.00318283
4669177.67883705 340998.59490544366 -4321127.255904688
4666756.683256532 344097.34056882403 -4323496.279574432
4667533.184173069 345874.6824121325 -4322516.128218553
4666482.823779432 344732.2608897442 -4323741.287782305
4662801.343694645 353462.37272778054 -4327006.930928706
4662551.493899773 364576.30842671345 -4326353.9709629575
4664521.075774045 371283.75491480005 -4323659.6196967345
4665426.961717104 377912.031003315 -4322107.67585747
4667401.761781374 384304.3668498362 -4319411.064918488
4670566.927723853 388997.0739478819 -4315567.963792502
4673104.754027784 391179.55444393976 -4312622.347721623
4675496.047124485 394173.80211979116 -4309756.92203699
4677125.7181675015 391844.95905511494 -4308200.731688256
4675586.121046344 390401.1695074379 -4310002.592983678
4675251.552369851 388072.639455198 -4310575.779239888
4673054.044236663 385426.6768040328 -4313195.239778877
4671767.730592896 382693.7472625499 -4314831.71945292
4671585.514501167 380298.55092550785 -4315240.757230913
4672287.110198375 377236.5195526322 -4314749.907954102
4670143.0353409555 372879.63177633693 -4317448.993290218
4665911.84272867 375656.2423049998 -4321780.890269848
4662761.507322869 378105.69754954043 -4324966.151001503
4658527.667070841 384474.14273356646 -4328965.304631674
4657363.510609496 392972.5731676931 -4329454.779389796
4653974.849024126 403323.4156345883 -4332146.041750174
4652316.219984016 413571.31223249825 -4332961.292115581
4651376.079444482 421507.65457195434 -4333205.841488371
4651476.625155695 429539.34284876374 -4332309.102381228
4650036.782591286 440868.06489195547 -4332716.730863731
4650449.950017309 450818.561580082 -4331249.1139299385
4651217.772610076 456957.4616866571 -4329781.0695189955
4649563.647039862 465973.27423721075 -4330596.702513642
4647876.227213356 476622.16648626496 -4331249.1139299385
4647855.790734616 484900.892369974 -4330352.026465457
4650346.065778497 494433.9581626704 -4326598.840834918
4653792.936280971 503344.8828804104 -4321862.58864155
4657597.985561101 511570.76781100046 -4316794.801055343
4659610.108699619 518047.990711267 -4313849.894725633
4660121.539451163 522963.4575182313 -4312704.193385387
4660489.874873637 518310.49498153594 -4312867.880771716
4665112.923944386 515527.75126837846 -4308200.731688256
4670739.053355964 513179.1339218644 -4302381.302483851
4675662.295564744 513720.05584962096 -4296965.766916476
4679494.538784204 515215.6959822021 -4292612.7996946545
4681548.639419952 520487.0814278072 -4289736.184756815
4681877.196121289 526977.0790677547 -4288585.090513731
4678988.770300732 533847.9598817091 -4290887.022881141
4677087.75784402 538593.2520114626 -4292366.295449786
4672533.531714628 540134.7241579916 -4297129.957862711
4670533.648276668 543703.7475279749 -4298853.646641099
4672657.302531384 537752.523669708 -4297294.1435730215
4676210.9928736435 526421.9588330118 -4294830.808237516
4679526.453458168 516293.85826947616 -4292448.464838972
4686430.8447255995 508943.7932436043 -4285788.51005545
4691325.2365139015 504008.2501194706 -4281014.390195306
4697143.027575944 502974.80456037243 -4274752.007365123
4701377.998907456 503345.29431878316 -4270050.283787775
4704000.269559853 507529.33159068134 -4266665.728828067
4706155.022425323 514576.5846315516 -4263444.246551118
4708131.033648236 521778.77212815505 -4260386.142470518
4708746.255720625 529002.7060788672 -4258815.074195901
4709151.685582229 538621.5939803276 -4257160.812170025
4708030.719759529 546403.2211617321 -4257408.984547368
4704665.142289145 558499.126499199 -4259559.322820742
4705143.791160541 567635.259855975 -4257822.57923832
4706427.376636844 579210.7612870304 -4254843.9739257805
4710243.68667329 590031.5434371011 -4249130.28629432
4713656.595990197 594971.824023264 -4244654.4056844665
4713912.867776308 600605.135270182 -4243576.315621062
4712679.557473151 608474.0723795007 -4243825.125027724
4711418.467027312 617593.244832662 -4243908.058911159
4711339.344253432 626116.2883942142 -4242746.866912649
4712731.216105346 639112.7592326062 -4239261.771314944
4713911.813291129 650671.5037905885 -4236189.680676402
4715566.516700308 661302.9416859 -4232700.301922226
4718305.8512670975 670422.1655672003 -4228210.616066193
4720842.01581896 676667.5938914734 -4224383.1063310895
4721464.647609312 680625.8000093879 -4223051.160208346
4719067.416196739 683811.7427692575 -4225215.405377707
4714575.327129688 687530.0526932568 -4229624.440947872
4709122.246549397 689085.2459086678 -4235442.148220721
4700907.593756016 693582.8019425251 -4243825.125027724
4695119.369453486 696748.2902659402 -4249710.216778808
4691290.652135435 696765.8965150865 -4253933.509428682
4691518.445547028 693201.5153464726 -4254264.605570903
4689396.705217205 691299.0797319907 -4256912.628121434
4691490.4281326225 691356.7488209676 -4254595.680978356
4692652.545660599 691109.6042838925 -4253354.041291609
4691743.425038145 696749.4513352319 -4253436.826341188
4688820.169452005 702254.8776814259 -4255754.281594829
4686161.538320056 704951.0621015369 -4258236.141504099
4682287.833614793 706206.9924018655 -4262287.335113109
4675058.010175642 708204.552186909 -4269885.23426032
4669102.721536509 713138.7829314263 -4275576.4350575525
4668902.314087067 714942.8321945284 -4275493.998148764
4668625.269952641 711815.153026774 -4276318.308624968
4665156.49917048 710786.3943376631 -4280273.185191792
4661364.197609493 709376.171475058 -4284636.5382127585
4656123.96837392 708495.5558955522 -4290476.038671019
4650295.611063183 709435.7238783733 -4296637.369317041
4646113.559408136 714441.1989382765 -4300330.634537709
4648632.551024091 716323.5645797638 -4297294.1435730215
4648061.6976098195 717564.4610732957 -4297704.584940327
4647956.695830792 720206.2573597686 -4297376.234464644
4648274.398673453 716185.3218405349 -4297704.584940327
4644828.88125736 712915.9572744496 -4301971.234411145
4640856.526564652 712057.5395205475 -4306398.235213996
4636530.019733924 715452.8070389124 -4310493.8994280305
4631303.654131727 719198.6029470428 -4315486.164123938
4627011.488462515 727632.2388358092 -4318675.376853728
4625344.131010826 728528.21306182 -4320310.094483573
4623695.388551164 733645.0343027161 -4321208.964807611
4623505.707138424 736758.8953676559 -4320882.121298271
4622739.809491309 738208.8166109899 -4321454.083618389
4621937.624640515 739404.3766615991 -4322107.67585747
4619395.421999099 740486.1238421011 -4324639.549790372
4616935.240380774 740091.7583063375 -4327333.379278416
4613514.529302231 741856.1240360633 -4330678.258558053
4611296.361060103 750832.0684461728 -4331493.746442063
4610519.122285245 758389.5488710018 -4331004.469543449
4605657.660575303 766922.0727368904 -4334672.888227319
4606441.202462343 784580.3139958866 -4330678.258558053
4607781.198217255 795984.8336001558 -4327170.157739824
4603121.341131196 806022.7152629261 -4330270.465144494
4596881.748605293 825618.7525914161 -4333205.841488371
4593021.174385289 842231.3797157522 -4334102.420879147
4589297.939186322 854056.2612825225 -4335732.155927567
4585187.035816037 870193.3181962834 -4336872.656137265
4584957.834816724 877862.3532569436 -4335569.20619276
4588587.272912084 877810.0922430161 -4331738.367079151
4593043.967294669 882651.9899977299 -4326027.459350101
4598453.551563137 890850.7268853296 -4318593.627157371
4607516.969067308 899450.09218129 -4307135.696890902
4616153.98424152 908080.0250666173 -4296062.623129014
4622162.679408083 913620.0994249515 -4288420.627575358
4619503.602944415 919714.5827738249 -4289982.814489674
4614043.295145135 929432.5119219837 -4293762.997221506
4613115.162668247 938548.8873511878 -4292777.129319919
4614947.689738046 945298.328413735 -4289325.10906782
4616231.646636009 951691.1955781627 -4286528.928265294
4616362.425308196 961381.6168380163 -4284225.05769813
4617338.864491869 964023.6260889464 -4282578.809408562
4618144.463388057 967472.785237424 -4280932.039299756
4620187.982807145 972278.900701572 -4277636.934427112
4620624.9868452065 978520.3237201889 -4275741.304967862
4619828.322673407 987285.3389646104 -4274587.106199867
4621331.568972312 998745.1207512291 -4270297.848323408
4625127.266476616 1005143.4280578803 -4264683.512047124
4625241.886032582 1014386.8337884607 -4262369.980084598
4625220.625717459 1027250.127884127 -4259311.251622712
4624727.109347289 1037987.2955358957 -4257243.537592645
4620608.5840823185 1052830.0204776658 -4258070.720489009
4614991.531601358 1067660.816963172 -4260468.817298078
4610300.569885483 1078959.5460607202 -4262700.546986385
4604517.7066013655 1092790.3666703447 -4265426.9310477
4600198.110864652 1106702.852655741 -4266500.572684941
4596060.657905653 1115895.7169640567 -4268564.650759449
4589191.229128774 1124241.417975777 -4273762.522250781
4577804.229675987 1135181.6373617854 -4283072.7386955805
4570178.984207082 1143202.134107712 -4289078.447974984
4560206.038701934 1150607.3114530891 -4297704.584940327
4548712.165818139 1162919.2998808355 -4306562.124769909
4538592.8118501045 1177479.1513028783 -4313277.076246044
4531635.474006353 1192488.0525236279 -4316467.673377807
4528611.836120192 1208017.8118018329 -4315322.560843119
4528679.597666485 1221422.7803197776 -4311476.370501784
4531709.520228598 1231238.2262413388 -4305496.748867843
4536738.592595683 1235921.2220904112 -4298853.646641099
4539333.433546348 1242928.1953566372 -4294091.578002945
4543004.008264106 1249645.826690149 -4288256.159411675
4551751.28057411 1257009.6565000736 -4276812.832385527
4560360.444953081 1260843.5570626538 -4266500.572684941
4566759.177691536 1263384.884482224 -4258897.773677124
4576612.667086955 1263961.3353193165 -4248135.972197341
4584152.554471506 1262255.6003193217 -4240506.70991037
4590748.168031238 1261141.4436532 -4233697.499446336
4595141.085343608 1262434.491533313 -4228543.314236498
4600587.061792301 1264880.643391173 -4221885.4372002585
4604627.273853086 1268239.1986060229 -4216469.850954403
4610094.130686192 1271649.5534715268 -4209463.210359297
4614751.354307232 1273540.9201168113 -4203784.54047155
4619349.453732552 1275070.1587148001 -4198267.227637585
4622637.806987633 1275543.7100091076 -4194502.229021314
4625569.5604366725 1279220.1202794688 -4190148.3416979243
4627922.002283006 1283871.2927496259 -4186126.305361349
4629178.177265603 1289442.043305953 -4183023.9803380133
4628924.341602973 1296861.4911046692 -4181010.72859246
4629568.483295915 1304277.8079672826 -4177989.4755871776
4630749.585719975 1310020.8839764446 -4174882.580133226
4631248.808500029 1316537.2713481209 -4172278.165093778
4631109.159863794 1323401.7154190752 -4170261.004907429
4630563.668494087 1331642.0175402905 -4168243.1130086216
4630444.172130685 1340712.4207722011 -4165467.317548911
4630127.324256699 1347279.7591317773 -4163700.182746751
4628686.00077788 1353259.4311776606 -4163363.522217534
4626172.878713855 1362083.1536734193 -4163279.3539145836
4621606.239069514 1369333.102661396 -4165972.1104382654
4615653.850644442 1376337.0524619403 -4170261.004907429
4611471.768776761 1384472.9163002458 -4172194.131366135
4614016.053685424 1388397.7449396965 -4168074.922332798
4612913.428289376 1389031.8159645046 -4169083.9902004735
4610657.758526591 1392478.6925505553 -4170429.129541858
4608189.179001643 1394103.1167015943 -4172614.2872946043
4605345.751999854 1400967.169167601 -4173454.5038195187
4607716.4361453075 1410655.1220316775 -4167570.319834109
4608468.46355121 1414404.9798009868 -4165467.317548911
4606052.343519028 1420527.4475967134 -4166056.238145044
4604958.100834309 1426529.5977555416 -4165214.9039740902
4603710.279422175 1428344.8596866024 -4165972.1104382654
4600187.0539680235 1433062.9502437029 -4168243.1130086216
4598124.332678374 1435766.6009854162 -4169588.4555583955
4596353.081533546 1436798.4586340282 -4171185.6275097555
4595230.430208426 1441114.9355514292 -4170933.472955077
4593605.065162707 1447741.130444344 -4170429.129541858
4589960.973832603 1455404.2124629316 -4171773.943664591
4588600.156093003 1463526.727795572 -4170429.129541858
4587868.2673015185 1467970.287682822 -4169672.528672746
4588163.565595472 1468241.3295257615 -4169252.1503999564
4587778.912061327 1463705.892612044 -4171269.676486784
4586368.057180749 1460698.5194238229 -4173874.5644095647
4583715.397179586 1460382.39379898 -4176898.0621438148
4582358.330412628 1459597.6549035418 -4178661.007727005
4578471.411246192 1458095.526056327 -4183443.3154156427
4577023.499508835 1457106.5137629022 -4185371.8463827814
4576944.826968157 1452771.6824470116 -4186964.4719736413
4575532.346597182 1453114.5193841062 -4188389.0624914477
4574009.330034967 1456938.2859731058 -4188724.206679025
4574747.20259593 1459196.3176013061 -4187132.089991849
4573835.885684577 1464448.4505590391 -4186293.9488859605
4575230.850611892 1470619.7032318655 -4182604.613404835
4573873.662340744 1473883.564357833 -4182940.109499719
4570834.939427755 1478542.2353896196 -4184617.284134302
4568511.710232585 1483341.6673381606 -4185455.6802582666
4565672.8281711275 1492291.90629925 -4185371.8463827814
4563172.5535156755 1501089.1039939108 -4184952.657881805
4560796.7329977 1509222.4307907629 -4184617.284134302
4559081.784382612 1512540.4280036113 -4185288.011232358
4556347.149741058 1516136.5906398487 -4186964.4719736413
4554239.227375226 1520380.8870338963 -4187718.7128768247
4551884.806270176 1521891.0233578894 -4189729.5167432227
4547442.894124149 1523406.6569056942 -4194000.033664187
4542101.124996938 1526203.455501579 -4198769.031837378
4537624.166275485 1534665.3658938152 -4200524.983898882
4536491.124353599 1541432.4866748692 -4199270.789992513
4534022.557165045 1546863.5110899017 -4199939.729231501
4530676.709273908 1554378.439718572 -4200775.7881349735
4530782.685715954 1563081.5909500148 -4197430.784998092
4532944.494491722 1567812.3714430148 -4193330.3683119714
4533193.035960083 1572683.4259287617 -4191237.137234302
4534223.281643297 1578628.678320287 -4187886.3079349035
4537050.8247257685 1584053.712728306 -4182772.364000568
4538617.561355489 1587534.010397402 -4179752.073698522
4540137.710357083 1591357.083427445 -4176646.166964451
4540541.6743344655 1594168.669716388 -4175134.555451674
4540849.505938206 1599441.8717129722 -4172782.3407688146
4541115.043486777 1603723.8810702974 -4170849.4188957377
4540106.768237949 1608538.7608869395 -4170092.875191663
4539859.652009571 1613804.0897491989 -4168327.206441967
4540565.852073035 1616376.3057551773 -4166560.977734698
4537893.0871407725 1618459.573441539 -4168663.5674776416
4533999.863670808 1621353.878459071 -4171773.943664591
4530401.187203215 1624705.9510132382 -4174378.5951599875
4526529.254043434 1627509.3021030538 -4177485.7730286806
4522758.711813572 1628293.329359713 -4181262.425186574
4515887.669521591 1630985.4039963086 -4187634.9134342945
4511631.344338904 1638444.3255047025 -4189310.659881907
4515179.258934688 1636165.7731182328 -4186377.7687354526
4510190.1922730915 1631686.7638659452 -4193497.7923147036
4503378.875471613 1638650.822875097 -4198099.949339795
4504846.844723183 1638472.735334133 -4196594.214497545
4498749.605380389 1631633.5561023075 -4205789.453442805
4486392.080329563 1637437.0866798759 -4216719.920592486
4478622.419229722 1646658.5722628357 -4221385.764457714
4470741.001822902 1646507.2474502546 -4229790.74880937
4457767.163228095 1650481.9393268263 -4241917.288962776
4448518.635843535 1654742.778612943 -4249958.7389974855
4440697.8490701355 1657659.2352006144 -4256995.357434394
4434533.030988832 1661621.807572812 -4261874.090780659
4430704.753089358 1668217.2077677075 -4263278.989071567
4422072.588099871 1672108.6836108365 -4270710.429866317
4410488.721755319 1678030.5809648016 -4280355.546519012
4401698.536446981 1687009.9636253298 -4285870.78396787
4395809.054188115 1694615.13435925 -4288914.000713744
4388535.658574686 1700967.2687951757 -4293845.144378861
4381642.701574725 1710622.079375024 -4297047.863044071
4380122.584093473 1721491.7230371835 -4294255.860545432
4383740.422264259 1728657.5757712976 -4287680.479692356
4387727.916338113 1731999.9932309499 -4282249.49712592
4390950.1849121265 1737259.1834158327 -4276812.832385527
4400627.292249648 1741976.229592594 -4264931.330073428
4413433.0291146645 1739298.3836704828 -4252774.509667896
4421312.531248536 1737502.1761017123 -4245317.737115384
4428481.667403489 1734433.129242868 -4239095.757547358
4433551.372687763 1729995.8848532056 -4235608.275576181
4438188.550209733 1725827.9605628375 -4232450.97352902
4441051.3402912915 1720697.9403896618 -4231536.670151365
4444146.567057228 1712893.2237862295 -4231453.543927982
4446009.910835329 1710314.60455059 -4230539.0704040285
4448432.1790907 1708127.628144327 -4228875.991797395
4451527.9200650975 1703969.5340491727 -4227295.589843838
4453546.3214758765 1699308.1504447104 -4227046.010194455
4457322.547848764 1695403.8836944983 -4224632.809557846
4457402.08425659 1693119.1929447865 -4225465.0699949
4456889.871574805 1693636.7552525124 -4225797.938130935
4456889.070928051 1690521.468997432 -4227046.010194455
4458699.196125472 1687826.3395666326 -4226213.994337624
4460889.7995896805 1684117.400830348 -4225381.849742953
4461625.916035053 1679237.0876154013 -4226546.816130318
4461277.5689945305 1675551.1544499397 -4228376.967727421
4460748.244164655 1670024.240631246 -4231121.02614496
4459856.390533208 1669246.6147577774 -4232367.861486027
4461392.291981369 1670620.4892111528 -4230206.495914486
4463706.847068784 1670332.5025437265 -4227877.897288103
4462204.374307747 1669503.921287837 -4229790.74880937
4462945.387476356 1671734.9771623078 -4228127.438303587
4462665.799884318 1671008.5598929466 -4228709.655593224
4461102.034450454 1673708.5845763548 -4229291.8097640695
4464075.170381961 1673135.5359530612 -4226380.407808829
4464138.451818367 1671915.343459164 -4226796.418956388
4461173.9401319 1674357.344216966 -4228959.15796721
4459664.195537576 1676277.567805177 -4229790.74880937
4457220.511521832 1674382.4941955733 -4233115.8234568145
4452037.816348365 1675983.2311285024 -4237933.51655971
4450938.707968589 1677432.2702391346 -4238514.668686107
4449332.511392306 1676028.8219106856 -4240755.662755416
4446322.447264711 1676667.4792962857 -4243659.25338265
4444811.436310578 1676895.2082783056 -4245151.912016336
4441189.874655869 1676414.4199303898 -4249130.28629432
4437378.3759323815 1677896.2278526742 -4252526.119539475
4435656.65830398 1678041.6190995444 -4254264.605570903
4432921.517743846 1676034.105386381 -4257905.294285591
4431150.06555481 1674833.9995862006 -4260220.788922059
4431298.985220815 1673387.830764065 -4260634.163059733
4430233.753994189 1668834.4690993454 -4263526.873342827
4425501.645132857 1665552.6942848384 -4269720.179530139
4419918.9248463465 1665565.6005030295 -4275493.998148764
4414207.833994852 1665261.37143164 -4281508.468182224
4406183.396936641 1667243.3099329215 -4288996.224997615
4399323.351598637 1672024.853630083 -4294173.719928229
4394546.782278827 1680135.8668570027 -4295898.39815416
4395893.487415525 1687513.4402992604 -4291626.712111286
4398425.549112259 1691568.979419518 -4287433.740220615
4400466.205059631 1693764.531585626 -4284471.949922256
4403364.336897007 1694350.6252348167 -4281261.435057426
4404776.8148764 1691717.5200315737 -4280849.68710016
4402181.538545843 1689927.3228981176 -4284225.05769813
4397562.617025187 1690268.0361512178 -4288831.775123396
4392441.602535426 1694814.078507963 -4292284.12475307
4390503.647097081 1702523.3615476154 -4291215.786721968
4391479.523439262 1708282.4295688896 -4287927.207409179
4397222.65370333 1713521.411830289 -4279943.726844708
4403589.069042059 1716710.5566702618 -4272112.963818978
4412808.213479147 1716845.297640055 -4262535.266132376
4421121.045522788 1713508.3936891896 -4255257.769582495
4430386.177342847 1707856.041258262 -4247887.364555127
4436869.329377986 1701111.3609074436 -4243825.125027724
4440387.50925454 1697928.3144209092 -4241419.4801674625
4443832.391951348 1693469.5817737025 -4239593.78335368
4444854.903897189 1689951.2738799744 -4239925.7747291485
4446172.002994972 1686900.2679185532 -4239759.781624424
4446125.551102453 1684308.812404537 -4240838.644453515
4446616.655552903 1683429.993094436 -4240672.679765508
4446282.81363695 1681174.5461894737 -4241917.288962776
4446475.0706411535 1679828.1808693623 -4242249.1356500825
4445262.547838663 1678217.652622386 -4244156.852804752
4446386.945542117 1677755.5554367495 -4243161.607423617
4445396.512357203 1675343.5742636381 -4245151.912016336
4444940.394139545 1675083.0793188554 -4245732.277231602
4446900.801110631 1672188.787690406 -4244820.246300676
4444475.810029871 1670214.5178935213 -4248135.972197341
4442497.314434931 1671683.5221002975 -4249627.373450144
4440932.0939065 1669944.3469641227 -4251946.497235566
4438049.198345101 1668329.8309926197 -4255588.782775955
4436590.291802657 1666720.9852298102 -4257739.862894043
4437672.039109541 1661296.6155723743 -4258732.373417369
4437258.87585355 1658581.7731710402 -4260220.788922059
4436387.618556154 1657726.644755024 -4261460.813992181
4434404.992414584 1660691.276584009 -4262369.980084598
4432390.92349141 1664790.2809255025 -4262865.822646422
4430264.958237019 1666639.221815214 -4264353.069824814
4429539.70924131 1665395.6952339066 -4265592.120978139
4427680.613631574 1662932.926493079 -4268482.103237203
4424858.468638968 1659846.494371776 -4272607.886014786
4418149.230463796 1659881.113764959 -4279531.874576771
4414202.321753217 1665699.3407506242 -4281343.7807365395
4411919.032373439 1666245.3639855927 -4283484.310555781
4402361.174267786 1666763.304784989 -4293105.7728783935
4391592.898362219 1670402.7082540651 -4302709.333351721
4384266.291549621 1678222.9212324144 -4307135.696890902
4382076.21763155 1680366.666741618 -4308528.390085371
4378137.777080043 1684117.4730801843 -4311067.030535553
4375298.724940802 1691270.888887524 -4311148.901155351
4372112.994707829 1697411.245860757 -4311967.535120409
4367054.813193947 1705629.6034999012 -4313849.894725633
4363455.458828391 1718107.0654246327 -4312540.500744158
4363162.048114574 1729700.6669864615 -4308200.731688256
4361915.863653316 1739345.5612209027 -4305578.708730185
4360444.673659519 1751915.165255835 -4301971.234411145
4362103.51839894 1761253.0361301128 -4296473.162664239
4361299.590644697 1770230.802108653 -4293598.698982958
4361030.429461385 1779437.1869080125 -4290065.021787053
4360657.682522694 1784702.9688784769 -4288256.159411675
4358727.948045509 1788622.2620638257 -4288585.090513731
4355639.847167945 1790820.047958311 -4290804.828653174
4352960.789980342 1793983.2099862797 -4292201.95274885
4352758.708405662 1797811.5999195448 -4290804.828653174
4348827.216583554 1806324.9741091167 -4291215.786721968
4344360.632160557 1815681.988249827 -4291791.073116058
4338039.79764048 1823009.4912191057 -4295077.194767563
4327244.385858 1834311.0696910194 -4301150.999984703
4315606.629502299 1844769.6894932801 -4308364.56351162
4306220.986548005 1852146.6029189066 -4314586.281013451
4295572.204939612 1857614.0569307588 -4322842.866406723
4286263.198076741 1863898.18957646 -4329373.203560365
4280909.863692398 1868237.415640741 -4332798.252600869
4276378.946937435 1871237.9007460678 -4335976.570624168
4275960.045794577 1877282.2671714474 -4333776.4104914395
4277373.444875421 1881020.1627641546 -4330759.813283264
4276325.644398497 1883588.5442188177 -4330678.258558053
4272786.281017007 1888800.7578955356 -4331901.440906302
4270682.821671112 1894111.496061006 -4331656.828186278
4267908.305179134 1896447.7198520845 -4333368.867803755
4266920.231483571 1901272.4676575905 -4332227.572725537
4266544.409137665 1901372.7633089467 -4332553.683430019
4264768.417195551 1904240.3617519003 -4333042.809893107
4263568.8956942735 1904329.5454726857 -4334183.920175527
4260916.111910667 1905999.885868388 -4336058.0395481065
4262038.628025182 1907751.943863016 -4334183.920175527
4263090.586089003 1904472.9132040679 -4334591.396852919
4261432.444940729 1903732.1630746995 -4336546.8253532555
4262732.059274983 1903420.3498177473 -4335406.251175194
4261687.437051093 1902418.658794587 -4336872.656137265
4259229.709043417 1905691.6002329628 -4337850.021658595
4257473.736153655 1907760.4841897383 -4338664.347575873
4254646.693591593 1909436.9938020736 -4340699.584100497
4250121.136515151 1912666.4298914545 -4343710.217419371
4246048.964229513 1916718.558734873 -4345906.022910158
4242669.377772712 1918670.409242785 -4348344.674885585
4236141.601316869 1922223.1259782051 -4353137.212120372
4232036.785448027 1927579.9398970953 -4354760.753694862
4235361.495194116 1926327.9909501693 -4352081.62564869
4236105.961808703 1922117.7972681213 -4353218.401798134
4237701.078729144 1920255.6731783361 -4352487.646962857
4239213.083597914 1914701.6398523967 -4353461.962874926
4237597.836358301 1907742.169316365 -4358087.354872952
4232809.033775918 1905586.2779411713 -4363680.742321474
4227337.1548488205 1906229.4316039279 -4368701.286803854
4219991.470078331 1906552.0142140966 -4375656.7975062085
4215884.133086322 1913030.946497136 -4376788.157328986
4220145.166412932 1913987.5139259864 -4372261.150816245
4219725.457868909 1913619.5695509447 -4372827.255134221
4219890.910767077 1917869.6524901774 -4370805.154348867
4218821.510576351 1920405.0526074038 -4370724.253006387
4218224.964141103 1922266.9564232728 -4370481.540990649
4217652.167164937 1923339.5694891894 -4370562.446327251
4216153.843749205 1922211.8780034105 -4372503.774944214
4213195.505291848 1922995.1849630855 -4375010.188879262
4209700.91862386 1925130.1513439405 -4377434.5313349785
4208233.045232497 1926501.832135195 -4378242.378831141
4206500.208264134 1926063.7767406413 -4380099.921896917
4204082.964627573 1926199.7299751742 -4382360.325985508
4201705.458109533 1926796.5076352993 -4384377.659538121
4198245.085660162 1926628.759767045 -4387764.9005807955
4192632.7081860923 1928750.2221549666 -4392197.007738304
4187858.968083959 1931781.685757461 -4395417.816546093
4182462.81776261 1935227.2723872112 -4399038.665690722
4177027.9247657144 1938734.5887991718 -4402656.8012872785
4174044.382052242 1941690.2258257694 -4404183.643263618
4172054.550813706 1940498.8794449994 -4406593.460248783
4168598.9971418735 1941724.2271677803 -4409323.125680113
4166077.034303094 1946038.5183741455 -4409804.670193057
4166334.691220655 1951299.1033488864 -4407235.874105346
4168914.366521803 1948870.9271805063 -4405870.641972901
4168281.6802812056 1951856.1532503194 -4405147.714986519
4169696.05921152 1955358.634766 -4402254.920292777
4169669.6158368313 1956500.474505464 -4401772.618846528
4168522.0808083233 1961291.0097294103 -4400727.46679092
4169552.425591601 1966310.674243667 -4397510.193575293
4170364.8762990367 1970521.052939366 -4394854.329605711
4171728.355157096 1976244.464843731 -4390988.652450924
4175018.1857423717 1981462.2091695014 -4385507.001744906
4178952.1084625726 1987262.7436101541 -4379130.857034904
4185558.433679178 1994167.6431629115 -4369672.41440582
4193554.8055891194 2000582.4203923596 -4359060.5721574295
4202161.631014591 2004778.4370513866 -4348832.262247256
4209743.04545474 2006321.2620087303 -4340780.976374775
4217772.7842057785 2006535.973608033 -4332879.77301816
4225964.731767139 2003201.9676587624 -4326435.595571526
4231303.792452477 2000037.7888236155 -4322679.499946165
4236845.855202677 1996599.3574986972 -4318838.872299787
4241581.991757507 1990423.9993555683 -4317040.133006387
4244152.243574674 1984403.9532366008 -4317285.453122022
4246640.175538842 1979609.2315180877 -4317040.133006387
4248375.43219403 1973021.677766025 -4318348.370175284
4248491.813849529 1965778.9161347845 -4321535.787255902
4249039.517440367 1958474.3767212739 -4324312.927501473
4248611.888163253 1950550.7118999143 -4328312.597775792
4245938.90958309 1942956.664001388 -4334346.914807462
4243041.149015283 1935454.2448567403 -4340536.795585207
4236409.524852583 1927875.5718307118 -4350375.9742436875
4231009.067646619 1924883.16879582 -4356951.693096751
4225975.249408921 1921613.8808763602 -4363275.6369735
4216917.587860352 1922560.081142245 -4371614.094541322
4206733.110397102 1931057.353037184 -4377676.899586097
4201849.516416875 1943663.3111863825 -4376788.157328986
4204087.969446405 1952810.6021603714 -4370562.446327251
4206691.448186896 1956073.335622372 -4366596.519649875
4210463.826963613 1960062.2972167265 -4361168.553594371
4218068.477636037 1958499.114814288 -4354517.256280522
4225650.604889582 1952793.1964271949 -4349726.048544203
4233114.686730013 1946388.6713011551 -4345336.832654195
4241480.948567393 1938141.9635480847 -4340862.367326776
4245880.580494025 1926284.916564073 -4341838.955604119
4246657.720474802 1915922.8026710234 -4345662.0921715675
4246146.346033105 1906334.4645662261 -4350375.9742436875
4241026.496032915 1896569.8696703003 -4359628.193941033
4231178.550919111 1893583.948522498 -4370481.540990649
4221955.874368211 1895119.8511421906 -4378727.023313345
4213243.47676019 1896777.9767227753 -4386394.158367116
4202810.090260802 1902942.4578844714 -4393727.158937227
4195118.792359539 1914302.2347325613 -4396142.203351679
4189527.352616071 1924487.3212663734 -4397027.41769559
4185785.439696349 1934991.010066646 -4395981.2378793545
4183481.979854747 1946702.171334932 -4393002.41069254
4183938.0198251447 1956962.0216183448 -4388006.756171312
4187122.7215585746 1965135.7171335842 -4381310.982782869
4191453.7173992316 1970293.6664997023 -4374848.52339499
4198012.602692525 1973376.8283390014 -4367163.276202234
4205249.462814789 1971762.629192932 -4360925.370791629
4211205.375198335 1969088.8204830391 -4356383.764654965
4216813.661897906 1967855.9226002991 -4351513.140129315
4224718.658601925 1964366.1475119058 -4345418.149519098
4230238.1794068795 1957512.2314617976 -4343140.777037491
4233482.452711518 1951572.552004534 -4342652.633684414
4235760.7457761215 1946441.203841646 -4342733.994217191
4236594.703096604 1942079.9484917144 -4343872.90276318
4236411.244635939 1940296.0523103962 -4344848.903668673
4241947.796594616 1936207.823631717 -4341269.302251752
4246474.897068434 1927358.9348407537 -4340780.976374775
4245948.01509727 1922831.590611023 -4343303.48090481
4245687.470820321 1921017.1877829372 -4344360.927036551
4244047.855183886 1918936.9260764283 -4346881.626712351
4240895.464965377 1917065.849490757 -4350782.134737658
4238446.466233631 1916582.4693425142 -4353380.777175436
4237443.484263617 1911231.66541491 -4356708.303155854
4232665.955502975 1909610.2756618676 -4362060.1215724535
4230169.6650736965 1908661.7681191575 -4364895.858965085
4227188.892929995 1903588.5362679965 -4369996.081014072
4220941.108622888 1901661.1884087007 -4376868.958746354
4217775.825342752 1902360.8798448532 -4379615.413479839
4215145.415013871 1898519.0737562536 -4383812.890267015
4209040.507686405 1899393.5040871 -4389296.449465073
4205689.62395101 1903273.3683335506 -4390827.515672082
4202431.011527319 1903035.9740164736 -4394049.23447071
4196107.570027205 1907502.356154957 -4398153.819732055
4192025.093554463 1913686.1797355555 -4399360.38765851
4186986.3586839545 1919162.3287693656 -4401772.618846528
4179632.6639311505 1928163.987731236 -4404826.37921362
4176996.103972843 1938985.6484860699 -4402576.427770533
4176095.193647771 1945659.4602272904 -4400486.245680134
4173337.335949715 1955733.5120307594 -4398636.483080633
4175711.870726711 1965474.98797507 -4392035.911091397
4181056.4507041876 1970843.8863455304 -4384539.010167357
4186489.4845335656 1978318.7873376638 -4375980.0698308395
4193388.2087683347 1981757.8342953497 -4367810.918157024
4197521.317526271 1983711.104599279 -4362951.528770636
4202118.985934495 1989294.386030153 -4355978.061670854
4212201.8921291 1994787.6496084963 -4343710.217419371
4220653.543688652 1994102.5150027522 -4335813.628813873
4227428.882006323 2000463.3573627635 -4326272.345036506
4236817.22270143 2003367.6473548554 -4315731.559185812
4242954.695516275 2005001.3308220706 -4308937.933551389
4245836.138459624 2012439.9531747103 -4302627.327600711
4249087.658570052 2021160.682106428 -4295323.569522412
4250932.903678048 2027044.581175988 -4290722.633118153
4250699.283449314 2037597.3592741862 -4285953.0565747395
4251419.8931165775 2046801.3701546846 -4280849.68710016
4250588.834259265 2053167.7502859063 -4278625.6848731665
4245720.276117476 2061336.2829597665 -4279531.874576771
4241378.025385206 2071958.1747828182 -4278708.072272534
4233978.428779174 2080439.2262216343 -4281920.163972113
4228103.3724473 2091679.2575021114 -4282249.49712592
4225702.734021811 2097197.4425527076 -4281920.163972113
4222086.0692541385 2101283.5089612715 -4283484.310555781
4215458.279118871 2106528.9981925325 -4287433.740220615
4212287.212002196 2113863.9838401494 -4286940.22601508
4211844.349390561 2118244.916297341 -4285212.556115189
4210202.756652781 2123499.3296125093 -4284225.05769813
4210481.919618076 2129081.637797323 -4281179.088074166
4210780.020050112 2132463.2951937937 -4279202.3692971105
4208235.228470134 2138470.129352472 -4278708.072272534
4205432.135030669 2145456.560012704 -4277966.538759956
4203700.70979067 2151142.3335632393 -4276812.832385527
4200053.204674166 2155477.063822171 -4278213.728326674
4195444.827752565 2164596.0348219885 -4278131.33310762
4191622.716375307 2171338.82155438 -4278460.906164425
4189097.3461444634 2177826.136713036 -4277636.934427112
4185193.6506462004 2182574.683431768 -4279037.608836062
4180380.5508064856 2188237.968524751 -4280849.68710016
4171201.3001811933 2193181.0620728116 -4287269.240709276
4161894.0558003476 2192368.7323466665 -4296719.470680208
4153034.347355393 2190017.160520319 -4306480.180647867
4145676.722019954 2183641.0332477833 -4316794.801055343
4142071.941868654 2178511.092636654 -4322842.866406723
4142111.582813458 2168850.671301453 -4327659.806537227
4139984.3159994455 2161664.0718722264 -4333287.355306061
4141028.068375402 2155407.194522217 -4335406.251175194
4139889.8032190027 2146923.505342727 -4340699.584100497
4135148.5430795494 2141901.0711241965 -4347694.484227715
4131775.5606964924 2138507.9251653845 -4352568.847248258
4132494.430154713 2132482.7464755895 -4354841.916846604
4132889.430757113 2123743.1105713435 -4358736.18763936
4130005.4395610886 2119528.388004157 -4363518.704169872
4127755.283700122 2115734.785100965 -4367487.1078229295
4123582.114391374 2112505.3522712635 -4372988.987237086
4117937.1442077113 2110793.1242353376 -4379130.857034904
4109558.792562989 2112207.68000244 -4386313.514445466
4104079.2239515567 2115824.6210804754 -4389699.408428652
4098107.893071175 2120538.261007631 -4393002.41069254
4093317.5367200556 2128939.7607417866 -4393405.06198925
4089729.125953666 2134333.7172105783 -4394129.750007883
4084162.2293401253 2144142.178531219 -4394532.307615328
4082447.577277927 2151519.925166777 -4392519.18497665
4079280.788305877 2155221.2141460096 -4393646.63670778
4073780.630176908 2162329.716337117 -4395256.826971649
4071737.2178769573 2167807.744435278 -4394451.798771042
4068042.713575892 2169031.230410683 -4397268.811663122
4060860.110035945 2175954.266132176 -4400486.245680134
4054197.5310033076 2181865.2961752554 -4403701.534953607
4047446.588060484 2185799.417550899 -4407958.486990513
4042848.394114013 2193808.6734804376 -4408199.333783778
4040044.5266346727 2197035.8187147337 -4409162.600096951
4033792.511410825 2203680.9703550963 -4411569.919629606
4031327.4424207807 2213309.9209763487 -4409002.069141359
4032554.82374734 2217465.7226174385 -4405790.3221202865
4028577.1309570796 2223251.9283665773 -4406513.152475994
4029767.3044663607 2233644.549972116 -4400164.598766026
4033035.253313705 2235824.00653114 -4396061.721285076
4030226.247491166 2244669.4932949333 -4394129.750007883
4033832.1514842287 2252677.4260988943 -4386716.72069175
4036650.472706715 2254066.4611112033 -4383409.443582731
4037484.8930801735 2259156.651282677 -4380019.173829564
4040444.059473931 2262942.671015855 -4375333.503855158
4040865.199850312 2264846.5199514204 -4373959.267951936
4039935.009525413 2272115.051759534 -4371047.85038767
4039558.4301856463 2276359.976865445 -4369186.874561584
4035484.9470913652 2285585.575192519 -4368134.7072029365
4037713.819362297 2296164.867249799 -4360520.039552445
4038822.593543869 2300061.5914329286 -4357438.437143387
4035051.6252048933 2307436.7561627687 -4357032.820422677
4035619.669248806 2315619.477381555 -4352162.832563062
4037722.653026831 2317294.5513836434 -4349319.801918646
4035889.578049321 2323833.576122823 -4347531.923318917
4037566.65166912 2330338.586257228 -4342489.908650343
4039066.914851589 2330922.5582361417 -4340780.976374775
4036106.0553479474 2334381.4274012526 -4341676.20411607
4032143.8969327556 2338198.3378635985 -4343303.48090481
4028046.66468629 2341932.745063822 -4345092.874117593
4022274.0078978357 2345062.3737339363 -4348751.000998658
4017947.7145703286 2349310.3744929237 -4350457.20899298
4013857.3704375494 2349081.3646055576 -4354354.918038612
4008280.3114054003 2351079.897577408 -4358411.781877342
4003906.8070505005 2352367.089908431 -4361735.933635874
3998972.7787732407 2354446.9767462653 -4365138.846396641
3994381.7376403357 2355782.6224247105 -4368620.350853015
3990618.1408738215 2357507.4413640033 -4371128.746404311
3988539.071573536 2357875.9236411564 -4372827.255134221
3985513.5479011545 2359092.1733742333 -4374929.356803466
3984684.4318382936 2357944.0669320305 -4376303.320827473
3981246.878576831 2353096.2279381687 -4382037.475180398
3974804.1177602564 2353315.1940756496 -4387764.9005807955
3970681.105524582 2354713.1079552686 -4390746.945276364
3966382.717356161 2355346.621210055 -4394290.777066618
3964169.2183539164 2360869.107688494 -4393324.534406425
3965064.903877971 2363559.270135558 -4391069.218834001
3962428.789881878 2364238.003145392 -4393082.94362835
3959291.0644342843 2368742.2090791184 -4393485.588233767
3958191.342105726 2370430.152682749 -4393566.1131399525
3954459.082892731 2370539.918235142 -4396866.481686805
3950716.38528452 2376176.6921271165 -4397188.348346731
3951499.004196831 2378150.2975675515 -4395417.816546093
3946986.9423984513 2380880.7910811105 -4397992.9212309
3947364.908243684 2390044.218347953 -4392680.265567693
3953080.1225172603 2389923.156811836 -4387603.656837462
3950434.4765726267 2390301.2427686853 -4389779.996209929
3948575.5689600836 2396620.2627880936 -4388006.756171312
3950722.9672755096 2394999.5884152763 -4386958.628404472
3946647.149475581 2395072.776811986 -4390585.80047246
3945267.989553335 2399703.766992728 -4389296.449465073
3945490.3770580385 2398895.750541605 -4389538.2288545845
3940344.7836040766 2405574.3277284177 -4390505.226064322
3941325.0165365213 2410140.4842468253 -4387119.893531276
3941250.3520374144 2413782.2598327864 -4385184.359258056
3939398.740391698 2420313.0061238366 -4383248.055562005
3940712.6905018226 2421973.02368857 -4381149.52534637
3934539.0852196254 2423101.1800595424 -4386071.574663729
3930255.55392751 2429460.5508764293 -4386394.158367116
3927947.079297155 2431445.9367051427 -4387361.781198469
3921809.5962495334 2434658.416733984 -4391069.218834001
3918047.734443224 2441142.4944564896 -4390827.515672082
3916244.4521445394 2442296.788526958 -4391794.256086915
3910594.1151275556 2445698.773631626 -4394934.831756494
3910130.5834964504 2450918.7237338945 -4392438.642674058
3913825.291258524 2444869.6895984453 -4392519.18497665
3910491.9480734076 2443546.5692392737 -4396222.684079142
3913339.346148899 2446370.610300857 -4392116.460083809
3918110.501518712 2440896.820707316 -4390908.084730277
3915750.9292958793 2442653.519310921 -4392035.911091397
3920018.602870924 2445220.66357704 -4386797.357932294
3917648.9867182984 2449159.821095494 -4386716.72069175
3917956.419967249 2454871.6819111584 -4383248.055562005
3918516.7556741005 2454841.8254038617 -4382763.859455488
3916098.3030872443 2460279.950560687 -4381876.041768675
3920198.5286267227 2463810.2683527307 -4376222.510077901
3923788.753046601 2459670.6184990597 -4375333.503855158
3923035.307317095 2459865.991996589 -4375899.253749119
3927515.6912649437 2460479.408410373 -4371533.206514184
3928001.639155617 2456394.760048223 -4373393.294182267
3931719.3667061776 2454044.757813708 -4371371.426464998
3930134.434734081 2450673.227254151 -4374686.8525800975
3927257.829021411 2452974.8006926854 -4375980.0698308395
3927927.490081555 2453488.374270692 -4375091.019622354
3929625.6915046605 2452642.653981507 -4374040.116018264
3928965.491724985 2454708.7424665326 -4373474.151574766
3927525.8553761384 2455715.8216897 -4374201.8081536675
3925554.273664989 2459441.4455776075 -4373878.418553226
3927514.1295543243 2459619.4561880217 -4372018.5147014735
3927431.11730011 2461476.4895249633 -4371047.85038767
3927239.5070407437 2463361.672201013 -4370157.906331235
3927993.695849998 2464599.0398304258 -4368782.221423908
3926315.207518684 2465838.61253073 -4369591.494425998
3926185.412799694 2464324.04668559 -4370562.446327251
3922372.2888256083 2462503.2944253297 -4375010.188879262
3918432.680931301 2464322.6107626967 -4377515.322085494
3917851.2273397944 2464529.5189581807 -4377919.255835565
3914033.7879349394 2462414.196620531 -4382521.743378501
3908565.508444531 2467933.6777743837 -4384296.982220154
3915699.032659618 2469380.139138089 -4377111.354998738
3918840.651239677 2463243.1041040723 -4377757.6863361355
3918151.1508874726 2463191.3373068627 -4378403.932326894
3921444.072310428 2461252.6747543425 -4376545.745077504
3922008.821466938 2455028.3071488845 -4379534.657407475
3919052.8100170624 2454130.076298754 -4382683.155431526
3920404.670680029 2452691.091750831 -4382279.615286584
3920119.2830350315 2451560.667200146 -4383167.35954881
3918542.9496862 2456096.4389818194 -4382037.475180398
3921572.3864913434 2460760.807126158 -4376707.354578372
3925534.7738036653 2460478.8317582645 -4373312.435457556
3926311.6637976184 2461538.5078918226 -4372018.5147014735
3927691.5510827354 2463358.660003015 -4369753.333054562
3928722.287269991 2461139.8280194444 -4370076.9943382535
3926808.2208555364 2462613.67089068 -4370966.953039533
3927153.7427430227 2463785.4477979857 -4369996.081014072
3927175.1321124355 2463607.831062647 -4370076.9943382535
3927111.3831019676 2465000.7892374066 -4369348.726500314
3927326.8668462127 2466091.65949301 -4368539.413571419
3927477.5188629013 2465995.111792519 -4368458.474959091
3927520.3665573783 2465066.396228404 -4368944.086671573
3924291.6645873743 2465905.0636906973 -4371371.426464998
3923064.650499027 2467426.7884605196 -4371614.094541322
3920803.718456315 2468297.3957525864 -4373150.7140115965
3918822.160310071 2466572.4390134183 -4375899.253749119
3914018.2620819514 2467460.9456250155 -4379696.168218097
3913350.6636589672 2469235.878430069 -4379292.381185983
3911820.5816489267 2470370.9789975337 -4380019.173829564
3911409.31888428 2473168.1007388616 -4378807.792725429
3911321.537136484 2474450.6131045376 -4378161.600082719
3910301.6702116 2478203.5139621655 -4376949.758830451
3911069.014391176 2480986.7203457747 -4374686.8525800975
3912272.677106231 2481654.5061484156 -4373231.575400657
3909877.226503809 2483006.904072702 -4374606.0151737295
3909119.245905995 2484057.7012521653 -4374686.8525800975
3909427.0896117245 2482433.797919403 -4375333.503855158
3906748.651368681 2484370.345285762 -4376626.550494536
3909887.3390111583 2485695.4905971936 -4373069.851290397
3912099.415404284 2481927.6282583573 -4373231.575400657
3911081.6993790064 2483388.6692692568 -4373312.435457556
3913015.5376551063 2484329.1029352467 -4371047.85038767
3912037.543224223 2486295.550235645 -4370805.154348867
3912874.027161541 2490663.981320944 -4367568.062402134
3914836.218130579 2493257.3365442366 -4364328.841755786
3916875.6055403207 2496574.5459823688 -4360601.108456961
3918644.034821635 2498471.2245672685 -4357925.133405362
3916267.1891699065 2504172.143998901 -4356789.434463317
3914976.6630756203 2508162.9791177986 -4355653.475399095
3910957.0282185073 2511753.8167329845 -4357195.071092818
3903628.308778139 2514849.013832069 -4361979.076581386
3897838.561325883 2519888.1708218376 -4364247.833979315
3892107.143999671 2523413.090161512 -4367325.194673308
3885539.4460955937 2529184.22363994 -4369834.2503722
3878819.7423185916 2535715.384996324 -4372018.5147014735
3871722.4611460813 2543343.0290802824 -4373878.418553226
3864734.9090445987 2549097.451097471 -4376707.354578372
3859031.093053132 2556756.065901085 -4377272.945833646
3858974.0466528656 2564575.8599614794 -4372746.387084716
3857675.8597543887 2569832.7307016724 -4370805.154348867
3855188.633513003 2578778.1080252035 -4367729.967569206
3854224.1366484137 2588564.3460753774 -4362789.46669492
3853642.225788576 2597064.3565828493 -4358249.571030345
3850544.6543808733 2607896.9169378676 -4354517.256280522
3849590.6788337207 2616473.791796719 -4350213.500769523
3845119.574663103 2626406.018868276 -4348182.135168112
3841339.763833923 2636626.183130091 -4345336.832654195
3842588.3662607195 2645779.153019351 -4338664.347575873
3841978.441324921 2650799.2815218996 -4336139.507151206
3838394.469952965 2661300.765716756 -4332879.77301816
3837047.708516696 2669997.057551752 -4328720.549450122
3836121.641631245 2680696.7575299293 -4322924.547661793
3835563.675416067 2689383.5683995304 -4318021.342449734
3833432.8310921337 2699883.077275218 -4313358.911399311
3832149.5810863823 2710703.2290032343 -4307709.204722494
3832684.154577144 2718917.2477023783 -4302053.250646697
3829657.2277727937 2728744.4302573074 -4298525.369485135
3831562.816913749 2738075.224845766 -4290887.022881141
3831514.918190909 2743803.362004757 -4287269.240709276
3830196.814207033 2753593.6026642364 -4282167.165794077
3830142.8422016907 2762487.761523743 -4276483.155089319
3828422.0412532906 2770093.584147649 -4273102.761356205
3824905.0807120875 2779262.206080481 -4270297.848323408
3821024.685715136 2788893.7291940227 -4267491.431557632
3814370.7308644373 2799372.276004074 -4266583.151406341
3807544.0909147686 2812911.998578864 -4263774.745925387
3803126.149286083 2823626.9266998963 -4260634.163059733
3799108.3824697663 2831768.1158685503 -4258815.074195901
3792842.058250134 2841023.5979937175 -4258236.141504099
3786557.296357975 2852235.981128497 -4256333.486623687
3782901.380324873 2856836.490302713 -4256498.962106188
3772910.920340728 2866702.418944203 -4258732.373417369
3769695.8005249756 2885487.594221654 -4248881.725242219
3777165.5478792777 2895703.4542079824 -4235276.015704502
3777588.4254850727 2903886.6154696494 -4229291.8097640695
3778349.132061322 2918239.1744399196 -4218720.061465997
3782009.5342338257 2929611.842795923 -4207543.1469581295
3783734.256563726 2948421.42300271 -4192828.0656479136
3788293.8537326073 2966666.6995590776 -4175806.433672303
3793291.760707229 2981275.9698885456 -4160837.921562887
3800912.499904023 2991990.0850462564 -4146166.9646865693
3809924.9293679404 2995962.414499348 -4135011.7585670697
3816482.2508191727 2999286.654869639 -4126546.230336347
3824775.691390277 3000840.1952633522 -4117728.746899416
3832577.9981329073 2998217.996626355 -4112380.786470703
3847691.410765476 2991896.252360377 -4102861.0289203697
3864492.2236996996 2978961.8260605987 -4096477.4247929463
3880279.7511520223 2961550.22975997 -4094177.6084347223
3891869.8841395625 2938595.904976639 -4099712.6621486577
3896109.100513177 2911587.5361894593 -4114928.0547786737
3890458.971729232 2891944.4838247895 -4134081.166567354
3876217.4905222957 2881883.3903467865 -4154434.629478763
3857546.3255476295 2880671.3376778904 -4172614.2872946043
3835147.783050753 2889256.596459737 -4187299.7029081634
3820766.197829191 2899909.187104819 -4193079.222727725
3812875.368976728 2904842.9898499195 -4196845.199071604
3806607.943358793 2911845.6430533705 -4197681.731216511
3801532.3949821577 2920393.1316067856 -4196343.218418285
3796976.070291836 2928713.1173490407 -4194669.617252213
3792850.078689754 2947659.5876251 -4185120.3371068025
3791725.4535706546 2963699.6900168043 -4174798.585816892
3790316.103737425 2977653.320375443 -4166140.364582769
3790959.5963749825 2988229.731927928 -4157974.1951910146
3800734.117541019 2994321.5638805325 -4144647.0947283
3810932.8755937917 2999231.576677715 -4131711.699426491
3818552.264095176 3006199.5418187166 -4119595.1161664603
3828939.4788479377 3013078.258393597 -4104902.29799876
3836090.6469464554 3015562.9622159707 -4096392.26262832
3834834.205769696 3017391.833541731 -4096221.9345555953
3835512.8394699176 3021612.695549634 -4092473.454569338
3842167.326401426 3015460.4696663185 -4090768.802048475
3842799.7809841326 3009675.6815707125 -4094433.18849266
3849972.615558098 3001656.9966946715 -4093581.2113168905
3858266.5829359735 2987604.6011673734 -4096051.601491748
3866784.597363621 2971057.4522362016 -4100053.108571058
3870447.412499753 2957682.218364107 -4106262.74393721
3877984.3747830875 2944830.7042786437 -4108387.7996211583
3883377.11581969 2924847.1194177354 -4117559.0468579475
3879405.355226309 2909882.2413510154 -4131880.979809489
3873603.676376418 2900040.700890549 -4144224.836026799
3865191.6781127173 2890480.800582205 -4158732.3829400046
3848425.2158643655 2888114.1976732863 -4175890.412726045
3828579.388658829 2895531.849992946 -4188975.551422235
3810695.762162762 2908546.818095941 -4196259.550501939
3795058.0414055693 2926283.0139472373 -4198099.949339795
3779839.01356306 2950797.3216823624 -4194669.617252213
3773276.312417698 2976213.285043949 -4182604.613404835
3775026.7250098917 2994088.104301088 -4168243.1130086216
3778979.98542637 3010354.090483067 -4152916.9892569217
3790537.6514678746 3023347.708602884 -4132896.5563742467
3808536.1333945924 3024890.8583862996 -4115182.7195737935
3822831.3365750154 3019090.270122632 -4106177.72544625
3834742.8149426975 3012879.439286146 -4099627.547420882
3848905.4558010334 2997909.7784895273 -4097328.977802724
3858083.088826011 2979069.8919586726 -4102435.6739064273
3866829.8346639606 2960052.2367317756 -4107962.851045747
3873230.873290525 2938983.4273354616 -4117049.9166316437
3875103.78223228 2921478.885597652 -4127732.1616035337
3875279.45227994 2905519.379009057 -4138817.138378997
3872208.4454430277 2892357.4221143806 -4150892.8314014017
3865576.71115851 2883411.6444617338 -4163279.3539145836
3859585.8479381073 2874646.678201692 -4174882.580133226
3852529.753008635 2868241.4789032373 -4185791.003010327
3843169.2838805807 2867950.449972964 -4194585.923775635
3833308.8104682122 2871961.8685392467 -4200859.386987779
3825175.585496186 2879128.4519377993 -4203366.757417934
3816659.3984579635 2886516.832208425 -4206040.0156845795
3807761.3761112485 2893391.863898359 -4209379.743444651
3794913.518151286 2905630.7340036915 -4212550.584546826
3785635.5126247574 2919755.073880512 -4211132.279340474
3777341.4967521434 2930956.8665950084 -4210798.506586826
3768958.400551745 2943997.4746361077 -4209212.805768633
3764469.017633798 2957347.979171155 -4203868.093240737
3763176.2414386133 2965158.2541107945 -4199521.651801617
3758908.904306702 2975644.3617393556 -4195924.866054273
3758332.8646450182 2987906.8024873943 -4187718.7128768247
3760999.4916137434 3001076.987513626 -4175890.412726045
3765405.882828843 3013746.757676937 -4162774.31746542
3772303.186880609 3025320.835688556 -4148108.4252221636
3780868.7000967828 3033817.0315398993 -4134081.166567354
3784782.528509189 3042064.570046814 -4124427.883180586
3786532.063977243 3052619.2682249974 -4115012.944297226
3785138.2276465334 3064050.814441394 -4107792.8628559024
3779800.7055544686 3077899.801472838 -4102350.599154516
3772392.94980966 3092508.656753949 -4098180.4060007236
3765638.3691919595 3107023.766790945 -4093410.8009171924
3755870.397234072 3121507.169593195 -4091365.487139844
3746319.909735676 3136522.4822571194 -4088637.2854795665
3735347.740843177 3149802.858656527 -4088466.7305209837
3725981.8459118595 3161427.939256886 -4088040.3213301613
3715843.170905785 3169930.373233994 -4090683.5563364513
3705749.8834141176 3177446.100418165 -4094007.215493599
3696082.4431461627 3184635.9835050735 -4097158.677184881
3685642.795304434 3191140.5039918656 -4101499.78290906
3681190.432297321 3195838.793652419 -4101840.124401354
3680398.8940236955 3197405.269082331 -4101329.6046664803
3680640.1279566716 3199418.8693046947 -4099542.4314442906
3677767.266600857 3204027.9365242384 -4098520.942326816
3678394.133617999 3205703.487231644 -4096647.7453786004
3676153.2263456583 3205444.3060204466 -4098861.458677214
3675268.190812977 3205914.8762807827 -4099287.076021864
3672916.9984075273 3205670.4877005257 -4101584.870156281
3671624.246973436 3204429.2973954487 -4103711.6452097935
3668084.4229738917 3203144.887945139 -4107877.857576491
3664624.1244627065 3200235.926231044 -4113230.0012114663
3659598.4528019144 3195284.251242224 -4121545.6709847646
3651888.7887239084 3188889.7542756237 -4133319.659773313
3644728.379137988 3185890.011669531 -4141944.09376207
3639613.115867655 3180746.4200797733 -4150386.6781245642
3632311.1823191233 3179624.1085616807 -4157637.1899256427
3623420.635818464 3176983.405546941 -4167402.1088448237
3611031.522748739 3177956.3230866897 -4177401.8181482432
3599386.918215017 3181781.6900815773 -4184533.437510594
3586516.2635829765 3186385.611346378 -4192074.5254419763
3569981.6176292277 3197991.446048337 -4197347.1337013645
3546001.6269172817 3229782.3276642933 -4193330.3683119714
3536348.2243437795 3247057.8864241946 -4188137.690954184
3530848.9556646654 3267885.3785220683 -4176562.1993600703
3536009.108165413 3281265.132560352 -4161679.9152283366
3539220.4940701225 3292301.665972847 -4150217.950251103
3544398.1538497875 3302661.247247944 -4137548.961995842
3552363.5846733935 3310083.4155701413 -4124766.8715036367
3561016.487568818 3312924.847250434 -4115012.944297226
3568683.1323771016 3316689.32075544 -4105327.471746192
3578625.4417967936 3315235.9664932583 -4097839.849700597
3586115.8602904202 3314507.144625675 -4091876.882898465
3595948.8909792607 3309425.4996909103 -4087358.001871208
3604362.3548351186 3305220.7241201685 -4083347.7662200155
3614973.3092737426 3298264.110334592 -4079591.0127998376
3625210.5079901703 3293255.824414776 -4074549.772393977
3632566.769558662 3287577.275122136 -4072583.372356992
3636679.5753762624 3280692.52024184 -4074464.2903908696
3637344.4357575234 3277724.4825096526 -4076259.151773917
3638760.5647445926 3270724.243505778 -4080615.8206088417
3637579.9896820444 3265533.24657595 -4085822.491760003
3638880.1277672118 3254563.0168542373 -4093410.8009171924
3635036.152915877 3242000.9409543173 -4106772.828614442
3629633.3352647843 3230364.2887789207 -4120697.685261138
3625139.599510857 3217418.2763666594 -4134757.9758626814
3616600.0837259027 3206342.7503298977 -4150808.4756828644
3605026.3333872887 3200579.6376788486 -4165299.0431011957
3589944.200839743 3200772.1970853554 -4178157.3662587767
3574927.2469084635 3207598.768304614 -4185791.003010327
3560377.4950011964 3218402.6781692905 -4189897.0505540757
3548374.254401428 3232283.3150409088 -4189394.433806546
3539561.4326268397 3246366.5826207916 -4185958.6567360694
3533107.626255364 3262542.0624735407 -4178828.8780335435
3531586.2495085113 3277160.908998364 -4168663.5674776416
3536342.9877873785 3292734.7862567306 -4152326.6851371266
3546088.3090568637 3300422.4687033384 -4137887.1700964
3554615.0797712593 3305233.798344406 -4126715.664174669
3565686.9222514587 3305679.044554068 -4116795.334587455
3574564.0043040924 3304755.800242773 -4109832.390730216
3582309.2406486985 3302072.987883495 -4105242.43949771
3588922.30490384 3301339.4548668447 -4100053.108571058
3597301.023881612 3295279.695219889 -4097584.419368541
3605755.8990209126 3287087.603274638 -4096732.903799574
3610246.219707794 3275983.333881372 -4101669.9561540866
3627694.2840717467 3256544.298139439 -4101755.040902453
3631750.1505899816 3239866.96308079 -4111361.5634272923
3632875.908982966 3227800.0429749074 -4119849.574013882
3633911.4580242354 3215239.4189083623 -4128748.477969806
3630213.3455647095 3203730.5880100043 -4140930.1352634463
3622945.094557336 3197091.2684269426 -4152411.018091916
3613868.487120827 3192898.0644611046 -4163531.8550187116
3603435.002585375 3190966.2681721104 -4174042.5797457187
3589949.4234854514 3190557.0455506407 -4185958.6567360694
3574968.979104051 3195493.0861780224 -4195004.378380575
3562240.938533256 3204530.313651659 -4198936.289672101
3551523.9550117957 3217276.935907381 -4198267.227637585
3544759.060506997 3236356.036957828 -4189310.659881907
3544544.7132672817 3253671.8167192717 -4176058.367017356
3546536.712047752 3267954.131740107 -4163195.184343425
3550053.317187967 3280831.2877894742 -4150049.2173207267
3555892.9604332186 3294637.9409844996 -4134081.166567354
3566839.171115489 3300732.9008462476 -4119764.755986352
3574157.381877647 3306463.075089919 -4108812.7169094053
3580718.498939248 3309286.816353751 -4100819.0399554963
3586621.591877085 3313117.87530558 -4092558.6741074002
3591878.6918387944 3312053.5846851654 -4088807.835456269
3593833.5077030817 3314668.594857707 -4084969.2563316314
3601134.2345536593 3310948.7206833437 -4081555.0705253207
3603166.2060731547 3309685.027290482 -4080786.6045091837
3610502.9395717806 3307373.207667973 -4076173.6945993346
3615549.9088648665 3305966.5808412055 -4072839.896542505
3624025.2024819525 3303742.3083098712 -4067108.1977320216
3633302.3035109723 3299449.4046201515 -4062313.2569576153
3641322.375106877 3296195.062910736 -4057771.6135569904
3648917.941706584 3292541.5810439577 -4053912.7755525694
3653427.7422892093 3294298.0212609074 -4048420.3436634443
3660175.679546816 3295984.0203719465 -4040945.969981135
3663160.5426684427 3300988.1813865458 -4034150.8232815713
3668868.632056246 3306944.2301049302 -4024073.0385629744
3674240.4242250505 3309578.452064013 -4016999.971947236
3674049.9845096106 3319409.4932284583 -4009054.542855425
3677524.438867181 3328382.016431984 -3998415.705529726
3676349.855668083 3338190.2306946525 -3991312.907105136
3670211.632694038 3353713.8713722676 -3983941.621083648
3661783.3210600265 3367536.2410752294 -3980035.6247967826
3648321.2000703216 3376490.5405567447 -3984809.28660937
3632025.4486293695 3385852.0501975347 -3991746.2387634036
3615835.4712072033 3388969.626501255 -4003780.6777859014
3598461.17384092 3388647.4948932575 -4019674.9042320666
3583983.2965901154 3386480.281058514 -4034409.007000269
3572237.8575125053 3380932.9858188857 -4049450.559613768
3560086.523393367 3376979.165455371 -4063426.7142441827
3550384.0592086813 3370484.3574428186 -4077284.541008899
3540571.0206164205 3366224.032784732 -4089319.4554930152
3535683.5422573444 3361929.716654277 -4097073.525003847
3531342.767721432 3355690.4426195733 -4105922.6624685936
3531006.12062559 3353963.496632588 -4107622.869660836
3531957.837137712 3347019.658037723 -4112465.7135823695
3538729.826139489 3342785.47920714 -4110087.281018819
3548561.295464228 3337686.2050046986 -4105752.6142297676
3555836.0760928546 3335067.068720156 -4101584.870156281
3565977.9660476428 3332083.468577157 -4095199.8613129416
3575679.8798480015 3327963.995199973 -4090086.80146312
3585086.014194478 3326224.1872703414 -4083262.4121950455
3594778.630429406 3325190.5616396926 -4075575.459611856
3604414.7433696873 3325126.5037168474 -4067108.1977320216
3615105.1477730526 3326705.802292861 -4056314.1243665763
3622245.596703896 3331058.932633105 -4046359.3790572337
3627206.9811212244 3337959.114832435 -4036215.983295804
3634594.451873807 3347687.5924866814 -4021486.286625738
3637305.1394213545 3354058.549237374 -4013719.4185725884
3634057.3929399718 3366234.523212639 -4006461.406222417
3631745.0217845785 3373762.8027623105 -4002223.5878871544
3623008.1226854245 3377918.6786214462 -4006634.316178078
3614447.746982748 3384826.0802441305 -4008536.0034344816
3610274.811407169 3384468.1059021116 -4012596.718616301
3603798.1968400143 3385020.409253729 -4017949.2761094407
3600180.7380184936 3386001.295452176 -4020365.018353035
3599761.104384182 3383476.013956981 -4022866.0249056965
3598363.678013789 3382399.1300949603 -4025021.2378922836
3596634.961784891 3381365.402452632 -4027434.1666578413
3595767.2339753867 3379722.1079784557 -4029587.754586151
3594434.4625828024 3378469.413727883 -4031826.672204829
3593367.9199002106 3378884.6983336937 -4032429.3158837203
3592026.7413205407 3380105.046100251 -4032601.4887372344
3591783.00983271 3380466.7333746115 -4032515.402924665
3589335.3230546345 3382655.061605085 -4032859.7388044354
3588034.160388485 3380955.8862191313 -4035441.6312623704
3585462.1410326664 3378650.450699152 -4039656.342711824
3586821.466091311 3378749.6619648305 -4038366.4385688333
3586715.5870025167 3381841.332183924 -4035871.839130382
3586082.8214590014 3385385.212812326 -4033462.279296571
3584407.42240025 3388183.8296167217 -4032601.4887372344
3583210.708121903 3392622.5875261277 -4029932.257471341
3577899.359350979 3396486.721570457 -4031396.175588728
3574359.347592086 3402864.8711055527 -4029157.098361501
3569182.2116389284 3404116.6660529375 -4032687.5733214044
3563983.2003580434 3409864.888814098 -4032429.3158837203
3562753.800694166 3408807.7563679614 -4034409.007000269
3556887.5911669647 3408311.822446598 -4040000.2703927155
3552871.3889859407 3406486.045899959 -4045070.9156223675
3549487.011259025 3402052.3032466616 -4051767.895977947
3547888.3468832653 3397788.5235690814 -4056742.834732339
3542937.8867852176 3396605.797622414 -4062056.27557518
3541740.5522882733 3391189.831937628 -4067621.7110296288
3533126.3245474603 3389803.9327325616 -4076259.151773917
3534284.3066722318 3387362.722127677 -4077284.541008899
3528585.5774081317 3384146.5887972694 -4084883.925944425
3529050.4631428355 3383764.8075022525 -4084798.594312892
3530602.8383184876 3380289.334928302 -4086334.37327728
3530537.7178796437 3378810.0246132514 -4087613.881007134
3530243.482778062 3377466.173999125 -4088978.380450883
3527826.806284175 3377513.4797404404 -4091024.5317077255
3528024.470833957 3374517.730869753 -4093325.5938469437
3524323.3296122486 3373216.2685631374 -4097584.419368541
3522764.0160301737 3371017.0317994873 -4100733.9414647142
3519635.705656702 3367552.7875921563 -4106262.74393721
3516782.6288416525 3365763.670109283 -4110172.241944379
3515264.1088591614 3360081.11157151 -4116116.393960084
3511503.2798687997 3354024.227440326 -4124258.3814807218
3511506.088003733 3344312.6703337915 -4132134.8909440977
3511070.813335406 3337126.5933286347 -4138309.9018612746
3514512.1413756823 3329090.6307212915 -4141859.6041593
3512416.994662157 3324780.619344776 -4147095.5726674334
3515122.688208419 3321182.1394058242 -4147686.425434566
3519204.219979361 3317490.141420986 -4147179.983995633
3526986.0220458913 3312176.1750463136 -4144815.9893713584
3530071.219405944 3309628.180684423 -4144224.836026799
3536513.2142394427 3311842.637835428 -4136957.0492966296
3542467.8105019974 3310231.1700395816 -4133150.4221907496
3542740.397493002 3313846.3580601136 -4130018.618740459
3547163.8879536153 3317867.9737897976 -4122986.958565086
3546215.6538205724 3319302.655690634 -4122647.8647251735
3543873.6248633354 3326638.7216451797 -4118746.8417771105
3541951.5948676504 3334033.402940605 -4114418.6913452065
3540535.3242121856 3336898.4134232663 -4113314.9157946804
3532744.062500292 3346711.6195652424 -4112041.06549727
3528601.034682974 3352850.69950159 -4110597.0277912123
3517572.6858328446 3360056.2556281085 -4114163.9927082546
3505944.313036994 3368663.7495967057 -4117049.9166316437
3490170.234697048 3377252.7484656414 -4123410.7976062763
3478330.0996843027 3381701.4884452047 -4129764.6132289036
3466335.363368478 3385018.046200475 -4137126.173512023
3455562.535942567 3385591.3098422023 -4145660.386827548
3445621.179644743 3386002.502970344 -4153591.546633124
3439103.3679316742 3382902.723749998 -4161511.5266361875
3432711.383721778 3382868.6385528855 -4166813.3303955747
3430309.3664562344 3379085.618011542 -4171857.983746592
3421406.132507089 3375967.655877937 -4181681.8940360476
3416014.7497062143 3375711.362559065 -4186293.9488859605
3412260.983517727 3370354.2954218 -4193665.211207787
3409899.1565905972 3365553.2908069897 -4199438.032477796
3409317.636215311 3361339.7063515843 -4203283.196965854
3407185.874996448 3358065.4332686085 -4207626.642076409
3404292.3715947215 3354510.9288200466 -4212800.835207957
3400667.9844419267 3352109.5682992614 -4217636.74368813
3398410.178782065 3345793.386004676 -4224466.342026862
3396500.6704301527 3344263.676608174 -4227212.39791505
3394463.539283311 3339808.462402659 -4232367.861486027
3393485.26541311 3338379.7197218323 -4234279.112242615
3392211.6558607244 3332818.9054298275 -4239676.783134791
3392820.5217845924 3330508.948498271 -4241004.603974189
3389600.348671457 3326070.32754161 -4247058.5883095125
3388729.0732027707 3323358.4078207817 -4249875.8995525045
3383614.502352902 3323908.0652153436 -4253519.610095094
3382383.58844002 3327806.8340269146 -4251449.62760414
3383888.2118453365 3326382.6905663414 -4251366.811466025
3381580.6122668353 3333062.0223389263 -4247970.235063212
3384555.364696627 3333316.565164248 -4245400.647725125
3385050.7353543597 3334502.820045065 -4244073.922799698
3384965.3387849065 3335117.208795606 -4243659.25338265
3386114.80625049 3336482.6966352654 -4241668.390379507
3386171.2524939314 3334209.519295938 -4243410.436219909
3382904.205422699 3335414.418504523 -4245068.997527079
3377952.0242618606 3336000.8295637504 -4248550.292386236
3371512.48218819 3337554.552453397 -4252443.320239182
3365285.2654076116 3338141.8422485734 -4256912.628121434
3357175.3494876283 3340925.673218027 -4261130.169195174
3349489.72966465 3343999.027821708 -4264766.119355023
3340228.126146347 3346413.4352012905 -4270132.806600418
3332063.071803856 3348970.983947962 -4274504.653664055
3325357.6316432515 3350057.4343927475 -4278872.843161137
3317636.8735393803 3354552.4301284067 -4281343.7807365395
3309924.5599571667 3354708.3522696146 -4287186.98899463
3294463.4588560686 3363608.080205911 -4292119.779437151
3279998.1141771246 3380324.7595214527 -4290065.021787053
3271270.087313776 3392827.9898646595 -4286857.969076775
3245589.4726471077 3420496.348381089 -4284389.653819305
3234412.7934387014 3435277.3792782375 -4281014.390195306
3220254.614314067 3449677.202491341 -4280108.458625842
3205444.4958592094 3466901.8974064137 -4277307.309245585
3192597.2265561502 3482887.8973877314 -4273927.4494563015
3178992.0038402835 3498938.2555655 -4270957.96318107
3170171.4999804543 3516263.062123281 -4263278.989071567
3164437.9862179863 3530912.906015654 -4255423.278771778
3152907.9292819425 3548959.366561147 -4248964.58022057
3143093.6250013174 3569407.601104149 -4239095.757547358
3136084.005911266 3586864.7347834916 -4229541.285084483
3129829.1124131167 3603758.0385670895 -4219803.162062705
3124620.903209977 3619652.7098769136 -4210047.442856669
3114979.7984386384 3635208.026043569 -4203784.54047155
3107140.123594159 3649328.471316361 -4197347.1337013645
3099720.3514957004 3662444.8134127306 -4191404.6250904435
3094177.404503159 3677448.9469261267 -4182352.977955593
3092053.037174297 3686663.7551860088 -4175806.433672303
3087428.309397028 3699077.82902577 -4168243.1130086216
3087361.082020898 3707933.9202773324 -4160416.8771986696
3084461.3583119684 3713932.5585635076 -4157215.904848124
3076489.0347787812 3721480.5804990428 -4156373.239719266
3067898.3768548327 3730537.8356743553 -4154603.2308625556
3055974.64964295 3740592.6405077 -4154350.326888585
3041517.8216708424 3752077.069379716 -4154603.2308625556
3028015.7066255244 3758697.7472863225 -4158479.6650908184
3012121.589335673 3763913.9751856984 -4165299.0431011957
2997729.9738097736 3766368.743056239 -4173454.5038195187
2984179.7152721416 3767258.4188961955 -4182352.977955593
2971227.5401602807 3767901.9527015607 -4190985.8958747233
2957409.6769371005 3771317.6856597415 -4197681.731216511
2948957.813550946 3773000.574088909 -4202113.216207006
2935965.557287912 3775218.510519944 -4209212.805768633
2929375.1149043906 3780613.447416992 -4208962.389638175
2925522.420348583 3777274.9269786174 -4214635.653773224
2917020.3683050186 3776498.5986015336 -4221219.196589335
2905457.6680830354 3779359.129121877 -4226630.018359854
2896692.2643296034 3782829.026474622 -4229541.285084483
2883105.797015282 3791339.2542171353 -4231204.157524088
2873420.414135876 3800721.443496885 -4229374.9694925565
2864142.2569184606 3804021.330939342 -4232700.301922226
2848057.5897153546 3811097.1956549715 -4237186.22802156
2837374.88559647 3820807.1522201938 -4235608.275576181
2826935.312463253 3825687.6606935 -4238182.589502933
2811288.4222009033 3834815.361819405 -4240340.734888303
2800408.5636253646 3846520.09152061 -4236937.108608293
2793916.305011617 3851146.963126396 -4237020.149703394
2781352.2567140665 3859136.744455493 -4238016.5421651
2773891.001759098 3869961.716494562 -4233032.721728757
2769786.0960485 3878799.371117395 -4227628.34468165
2765551.921099581 3887341.1986876726 -4222551.595503352
2760477.0457625547 3900060.3926225365 -4214135.310323458
2754453.1769864867 3914831.64227948 -4204369.382962967
2741168.859923255 3935225.27932161 -4194000.033664187
2731550.992596496 3953552.9027397903 -4183023.9803380133
2720341.383547178 3971619.9528444796 -4173202.4522096026
2707011.5468593827 3988635.0600357284 -4165635.5869211317
2693706.9861560087 4003675.8100829776 -4159827.3618613947
2679382.515366841 4015894.1320029465 -4157300.1643964504
2663098.586931979 4027319.980316919 -4156710.320965491
2648013.7833571886 4036126.336602436 -4157805.6950914087
2633568.2955904757 4040193.8753322493 -4163026.8413965884
2620447.960344941 4042391.7528387033 -4169168.0709352163
2609029.4551200247 4039280.443899166 -4179332.4584016846
2598176.04354613 4033589.6558183786 -4191572.107839486
2589994.9602081557 4024127.822937386 -4205705.930133201
2583025.6340009174 4009454.2184149167 -4223966.90855042
2574221.0818821825 3992266.550759051 -4245566.46506491
2566956.2000758746 3975208.449473032 -4265922.485246332
2559758.9236038066 3961027.9688187432 -4283401.998793289
2555860.851185655 3949550.064102979 -4296308.950776315
2551547.2908011707 3937759.333224142 -4309675.02909574
2537806.643272894 3931572.7861365057 -4323414.60753775
2523134.5466807527 3932752.182755355 -4330922.918775986
2514068.336325329 3936131.981104557 -4333124.326350711
2501938.724787869 3940448.1073810356 -4336220.973433443
2485744.2240344957 3950505.19640829 -4336383.902035225
2474160.5869952133 3964101.738091175 -4330596.702513642
2462853.583201148 3976824.0798672675 -4325374.37287238
2449341.723437316 3991799.894323564 -4319247.58789161
2437819.9458200014 4008721.327458402 -4310084.480673471
2426735.4542219476 4023956.7830614084 -4302135.265571769
2411813.937071359 4042005.0402047 -4293598.698982958
2397462.9548235172 4061488.643451554 -4283237.371353932
2384010.4581430596 4077620.7681216006 -4275411.559937584
2367565.5897871642 4095459.8105265237 -4267491.431557632
2351595.3659042143 4111939.4076139475 -4260468.817298078
2332433.0471002413 4126425.5242978395 -4256995.357434394
2310975.945382701 4138565.700384955 -4256912.628121434
2292428.333806849 4147934.4519999223 -4257822.57923832
2273558.8825987102 4150676.249896333 -4265261.735919967
2255244.2223212426 4147081.717558665 -4278460.906164425
2238675.4603430238 4138789.6286878726 -4295159.320994234
2226133.4198233793 4126438.4120286186 -4313522.577764047
2214952.0432836968 4111033.6369623938 -4333939.418325679
2205996.8524855524 4094241.338096325 -4354354.918038612
2199438.5896516447 4074232.790955876 -4376384.130243948
2193888.754950689 4050412.9155329885 -4401209.872817299
2188060.4041611715 4029570.5107355844 -4423188.23550979
2185523.629726827 4016870.4524732656 -4435975.567105041
2185875.5379764186 3999540.7589012035 -4451433.797144948
2178532.8875279045 3986436.4186002123 -4466761.706025657
2174636.0365044908 3983765.681858949 -4471041.277015785
2178154.2363292254 3976502.7097116667 -4475791.6978359055
2173630.0762070194 3969887.5744524905 -4483856.145999333
2167233.9249298135 3971688.896445548 -4485356.77783657
2168599.837116225 3971389.215358098 -4484961.922535894
2166541.3584720143 3967784.126205529 -4489145.6503283195
2161632.1092486777 3969657.83141497 -4489855.713244125
2163057.5526610105 3970130.524180766 -4488751.123068009
2161194.2101979707 3967040.100246003 -4492379.4840648705
2158504.7398586376 3968861.109356445 -4492064.08932973
2161000.63544399 3968663.1004898963 -4491038.905244598
2159964.9648952656 3968245.1272614123 -4491906.383751897
2159534.607134017 3969104.079453191 -4491354.371128888
2160734.929116445 3969164.7425962286 -4490723.417471528
2161038.11937744 3968731.9394810116 -4490960.035353343
2160032.811114354 3970349.8731086 -4490013.489959239
2160959.0561144343 3972878.2469933573 -4487330.541910636
2159988.878860558 3974564.4855841016 -4486304.291188049
2158290.95898494 3977891.6059881123 -4484172.109472738
2158405.637185259 3980588.7329552206 -4481722.82101837
2158532.7202133616 3981320.5734754577 -4481011.491503827
2155293.4645007933 3982808.2987684566 -4481248.613627823
2152300.6590555846 3986914.6437541903 -4479034.996117724
2149729.340221882 3989811.100835472 -4477690.492144274
2145064.4838632117 3995336.2385998676 -4475000.30174293
2142124.052705248 4002757.659811334 -4469773.669845413
2140954.4040751997 4009482.8683126243 -4464303.122367317
2139588.074558347 4015860.0938069555 -4459223.203448836
2136310.7403732534 4023065.7583000683 -4454296.726191395
2133027.9539828897 4028588.7675854363 -4450876.9123861445
2126353.4095409857 4035890.2156377104 -4447454.591679742
2120875.2667234633 4044816.5170684736 -4441957.726751881
2116675.4183048923 4052960.6776882606 -4436534.223767076
2112975.391615139 4058469.1163700586 -4433261.150203007
2108554.0744900224 4064166.629688926 -4430145.632039028
2104013.47244521 4069129.9764506337 -4427747.682797645
2098116.0477005397 4072521.6457395707 -4427427.864501478
2088793.4013150102 4078699.9992992585 -4426148.375544938
2079105.1117516488 4088585.0696280287 -4421587.3917296855
2070819.429112145 4096505.0549841314 -4418143.753489819
2056300.9917270013 4107949.7816040777 -4414296.752965477
2045751.4201809538 4120778.333862001 -4407235.874105346
2037175.5429629355 4131710.4837411335 -4400968.675836863
2025953.1853505874 4143719.3573302906 -4394854.329605711
2017318.8325129182 4156534.8717882955 -4386716.72069175
2012312.529810451 4165079.861837464 -4380907.329182377
2002181.3945248201 4173265.9037189963 -4377757.6863361355
1994694.511441896 4183279.2178422925 -4371614.094541322
1993938.659856842 4189973.3842838774 -4365543.798854961
1992224.4300665022 4195425.924745021 -4361087.493988579
1990059.0718483285 4203354.880047693 -4354436.087822786
1997528.1472715773 4208300.875971773 -4346231.245361088
2005865.2092030977 4208029.689256296 -4342652.633684414
2006955.4549187184 4212209.438914509 -4338094.3333094455
2021174.0770759045 4213796.330778235 -4329944.206670132
2036539.1164928044 4211845.461479284 -4324639.549790372
2046247.3004040339 4211834.762805456 -4320064.920393293
2059028.7219818796 4213232.750274509 -4312622.347721623
2074593.5144742338 4212047.337503922 -4306316.288468321
2083813.9656035705 4215536.214990564 -4298443.296922568
2097828.781852999 4220128.953576916 -4287104.7359740315
2110217.081834883 4223391.664010351 -4277801.73919972
2112103.3046441847 4230120.764477752 -4270215.328112303
2112121.160623926 4237185.6240561325 -4263196.358383776
2109243.319234231 4244763.809052516 -4257078.085450599
2107508.694697913 4252255.1701407805 -4250455.748479649
2106477.76342846 4258390.953021729 -4244820.246300676
2104789.348331482 4263025.070090495 -4241004.603974189
2099693.5285618776 4267516.725479672 -4239012.748726598
2093837.873301927 4273110.961430023 -4236272.7333863955
2089825.8308220427 4277953.804091672 -4233365.120904001
2084608.3188577525 4283373.879566474 -4230455.928714624
2081282.8714105824 4288518.544885807 -4226879.6173233325
2076652.085200618 4294039.681035692 -4223550.678602403
2071237.719393345 4299680.436365805 -4220469.577534639
2064624.359034161 4304575.2751075355 -4218720.061465997
2057694.6350637875 4308626.470634073 -4217970.095363536
2050559.861085725 4311863.576295076 -4218136.763492139
2043129.3925785387 4314085.864938888 -4219469.923475712
2034956.0613755672 4316481.518558157 -4220969.335142901
2027822.9467936866 4318534.77950098 -4222301.795785966
2019008.003406916 4319733.693722013 -4225298.628203881
2010763.0842812608 4321543.875190622 -4227378.780484916
2005685.7048103518 4320485.05985483 -4230871.624274435
1997657.0802356023 4318178.718023607 -4237020.149703394
1993410.1728227693 4316311.000690678 -4240921.624859781
1991676.0938617606 4312951.724868203 -4245151.912016336
1987621.7924838504 4310495.552434784 -4249544.52882697
1983845.031842251 4309621.595705619 -4252194.914566191
1981377.6083320393 4306833.834533866 -4256168.005954973
1977328.187483432 4301986.131882784 -4262948.458528638
1978226.9707657762 4294851.410776393 -4269720.179530139
1978704.8219803355 4286828.136234356 -4277554.530086232
1978863.7702304139 4282064.738328261 -4282249.49712592
1985048.2229577287 4276811.228935006 -4284636.5382127585
1988598.0033921392 4270788.025980802 -4288996.224997615
1992593.0867256375 4263800.102075304 -4294091.578002945
2000282.7059690172 4253900.1551350225 -4300330.634537709
2006140.0431345378 4243830.365204736 -4307545.351902681
2012615.483313728 4234933.385527596 -4313277.076246044
2022182.956206815 4224026.400222505 -4319492.801458287
2030516.5075294722 4213830.529380497 -4325537.652397813
2039948.2747653439 4204655.61480643 -4330025.7732672505
2048730.400492121 4196429.472551191 -4333857.915068644
2057419.2705041545 4189900.669828389 -4336058.0395481065
2066484.85562985 4184339.5340937325 -4337117.015353947
2075911.445603795 4178233.77344475 -4338501.492964686
2085670.893582235 4171169.098457885 -4340618.190503965
2093290.2292693483 4165484.9719746183 -4342408.544149099
2097857.1860313304 4162253.1277875053 -4343303.48090481
2101296.414934413 4160942.505183284 -4342896.711314102
2107302.941447395 4160197.4031957826 -4340699.584100497
2113697.0409590085 4158227.002988009 -4339478.541329879
2116438.3987094495 4159126.403986433 -4337279.914892634
2120430.5982145574 4163375.5765288076 -4331249.1139299385
2129106.427008327 4168529.505505427 -4322025.981435387
2137257.44683917 4174770.362786214 -4311967.535120409
2138657.211831862 4184524.0065555973 -4301807.1980087
2138533.336863081 4193850.341287 -4292777.129319919
2140181.381129355 4203425.198224894 -4282578.809408562
2139705.916362146 4213215.818126392 -4273185.236024106
2139987.5850583594 4222345.952706422 -4264022.606818565
2139832.405143021 4229176.205738226 -4257326.261718434
2136589.6212138897 4235972.639082849 -4252194.914566191
2133826.641185698 4243010.997689388 -4246561.260461582
2130574.6291110716 4249285.876872362 -4241917.288962776
2124254.525122763 4256501.725567062 -4237850.489663371
2119782.1298627737 4262611.813467765 -4233946.769811766
2112997.770950659 4266885.9132546745 -4233032.721728757
2105021.4023039686 4271567.827670201 -4232284.748153781
2100034.360966034 4273857.208592167 -4232450.97352902
2095181.8354608128 4277554.08364045 -4231121.02614496
2095873.586864299 4278777.328355669 -4229541.285084483
2081124.7408255676 4284574.965620027 -4230954.759520108
2075531.4985185608 4284660.902995357 -4233614.406745176
2069244.269914033 4284253.226980235 -4237103.189507824
2064421.1467556246 4281897.697989824 -4241834.324060481
2058179.406181875 4279065.268708459 -4247721.61965704
2054308.8662219648 4275411.057899418 -4253271.2549463855
2051768.831915108 4270697.571327878 -4259228.558628414
2049282.7047062134 4266858.197092166 -4264270.456021683
2048873.897740928 4263337.366983618 -4267986.790799274
2046859.3385579858 4258764.651039355 -4273515.121678593
2044055.49638996 4252740.773211137 -4280849.68710016
2041867.1553140744 4245910.048295092 -4288667.320023363
2041247.6241799276 4238559.195220654 -4296226.842869245
2039229.2949482352 4231534.031916768 -4304103.230564428
2035663.246319172 4223568.769471227 -4313604.408975467
2034974.8627550656 4215366.638773941 -4321944.2856967375
2040546.13448801 4204953.482054812 -4329454.779389796
2041708.7368690604 4194295.1909489213 -4339234.2970822975
2044253.5692826076 4183184.5615258813 -4348751.000998658
2048106.1001337403 4169279.1239137584 -4360276.824869252
2049036.3067032308 4155400.2562384964 -4373069.851290397
2049614.4248618085 4143437.768746606 -4384135.623577645
2051272.5332248684 4132442.8183889776 -4393727.158937227
2051596.1697323662 4124054.163409245 -4401451.057731571
2053464.914670416 4117713.525887116 -4406513.152475994
2056422.8657970098 4111419.6573515492 -4411008.319893592
2056470.6747476885 4108467.9062917787 -4413735.473142137
2059526.7333942207 4106333.4997529085 -4414296.752965477
2063551.2079964452 4103450.126271778 -4415098.466985367
2067688.8267308886 4099726.788377734 -4416621.353078645
2071681.1075579687 4095723.6880652737 -4418464.19693635
2075203.1296249395 4091864.7336411155 -4420386.40532465
2078604.1564461386 4089012.911286347 -4421427.277716822
2081776.0895429102 4087831.9255275703 -4421026.96911532
2087613.2895195517 4086586.705847481 -4419425.398059345
2093768.8158521429 4085602.7754104165 -4417422.677005656
2096966.2730924222 4086042.047591042 -4415499.273562491
2100918.071305868 4085138.0285479114 -4414457.10652761
2102578.1135335844 4087488.831333478 -4411489.695127217
2113654.996067761 4084805.439208927 -4408680.991113664
2119926.90225763 4081207.135565601 -4409002.069141359
2127046.329808054 4079583.6060507526 -4407075.278695841
2138966.924536945 4074822.8039365346 -4405710.00092559
2147453.7884465996 4068704.360909653 -4407235.874105346
2156715.9087415193 4063889.4188284464 -4407155.577071841
2172757.6555467704 4054724.464262464 -4407717.628112579
2185839.766384136 4045325.757263652 -4409884.922910462
2199508.5327856205 4037033.57474962 -4410687.37619745
2215421.008549637 4027005.1262306483 -4411890.804200506
2226342.745596583 4018247.789188087 -4414376.930418892
2237331.957190473 4010463.002264807 -4415900.0465136655
2251029.9878337863 4001463.915913939 -4417102.163580972
2256060.1231464306 3996682.1613180386 -4418864.720960655
2263822.480615826 3990073.331710267 -4420866.836247495
2271439.8179783956 3980320.6758580306 -4425748.46445653
2276056.052398324 3969397.119144192 -4433181.290774239
2280876.8795404052 3958408.744902152 -4440522.702189483
2282580.831068607 3949724.2434187722 -4447374.973013649
2281913.7900095438 3944278.438028364 -4452547.3673245525
2282103.0873374827 3938418.512977701 -4457634.587468924
2276998.794233712 3934356.9951278567 -4463827.116493953
2272565.480302496 3932869.2340092342 -4467395.966994766
2268389.5126081635 3930866.9384008427 -4471278.914547433
2260816.935752528 3930093.6961601484 -4475791.6978359055
2252496.114683597 3929103.5913810283 -4480853.403262821
2242427.4325234895 3929003.3863092987 -4485988.475267873
2231012.1145748957 3931444.422270716 -4489540.14340183
2220049.1618332053 3935936.0094675175 -4491038.905244598
2209140.7521408894 3941799.3936852575 -4491275.506709972
2198887.082386289 3949322.611127876 -4489697.931058258
2191673.1010305923 3957628.812267377 -4485909.5178714935
2188407.5489195045 3964620.5214100983 -4481327.651605721
2186965.4091386963 3969701.2353087496 -4477532.289288265
2182852.136716702 3976509.6050439747 -4473496.273634789
2181342.146231136 3983477.6391183273 -4468030.14086969
2181632.6454224917 3989626.1609197445 -4462398.8051866945
2182694.882175604 3995875.175347235 -4456283.836827287
2187118.7378387847 4000985.7545023263 -4449524.201402205
2191467.635818173 4004622.563081018 -4444109.441544382
2197263.307778754 4006574.4480727417 -4439486.022991826
2204381.891989453 4007435.983188178 -4435177.371302933
2210099.7276710696 4007555.4399138936 -4432222.872302883
2215874.7890055147 4007104.9124876345 -4429746.058158101
2222405.333373003 4008170.410079492 -4425508.50162537
2229166.4989722287 4008478.366476451 -4421827.552647228
2233995.1591144195 4008262.7078835038 -4419585.579400374
2237824.581879031 4007892.678843746 -4417983.523691395
2240879.766190319 4007775.2662575115 -4416541.213285953
2244607.596218753 4008691.689125957 -4413815.660007739
2247183.553827134 4011485.290638168 -4409965.174284539
2249512.847531323 4013178.901916833 -4407235.874105346
2252959.361140154 4012920.9442493613 -4405710.00092559
2258243.125973865 4012155.5023502065 -4403701.534953607
2264413.9495660323 4009029.0766187585 -4403380.102584389
2268019.441443346 4004958.7613000036 -4405228.0455750935
2270903.620802134 3998813.238746004 -4409323.125680113
2269097.440838223 3994171.5359520195 -4414457.10652761
2262797.631713176 3992162.209511292 -4419505.489402989
2256849.3648475017 3992869.280314366 -4421907.603592511
2255594.0176882152 3994553.4375852514 -4421026.96911532
2256707.498288626 3995873.779171012 -4419265.211333381
2260998.42946752 3993536.0287471553 -4419185.115951108
2264019.344453941 3990582.5849851673 -4420306.32879119
2267514.8731497945 3986200.5436970005 -4422467.922492396
2266446.0005028276 3984321.508292675 -4424708.5378995435
2264333.9082095497 3983034.4590730877 -4426948.096597567
2260147.899634134 3982301.1352749527 -4429746.058158101
2255286.147511552 3981501.379927227 -4432941.7043854855
2248890.9141360433 3981384.0604057205 -4436294.807591534
2241550.105352694 3981521.9865477984 -4439884.772809966
2231235.7455635667 3983668.8219814976 -4443153.24566821
2222640.899884319 3988381.8154353406 -4443232.936102509
2216831.7160087074 3994007.924205018 -4441080.819382305
2211627.141388687 3998929.1840527663 -4439246.756872608
2205732.8661711453 4004924.8805604093 -4436773.627779607
2201619.7959869034 4010366.849522035 -4433899.9770149635
2196827.185199883 4016080.7361481437 -4431104.471698511
2192269.566387122 4023412.6944136512 -4426708.194440187
2191248.5660239193 4032756.0213307487 -4418704.515388952
2194840.8185729124 4040711.96163256 -4409644.160728361
2198644.8654364757 4049231.5658847233 -4399923.349506508
2206149.9833763526 4055454.924015545 -4390424.6503187595
2213022.9406488915 4059645.523417343 -4383086.662200426
2216659.4196897275 4064628.1569913756 -4376626.550494536
2223075.422219319 4066256.905198241 -4371856.75063262
2228766.7289349637 4066880.5710961823 -4368377.535016053
2233711.357728947 4067645.1937247063 -4365138.846396641
2240241.6482774834 4066574.286376537 -4362789.46669492
2246115.213396006 4064637.887785316 -4361573.83169552
2251255.201272907 4061706.2544533075 -4361654.8833300145
2255143.835454227 4059025.9590173997 -4362141.165234761
2258991.0672862073 4058105.869587428 -4361006.433054323
2263832.818118242 4056801.3246497866 -4359709.277455385
2267793.264503511 4054414.3512701723 -4359871.440499935
2272022.70944085 4053005.2699187146 -4358979.478019618
2276955.4182433933 4052679.0872884183 -4356708.303155854
2283228.818099359 4051417.003348347 -4354598.423411797
2288970.131706686 4050358.152820396 -4352568.847248258
2297300.1393755083 4046774.822115406 -4351513.140129315
2302487.895101738 4042426.790158697 -4352812.440149154
2307288.4353075936 4036099.8940662434 -4356140.346845392
2308946.542280462 4030506.030231166 -4360438.969319638
2310470.6853842586 4025507.0557119693 -4364247.833979315
2311393.0506039336 4020934.7980365176 -4367972.815341102
2315060.6269879686 4015303.421538267 -4371209.641089427
2318587.9695209167 4008153.758107437 -4375899.253749119
2320026.638047553 4001934.000959205 -4380826.594458679
2320173.38990338 3996719.2518903133 -4385507.001744906
2319142.570547952 3992535.8861672 -4389860.582654002
2318146.197646866 3988416.0949468445 -4394129.750007883
2315230.1014408455 3984519.3032920617 -4399199.529354761
2308621.4456391144 3982580.9803496045 -4404424.679307475
2299155.493911631 3984502.2401151597 -4407637.3391345665
2290310.960044259 3989415.2754795286 -4407797.915747924
2282271.0657000435 3997031.540206308 -4405067.38305606
2276262.3328963197 4005318.4936428918 -4400647.061094497
2272657.618229037 4012659.0348660545 -4395820.26705066
2270254.463355361 4017895.414238766 -4392277.554054862
2268069.828029757 4022384.4835985503 -4389296.449465073
2267677.3337013843 4026121.7880416657 -4386071.574663729
2267458.8939017537 4029845.1727971733 -4382763.859455488
2267300.808274724 4034670.6247451208 -4378403.932326894
2268426.3785731792 4039644.5824988196 -4373231.575400657
2273307.202988419 4041889.6064778715 -4368620.350853015
2278343.164609795 4043077.734185342 -4364895.858965085
2282786.5776600153 4043369.4869928383 -4362303.248573
2285676.976076184 4043048.0618973165 -4361087.493988579
2290214.3064051704 4041354.406785577 -4360276.824869252
2295159.2148090675 4037585.1725773676 -4361168.553594371
2300718.549197627 4031790.24837206 -4363599.723910287
2305858.6713731037 4025604.503951557 -4366596.519649875
2309937.280072058 4020188.4646989834 -4369429.650473222
2308560.266161463 4020715.5443131425 -4369672.41440582
2311434.072440271 4020031.7698411993 -4368782.221423908
2312815.7177026193 4017565.176279716 -4370319.726323493
2312799.5501912707 4016077.966332838 -4371694.981236791
2314851.6092272913 4014455.119911976 -4372099.394738223
2317195.6426982894 4012045.0432659704 -4373069.851290397
2318773.936578571 4010251.3650341486 -4373878.418553226
2319130.331051603 4010221.639496873 -4373716.715758747
2320497.4241173435 4008548.6382733365 -4374525.1764347805
2320741.306667794 4005583.225133012 -4377111.354998738
2319903.096951513 4003331.044363505 -4379615.413479839
2317957.879539645 4003839.3547743624 -4380180.668630014
2317820.002372256 4004890.7196937934 -4379292.381185983
2317585.337899786 4005291.435702631 -4379050.092958413
2315760.9797051824 4006169.9507236565 -4379211.619777436
2311806.1868012445 4010305.8187093693 -4377515.322085494
2310785.5339743216 4013714.531323101 -4374929.356803466
2308637.6995013766 4015654.8968884987 -4374282.652222694
2303928.6873703026 4018006.447918915 -4374606.0151737295
2297972.344792909 4023877.3965844074 -4372342.026857468
2300538.831308459 4028208.1964183506 -4367001.352409903
2301885.4717503837 4032527.0789461494 -4362303.248573
2302400.5918939863 4036701.6433214503 -4358168.463615436
2301011.4239960616 4042130.8717476944 -4353867.871479777
2299671.984619297 4048483.82351476 -4348669.738425355
2299327.743898999 4053476.83168968 -4344198.257571969
2294896.6845775335 4060514.338965701 -4339966.994133594
2284046.3871099474 4068625.155607047 -4338094.3333094455
2277885.510029848 4071123.1899603494 -4338990.040938458
2269874.6562104584 4077155.0606429256 -4337524.254291522
2265592.0108316466 4081354.434087745 -4335813.628813873
2260112.9233633773 4085082.944770202 -4335161.808744105
2254091.6967141964 4089013.2116603362 -4334591.396852919
2247378.792113008 4092533.939350012 -4334754.378281305
2241618.878706266 4094570.3045398477 -4335813.628813873
2234676.0378002017 4096984.256890533 -4337117.015353947
2227085.490987402 4099392.1907990454 -4338745.772899031
2219670.5260861176 4101258.864149815 -4340780.976374775
2209461.2017913847 4104444.383800032 -4342978.067878187
2197886.478598056 4107816.574271406 -4345662.0921715675
2185773.974286971 4109977.668545873 -4349726.048544203
2174337.43973954 4113376.9011020586 -4352244.03815169
2167475.5602219403 4117425.9852644596 -4351837.996951355
2161538.493100205 4121317.735336467 -4351107.039277152
2153010.9742581574 4125693.3299143696 -4351188.26209853
2146721.416134932 4130852.0469627995 -4349401.053893614
2141979.130322213 4137243.9359949674 -4345662.0921715675
2139957.5988613716 4142897.9374831407 -4341269.302251752
2141556.456521726 4145993.2811044054 -4337524.254291522
2141427.963807818 4149296.040675748 -4334428.410142965
2142257.448557867 4153037.3195161796 -4330433.586467319
2145256.8241593977 4155825.039022922 -4326272.345036506
2147516.9591111816 4159669.0389390127 -4321454.083618389
2148388.936200334 4166173.20938797 -4314749.907954102
2152339.6423844034 4171331.999651382 -4307791.129164108
2152692.2470327998 4176307.4351616614 -4302791.33779205
2151870.9053498134 4181880.241232753 -4297786.669286421
2151704.8450831864 4185506.9469122756 -4294337.999854532
2149846.04513271 4187641.385750176 -4293187.930498687
2146249.769528474 4191253.2565709157 -4291462.345877296
2141971.4408448385 4196972.042541881 -4288009.447369131
2134999.807048486 4204130.93685631 -4284471.949922256
2128000.750964881 4211446.881952289 -4280767.3335965425
2123324.433688571 4214977.608566565 -4279614.247637698
2110823.436628937 4219998.978179079 -4280849.68710016
2101519.1393680223 4224222.867174496 -4281261.435057426
2093103.7624407676 4225229.335066015 -4284389.653819305
2076874.068353036 4229146.914590326 -4288420.627575358
2064529.1604796764 4228602.984105544 -4294912.938389178
2046743.7221200408 4223729.109619007 -4308200.731688256
2029659.0461372025 4219769.911971499 -4320146.646406053
2019775.1254715624 4216729.03210656 -4327741.41005629
2008520.5948536934 4213979.020610444 -4335650.68172052
1992809.4039314457 4215820.887474777 -4341106.532248867
1980859.1077573458 4218518.664889985 -4343954.243450269
1966402.1125568196 4222348.942339073 -4346800.333677658
1950331.9716981791 4229043.908012166 -4347531.923318917
1936759.525484713 4236694.964758266 -4346149.941734199
1925664.46265393 4243331.881318874 -4344604.921308102
1913951.5007471426 4251786.8760525435 -4341513.447337819
1907387.7258774182 4260626.6833915245 -4335732.155927567
1899656.4280607032 4268302.001960665 -4331575.287973907
1889961.9402709233 4275413.071641998 -4328802.1358292755
1880707.82618244 4282544.13877214 -4325782.561803646
1871699.8647952143 4289864.930827696 -4322434.440379665
1862291.5261617631 4297738.272736418 -4318675.376853728
1853998.2325574388 4304522.124571874 -4315486.164123938
1846978.302371374 4310569.860407373 -4312458.65245302
1842693.0358359104 4316166.679244741 -4308692.211409312
1838630.363012571 4322309.951244121 -4304267.193563186
1836534.0247271627 4327442.973809839 -4300002.451678755
1834548.7503114247 4331381.143894786 -4296883.669479951
1830589.842974511 4335090.559078604 -4294830.808237516
1826834.867601651 4337812.828550711 -4293680.848756198
1822871.477775261 4341105.132836756 -4292037.604817996
1818303.4545612973 4344238.422271165 -4290804.828653174
1814792.714614066 4346923.340997667 -4289571.758401227
1812265.3218738765 4349194.08861239 -4288338.394146669
1811221.7190440854 4352465.347804318 -4285459.401350761
1814027.9537059825 4355993.53713296 -4280684.978788928
1819231.6608274789 4358839.674985011 -4275576.4350575525
1824125.8246918577 4362210.053357838 -4270050.283787775
1825108.5184842406 4367772.392882714 -4263939.987819701
1827438.9897691666 4370990.468988653 -4259642.010625048
1829129.2893208477 4373103.087174992 -4256747.165605348
1831621.217591109 4374556.165254468 -4254181.83347917
1833654.9073251463 4374911.566591176 -4252940.096609538
1834370.1830725798 4374048.234529513 -4253519.610095094
1833137.6809214104 4373035.232244572 -4255092.25520831
1834533.2598632462 4374865.267968556 -4252608.917544376
1840771.7187049189 4376670.572804881 -4248053.104277292
1847526.7862763153 4376478.388490572 -4245317.737115384
1850425.3240606524 4377585.906838434 -4242912.766994457
1855906.074145559 4378400.897416481 -4239676.783134791
1860802.6640680346 4378251.374715651 -4237684.431997952
1863929.830610015 4377965.8795452975 -4236604.931321694
1865824.1881268234 4377962.579807107 -4235774.3977706805
1870810.8405032281 4380333.624413742 -4231121.02614496
1878792.2495721788 4383339.458452846 -4224466.342026862
1886408.7622455454 4386723.866201355 -4217553.402557301
1895625.7545002277 4390199.61604847 -4209797.065194867
1904235.4183354496 4393273.949149369 -4202698.237951699
1912429.3796251616 4396188.051752784 -4195924.866054273
1919588.580332462 4398576.764911957 -4190148.3416979243
1923728.055339932 4400517.712193325 -4186210.127761251
1925549.0013461558 4404264.227718125 -4181430.216547598
1927094.1829384868 4411783.828187028 -4172782.3407688146
1931315.087437204 4421446.935663886 -4160585.298746542
1934344.0808732505 4431754.7645788295 -4148192.8213890274
1933309.060217771 4442065.506685475 -4137633.5159116
1932564.8244360043 4448840.9149777265 -4130695.911414055
1932061.870501403 4453850.479521866 -4125529.521724147
1931080.3177916831 4459686.8752589775 -4119679.9367038687
1931947.9024399677 4465965.07564348 -4112465.7135823695
1931472.0592873294 4470859.633304193 -4107367.870483902
1928958.5479320094 4476625.6821305305 -4102265.5231529553
1928061.3610505753 4482075.401301245 -4096732.903799574
1926833.279088945 4486337.089943885 -4092643.8923987984
1923453.6422025543 4490350.67970653 -4089831.0306853554
1917522.9670077781 4496222.021912137 -4086163.7510836516
1915196.4472179192 4500777.258857416 -4082238.066883874
1908763.3994018587 4505288.606593181 -4080274.237892048
1901854.5398250322 4508905.004067135 -4079505.6040708236
1895104.2141696434 4511360.183907329 -4079932.6352884914
1888596.0180362393 4512621.664501324 -4081555.0705253207
1880087.0741412812 4514398.13202369 -4083518.470538354
1873105.3562159247 4515833.169270359 -4085139.91337296
1867172.3950209275 4516669.023250498 -4086931.5117434016
1861008.6687208742 4518054.831906393 -4088210.8887425377
