2875515.90168959 143403.22065746377 5683351.547760826
2873685.2655757177 140245.0071897977 5684356.193305566
2873122.464461574 137503.3611744834 5684707.655620645
2873696.4256142383 133760.78845778847 5684506.830401657
2876017.937570125 128587.2942416085 5683452.043479782
2877748.121135975 123078.87731450298 5682698.156796414
2879719.4489524467 118682.1089362658 5681792.9786594175
2880702.9638635726 113988.82242259414 5681390.497259482
2880796.533566954 109007.40789956306 5681440.813491913
2882861.4186939904 104147.88485507129 5680484.509149364
2884279.7774197613 100519.66348213376 5679829.83572755
2885102.396852823 96767.32562564108 5679477.198155245
2886525.3590593776 89552.85853162123 5678872.479377923
2886452.423153029 85415.79626743263 5678973.28314036
2888534.555871215 81995.89063881102 5677964.934151692
2889204.9077514247 79289.78611486345 5677662.294540152
2892925.4693629225 77320.23837623246 5675794.641232958
2894894.9803408296 77777.37203689349 5674784.1133559
2892772.786008844 75598.35241061408 5675895.655985884
2892549.4632827267 72713.0076339238 5676047.165147911
2891848.5721986326 72998.41444982823 5676400.626009456
2892049.1976374625 72902.463003148 5676299.645837294
2889928.053778005 74464.08227690631 5677359.592666077
2888647.588287325 77912.24053760963 5677964.934151692
2888667.7088269866 80788.70741246965 5677914.498540363
2887875.2041190336 80766.54306633244 5678317.935001136
2885925.598846594 83081.26259396554 5679275.652909244
2883317.110552885 84114.21245830465 5680585.20218256
2880114.3838996384 85077.30697974749 5682195.349289875
2877189.822235747 86649.53349545036 5683653.014142229
2875208.7956080157 89754.30345615062 5684607.246474412
2874526.314467452 92495.11841433565 5684908.453133057
2875172.4536620853 96986.88993695012 5684506.830401657
2876592.222207682 101860.3204779764 5683703.25247953
2878635.2809526836 105756.0013268465 5682597.609143007
2880725.8825636385 108249.48986992786 5681491.127993676
2881326.076663754 108120.9648455454 5681189.215023411
2883206.6581495036 108241.92548623447 5680232.746285086
2887467.7031756802 108351.42768332297 5678065.800185513
2893288.8413116666 106446.04439263977 5675137.876772207
2896393.135967703 102814.54783361896 5673621.151493369
2899570.18041773 99785.85370640912 5672052.234617764
2902398.8414190193 98158.87637454277 5670633.721227146
2905258.4096408673 98509.40908325114 5669163.11897383
2907333.1568450513 98630.55902169997 5668097.293443052
2909197.7198378616 99100.48391170283 5667132.318993324
2910367.078776803 96699.37400181477 5666573.364727561
2910335.029902107 94664.3158422129 5666624.187382717
2911024.064324519 91686.04567868127 5666319.225560043
2910622.672696173 88673.32940150739 5666573.364727561
2909842.551746736 74113.28006677033 5667183.1226599505
2911140.759511855 65351.3372312638 5666624.187382717
2912778.935277976 58064.20884190326 5665861.66631806
2913082.784452735 52475.533234929106 5665759.967500989
2914043.031197182 48422.83866776691 5665302.237394445
2915724.978221346 41986.32750433642 5664488.149840092
2920242.0844335523 36902.679817125 5662196.160548086
2922174.9550679284 32234.302290943553 5661227.382973552
2923588.2062744605 29392.10451427878 5660513.148498562
2923430.1331079374 25155.197076282788 5660615.202687475
2922361.4081217893 22952.644774006563 5661176.377434138
2923462.4066892443 21073.29537993613 5660615.202687475
2921400.195124009 19222.773086598496 5661686.355223526
2921707.8284962066 17439.957239703042 5661533.379994811
2921422.0445219018 15551.619118633453 5661686.355223526
2920147.0591015946 13608.068783774306 5662349.068512492
2918674.357758553 11308.842561072977 5663113.37547136
2917497.2808260685 8656.414091726245 5663724.541577527
2917800.482882416 6009.185086398743 5663571.773341073
2918695.690454069 1833.8708291666728 5663113.37547136
2920870.5303594973 -50.97880778442257 5661992.259115036
2923239.7198286206 -3622.433067636554 5660768.27103839
2925116.4792848183 -3828.9707045360497 5659798.576062555
2926986.4405082446 -7356.334767810286 5658828.258696288
2927575.6748220967 -8584.124818074248 5658521.713397507
2924124.4906979497 -6226.352622250397 5660309.019429371
2921255.7943002735 -7647.847258039518 5661788.330086122
2913647.988006811 -6051.486026953031 5665709.115503613
2908704.64478589 -4975.119207564605 5668249.600854734
2903860.185647777 -760.2288362253333 5670735.088527922
2902472.708756865 3292.7522517108487 5671444.466157118
2901664.809921273 10179.406308036303 5671849.672774461
2902139.668908085 14841.133895417694 5671596.431596202
2902507.6924682725 19554.405736087763 5671393.807555495
2905077.1209620163 20129.476974462123 5670076.077568958
2906566.91895431 19328.095863234368 5669315.31759795
2909526.9001790537 20515.792935233134 5667792.632001872
2913590.8641950884 19222.241757709762 5665709.115503613
2918159.6174899503 15737.984048970588 5663368.058206087
2924307.532669812 11126.510954882457 5660206.944549339
2928570.9891180485 5315.779276445405 5658010.666673121
2930155.4569408083 -1227.3807194387632 5657192.633426634
2931718.753201651 -9875.489333679881 5656374.159020616
2932966.755656134 -17455.971121975137 5655708.823771616
2933604.5494936174 -24833.106425233174 5655350.445729745
2932950.635751752 -31278.058991489783 5655657.632076849
2932108.8633669387 -35824.250008731724 5656067.117394944
2930785.7781229126 -38928.85577851801 5656732.29585246
2928472.644109642 -41965.40525543996 5657908.436645403
2926255.4373750626 -44947.59145073894 5659032.587753464
2923644.6595405256 -47612.60985231372 5660360.054283051
2922240.6254979437 -48865.15997022123 5661074.361181849
2918175.7234548875 -49612.327524091415 5663164.315468534
2915248.552820984 -47272.29973133195 5664691.713143203
2911141.400570718 -44308.87120472829 5666827.460741656
2910538.1802172945 -37999.417569375924 5667183.1226599505
2911064.1205192436 -35516.31195137692 5666929.0870639
2912499.219901346 -31110.796099432016 5666217.5578105105
2916139.635081852 -32778.55770374877 5664335.459244937
2919051.6990120304 -37244.324032464654 5662807.69926212
2922043.8924001455 -42485.3993442608 5661227.382973552
2923045.2954592872 -48011.09228178794 5660666.227195456
2922372.6516956137 -52642.878543429615 5660972.33803171
2918945.9932667757 -56199.51844314689 5662705.793392289
2916476.331387105 -56101.04818711531 5663979.120799362
2914777.2240725677 -57035.30491500914 5664844.367502171
2909307.8351797983 -58502.98844660666 5667640.27797321
2903563.0490515456 -58742.34856548194 5670583.0349856885
2895445.1474803425 -58628.67003256292 5674733.568810323
2888868.3337972797 -55469.10572216858 5678116.230607974
2881263.92539653 -53864.23129669634 5681994.177821321
2876894.9167058226 -48508.70109701621 5684255.759917042
2872774.7260433687 -45580.51853590938 5686363.40640804
2870388.198025726 -39128.746585922316 5687616.507274839
2869732.7598331985 -36114.1179847844 5687967.18148253
2869000.4893326946 -30796.388173135696 5688367.848046068
2871597.601726935 -29270.41209541457 5687065.276285466
2872105.8659931063 -28072.40804959545 5686814.647448455
2875584.3844018034 -27554.283345686003 5685059.033084337
2875696.2682089657 -26200.0970862883 5685008.841498991
2877990.087301359 -24864.66804403163 5683853.957103241
2879488.13066738 -23671.36762804951 5683100.278166864
2883569.0843705633 -21792.341331179596 5681038.235175118
2884846.961027599 -23211.88680158396 5680383.809194669
2889028.8128263135 -20774.660833366714 5678267.511497379
2892886.4393768674 -21711.27672075499 5676299.645837294
2895384.3409119793 -18647.300070337962 5675036.810153903
2898852.670590353 -18315.461262712735 5673267.025100255
2900158.188393197 -15134.712844266493 5672609.137139894
2903529.1843324243 -14088.078640298207 5670887.126523513
2903642.272839621 -10794.488853056679 5670836.44891908
2907604.9678778667 -9540.522885967814 5668807.928409201
2907212.506507314 -8473.67585503086 5669010.904807378
2908305.4558472955 -6700.266627525328 5668452.653230507
2907119.9542248393 -5885.710576102772 5669061.644589762
2906234.445659497 -2333.2750572550813 5669518.224919093
2906730.1083362713 -355.1240777681265 5669264.586450195
2907223.416983928 2892.2163350387827 5669010.904807378
2909796.559430242 1726.7082405385752 5667691.064375914
2910983.1880071075 2235.4750478899045 5667081.51360039
2913851.826281513 1118.8388372302418 5665607.406331252
2915631.771900755 -407.0989962089306 5664691.713143203
2917707.2780086077 -1782.3261730682534 5663622.697811801
2917013.085775759 -4022.0096797442684 5663979.120799362
2916815.374017744 -4021.737072600881 5664080.940410779
2918398.0340089127 -3158.011816409538 5663266.19028757
2920376.0689252033 -1427.165091989307 5662247.131594379
2921957.323430692 -1019.955559358693 5661431.3878859645
2921759.749822476 -866.903594412139 5661533.379994811
2921957.127168244 1478.935527957654 5661431.3878859645
2920375.305650587 2548.5088708104554 5662247.131594379
2919779.68849119 4688.3027769823575 5662552.921650389
2921262.3597446727 4486.740419317118 5661788.330086122
2921556.0559631693 6016.919656970013 5661635.365205249
2923926.9073062837 6225.931906965284 5660411.087412486
2924022.7044338924 7501.988529094675 5660360.054283051
2927477.3604016956 8430.552893698683 5658572.808589939
2927272.1265410497 10780.151978867798 5658674.993803687
2929731.7443779293 13039.119702574104 5657397.183099454
2931091.427595353 17393.65083593767 5656681.1386172045
2929013.334545334 18148.16114853119 5657755.078677633
2928119.4168273797 18960.340458831808 5658215.106046091
2925652.944453667 18535.854429489867 5659492.227285956
2924064.7613993725 19699.63727964349 5660309.019429371
2922490.395240063 18719.854287298924 5661125.370170232
2923478.3832245995 18726.18279094029 5660615.202687475
2923889.065939743 16126.114715455644 5660411.087412486
2922910.410536006 14335.164257969345 5660921.323869987
2923602.2422229247 14287.529579202826 5660564.176455172
2924307.142499721 11228.588537654989 5660206.944549339
2924904.4795390684 9954.635062618578 5659900.678529002
2927280.130462866 8327.802720683558 5658674.993803687
2928463.0884632575 9046.732935033433 5658061.779101695
2929551.997785813 8129.743016339107 5657499.447595876
2930439.3225962366 8592.521495960194 5657039.20307753
2931922.375366685 7829.2885357228915 5656271.818704013
2933005.9421671624 8651.238292581711 5655708.823771616
2935963.9838205082 9582.332574663205 5654172.323568786
2937130.909575845 13892.269533864097 5653557.289429494
2936520.611274619 17323.36114373332 5653864.837499922
2934417.7700959286 21869.317363004913 5654940.767461964
2935888.665651458 23110.133882432354 5654172.323568786
2936161.1650568102 25930.988076825317 5654018.588284761
2938921.505094197 26211.85576959301 5652582.978206687
2938128.570841384 26615.056978804892 5652993.290279724
2939022.433208902 25956.25764009708 5652531.681448955
2937743.9280037666 25483.47130592078 5653198.404988738
2937253.2528205044 25171.603633939856 5653454.759628476
2935100.795910215 22899.010813598037 5654582.2085412275
2935294.1286626775 23412.856509531914 5654479.74763271
2936466.9345284807 24806.081973660166 5653864.837499922
2937501.8967584423 30198.551833998183 5653300.95201093
2936565.2671865486 34597.195124685604 5653762.328365343
2936897.8412474403 39522.71770459347 5653557.289429494
2936238.6053772126 44229.53283110377 5653864.837499922
2937745.735413808 48765.42053480411 5653044.571540017
2936224.8969110656 56532.195397867734 5653762.328365343
2937218.681439944 73989.79377013039 5653044.571540017
2933263.457919951 97818.8881131785 5654735.886985332
2926878.821544612 125384.86529873555 5657499.447595876
2923487.735808939 151115.82850590898 5658623.90205867
2924607.911651811 170321.94091188913 5657499.447595876
2923185.3107800987 182425.8648157777 5657857.319046291
2920349.9452613974 194174.20861696106 5658930.426672494
2914741.189465722 203818.5590197734 5661482.384802681
2904764.965567046 214383.02725302038 5666217.5578105105
2895831.623407367 223635.57379734196 5670430.9658972295
2885410.4702680977 232357.35900347808 5675390.513064644
2877216.388467764 240140.1138839832 5679225.2622726895
2871887.7726214672 244339.52147772376 5681742.674541971
2866258.7330812206 248446.5143989495 5684406.407402504
2860489.7155815326 251769.70460409243 5687165.515693723
2854306.9770417977 252932.51357153102 5690219.488243745
2847245.7308760993 257165.67074921835 5693566.418844689
2840085.661922234 260167.43418488922 5697005.120160364
2831933.9923036788 266200.6055201228 5700783.112946472
2826715.9364173664 274771.2457896634 5702965.787841558
2824700.7459776932 279005.2195668048 5703758.654004177
2822971.2550020954 283312.6652390626 5704402.530252141
2822470.9817150394 284307.4055304434 5704600.586941832
2820370.3003644864 285289.2353880826 5705590.45331801
2815379.0980080767 287117.6530819154 5707963.295939101
2814294.194118645 289885.8245763266 5708358.380275347
2813028.7342557474 292435.0835674596 5708852.079196868
2812205.791058969 296468.0088300314 5709049.510073876
2813238.4341945145 300896.76558156416 5708309.000819188
2818695.08213641 302326.3126359682 5705540.976509411
2823791.088380347 305216.12161184975 5702866.648299954
2827868.9362284495 307304.75208679517 5700733.46762143
2826692.6241341317 307077.087131361 5701329.096905791
2826430.5165298562 310393.18998515076 5701279.470683717
2825362.358457321 313719.8978998932 5701626.817766502
2826594.4378293473 319701.2074412614 5700683.820559845
2828241.249351287 327188.6546759391 5699442.079688083
2829281.3119864645 333715.90881383955 5698547.354356959
2828354.1400883985 337310.87851001637 5698795.945590929
2826482.3738928693 340390.28840394644 5699541.458892391
2823840.9213693007 343172.5933220534 5700683.820559845
2820589.2798743914 345175.54573348473 5702172.476949926
2817887.9617626294 345943.21328118775 5703461.381313802
2816839.494591826 346313.5479276121 5703956.8010486765
2815544.12803391 344608.01122322335 5704699.604860413
2815244.105730247 345419.13380434527 5704798.61582799
2815026.3273254875 343098.56730230985 5705046.112835502
2813432.468691504 344648.5944370996 5705738.8733156165
2812870.941853934 340195.5365293262 5706282.946139219
2808559.458226368 336839.50549726665 5708605.251472865
2807052.803551226 330945.0183111781 5709690.968251278
2805082.888688023 326345.3745321836 5710923.715486936
2806012.621695325 315587.8091730013 5711071.572094672
2807355.5336776045 309835.7471466172 5710726.548988301
2811029.038445509 303737.4359231051 5709246.913125669
2813892.7067286535 303202.2417702606 5707864.507467288
2818498.887343723 300414.59947418823 5705738.8733156165
2822807.7724186485 301322.320006612 5703560.47916025
2828150.2967456877 302841.1812077874 5700832.756534956
2831970.7100916943 309150.8721089722 5698597.076075568
2832568.523200426 312818.5571301669 5698099.780776848
2831880.565276556 318096.73557393777 5698149.518117801
2831887.159172525 320700.3099422555 5698000.300887734
2832328.1036753096 325607.72083467356 5697502.797301979
2828022.3272551163 328213.7694310583 5699491.77015832
2822382.236960735 331903.2949902942 5702073.281821543
2817438.514554197 330474.4470750392 5704600.586941832
2815530.9957470377 327062.8709021188 5705738.8733156165
2814438.743976755 323501.36900171044 5706480.738656406
2814812.2599156206 318468.10018891585 5706579.6244853
2816814.638811199 317599.27291604836 5705639.928388588
2818668.2808160847 316263.93339794746 5704798.61582799
2818932.353324816 315695.7485999282 5704699.604860413
2820295.684701171 315150.67754870706 5704055.86414584
2821081.640870337 314391.0478579066 5703709.112899354
2821863.4495886425 310041.17861501535 5703560.47916025
2818655.0153216682 308244.87312789337 5705244.079160187
2818743.238174877 308354.0908719653 5705194.590185854
2817895.361428331 307863.18327881116 5705639.928388588
2818676.5280045136 308048.09313489834 5705244.079160187
2816852.0849707704 306406.0168787799 5706233.493664302
2817499.3819432934 307819.92137971957 5705837.811290376
2817951.104222529 304584.89314659307 5705788.343172037
2821003.974149246 305064.30371109815 5704253.969489387
2824819.925889625 304030.5509929376 5702420.434373448
2827705.600038165 307886.2430462458 5700783.112946472
2834541.087899561 309431.4663037214 5697303.747271186
2835920.911731476 310533.76263368945 5696557.062355179
2842742.61634157 310326.78265054605 5693167.194559216
2840166.0776122166 312854.83104031056 5694314.66519682
2841488.823878974 315359.9195531448 5693516.521879103
2839260.8875197056 320079.93040011957 5694364.53441083
2837095.3266548105 327660.9891583436 5695012.676338588
2834815.303418616 329202.7213878462 5696059.055499202
2832591.765022428 330247.2979489551 5697104.669472428
2830320.7068702336 330833.73638766847 5698199.253723
2828879.948798305 331165.8162365501 5698895.369932955
2826096.6467163125 331840.0401437575 5700236.918863654
2823317.512415129 330764.40375409374 5701676.431831189
2819845.209330396 329609.26455194614 5703461.381313802
2817318.645179203 325476.60151358217 5704947.119245961
2814335.3558197264 320901.7984706154 5706678.503360897
2810628.43876349 313772.4223174052 5708901.43952468
2806964.6555188685 309743.0201905063 5710923.715486936
2805315.4361211355 304655.7020917535 5712007.6336646695
2803785.3884078083 302113.1591745249 5712893.849425566
2804229.9930249527 297012.8924128262 5712943.067102966
2801166.8020498273 297528.9244677647 5714418.788135763
2802415.7548247254 294249.05786541506 5713976.236304757
2801760.5790045797 292845.4770197203 5714369.622672741
2800535.4542878377 288221.6246551344 5715205.19879715
2797443.989628694 288051.4876303088 5716727.601116242
2794968.4684729525 286761.3524306898 5718003.164304309
2794134.9212285783 286084.481471914 5718444.431087174
2790097.5946507147 282374.6416971205 5720599.704056448
2784812.675220112 283018.2737838721 5723142.495223913
2781712.4827400707 284861.6381748583 5724558.542845414
2778468.6302068974 289038.3772905289 5725924.369689968
2776468.1459509525 286038.53260533407 5727045.27591538
2773296.007612821 284635.60233548423 5728651.920656543
2768668.28824737 281719.2872817608 5731034.038707747
2766946.9706781874 281836.8958138072 5731859.508537595
2766599.5243359962 279313.58075427404 5732150.73035855
2764135.130764411 278821.1048275327 5733363.477957486
2763396.9358397205 278162.001295089 5733751.326664521
2760670.3248098195 281246.2492477509 5734914.202060788
2760870.701906137 282240.4254791997 5734768.897661146
2757270.8149754438 282018.29337154864 5736511.512678106
2753401.6736784955 282448.0734599695 5738348.482724207
2748433.872122976 281793.04771006276 5740761.702843045
2746438.683423639 280619.75266872585 5741773.951716174
2744486.011837043 277032.6305060453 5742881.720222497
2742580.6839922094 272924.1220639366 5743988.563305855
2741333.141805266 268210.4132766606 5744806.069820811
2740201.3437232724 265347.79493403493 5745478.93074031
2738426.4683905086 257555.58887030155 5746679.614861086
2734178.9473095257 249022.24075332278 5749077.700614209
2727536.284217928 239923.71710323825 5752618.83217079
2718029.0039498834 235645.79751789948 5757293.669060087
2709410.5326463073 233802.83517297058 5761429.666311161
2701816.2960213544 236378.29683147054 5764889.851796
2698144.861012779 242464.43549489224 5766356.415147305
2695300.2878987156 249276.32046850014 5767396.178008477
2694240.061405182 255202.55807282715 5767632.369167827
2693020.6520398078 259498.1480801361 5768010.183662133
2689953.826484045 263989.2803302847 5769237.30412041
2685912.0652893754 267000.7724009207 5770981.5426035
2682093.057572999 268748.6268950029 5772676.32957719
2676813.3235335727 268880.2439219748 5775120.331679817
2670695.938461966 269254.5396393364 5777934.423058674
2664504.1511387075 267315.00246596383 5780882.399601398
2657103.5312808105 267275.187148726 5784289.567301214
2651053.7008588486 265872.12267850386 5787129.451597314
2643933.984336277 268001.57477793726 5790287.492205223
2639471.1934165363 269923.0007646586 5792233.972551738
2635212.378786384 272787.559966156 5794038.631716112
2632520.899742082 274227.287475858 5795194.052594337
2629381.6330945976 277008.7390016573 5796486.814102272
2627794.9647308593 277583.5666596689 5797178.795487994
2627631.297360048 278169.13554109476 5797224.913453529
2626972.4229555777 274761.6804567254 5797685.995980077
2625021.2657807292 272982.94175508275 5798653.694411288
2621896.454274497 269744.2132541239 5800218.792638665
2618760.314240289 267574.10464547767 5801735.9053203445
2616777.5342659988 262019.42232174546 5802883.95183696
2615113.820215046 260331.62248338346 5803709.861257318
2613335.1949560186 256700.2622104876 5804672.698282415
2610608.1428693184 256478.3952815552 5805909.485785858
2611580.0243486073 254871.22248671707 5805543.164629082
2611462.69768029 253985.5586717162 5805634.755529372
2610419.65772726 253194.2615882821 5806138.379030408
2607643.6942439997 252419.67854094834 5807419.364033804
2604164.740640613 250477.3110766483 5809064.306774372
2600311.9464959037 251343.496853054 5810752.552595952
2597155.246111646 253417.70844805313 5812074.078385417
2591070.485972267 256202.757126775 5814667.220397404
2584203.875756584 251334.42100807079 5817934.542201484
2578463.753306984 250549.0084449108 5820514.65656168
2572400.005819631 254084.6245250448 5823043.895905227
2567223.5132644046 258867.9064218279 5825117.3241375275
2563737.935651218 262992.0827401512 5826467.537171972
2562215.549461255 264869.6137216772 5827052.133439848
2560641.432601466 269179.4449739514 5827546.557518716
2559416.766055452 273974.55960577214 5827861.079188751
2556831.040364573 277083.4803562845 5828849.009533689
2552289.9950656914 280242.5195783473 5830687.859190196
2547128.975993875 284310.907853431 5832747.404725148
2542311.823327265 286154.46382197505 5834758.539631709
2535983.519029572 287728.3223251781 5837434.453914007
2532906.0317225317 287737.3745848104 5838770.010689807
2526009.8754707035 287936.45103502035 5841746.974081455
2520308.0936854226 285727.04817816924 5844317.596336046
2515076.47031394 284778.26081806654 5846617.20062453
2508965.374854323 286126.64829787886 5849176.462453148
2502538.3334018276 291943.9879288585 5851641.786521677
2499196.09418436 297612.9444561304 5852784.501252869
2497787.694578204 302486.6910183763 5853135.863327491
2496994.580548299 306459.67059443385 5853267.5946868835
2496441.223877262 310107.53178134095 5853311.501574018
2496238.304903591 312560.0584215314 5853267.5946868835
2497367.234079357 313409.7695532283 5852740.572970531
2496315.3569181287 313587.55356022436 5853179.775563606
2498153.336513531 314527.0904360873 5852345.138202986
2498437.7273894865 315537.48182417336 5852169.343065947
2499763.733284149 314818.48737121053 5851641.786521677
2498566.5891206437 315332.23986132315 5852125.389824972
2497319.6115881605 316237.65741542046 5852608.777426488
2494575.850601825 317571.3494353175 5853706.583320692
2492631.6344519746 319888.33468275814 5854408.5942359
2489097.3134472035 322526.33880530513 5855767.4411614705
2484682.319802808 327908.78137029277 5857343.305694109
2481229.7055971683 334461.2359050818 5858436.2956115715
2479737.015129903 339373.08128728066 5858785.816830329
2480863.775480286 342439.0246206884 5858130.370854385
2482037.7320382525 341409.2282354652 5857693.1838065805
2483389.9834262123 340579.5306693639 5857168.323815476
2485604.729672254 338717.8227910441 5856336.770059815
2487750.2294315975 341133.2718809926 5855285.46586576
2486441.7420480605 348340.3218176632 5855416.935077892
2484468.1111417077 355715.969999439 5855811.246395098
2483205.173855814 360180.36957487056 5856074.040336975
2484343.2072206703 363710.77387403126 5855373.113790825
2485012.2405594746 364783.40333392494 5855022.479284064
2489076.117820247 368043.08530115423 5853091.9493084075
2492341.8721061423 364792.92447281675 5851905.596880474
2493631.520430684 363737.0489061884 5851421.895536808
2493629.1505858623 358049.1957591391 5851773.69972256
2493383.6459278814 355438.2511219616 5852037.477995058
2495321.0923081553 351227.4663102127 5851465.877298726
2497813.6927082273 348155.6308989359 5850585.903411098
2501336.931726367 348023.66965906 5849088.3118088385
2506146.801904239 349005.00742042967 5846970.558511529
2508896.2042584596 346263.77906700247 5845954.347372525
2511582.2482810575 343954.6568419744 5844937.194201165
2513189.4829219845 341985.40180596773 5844361.864898677
2516566.6052788775 341371.35294478753 5842944.387942075
2519253.323635985 339765.76337542944 5841880.084132757
2522349.5969038177 339690.2985860922 5840548.262966897
2524257.0612231526 340036.8926376075 5839703.948019147
2527762.205386903 339970.0576860782 5838191.465933133
2531266.3139691157 339137.06547774374 5836721.50257183
2533523.1249384484 340699.85148319596 5835651.22215177
2535843.6278108377 342544.04019683105 5834535.257911876
2537647.0620924733 343644.5587818871 5833686.382166343
2539223.938666689 344896.15576840966 5832926.3179846695
2540650.7819434577 346490.0481066773 5832210.494381451
2541896.566589063 348648.49747807015 5831538.996694528
2543870.5243961643 350728.78849151573 5830553.410443271
2545461.496016243 351853.6062820374 5829791.2322865445
2545764.3145796526 354114.49256014597 5829522.105693713
2545675.678886887 356955.87677520566 5829387.518424164
2545722.2686494202 359545.1462185977 5829208.043871234
2545111.8335365616 360954.17275982624 5829387.518424164
2543177.158951156 363714.0297725778 5830060.294948562
2542165.0099610817 366467.4466082773 5830329.293676814
2541096.440430735 368169.7558495222 5830687.859190196
2540140.3055604827 369796.71373602573 5831001.510767866
2538393.24736575 370492.51349166996 5831718.101826818
2536269.1905085444 372352.8056717744 5832523.723173828
2534446.371511722 372853.42217628186 5833284.059215915
2532974.025019305 373766.02968992334 5833865.14616402
2531049.8398664347 374249.45964738366 5834669.232275788
2526681.0169648766 374549.84657681873 5836543.193615431
2521910.366248204 375462.1894171306 5838547.529045897
2516508.483065085 375062.0201177711 5840903.571856553
2510668.4590170365 374818.74123765895 5843431.851242388
2507335.6192389354 375036.99560632405 5844848.701585207
2505770.66193306 372388.78539393214 5845689.093880069
2508158.3966672327 370193.6898681781 5844804.452606558
2509176.393758424 369583.26933840563 5844406.131681011
2510245.6812074785 368621.7753712962 5844007.666550525
2507978.2480514543 369317.3474731046 5844937.194201165
2506134.756568533 371325.3083772533 5845600.6618035175
2501977.8384877094 373610.59734343196 5847235.502121413
2498576.995574483 375644.24601057795 5848559.258281062
2495211.201041583 376741.59740407096 5849925.45516454
2492702.5720807496 376941.31930408685 5850981.979885369
2490004.732821453 377022.3498583248 5852125.389824972
2487154.862733939 378100.7190780558 5853267.5946868835
2485474.6879057824 378954.92634682474 5853926.010770646
2482836.94196955 379306.58664145664 5855022.479284064
2481088.098986359 379925.73694707773 5855723.634144073
2478835.1090469253 381130.6253058272 5856599.435560734
2480292.323627637 383083.0517776536 5855855.049844945
2480737.1282647825 383550.7308262238 5855636.014758027
2482380.6820477527 385623.8625290317 5854803.274751794
2482339.825189458 387215.01037806825 5854715.580454467
2484044.564129301 390856.764768761 5853750.472377019
2484515.057086168 391152.9811922436 5853531.009264112
2484958.1639654706 391622.76348888816 5853311.501574018
2483545.293137186 391400.09882344265 5853926.010770646
2484403.9706508177 392513.11895320367 5853487.111292215
2484489.1835235865 390660.11212576675 5853574.905452922
2484900.9618114242 390013.81936698826 5853443.211537243
2484573.011809851 388807.19082801364 5853662.692481225
2484210.625560727 387817.72705317393 5853882.128847018
2483134.5689138668 386096.0600909614 5854452.454760153
2481996.7497476516 386762.14696575986 5854890.96191522
2481121.0059644626 387734.6387571021 5855197.810806206
2479772.1289524934 389741.0052062133 5855636.014758027
2480431.187964876 390155.1217224789 5855329.290720111
2478864.7493531033 392214.46890704875 5855855.049844945
2479480.2797949887 393553.99358861253 5855504.5723010255
2478683.851249398 395955.99329640396 5855679.825342922
2479537.6114579327 397734.6221988959 5855197.810806206
2478939.3608412454 398881.36527986574 5855373.113790825
2478694.0171545097 401682.81335356506 5855285.46586576
2478917.308939774 403495.25928488205 5855066.314839945
2479243.406986272 406569.30639045936 5854715.580454467
2479328.2713824157 409827.7414679276 5854452.454760153
2479005.4708447536 413642.42036568007 5854320.867837345
2478799.405594745 417344.242732532 5854145.393640403
2479140.684451229 421451.8989003092 5853706.583320692
2479669.033295947 425639.51913128933 5853179.775563606
2479940.756057248 429474.5956868861 5852784.501252869
2480166.3494294854 432947.53281056567 5852433.0250752
2480920.460446491 436337.13779478887 5851861.632943744
2481708.194570794 439512.7759755848 5851289.93955644
2481246.6489054337 443854.14975410927 5851157.9675344275
2480781.7910601394 445290.38836804533 5851245.950664822
2480120.9422494858 447808.4305448606 5851333.926665652
2479683.6806933763 449651.39246962545 5851377.9119924465
2480495.9407530157 452034.8563741627 5850849.9704342615
2480444.0135308458 455157.1664886665 5850629.91903718
2479912.0371868582 456357.13113836705 5850761.9552221475
2480085.7689337335 457105.1620791147 5850629.91903718
2482900.6327281455 457041.5050955736 5849440.871623385
2484765.035382454 455367.33221557573 5848779.728429829
2485683.1347458344 457150.0274386489 5848250.525247099
2485915.8200176326 457013.4038218193 5848162.299775311
2485367.585299105 459424.3269450815 5848206.413401938
2487205.776109538 458462.3369130684 5847500.381609185
2486905.0959689417 460651.2466054619 5847456.239480937
2486196.418984744 463348.0656781546 5847544.521956181
2485639.2246753615 465219.63911913615 5847632.79730637
2482185.012534309 469776.5434417301 5848735.637963302
2481330.316192208 471543.9790219331 5848956.0724794
2480249.004750938 473401.98961744166 5849264.605970414
2479125.921278636 476551.86311760667 5849484.933582057
2476085.9330313313 478836.12964322756 5850585.903411098
2477037.7540365695 480365.81074887986 5850057.576891106
2477678.7155207032 482419.8000469747 5849617.10876689
2477318.1879122653 483202.3118406636 5849705.216647325
2476652.8253609035 485540.8595919875 5849793.317400071
2474375.7501872475 487067.9596856037 5850629.91903718
2473821.8694420005 487766.2690026457 5850805.963719334
2472981.5103157484 486748.6769010873 5851245.950664822
2472378.791573192 489275.13141858915 5851289.93955644
2469095.8150426648 489028.48819194804 5852696.642905345
2467526.5931730806 488538.6675427089 5853399.309999212
2464822.4052608726 487466.8282935821 5854627.879023346
2461167.0748504135 488038.47666920186 5856117.8330838485
2455985.4765376947 489461.7354229766 5858174.0797446985
2454728.6126509346 490013.1061478759 5858654.759758091
2452006.686935393 486399.92842322524 5860095.504072779
2452759.8675222974 486282.38144494843 5859790.054069192
2453136.117036373 482264.4383677925 5859964.607638642
2455479.8426410863 478275.46441057476 5859309.884493749
2456240.9246770744 472730.6986421215 5859440.861251425
2456758.4599919883 467851.88923534454 5859615.471939837
2455996.6265392397 460869.65141433093 5860488.096979048
2453583.619030904 453150.44209100417 5862100.570721721
2451530.8990844134 447331.1233618948 5863406.18726915
2446534.5144611294 441038.65580776514 5865969.210082314
2441447.8776094634 436339.042797285 5868439.443382456
2434791.539895264 431642.0871321678 5871551.4360235855
2431491.3738704524 430881.94770904875 5872974.667571114
2424611.3673171652 427393.50354296644 5876073.136934704
2420573.9410152473 426072.0049096645 5877833.396984825
2416675.4946995256 423950.91040636355 5879590.6472206395
2413201.118551622 425338.7579591628 5880917.30110184
2410617.1850312874 424623.05009075656 5882028.651117185
2406083.8531093653 424907.0271285305 5883863.994867928
2401473.963021969 429713.8961348665 5885398.013082561
2395601.964423907 432763.63377310627 5887567.228094454
2387950.6398093617 437495.5331787002 5890325.152339448
2382792.173771602 438828.9641971458 5892314.621334681
2376443.281672693 440919.661564728 5894722.061390034
2373951.076830339 445302.1743298629 5895396.785488927
2372986.09706764 447093.65190518915 5895649.68850336
2372203.3877083887 450677.15822084213 5895691.832720129
2374471.743118682 451966.92593524227 5894679.8758704085
2376127.7887893524 456451.950411682 5893666.884742333
2381214.925053687 456136.5037401589 5891637.800362244
2380848.2411855613 456410.8995965 5891764.739292731
2385041.325199024 455833.85501455463 5890113.273419744
2386027.4022384346 451750.3685587354 5890028.509292154
2388070.223556435 448684.1491810465 5889434.959453818
2387217.4533112263 445418.8931016625 5890028.509292154
2386719.2533668512 443601.9078535328 5890367.522740553
2383877.8499132358 440878.92532005376 5891722.428110618
2384027.171860276 438368.1179333427 5891849.3562727375
2382623.6134854383 435187.30878478737 5892652.859513638
2381340.126475454 437057.6993522522 5893033.240146774
2381032.50209993 434166.6959597319 5893371.2341972105
2380478.3598063365 433765.1580019802 5893624.65433601
2378322.8050220464 433543.9313380442 5894511.115835818
2376276.3122666627 435013.7652411376 5895228.147562321
2373912.536342538 433639.04146879795 5896281.663176358
2373644.628251475 434531.99518499465 5896323.780452822
2370630.1821224173 433851.8701662437 5897586.46349195
2369802.2972131167 436650.49433423835 5897712.642874448
2366813.309833022 434690.43741962756 5899057.550152667
2364807.5471307677 437053.2361506257 5899687.34203802
2359564.1838911646 435956.41581872205 5901867.489668378
2356392.27596492 439497.1462168528 5902872.072156071
2350939.3043615874 438947.16333497723 5905086.855839466
2346436.209008119 441709.7449784313 5906671.703950263
2339393.7299841833 442329.056157749 5909418.159361316
2335079.712241968 447341.26769413386 5910746.951756079
2330752.763648557 448536.92987553775 5912363.924631368
2328231.7933465037 453954.2035892115 5912943.708297433
2326112.9690588308 455648.52512044495 5913647.256704772
2327370.1400219398 462604.8940299679 5912612.446571631
2331830.8892626455 464506.97443718126 5910705.454899592
2332905.912623056 466499.3513725654 5910124.3098616265
2333101.6728355205 468147.9550168045 5909916.672545026
2332227.6832272313 469878.3625271317 5910124.3098616265
2333330.94598926 471711.1935341605 5909542.811959606
2332874.8321059886 471364.7075246937 5909750.530286927
2332823.675110813 473176.8881155326 5909625.904691073
2332555.4207213824 473461.57199340936 5909708.9902218385
2333773.4403707096 475235.76829326677 5909085.673228555
2333755.286182898 474807.8792661242 5909127.24029532
2332375.3334070286 478470.9454442799 5909376.604894979
2332159.5346956877 482075.64976903104 5909168.805562061
2336558.0836490095 485749.5160760923 5907129.990897975
2337914.6015357166 484286.50284310203 5906713.375396685
2339494.4727134216 489342.48481382115 5905671.049482826
2342079.4346612333 488560.6934338238 5904711.116605822
2343988.8415649035 493016.0038932747 5903583.024784553
2345172.9282687632 493393.28197849204 5903081.229816663
2343971.1359179188 497585.1058746181 5903206.702834944
2344818.742997652 499048.25250387687 5902746.555982201
2344311.9368317924 503390.1220066245 5902579.175910656
2343057.2749736793 505302.88875132636 5902913.907284476
2338431.678645673 509133.7963173133 5904418.77425322
2335928.2960333573 510937.8658428562 5905253.804286369
2330821.0767372036 513530.52746130835 5907046.682192628
2327448.671310468 513980.25935607054 5908337.158237282
2320576.297918895 515436.7893379011 5910912.921176734
2318488.182010135 514845.60229604674 5911783.787967534
2314254.9054860775 513439.3627217626 5913564.513323711
2313148.268481181 511753.82037312456 5914143.565670014
2307514.930338655 510929.9838798228 5916414.995403615
2307031.8270853492 509767.1325692035 5916703.695417526
2305090.5319503294 507060.08582670067 5917692.85354304
2305949.364532578 504591.4342816528 5917569.26555671
2303014.5105422824 502054.1571435343 5918927.841047446
2303869.1883448274 500555.89089852734 5918722.1224756045
2303394.3159108674 497380.29838276014 5919174.643834239
2304661.4111362053 495423.08020354697 5918845.559027648
2302248.51316052 494357.91445726814 5919873.56588497
2303048.0082263206 494571.6379599153 5919544.72630543
2302728.508795059 492611.38282410096 5919832.467248934
2303910.7082127836 492023.32702500164 5919421.381710016
2301016.46842695 490733.4019699003 5920654.097329029
2301543.8131845393 491727.86450104095 5920366.608856686
2300760.5628536423 488957.81488888775 5920900.44568193
2301907.8583003893 488529.8315673538 5920489.829022907
2299316.285863195 486302.5487041637 5921680.120429346
2300392.6719580097 487704.7951500258 5921146.729104891
2300033.277768433 485909.0130169617 5921433.977697183
2301852.4636882492 486796.9753329622 5920654.097329029
2300276.450435635 486757.28745879873 5921269.846466802
2301579.033801043 488585.98540899303 5920613.032957768
2302448.533074923 487972.693227278 5920325.531861036
2305272.4003200806 487604.29405173386 5919256.897005299
2303690.0099772876 486597.5382668144 5919955.75774714
2304426.1212359224 489106.30956689134 5919462.49837833
2303341.218294939 488245.8995425017 5919955.75774714
2301775.278925542 490643.2329728265 5920366.608856686
2297949.3094613478 492721.54657371884 5921680.120429346
2295010.3461547457 497037.4219666169 5922459.143988033
2294127.1101229903 496720.3839389528 5922827.927838042
2292114.526200739 497708.7389668511 5923524.120819936
2290895.595906485 498449.0056735033 5923933.402512167
2289110.247334352 499357.8656362858 5924546.986696623
2289543.99560395 498824.5964238416 5924424.30234335
2288709.6156547824 498768.33581143536 5924751.424524174
2287251.548514414 498659.66936521506 5925323.610400279
2285387.369835776 499924.839249094 5925936.274117102
2285870.02983779 499654.188149338 5925772.936837371
2284781.129493519 499792.2251418974 5926181.225882147
2283687.05995765 499469.36963255337 5926630.135328242
2281444.2257783776 500522.82069284515 5927405.009835938
2281232.0070290687 499558.2496950591 5927568.058256921
2278525.78402237 499340.71074709756 5928627.168758028
2275440.113338625 501328.897902853 5929644.392941032
2271745.9784338158 504133.1593918268 5930822.95866867
2269956.9455811717 508352.32563315716 5931147.812879995
2266298.271786967 510940.1935820207 5932324.440038472
2261134.526952071 515917.19134429924 5933863.9268777175
2255862.8342166124 518982.5807912859 5935602.829876289
2251220.905340053 523419.9270592219 5936975.409694504
2247607.3253567317 526592.1653078911 5938063.910268995
2239701.761430495 530764.0210370735 5940678.9657258615
2232944.223206664 536742.0184793336 5942685.344324291
2228053.9396814075 541081.5538124454 5944127.134743508
2223436.2410266357 544688.3748326746 5945526.6256582765
2218246.4613979626 550563.1556342427 5946923.897962162
2213825.107237011 553282.0710541138 5948318.951133766
2210120.35073312 553544.8374971842 5949672.020217209
2205096.9879762935 552654.8087818502 5951618.345958364
2196724.685187789 555693.6231618356 5954430.808621751
2186753.749667521 559469.9477667398 5957746.420909581
2173211.3203235404 557419.8421251529 5962891.637186004
2158670.3383043204 552084.2424892421 5968667.05049965
2145371.3155452576 548563.3136367057 5973784.496394855
2141710.949085195 542652.1609641467 5975637.5260527255
2143911.060248452 536047.5999570375 5975444.697788162
2149367.5391916097 530083.7468469342 5974016.354413345
2153100.4339944394 522282.25426004163 5973359.25321908
2152946.016854342 517592.0143806206 5973823.143947302
2149162.1795051214 509189.1232158242 5975907.4091708865
2143845.0325250067 505835.39180670475 5978101.70814395
2140934.1075702626 498132.1942530306 5979791.506740931
2137521.535201552 492974.9188877207 5981439.493625029
2138728.8521501264 486299.83531270834 5981554.343743391
2138567.2415031972 479907.88435748906 5982128.348347344
2141218.769184271 473285.4788255821 5981707.451725287
2143813.1724275397 467309.27862767864 5981248.040320234
2148286.598891605 462435.53889269236 5980021.660612256
2153068.8579162895 458041.68737219035 5978639.753798541
2158189.8099866346 456021.6143297548 5976947.551328683
2163065.165046314 453621.7471266653 5975367.553740683
2167854.8299925197 454152.2178421789 5973591.23133707
2172315.6201245673 453701.6722570294 5972004.742057226
2176124.6541117327 456360.4848873976 5970415.19474152
2179909.861066536 458107.6506452648 5968900.349146831
2181023.9943373185 462914.6437443782 5968122.432451592
2183585.9228092297 466884.671644048 5966876.253207635
2182548.5405262066 473678.3022545554 5966720.349925926
2183544.234313743 478884.9052351948 5965940.397316511
2181469.7654948514 486337.18684265955 5966096.445995975
2179385.04012743 491825.15349246445 5966408.456120053
2175221.7367467727 498392.06848739856 5967382.73802286
2171218.6144286967 503700.7113211351 5968394.7860185085
2166154.3424694035 510261.15895346354 5969677.538549667
2162220.647637038 515113.61785000964 5970686.797315493
2158205.9236176917 521128.25763283746 5971617.329531261
2155112.310173115 525479.2999630352 5972353.257791325
2152303.0221741335 530807.7048437907 5972895.100470002
2149634.6738600577 534211.0333367735 5973552.572866486
2147193.2961525326 537107.1826696148 5974170.89003004
2144764.57291784 538648.0351072206 5974904.536562211
2142102.0371169993 538973.081781009 5975830.308810206
2139679.197549382 539197.4305223201 5976678.012281786
2135766.9827000117 538925.1921137822 5978101.70814395
2132538.7127814097 538071.0025070492 5979331.002273555
2127757.6323937946 536114.2170821931 5981209.744193251
2122751.4184263423 534616.4409675484 5983122.318373254
2116271.1251605595 532120.3267008303 5985639.939281635
2108440.164188103 530268.6698646457 5988567.125097491
2098483.9709250047 526129.4408818628 5992428.041721333
2085999.9177146934 522573.81659753073 5997096.126418267
2077941.9946810205 515508.9419510141 6000504.028622063
2073601.6191229024 511244.5515271552 6002370.059710138
2074515.1516033227 503986.4682309719 6002668.200526188
2078278.1426810843 499564.2943835789 6001736.121942641
2085930.8407976287 495477.09364493255 5999419.6366884075
2092009.7234952855 496612.4577319273 5997208.716030036
2097824.8131022234 493392.5480580184 5995442.923342148
2100368.1892636446 492172.8338615818 5994652.648080455
2104383.8014271325 488311.828917849 5993559.991693584
2105190.906781508 485286.35591736995 5993522.286499391
2108180.9602310737 480669.79363145295 5992843.280814999
2106501.510704528 476729.92426279624 5993748.490278178
2106668.382734619 473135.79461360245 5993974.628328156
2104390.250397991 469422.95410943846 5995066.702229847
2101381.531676559 463172.29581182386 5996608.048115292
2098029.335064488 457444.3724627233 5998221.282622961
2095172.6135817133 451844.17187898187 5999644.119748785
2093121.8686184962 447427.4434971098 6000690.837388363
2091765.1858230366 443740.8648223179 6001437.6154606035
2090960.4803960223 439948.46396972425 6001997.219132371
2089111.579452886 436514.2545295225 6002891.729340819
2088275.2133321841 433335.3178674846 6003413.040568765
2086650.1403282282 431364.909396052 6004119.961060898
2085075.5027658679 429142.400340363 6004826.221298646
2082932.764286537 427072.19915457116 6005717.395629845
2081767.5366783948 426492.5485952776 6006162.587644849
2080070.7087208296 426939.362958474 6006718.707171015
2079430.4844956638 427450.9664969792 6006903.988860728
2078761.3791617977 429658.43416204 6006978.0887280395
2080624.0940705074 431520.3844003662 6006199.675087421
2081748.4021387417 431260.93754572916 6005828.718331882
2083868.9007759504 431358.8558517383 6005086.255988094
2084584.762502537 426842.2601064287 6005160.535150536
2086633.5882365499 422558.6080980387 6004751.909210348
2087731.7679973806 416563.7234695608 6004789.0661690775
2089578.0265172208 411019.478059267 6004528.929046165
2090299.0466557296 405139.40568460146 6004677.58980544
2091251.2064586142 399078.8146720914 6004751.909210348
2091725.2574307858 394895.3023589432 6004863.374599038
2091593.9449415798 391053.3423386673 6005160.535150536
2092240.9705188852 388151.6640223093 6005123.3964839475
2093985.5832989858 381561.11928169255 6004937.675712256
2094391.315852284 380502.12677669316 6004863.374599038
2095697.0089152078 378586.0365512248 6004528.929046165
2097224.0596594955 375423.2639124533 6004194.335337479
2098746.985927748 371652.2191716554 6003896.79433649
2098857.500855029 370425.1536364229 6003933.993362853
2099270.2994272294 368684.8151181899 6003896.79433649
2099785.5363969915 367566.5083949155 6003785.186284097
2100223.378474659 366887.6179275677 6003673.561771986
2102062.5632413304 367927.2889131551 6002966.224317133
2102978.8088404974 368768.6088788667 6002593.676293053
2104861.100220491 371371.0804890219 6001773.427025965
2106785.608700431 373720.45361441385 6000952.292888437
2108843.3385049375 377693.15794908756 5999980.720975843
2110135.341129922 379977.450745177 5999382.2164485995
2111103.7591383597 384033.21305687673 5998783.244077177
2110850.606190633 386004.7047060181 5998745.79277114
2109933.7595272316 389834.34555338253 5998820.693555879
2107383.061508372 391531.5462375914 5999606.710474313
2105455.267113877 392732.2262887967 6000205.039547956
2101673.127361503 391874.9132086812 6001586.8833271265
2098905.659809749 390714.5217295986 6002630.939323873
2096278.5067099077 388219.5142192047 6003710.771771529
2093941.6091916293 385292.4906546357 6004714.750422465
2093097.5119405182 381172.83489258384 6005271.940174596
2091970.5966780707 376216.4546817275 6005977.12298849
2092393.6990246938 370263.51597412117 6006199.675087421
2093471.8791460458 364729.2996182937 6006162.587644849
2095894.2636199505 358709.57228792395 6005680.284403591
2099727.7482064837 353031.7633019067 6004677.58980544
2104292.9588755434 346665.6580503407 6003450.263369835
2109487.1028688475 341511.225887279 6001922.6290767
2114769.3526880844 338352.6137178463 6000242.419579522
2119802.938699082 337374.7990601418 5998521.046561549
2124183.2796509583 338490.10378808423 5996908.440529073
2127106.056338648 340097.97690413427 5995781.366193498
2127138.091651469 342540.3124251262 5995630.965412151
2127266.6885367893 348277.0332448646 5995254.835614236
2121281.3182730866 350491.19618136453 5997246.242246932
2115417.07989258 353847.5955703028 5999120.223600113
2109773.219212525 352676.4296296221 6001176.326311144
2105909.1011574483 354184.43069263385 6002444.605884936
2102258.6606227206 352514.14666669996 6003822.390797101
2099358.6432864955 352065.53261762846 6004863.374599038
2097378.7690768307 349287.65059021785 6005717.395629845
2095955.3710148782 347622.11907614965 6006310.926437533
2094014.4756235261 343283.30678933306 6007237.380623385
2094335.491193926 339358.38123850705 6007348.478272979
2095231.1688782263 335114.08775139874 6007274.415003175
2096399.4760346012 331774.5142544023 6007052.18127603
2099029.9038654473 329224.7981983029 6006273.844483774
2100381.9199383724 329399.29643450596 6005791.612594001
2101676.2811345286 329940.5473535547 6005309.071524011
2100589.933071891 334129.02354105056 6005457.578628337
2099828.7370918337 334909.83325264486 6005680.284403591
2099785.908288274 335842.5788911905 6005643.171347903
2100619.7733120373 335938.347878949 6005346.201044103
2102135.08731057 339718.6006955823 6004603.263084017
2105427.890272912 344927.96923795575 6003152.42975708
2108143.5289246975 352895.7126713554 6001736.121942641
2108647.740240924 360589.27347170154 6001101.655815706
2108730.71382216 369322.0208741613 6000541.394031084
2107437.2617998864 376036.91477059055 6000578.757612237
2106241.6069539436 383262.6666602932 6000541.394031084
2104314.7943050596 387391.04912977095 6000952.292888437
2102070.3455224303 390886.0946152685 6001512.253050196
2098323.426493614 392122.0039554566 6002742.717445256
2093847.479403845 393252.5784369484 6004231.519732301
2089047.4749956857 392690.8052133329 6005940.024568598
2085585.4987596462 391813.92195729254 6007200.3444136875
2083294.4314149804 389238.2164133438 6008162.691116036
2082365.386035401 386206.765821279 6008680.365361058
2082430.7332814464 382385.410580584 6008902.115932662
2082847.2408525473 377766.48062030954 6009049.913038889
2084428.1553679216 373132.6740578653 6008791.248883581
2086973.160419996 368402.8175862494 6008199.679744431
2090923.1959844937 364698.8893880618 6007052.18127603
2094984.5053438568 361527.76992809476 6005828.718331882
2098842.813351093 360119.19116756803 6004566.096979639
2102170.651428413 358688.6917930688 6003487.4843421485
2105584.331553486 360481.49331832957 6002183.662275876
2107874.6910295463 360760.00682869134 6001362.970558443
2110615.5989917433 365211.56649678765 6000130.274001531
2110870.718262761 368026.28888426727 5999868.537015701
2110810.6417441824 372610.72761141835 5999606.710474313
2108162.502117693 374951.5354385413 6000391.921427895
2105246.075706347 377579.8217812111 6001250.989494332
2099877.276914192 378432.9680407826 6003077.953067017
2095255.3578281126 379261.5504042894 6004640.427359288
2088894.9033595512 379089.29517686233 6006866.936182356
2083195.4565113483 379369.5770330391 6008828.206397005
2077132.046091816 379876.161397573 6010894.905511181
2073001.5383912215 380878.38706242375 6012257.252987131
2068366.758046491 382863.72174353537 6013727.240637119
2063860.8383242527 383557.3296270882 6015230.936125466
2060204.8109274392 385407.9856928196 6016365.831762197
2056959.539538032 387328.12954771426 6017352.854267777
2055218.0936503874 389192.028030659 6017827.610761997
2053000.7021381364 391296.619471617 6018447.978724282
2052857.6095469736 392606.2119516422 6018411.501157267
2052321.5257799225 394843.3641457916 6018447.978724282
2053621.0381977144 395316.39467305766 6017973.627357837
2053083.6235269841 396439.3886583703 6018083.120556369
2054224.9419494907 396622.5814368198 6017681.564835996
2052743.8333113948 398195.06385257177 6018083.120556369
2051675.3786450406 399288.41475043335 6018375.021756937
2051565.3719549612 401497.2263668933 6018265.572556183
2051820.1343197695 404559.7073678572 6017973.627357837
2053945.8359218838 407884.4737885086 6017023.995227328
2055083.7459675327 410235.96847557597 6016475.566910328
2056661.528809709 413052.34501109965 6015743.687707692
2058718.031577757 415072.9785957335 6014901.120458778
2059481.159653968 418182.7250485007 6014424.458042628
2060503.8185399526 420000.77308789914 6013947.486001839
2060157.3717929826 423264.30494178046 6013837.371563117
2060241.8035070677 425455.7018149885 6013653.810860338
2059007.9727266673 429849.1462358888 6013763.952777686
2057159.4280329365 433548.98468253616 6014130.9734271625
2055550.0196003856 438608.29200490005 6014314.415052259
2053718.8076221817 442641.6872835815 6014644.494556405
2052417.102072072 447161.58964415465 6014754.48807921
2050142.1812356373 449702.7850742231 6015340.841699236
2049212.4220290887 452948.8048270993 6015414.102919879
2047120.8489624849 454623.0155610063 6015999.928811945
2046341.68147266 457636.5634572848 6016036.527353757
2044279.909833998 458674.2647988203 6016658.422169266
2044252.061329903 461666.96331929736 6016438.990360326
2042724.5125096391 462708.60191549215 6016877.787998163
2043591.0992805853 465530.4472808749 6016365.831762197
2042847.9812680513 466899.1058854558 6016512.141627607
2044191.81822177 469496.83759018977 6015853.516319025
2044133.9196401024 470685.57637768856 6015780.299077319
2044842.5946621085 473216.9917074687 6015340.841699236
2044713.3654575748 474239.95428699546 6015304.208340342
2046091.6074130295 477119.3025531493 6014607.826384457
2045614.0341674408 478702.23241545557 6014644.494556405
2047488.321909353 481742.35013804346 6013763.952777686
2046819.7429608637 483206.48928175913 6013874.0782079585
2048448.6901573867 485894.0535483767 6013102.853978037
2049647.403894244 489920.72574302444 6012367.603714614
2048982.4050037418 490896.0556288746 6012514.712377267
2050491.673398154 493150.14336163865 6011815.685250774
2051552.0499339104 496360.57753782196 6011189.67954583
2051487.1105864907 497519.9548000096 6011115.997023622
2052397.3725186854 499106.32073483104 6010673.748081902
2052843.300571475 499935.8270487317 6010452.524738209
2053661.5496924685 501008.46950291446 6010083.672695504
2054257.8974188988 502103.740295484 6009788.459244915
2054967.7596079123 502733.37259025295 6009493.128630406
2053724.1960727219 502961.0288162404 6009899.178019342
2054447.7455158278 503974.47035789856 6009566.972267836
2053674.3085717375 504924.89510176366 6009751.549325385
2055131.5131054092 505587.4763234222 6009197.680857735
2054423.809511031 506706.46471982216 6009345.419388481
2054875.4506531009 507502.74014462216 6009123.800609279
2054034.0811314303 508283.99937951757 6009345.419388481
2054103.698614197 509747.21942693443 6009197.680857735
2051767.2160389458 511753.2074539939 6009825.367333758
2052068.0203873082 514872.77177850326 6009456.204065791
2050335.2826671205 515312.9797888895 6010009.880317288
2051475.4266566029 519369.77838968317 6009271.5537841655
2049648.4150939337 521877.40728016675 6009677.723994312
2051273.6334645369 525685.4648868339 6008791.248883581
2051553.1253688554 529230.8826504182 6008384.595433147
2051094.698965151 533926.1193990028 6008125.700657451
2052202.6668439524 533832.1069629149 6007755.695413563
2051451.928816555 537537.8189676242 6007681.672403621
2051023.7473393674 538343.841866769 6007755.695413563
2050429.7516225884 542244.6427222752 6007607.6420735
2049844.933513187 544042.6544942153 6007644.658153577
2048658.9882683712 546867.6014060492 6007792.704173439
2048288.9008177652 549872.0216064339 6007644.658153577
2046636.82961773 553183.1389333378 6007903.719472554
2047255.4917888187 556111.901194434 6007422.534223012
2045042.2853110712 559843.9190299878 6007829.711103238
2045758.506405321 565147.9263864608 6007089.224805251
2045512.163907795 568001.2816132759 6006903.988860728
2045749.2431890469 571837.809862274 6006459.2359561855
2046199.9824939487 574891.1426159943 6006014.219578858
2045960.0840437685 577290.2733856511 6005865.822240282
2047493.445914987 578031.5851982558 6005271.940174596
2045313.9683678888 579575.2721133481 6005865.822240282
2046068.678485335 581139.5995944024 6005457.578628337
2046653.9478556956 580997.0243282939 6005271.940174596
2046039.3438897103 580475.2774730395 6005531.821204344
2046464.554488994 577818.2462180131 6005643.171347903
2045454.867914993 575991.6267604809 6006162.587644849
2044861.6923314938 571897.5544825158 6006755.767168505
2040919.2244267892 569642.9029985397 6008310.6346483575
2039563.0839823568 566694.423003881 6009049.913038889
2034102.6108275226 566362.9235626332 6010931.758674211
2032968.7855082536 565741.3781213026 6011373.853806674
2026892.3678862453 567215.2781280495 6013286.5520664
2027579.2786334353 569430.4722642277 6012845.599723416
2023225.7328964372 570951.7720503116 6014167.665416244
2026011.9011283054 575366.4993635274 6012808.841789055
2022733.76825127 576916.1317277579 6013763.952777686
2025445.2558634577 581934.973431911 6012367.603714614
2024331.658934629 583527.892922394 6012588.255719539
2027317.2772279033 586803.6616877433 6011263.354743585
2026997.6086714233 588283.4716438478 6011226.51806027
2027332.7416396562 589762.0911824356 6010968.610006208
2029079.947525071 587505.7742322113 6010600.014291041
2031589.7758790245 582203.6490743143 6010268.1216022605
2034256.5765289934 580125.836932067 6009566.972267836
2036144.1563343878 578858.4604483626 6009049.913038889
2036817.4176006143 581471.226491343 6008569.465365398
2036415.7074116324 584779.1206676596 6008384.595433147
2034196.8747255723 587179.219656741 6008902.115932662
2032398.6733283054 589620.2384024693 6009271.5537841655
2027005.9294589532 588631.1225716455 6011189.67954583
2023762.3909831077 591137.7863547194 6012036.50208363
2017493.7918502325 589765.3614487234 6014277.730391325
2012226.0585179233 592802.8114191772 6015743.687707692
2006734.958202279 591375.454679297 6017718.079067159
2000224.5359358452 594126.7302526184 6019614.292813084
1994856.8172300514 593744.993073599 6021432.899397852
1987527.4509180274 593678.7799359774 6023862.642698704
1984120.530571834 587798.613379775 6025562.173795252
1981323.4362833765 580918.8826034514 6027149.549552341
1980917.2899700548 574797.3992907496 6027869.909019792
1980145.3426023293 572925.0963118266 6028301.772156598
1980549.7682600208 568100.5586124085 6028625.495977458
1980674.325954065 566901.8434136523 6028697.414403928
1979346.248064618 561964.6087697605 6029595.774905874
1977659.1929281875 558651.9743310193 6030457.120998597
1972960.0808732852 553979.6290223569 6032427.048038686
1967924.6251047137 554381.859761555 6034034.6720477
1965885.94862962 550734.9667155055 6035033.092984453
1964394.356627183 550982.7282157688 6035496.155649441
1962860.1670007885 547080.3734346041 6036350.224250105
1960794.6478397835 547426.8125741638 6036990.080650932
1958841.5910983798 545407.7116980945 6037806.807856924
1957453.7317974682 542923.5474599075 6038480.761705358
1955795.9115619366 541802.0890659435 6039118.631770815
1953405.108634905 540956.2353520474 6039968.1980117075
1950459.0764624013 541716.7813497097 6040852.035917578
1948238.1933346763 541832.5510206086 6041558.278183414
1945731.3664093292 541793.9743064707 6042369.546723874
1943880.4819742632 543326.3788973264 6042827.659117362
1939575.4056455882 545007.4300854746 6044059.4923417475
1936750.6118340474 544140.7397738526 6045043.335070379
1934410.1452258439 542718.2876962032 6045920.546140797
1935251.7240053809 541278.75909135 6045780.269716286
1932577.3077507857 544169.368595887 6046376.241009873
1933955.1548751937 545504.6419492104 6045815.341584915
1934516.7110012688 544679.0195113561 6045710.120454088
1934292.164520101 542357.447270719 6045990.67330294
1926557.0234703345 540623.8312402884 6048615.123184166
1920206.421119584 540975.3912959816 6050602.773798928
1913109.6252254285 536165.9637671742 6053278.336667449
1907860.2467125056 531786.9054851274 6055321.045672859
1901186.12147731 529747.7995320293 6057598.50108878
1894149.339305111 532136.0093544796 6059593.265884955
1887906.3451669947 534010.1220979127 6061376.396609534
1883223.4797353372 532295.075194938 6062983.776845914
1878370.389004467 528056.85312343 6064859.573113015
1875839.5400728672 526497.6193996217 6065778.373520232
1875863.4993488253 522480.2012919754 6066118.328145988
1879239.505191964 519817.27065714507 6065302.12662588
1882653.9049571932 516590.13027457433 6064518.934874581
1884310.952587552 520936.86684260645 6063632.410916975
1883886.1727901893 523262.3666429981 6063564.165045596
1881422.8192574186 526187.7188643084 6064075.8289861325
1878852.573063876 522005.54054210783 6065234.061793048
1875195.1154263502 522117.7054539904 6066356.186437837
1880229.5106674014 521398.45189148566 6064859.573113015
1882322.2330264614 521377.38153480814 6064212.202510577
1886713.3571654055 521778.2710110546 6062812.972852977
1883962.9493632321 527713.6478987285 6063154.534666588
1883085.3374591444 530056.2119872816 6063222.824866333
1879881.1503784782 531669.2588046124 6064075.8289861325
1878730.8030373054 527556.7395663346 6064791.460244692
1874508.8270032785 528101.1119547328 6066050.352003268
1875870.4416013767 528343.3644598933 6065608.32691639
1873995.5441495238 526015.343592959 6066390.158802227
1874499.3329227045 521853.4717314745 6066593.954181716
1876114.701378844 520786.3656099998 6066186.296897327
1880416.2377627918 519930.789829613 6064927.678591492
1884902.6936822447 516393.6570763922 6063837.104200663
1887938.3813430967 512906.1226043523 6063188.6806899365
1890980.3198166413 513413.59774384205 6062197.696192188
1893966.5700779762 512911.38448984467 6061307.906969236
1896362.854457466 511748.9831383406 6060656.887045397
1897644.0641888394 509430.7631352061 6060451.163339273
1899490.441857367 506622.50125003175 6060108.142807326
1903270.559331793 506812.4307823271 6058906.117277718
1903937.9243248992 508413.8548906192 6058562.266121613
1903236.2448018494 513069.3098068945 6058390.271335021
1903757.6220665728 515598.59569403564 6058011.720403137
1904996.2152653455 517897.35514624044 6057426.247950299
1909500.2303973162 518656.5842049606 6055942.966852763
1908654.978470901 519750.71980201744 6056115.616665812
1912499.8861236023 517285.6139610313 6055113.605801808
1916848.447510386 514550.39676834113 6053971.499640757
1918705.679977257 514151.52967321005 6053417.028270703
1919833.8843069696 511976.6201157263 6053243.659156774
1922949.0648204319 508890.9532234559 6052515.005502552
1924872.1330298765 504908.93639401475 6052237.209283397
1926454.0231368719 500942.07767161576 6052063.526728533
1929286.2379630045 495894.93192702625 6051576.970385129
1931281.1716025095 493641.72425935563 6051124.844546168
1931673.1871378734 483912.68918535893 6051785.538775974
1931012.7425493055 478700.05471708684 6052410.845747839
1930582.4272180703 469376.0438596616 6053278.336667449
1927837.543623773 459560.14979663346 6054906.099529006
1924907.905371954 449888.3782392652 6056564.290335058
1919870.0821892454 442601.6864491244 6058699.828731165
1914835.4802203048 437114.00276604714 6060691.1678681765
1910119.2476640583 432566.3206036902 6062505.409315746
1905718.8687665253 431394.97840645467 6063973.529446919
1900522.9381918183 429416.8426575416 6065744.367894906
1896005.7059791218 429231.0103894109 6067171.013134103
1892678.0570595511 428581.85461903806 6068255.792747747
1888376.774246676 429825.920830166 6069507.709548462
1887276.3326081545 429887.26487064786 6069845.630976059
