2822194.5631697318 5591117.0790201 1168019.1164124622
2814951.9208086045 5593989.872819668 1171735.4591915994
2807394.919000312 5597694.708535902 1172172.6488876904
2799979.7834243253 5600949.58900515 1174358.511630122
2794176.94814247 5604007.007108029 1173593.4759333557
2786929.0835148953 5606858.981071033 1177199.919232894
2780154.094000512 5609923.159435154 1178620.5321668633
2771999.1400337154 5613152.918825249 1182444.9575079288
2761233.6583936815 5618249.471060102 1183428.3099058964
2749144.666797466 5623622.4050382655 1186050.4401460658
2738058.6418867386 5629304.4352995595 1184739.401010224
2725012.071075355 5636205.064634437 1182007.9026312525
2714105.3272540015 5642014.110854753 1179385.452465523
2702881.2060324894 5647924.07002433 1176872.0768699432
2691672.0102106435 5653615.711741983 1175232.816676243
2680685.585432264 5659014.744477837 1174358.511630122
2668530.7676804345 5665525.639590404 1170642.45997086
2658653.3059633193 5670978.53255712 1166707.3677519173
2649422.959606155 5676014.756965075 1163209.1212789176
2644303.352680464 5679005.548846292 1160257.1935462807
2637184.9064958906 5682627.011619251 1158726.4628744437
2633426.696539428 5684659.176418718 1157305.0081598596
2630496.9593764273 5686659.98533735 1154133.8561338452
2627539.86164799 5688603.119688828 1151290.5029215727
2624323.4552075155 5690507.709431271 1149212.5179230126
2621228.7236362724 5692154.6202224335 1148118.7908333165
2617619.27807084 5693991.747025427 1147243.783978898
2613197.1571081663 5696418.781761483 1145274.9368063614
2608772.712234905 5699104.955919194 1141993.2737611989
2606310.497040176 5700559.899553409 1140352.3247759088
2602636.530880786 5702522.450837996 1138930.105763059
2599814.1789517943 5704507.708796477 1135429.0093188472
2599639.701873202 5704652.54660459 1135100.7633520365
2599596.5056909304 5705085.504032754 1133021.7999998184
2599090.434736319 5705294.343437987 1133131.2222318628
2600715.1433465527 5704901.408159514 1131380.4251212368
2602508.3983944235 5703822.96364372 1132693.5312329894
2603215.300398393 5702999.9955480285 1135210.1790201226
2601963.9572337605 5703156.868855776 1137289.0109728524
2599451.2357705077 5703975.14782785 1138930.105763059
2596681.2228486543 5704755.70901091 1141336.9035533029
2594250.1582309264 5705752.213515543 1141883.8795960327
2592316.6924752323 5706521.43830791 1142430.8469428194
2591736.203164106 5706566.006513392 1143524.7555319027
2592906.968029098 5705705.066962194 1145165.5530918217
2591231.295462741 5705454.284910894 1150196.8423736903
2591629.4894056027 5705008.68368935 1151509.2308237774
2589885.7899036 5704871.630136287 1156102.1922483945
2590581.396876605 5704023.317833767 1158726.4628744437
2589766.409111802 5703815.210494586 1161569.1932755287
2590908.104403811 5702627.734006153 1164848.9695572108
2588656.4782734253 5702957.060086366 1168237.736209588
2589252.5098920623 5701361.622603807 1174686.3787063085
2584705.3102915613 5702183.33214806 1180696.703443964
2583525.588210309 5701697.757934944 1185613.4328786111
2578278.752250591 5703617.677369115 1187798.4113879257
2578554.1456431397 5702900.935711328 1190638.6670394328
2577716.9531552573 5702640.044049569 1193697.1296850413
2578524.1165455007 5701244.0615332825 1198611.9185227202
2577620.615160261 5700571.2430381505 1203744.3529866778
2577973.9268180854 5699232.780761297 1209312.6739359002
2576371.7353916694 5698074.172819323 1218154.506671591
2572913.2474421347 5697575.75459489 1227757.688548206
2568486.969609001 5698111.225731453 1234521.8289451064
2563995.9071931927 5698498.2974741105 1242047.9626734334
2557784.001348338 5699573.097608541 1249899.3989371608
2551854.997291891 5701272.47038296 1254260.4559061038
2548455.8136415067 5702216.646497877 1256876.7967940625
2546565.8476746227 5702796.547767518 1258075.8793602632
2545202.901986961 5702417.3707899125 1262544.7782279314
2543133.2020065016 5702325.520624238 1267122.004263867
2542482.825941377 5701402.211635013 1272570.1949034259
2540862.4512968655 5700710.677798174 1278888.88165765
2538515.080034308 5699991.724930941 1286730.9447422205
2533224.304710732 5700421.900408562 1295224.2197261702
2527673.455135387 5701869.856411998 1299687.6719982196
2521433.165811376 5703638.421943879 1304041.618228481
2514757.2392325173 5705763.102735192 1307633.145493541
2511044.517775107 5707323.194392348 1307959.6264803815
2508273.45832195 5708591.436652818 1307741.9728875267
2508236.7261580974 5708507.837747235 1308177.2784795277
2507654.376040222 5708264.507100856 1310353.7107586407
2507628.8806267707 5707124.439225265 1315358.8986448657
2505211.2861154964 5707030.6053004945 1320363.238689646
2500943.72355474 5707590.938759624 1326019.2937514877
2495827.0312390737 5708919.596797567 1329934.3846359705
2489752.0167862726 5711039.418631827 1332217.9452860267
2485330.71782459 5713142.311428064 1331456.7782725492
2481543.0941344863 5715067.065112874 1330260.6185314052
2478951.2193537964 5716470.033751372 1329064.4097585748
2479634.528249388 5716678.951510445 1326889.3592424598
2480277.611312301 5716248.463585151 1327541.8913854845
2481057.2731649363 5715859.584174625 1327759.3988650409
2480192.766031598 5715779.721689156 1329716.8933466861
2481005.3311680946 5714920.643151586 1331891.7332859174
2478904.142389046 5714995.081800321 1335479.8642602486
2477141.149332003 5715301.866516254 1337436.8399599092
2471252.414513293 5717570.7241779985 1338632.7045851254
2471820.311783597 5718062.510886837 1335479.8642602486
2470559.830362809 5718708.776614399 1335044.962864976
2473309.925986356 5717672.201420136 1334392.5985723906
2473089.8712780806 5717437.338762306 1335806.0360353095
2474614.389006439 5716853.8688580915 1335479.8642602486
2473978.674153384 5717027.398581247 1335914.7591465544
2475528.7338701906 5716229.309325116 1336458.3685979731
2474292.1825068872 5716383.179953352 1338089.1358693952
2475271.2791321026 5715908.382217929 1338306.5645787348
2473865.2680846225 5716491.596960418 1338415.278321914
2475027.663981861 5716166.556963847 1337654.2735597172
2475018.3871157346 5716145.131703565 1337762.9897484288
2477043.7034295127 5715623.822373196 1336240.9260384992
2476992.461032641 5716052.445202058 1334501.3269708792
2481513.3011115114 5714725.434372131 1331782.9951410687
2485138.2704530107 5712972.506090524 1332544.1536337852
2490166.7139245993 5710630.23412911 1333196.559368671
2492587.177346356 5708836.990394537 1336349.647521774
2493817.0252400897 5708121.639966821 1337110.6865047307
2494741.0820464985 5706978.3675253345 1340263.3495501333
2496073.3813348105 5706497.893834237 1339828.5198700703
2495457.0449972125 5706716.3962521115 1340045.9355265042
2496826.772629964 5706321.407335037 1339176.263106585
2497946.832133108 5705627.004503105 1340045.9355265042
2499913.82402091 5704969.6588852275 1339176.263106585
2500077.301657 5704259.394501354 1341893.9026549396
2500002.0656756675 5704087.7335878955 1342763.4933782995
2500486.4102949337 5703568.214660242 1344067.8303745436
2500974.7098075966 5703328.4998639235 1344176.5224637473
2499388.317890749 5703228.859465403 1347545.7739729013
2496444.7442915156 5704363.875009224 1348197.8416349085
2494719.622497335 5704758.792701725 1349719.2753380619
2493874.7759555173 5705539.256500541 1347980.4873899575
2492546.4783792617 5706299.329672756 1347219.7345998911
2491862.5584872444 5706905.759543083 1345915.5401819947
2493095.3671458703 5706469.829853016 1345480.7955868794
2494204.1034978055 5706292.698990473 1344176.5224637473
2495218.799569535 5705900.277606909 1343959.1378759132
2494100.700840845 5706056.132213261 1345372.1084133757
2495333.3493560622 5705619.684578129 1344937.3556214534
2496015.4692172357 5705551.823719429 1343959.1378759132
2496086.8410701198 5705443.781588929 1344285.214143492
2495816.3063666825 5705638.947619627 1343959.1378759132
2495667.8497982626 5706113.252386649 1342220.0022428422
2496922.8424029006 5705998.60416353 1340372.0559495627
2496468.207074359 5706044.282691837 1341024.2857706673
2497554.256908769 5705543.448154421 1341132.9893112967
2498615.7363373316 5705257.501091165 1340372.0559495627
2499838.7523179767 5704798.340264817 1340045.9355265042
2499769.223197619 5704368.838398581 1342002.602926382
2498784.604561819 5704288.38475599 1344176.5224637473
2497817.20564917 5704788.882046608 1343850.444967889
2497768.47660272 5705219.61787762 1342111.302789027
2496066.2055711304 5705939.007997279 1342220.0022428422
2496331.0867933235 5706002.067550662 1341459.0974818578
2496387.3781919265 5706130.735914611 1340806.877463943
2496453.016890094 5706280.769918288 1340045.9355265042
2495064.506268578 5706632.66861813 1341132.9893112967
2494111.824062137 5706895.800769019 1341785.2019747326
2493595.0397361824 5707070.5087235365 1342002.602926382
2491039.6886844444 5708824.575069936 1339284.9735872
2488757.1584093766 5709845.509538587 1339176.263106585
2487663.870943444 5710602.232556748 1337980.4209033006
2486192.8505947967 5711853.467079157 1335371.1395215634
2484832.1426419364 5713359.175693891 1331456.7782725492
2486105.0182307856 5713286.561082603 1329390.6533749304
2485815.124160335 5713438.000286873 1329281.9059077234
2484379.870338178 5713682.529301035 1330913.075380426
2481552.3409062834 5715088.360701526 1330151.8743047703
2479123.068243708 5716319.646697626 1329390.6533749304
2475254.226911829 5718879.602232617 1325584.2513106556
2473568.643183306 5720188.066528922 1323082.6319623496
2474577.9820246072 5720329.637626766 1320580.7994090507
2474361.4628128633 5720925.125475812 1318405.1198497948
2474262.1893704254 5721243.708889619 1317208.4276008913
2472818.540859727 5721742.576937927 1317752.3846444408
2471529.373946772 5722324.6074307775 1317643.5940384192
2468969.1836801805 5724080.184218405 1314814.8974953934
2465608.134368308 5725903.280030213 1313182.8339862195
2462535.9182361118 5727848.27082767 1310462.5281836567
2460769.834640929 5729526.834923982 1306436.0178773555
2458326.9408287057 5731838.072161448 1300885.070448697
2458319.763625677 5732926.1463755015 1296095.189394485
2456138.198794431 5734745.704652621 1292175.6271463826
2456666.41652909 5735425.817581882 1288146.6566013782
2454189.9067078736 5737389.306103115 1284117.1488718668
2453752.9515410773 5738306.526115446 1280849.5872444701
2451111.252459973 5740163.734000589 1277581.674464895
2450140.821499415 5741497.792140645 1273441.8155794437
2446928.828628389 5743687.631408847 1269737.2564543926
2445866.7818168323 5745365.66943924 1264179.5798200357
2444223.148121359 5747070.315555364 1259601.917373138
2444801.645117976 5747873.429368891 1254805.545087982
2444249.4366657943 5749082.252722686 1250335.5320824888
2444740.011199112 5749678.720838185 1246628.2063160327
2445238.258068211 5750293.099268525 1242811.3830281429
2443759.5351238167 5751274.972826306 1241175.4595677485
2442951.239407923 5752440.828514911 1237357.9741974294
2442183.724786089 5753703.507176779 1232994.5684761049
2440502.236135285 5755326.981202001 1228739.6692818755
2439915.2141252644 5756737.913098851 1223283.8377786041
2439232.6295929286 5758483.8592095515 1216408.1642081505
2439569.9391147573 5759560.06328401 1210622.7280170782
2440243.6180029763 5760030.809034688 1207019.951685534
2438881.0556200063 5761293.234091677 1203744.3529866778
2437582.585732829 5762708.085886568 1199594.7876635755
2437228.4603323573 5763833.428393614 1194898.5906252824
2436799.90262068 5764783.248906677 1191184.8419589708
2436458.9838143075 5765940.913533269 1186268.9416121764
2433337.7509797052 5768379.811185685 1180805.9720218321
2432486.7684244984 5770299.247519029 1173156.3048123938
2432101.4226554935 5771636.398458274 1167363.248482975
2432398.296599963 5773185.622642565 1159054.482416928
2431907.2156521864 5774836.714800476 1151837.320046228
2433242.269106915 5776315.750979456 1141555.6950136414
2436162.4518033485 5776765.107666112 1133021.7999998184
2441124.290177188 5776700.272850226 1122625.1188883374
2447526.8451166647 5775538.451677457 1114633.9917786575
2452144.2001619 5774927.9799757 1107626.5831525195
2458026.6186041525 5773370.054247826 1102698.670964963
2462574.5835182914 5772308.613202728 1098098.6725041205
2466034.216797098 5771206.260527447 1096127.0638182086
2466211.099749772 5771899.015812931 1092073.9731028934
2469923.75118777 5770828.936579145 1089335.140376621
2471819.092993811 5770801.8259876175 1085171.7176047433
2473769.6266674194 5770624.316107915 1081665.3070713677
2474457.591872396 5771394.662410255 1075966.670825582
2478371.8264768827 5770510.385336744 1071692.1117776479
2483868.808919348 5769141.762321307 1066320.8083488648
2488627.316178956 5767718.041490254 1062922.2337667784
2493568.7663677265 5765886.363439543 1061277.6504276558
2497070.814638898 5764592.492064541 1060071.5764097013
2501165.759557657 5762736.247474593 1060510.1533030325
2500866.5181459077 5763148.390548124 1058975.111576911
2501705.1263849116 5763428.107076748 1055466.2075013027
2502314.3254021164 5764005.266027214 1050860.2714433046
2504897.910332919 5763621.485416545 1046802.193183871
2507847.627195624 5763252.976294655 1041756.4062678377
2512325.5130829923 5761995.339609196 1037916.7705717877
2517584.602028599 5760330.996572684 1034405.9075394213
2520587.2640234465 5759529.41301099 1031553.0936912915
2525039.81966385 5758480.859004573 1026505.2876580323
2529002.390097646 5757132.6327033155 1024310.382815176
2533939.7490522834 5755273.487027174 1022554.3690654914
2538574.3185659745 5753542.58780628 1020798.2755749121
2542146.0743865664 5752121.097839894 1019920.1989695813
2546176.0392971043 5750649.587156961 1018163.9861244307
2549071.971565022 5749327.621203334 1018383.5170749902
2552806.8232794283 5748272.141006694 1014980.6480639483
2555365.492502756 5748082.583474508 1009601.314026074
2560093.2167401505 5747093.81333797 1003232.9850505845
2564289.353200126 5745988.069875723 998840.434659285
2569664.719596082 5744557.429995255 993239.2271499848
2574829.9752993034 5743191.386139549 987747.0832519202
2578290.8765619937 5742317.469295464 983792.2736336745
2581599.2415357516 5741638.466258811 979067.964382048
2585535.250920161 5740745.625274853 973903.5538167324
2588630.292723574 5740391.570891826 967749.3582678951
2591940.699462578 5739711.007080055 962913.2700682356
2594807.5593607854 5739114.883437257 958736.1913441416
2596826.7530164234 5739044.159771402 953679.1635618053
2599440.8265843657 5738953.201817203 947082.1170513488
2602800.9155793586 5738641.445382977 939714.1880338042
2604961.8219274 5738612.538838892 933884.9154910524
2606132.518801408 5739062.365135103 927834.8255674107
2606712.7305249944 5740073.958290113 919913.4165119033
2608009.9943427835 5740801.353191545 911660.4042088707
2609509.98090127 5741441.929740149 903295.7583197086
2610097.219055405 5742467.900992803 895039.615406239
2610146.7713076617 5743641.342398524 887332.4980652201
2609189.5794743327 5745261.722323427 879624.0562693792
2605782.671086774 5747882.237045883 872575.1888039683
2601265.254028393 5751258.496459888 863762.574485922
2597226.468004391 5754628.967368763 853405.6021715283
2594748.5091972863 5757176.270326479 843707.6308817884
2593189.9402228426 5759083.755211938 835440.742591005
2591661.43857374 5761059.948216312 826510.8957949402
2591689.923852515 5761929.611245847 820336.2076914721
2590380.4820237793 5763050.90913893 816586.907207801
2589279.8480118806 5763561.119870155 816476.6293046318
2584527.7784955064 5765631.150984108 816917.7394246948
2579679.200940439 5767755.28226066 817248.5694019623
2573674.5617425926 5770265.233959678 818461.5934760382
2565402.0965232216 5773916.576872943 818682.1400678686
2559164.1903516846 5776715.35276114 818461.5934760382
2551133.194153793 5780640.6549940705 815814.9566638189
2540436.3088432406 5785629.203366059 813829.8850919324
2538353.5267287823 5787470.130657762 807212.4008510876
2534453.667782029 5789838.390442988 802469.3255313663
2531711.463160319 5792102.8266782835 794747.0745388634
2529050.4688787474 5794004.30094956 789340.7923338221
2529172.0159563483 5794834.462246677 782830.4215227991
2528905.994031197 5795604.442734272 777974.6889917731
2530948.769957469 5795318.370474624 773449.6161290164
2532265.044023246 5795022.870760792 771352.4967077544
2533718.6961302496 5794490.250229375 770579.8523688064
2535165.4491274217 5793666.40090457 772014.7541207039
2534105.5996628786 5793997.605231174 773008.1243639414
2532753.0748174554 5794485.847773456 773780.732479075
2531245.1282193917 5794893.898142172 775657.0183658624
2530343.779356358 5795036.102151351 777533.2359681234
2526262.850253402 5796445.549476756 780292.2551074575
2523014.2406923356 5797830.598126309 780512.9702279164
2519918.3910751836 5799013.3106784765 781726.8863835437
2518470.7076855577 5799835.367590113 780292.2551074575
2515957.5916896523 5801252.062013321 777864.3260912535
2515943.666572047 5801774.744206056 774001.4755339678
2516418.516225565 5801760.048055532 772566.6288313185
2518779.497786665 5800823.602905354 771904.3784729389
2518294.7235988183 5801092.80393426 771462.8735308606
2520100.9662892334 5800264.316156128 771794.0025900386
2519535.707349706 5800348.201535591 773008.1243639414
2519785.612532738 5800092.440268491 774111.8467077698
2516502.799617843 5801399.633510768 774994.8076062737
2514557.323699935 5802184.160967233 775436.2823907554
2511449.0205998146 5803338.3659446 776871.0493278165
2508436.9391224124 5804714.772505454 776319.22061942
2504597.2866451754 5806402.033054563 776098.4874804637
2501279.4036448044 5807905.796223459 775546.6504964315
2497640.386252823 5809501.116960314 775325.914048868
2494539.202016459 5811230.24942106 772345.879652849
2490165.8842886314 5813354.59600328 770469.4736669023
2487265.4466796005 5814713.089730737 769586.4356053512
2484632.9518048274 5815575.192060239 771573.2501189659
2481678.5360705233 5816807.256663479 771794.0025900386
2480423.2100535366 5817240.11048572 772566.6288313185
2479125.419365932 5817573.215074939 774222.2176457637
2477117.2367967125 5817928.031391654 777974.6889917731
2475647.699240064 5818420.611368761 778967.944428105
2473360.184956472 5819245.551569182 780071.539036236
2472493.9520167843 5819746.699984918 779078.3049572652
2469719.307067208 5820836.052873357 779740.4631473125
2467472.644302157 5822039.749075501 777864.3260912535
2465659.3527753763 5822852.13817389 777533.2359681234
2463784.9207659843 5824086.608379877 774222.2176457637
2462049.6801350834 5825084.093625683 772235.5047106924
2461500.25042218 5825768.868735549 768813.7649933603
2462300.683315568 5825677.954361267 766937.2314686576
2462404.757943617 5825924.189628285 764729.4585411468
2461364.0391254844 5826581.055576743 763073.5676814499
2460750.475668568 5827114.515517336 760976.03086042
2459907.360327621 5827672.108992777 759430.423853084
2458698.1963136005 5828498.338014862 757001.5212681193
2457961.279074601 5829023.991753413 755345.3873117006
2458175.5282512335 5829247.903604434 752916.2972270428
2457432.975147159 5829760.424948881 751370.4548085554
2456420.453569483 5830485.506816073 749051.6070960732
2454812.462974539 5831219.424243688 748609.9103992665
2455005.369699713 5831393.047994798 746622.2301428723
2454216.39307596 5831795.806287804 746070.0836524739
2451985.9934984706 5833044.178461054 743640.5716533508
2449617.722831403 5834250.056445393 741984.0233166922
2448388.978009846 5835032.273154179 739885.6557665467
2447000.8079554187 5836005.814002288 736793.1764050347
2445564.2234521713 5837150.128209587 732485.5013674905
2444984.1356225163 5837766.598060547 729503.0658762155
2443690.079743543 5838680.313493596 726520.4683870432
2441046.0482248142 5840375.257831312 721770.0729164794
2438710.2773947963 5841949.587315866 716908.7823349452
2437930.6064580586 5842950.286909022 711384.0754506851
2439228.797620206 5842904.845082329 707295.4433429681
2437300.1650961023 5844309.383690775 702322.3853234809
2436791.7303446713 5844813.0606994275 699890.9546502295
2435796.1497239214 5845584.577257262 696906.7851026905
2434860.290477655 5846499.823467743 692485.5089073933
2432470.3463192815 5848237.315501748 686184.6077042742
2432393.1400407385 5848915.3472707765 680656.9420369787
2433579.80598748 5849177.2221877435 674133.6301728502
2435313.795449154 5849026.896340647 669157.741925422
2437094.8932832005 5848701.387882318 665508.4946988903
2438329.2287999517 5848500.856804578 662743.7664255718
2439190.265577512 5848554.24643478 659094.1319884533
2439233.8992343876 5848946.211247671 655444.2789111189
2440705.9004601333 5848740.036738653 651794.2084043281
2440042.0695116036 5849447.144213002 647922.6852579586
2439121.005457126 5850112.514215223 645378.4097413464
2439424.7209302615 5850266.014507094 642834.0302267707
2437590.9996366845 5851042.449524754 642723.402677698
2434873.139719979 5852573.795002158 639072.5839247153
2432660.1597353052 5853879.429760268 635532.1935718104
2430479.57227032 5855263.847735262 631106.4269844933
2425931.3642769377 5857873.071769628 624356.5414518442
2423771.280541608 5859599.174279601 616499.2266041468
2423692.855658175 5860567.913445909 607534.0923106936
2424572.4706739895 5860956.863767324 600228.2695013077
2424048.320665666 5862006.8387880605 592035.9457667869
2424972.7816561414 5862214.193008602 586167.8629158913
2425750.2935308767 5862355.679345388 581517.3275851173
2426692.65073611 5862316.095576381 577973.8527039543
2424052.774516365 5863756.397951553 574430.1975364307
2422798.6823844113 5864491.211512652 572215.3219962122
2421918.734094401 5864681.517995113 573987.2280191572
2419795.7785843816 5865633.58596159 573212.024633637
2415992.1702030534 5867157.981134307 573654.9990451959
2413299.0016251006 5868179.584642804 574540.9394783798
2410362.291559336 5869190.988996456 576534.2644731796
2404628.4987534094 5871553.346604106 576423.525686665
2400236.4880484976 5873393.5834254 575980.5687850574
2396887.3153278125 5874565.381644092 577973.8527039543
2392951.9103600904 5875765.101661474 582070.9791779016
2387469.7314622668 5877863.050661344 583399.7249070422
2381453.3185728537 5880116.154377974 585282.0708697027
2376085.083362044 5882199.241194487 586167.8629158913
2371075.930833232 5883988.095188361 588493.0126220438
2363839.535427906 5886766.012902928 589821.6341225081
2357455.7488002894 5888991.822507223 593143.07455412
2349420.173809388 5891855.738737114 596575.0588216011
2341975.916047151 5894706.599999553 597682.1133151151
2333506.468710601 5897974.670729307 598567.7438029094
2325467.5951348892 5901428.953488023 595800.1098613691
2317308.784441159 5904882.688918856 593364.4981444853
2313002.4940545578 5907245.405857187 586610.7546546984
2308812.7122411877 5909300.41626671 582403.1680061346
2303378.362072729 5911823.003166834 578306.0611498316
2298644.742916361 5914010.610673377 574762.4228371986
2298588.7064562505 5914172.128174236 573322.7684985267
2295022.5061821453 5915696.276315607 571883.0846450013
2290069.381237401 5917626.181335768 571772.3385128083
2286283.3889981015 5919196.809877083 570664.8676169943
2285410.881355316 5919704.2997685205 568892.8780401585
2284192.4433719562 5920238.373629633 568228.3705039741
2281117.2394040735 5921498.299842683 567453.103836573
2278069.962125962 5922522.529986458 569003.6286898545
2271442.3163635214 5924726.162238624 572547.5577786624
2266220.478474055 5926263.541537334 577309.4310594662
2260027.619047181 5928671.118020588 576866.4797788543
2256227.1991029033 5930204.567332421 575980.5687850574
2250701.1862834184 5932497.267772932 573987.2280191572
2247029.9189318838 5934059.922910936 572215.3219962122
2242795.5352846105 5936012.80343536 568560.625051437
2238745.669205718 5938142.516926638 562247.5231433333
2231886.406826982 5940355.8496719645 566124.0555646997
2226649.5366103374 5942162.285211635 567785.3620175562
2220643.6001312477 5944441.098719237 567453.103836573
2213995.299418183 5946899.305682305 567674.6094634741
2208271.869704201 5948984.679830815 568117.6186419236
2202473.5703207296 5951186.641382127 567563.8567364684
2196984.7747743926 5953267.8804729385 567010.0905087672
2190340.371852253 5955736.793867924 566788.5828084025
2186430.748410255 5957299.481414224 565459.5221127521
2183680.830207822 5958486.418418629 563576.6436817741
2180567.433184958 5959647.44528762 563355.1253072122
2177332.5110544446 5960798.658606276 563687.4026115591
2174583.479252329 5961665.780602817 565127.2530609638
2172646.1766530317 5962172.247247798 567231.5975182473
2169012.7570912465 5963199.255329851 570332.6229569431
2164642.8531846753 5964468.313288869 573654.9990451959
2160078.166065226 5965523.441760907 579856.3462525839
2153924.4704451566 5967391.886525196 583510.4525634686
2145365.17619461 5970094.402349064 587385.8083166758
2137930.904293063 5972651.707789739 588493.0126220438
2131932.715067817 5974620.633634826 590264.502209436
2125334.355535931 5976883.492510507 591150.2297505005
2119126.7941056127 5978922.797838445 592810.9378135436
2103523.116632551 5984276.616590434 594360.89535015
2095040.376862976 5987185.639997444 595025.1520080735
2088041.1254564337 5989641.22998124 594914.4430180271
2080003.3563347433 5992481.16794642 594471.6052459658
2072825.8810684602 5995099.261887265 593143.07455412
2065563.873807791 5997812.866003183 591039.5144377748
2058918.2184836986 6000618.554039428 585724.9683201732
2054611.4361924734 6002396.304064874 582624.6263379619
2050921.5965152397 6003926.067387738 579856.3462525839
2050796.8575963208 6004246.042505295 576977.2178626768
2049263.863468061 6004896.967964625 575648.3492664697
2048261.1246296898 6005387.488365246 574097.9706608297
2045285.7326831727 6006612.77336733 571883.0846450013
2045667.6710844834 6006703.685976339 569557.3793377343
2044133.4314228264 6007351.832005009 568228.3705039741
2043421.8196223378 6007667.204667513 567453.103836573
2042100.050493468 6008252.43540265 566013.3004203065
2043088.2653301957 6008062.348939065 564462.7103103127
2042627.2501360674 6008426.802393515 562247.5231433333
2043983.2827081264 6008285.980508942 558813.8477430695
2045653.3300026394 6008035.993510861 555380.0087571304
2047538.7112256393 6007730.549370205 551724.4531434407
2048788.1280260116 6007618.993889551 548290.2796121507
2049327.8240961272 6007485.442611367 547736.3655974801
2048862.0797962768 6007835.84113383 545631.454335829
2048223.0238358998 6008364.657822264 542196.9967280045
2048521.0491241303 6008552.137395525 538983.9733192855
2048850.825942761 6008489.364152285 538429.9897874759
2049207.8336076522 6008506.419540044 536878.8140978601
2048635.9517038036 6008889.160117837 534773.5958375427
2049112.571376775 6008913.639918998 532668.3187698373
2049645.9416627595 6008761.186973201 532335.9012407301
2051203.944347343 6008180.398554725 532889.9296446646
2052489.2857415257 6007829.800648557 531892.6755985215
2055332.1971462157 6006897.039592962 531449.4473639326
2057845.1730925103 6006026.8014087165 531560.2546654973
2059663.1781174534 6005521.1389020365 530230.5563694881
2060896.9934693896 6005361.270397296 527238.6502533825
2062171.906899981 6005320.790289285 522695.1617451352
2064086.4375104625 6005095.045350303 517708.09805779107
2065009.8333155778 6005053.810571626 514494.04316198465
2065021.3186256469 6005428.052112389 510060.6478872841
2064035.0659527986 6006309.621799432 503631.7837436429
2063995.6565121256 6006877.1522360835 496980.69162011566
2065175.872651126 6006900.331988689 491770.2884211853
2065549.11470831 6007303.93552559 485229.1015041131
2065669.6680859434 6007654.544850123 480350.5928916645
2067345.61001216 6007413.468685353 476137.1073769255
2068910.4465265716 6007189.815782073 472145.19103488856
2068130.5225032878 6007649.606639594 469705.5947435867
2064327.4957817702 6009207.966911049 466489.6575189432
2060391.632787133 6010721.763731352 464382.5993155211
2054882.9833553685 6012778.128135046 462164.5881472896
2047059.776972795 6015607.569885124 460057.42537305405
2042806.07565409 6017222.574277416 457839.3046441166
2038322.894327323 6018852.22479243 456397.4962379783
2036152.4044225668 6019704.364537626 454844.7532190023
2031659.4428467934 6021305.911705465 453735.63443074893
2026967.5400040871 6023359.929994099 447413.3944254175
2024102.9960006005 6024585.705632755 443863.8722253467
2020884.8716577839 6025804.5658805305 441978.1321717832
2016096.5328003454 6027924.720532112 434878.5278997849
2010735.6319805137 6030434.706723716 424782.8459648295
2006238.6720567099 6032382.001643788 418347.67477328365
2001742.3818132272 6034333.4061996555 411690.15008325997
1994663.3274211583 6037312.96220828 402257.8856815871
1989739.8629306646 6039391.778276861 395377.32148735324
1983145.9352822395 6042077.868576655 387386.408421507
1977488.670977669 6044417.779773598 379727.875868734
1970985.6018639146 6047031.23258805 371846.7820887799
1964927.8668112212 6049581.659677425 362299.904945109
1959920.7157759613 6051776.266601131 352641.1871513613
1953931.8122830405 6054185.56319434 344425.08526172437
1948664.1305481365 6056301.656421978 336985.68624716526
1942670.6659921412 6058702.404691295 328324.31357055245
1935597.561645682 6061376.0050882595 320661.8223168667
1928403.9279456295 6064040.161011239 313554.1680900882
1921432.1735424139 6066672.0417313585 305335.45577143785
1913391.268647126 6069609.933080957 297338.3818310852
1905668.436004065 6072451.875792193 288785.4362769915
1897741.9641994964 6075390.510510865 279010.00360340177
1888627.0346098205 6078626.706240002 270233.769774887
1880580.6677507856 6081561.720479253 260123.80145508717
1873694.4837300053 6084115.296263216 249902.06764991506
1867255.516995357 6086614.443978525 236901.7615012448
1852707.66602144 6091480.473509249 225789.60365994877
1837844.993978354 6096079.321288377 223122.58215820932
1828646.4896770725 6098676.529893552 227678.71994823695
1817500.95162206 6101742.11814681 234679.3865813387
1806263.0290977417 6104883.988753835 239679.6895269182
1790120.1891852405 6109461.027337828 244124.27923419583
1776203.3999815197 6113732.203493016 238790.75749810576
1770780.4596620265 6115778.397012476 226345.2281685111
1770882.4022547728 6116130.478097995 215788.07257390796
1775975.1469413196 6114938.297632703 207564.19149656655
1784348.1885184231 6112686.445868577 202007.31824762913
1792152.6252386298 6110468.660046045 200006.8059976207
1793419.532553777 6110049.478039461 201451.6223918549
1792915.1169415847 6109909.371969466 210009.1659000362
