-1538362.0853209607 -6151277.984687753 -620372.6698870012
-1542601.2226595662 -6150893.506072749 -613621.662591279
-1550684.800004582 -6149454.079173412 -607644.780420465
-1558839.5575613757 -6147838.879161321 -603106.4165255842
-1567972.8525790644 -6146024.203655485 -597903.5220301243
-1577404.2280905526 -6144029.024636729 -593585.9210118538
-1587513.1308715637 -6141553.082362416 -592257.3729680885
-1599491.9283063714 -6138348.028269314 -593253.7864396604
-1608097.157996959 -6135809.554428838 -596242.938928333
-1616347.5618672974 -6133230.939175234 -600449.6698219654
-1622947.5932050906 -6130910.405341473 -606316.5108963038
-1629093.2473348435 -6128608.609409372 -613068.2703919187
-1632194.1629811923 -6127350.117574604 -617384.6054029977
-1634218.6265239778 -6126351.567487159 -621921.9824622059
-1636140.39475036 -6125827.372338755 -622032.6462263827
-1637842.5692538945 -6125338.764323248 -622364.6363818863
-1639631.473519971 -6125174.222667245 -619265.9953650169
-1641431.1525815628 -6125049.232353683 -615724.5102952513
-1643493.936823672 -6125049.8908375455 -610190.5557895916
-1647334.4699770336 -6124413.820696229 -606205.820567972
-1651483.422031301 -6124069.330716808 -598346.3372742913
-1658200.410304546 -6123038.479112905 -590264.502209436
-1665830.5624309091 -6121561.784232116 -584064.0881787145
-1675687.6680682346 -6119407.311831316 -578416.7969461781
-1687185.0388954617 -6116529.372388662 -575426.8687105923
-1699730.742643929 -6113283.753248331 -572990.5363800605
-1711584.3861401952 -6110027.494585918 -572436.8126922088
-1724137.104722105 -6106393.307908444 -573544.2557043397
-1734550.8841051008 -6102931.05167633 -578970.4732842986
-1745090.7106518832 -6099110.36458267 -587496.5295529449
-1752962.4349856325 -6096035.9250281975 -595910.817400431
-1760065.699775926 -6093499.649138492 -600892.4682681214
-1767476.8174876429 -6091233.870756429 -602110.1488875685
-1773503.3739905688 -6089361.406532357 -603327.8073140137
-1781735.216798006 -6086749.045420147 -605430.9831010341
-1786664.971242348 -6085072.108959117 -607755.4683451374
-1792736.7286788353 -6082964.522174241 -610965.3374909315
-1800627.9869665108 -6080376.972229596 -613510.9845251117
-1808342.9101148974 -6077975.150697685 -614617.7567713452
-1814479.3076948903 -6076090.051631269 -615171.1358756962
-1821910.5479243496 -6073899.556745801 -614839.1089749915
-1830118.0264440014 -6071599.507999193 -613178.9492054281
-1838584.4807857974 -6069007.528326245 -613510.9845251117
-1846156.4893714963 -6066517.88958648 -615392.4862059298
-1856460.7764015694 -6063124.922435253 -617827.2902899154
-1866169.1246145715 -6059679.534242429 -622364.6363818863
-1878385.2741772798 -6055733.077699133 -624024.5615474811
-1891514.2039811844 -6051370.650649934 -626680.3528035703
-1905876.011753536 -6046506.28676829 -630110.5870353053
-1919347.7164827036 -6041768.652155051 -634647.0649653767
-1932490.3075312185 -6036735.130249712 -642612.7749328404
-1945114.9529376847 -6031908.873696481 -649803.1696443709
-1957345.8595235026 -6026954.362583837 -658983.5335862848
-1967483.5964809798 -6022727.120745028 -667388.4375838209
-1977234.9812548081 -6018396.266328796 -677561.2225783721
-1985307.8455568943 -6014987.228569659 -684194.7080430625
-1993238.8057640956 -6011858.8822700195 -688616.6152999796
-2000721.5372240052 -6008787.9565689815 -693701.39359783
-2007332.180887848 -6006250.203306897 -696575.2011433513
-2015561.3931468017 -6003326.781617594 -698012.0511632013
-2023301.588498776 -6000683.9494206775 -698343.6268366673
-2031022.6647173914 -5997984.906774307 -699117.2959610494
-2040410.2947513585 -5994694.717999898 -700001.4764675858
-2050822.3711741231 -5990985.564058662 -701327.7216340866
-2062284.5470085659 -5986932.997306987 -702322.3853234809
-2072730.4573027932 -5982986.577818376 -705195.7607746216
-2081979.836548904 -5979303.733721828 -709174.0407713808
-2093219.8612613475 -5974957.404902112 -712710.0546691057
-2102707.9981527026 -5970962.995151626 -718234.6309073224
-2111233.94687115 -5967567.2193811685 -721438.634775114
-2118515.5645392747 -5964301.964752519 -727072.8134472435
-2125793.765077205 -5961360.774558717 -729944.9184093031
-2131645.0228432044 -5959352.150979086 -729282.1382762208
-2140011.0681651593 -5956501.661348366 -728067.0205995976
-2147053.0021039983 -5953885.89597744 -728729.8153891625
-2165050.2077702363 -5947134.688264702 -730607.6905376436
-2173416.16681507 -5943960.1212277515 -731601.8337053647
-2182269.37942513 -5940511.176335938 -733258.6988582276
-2190219.860135435 -5937488.96045107 -734031.8854041592
-2198327.5579327825 -5934573.8373446325 -733369.1547494343
-2206733.0114261787 -5931508.066710259 -732927.3298445619
-2213064.6318963068 -5929203.228540584 -732485.5013674905
-2220549.6015210804 -5926513.243392232 -731601.8337053647
-2228381.8141718926 -5923804.384423104 -729723.9925873325
-2237145.0868753344 -5920745.200339791 -727735.6202103052
-2243829.181115736 -5918432.385177685 -725968.1177940731
-2252570.7834224356 -5915002.300582808 -726851.876087365
-2267349.2515533604 -5909421.06859256 -726299.528813552
-2274388.4125268324 -5906796.908785119 -725636.7047843114
-2282846.0944995107 -5903858.646905463 -722985.3291650683
-2291867.427521611 -5900538.244110411 -721549.114375377
-2300533.9039428183 -5897218.7657085555 -721107.1946558835
-2310779.793290325 -5893387.098906213 -719670.9313060563
-2318641.013787312 -5890433.568607061 -718566.088129986
-2327872.367646507 -5886737.52562298 -719008.0280289518
-2335324.380191722 -5883650.10045894 -720112.8624400889
-2340878.101021787 -5881171.734620977 -722322.4654210318
-2346321.9993558903 -5879015.557102398 -722211.9873600509
-2352486.5700881365 -5876578.672094818 -721991.0305781272
-2358583.610649323 -5874269.9452747535 -720886.2334780315
-2366202.124630581 -5871597.803691519 -717682.1978275963
-2374422.272718735 -5868642.539842116 -714698.9648605083
-2383410.419674192 -5865226.562777379 -712820.5515269344
-2391709.2023018003 -5861874.270413985 -712599.5575941732
-2400566.3224355527 -5858427.213091811 -711163.0758789112
-2410514.0772170853 -5854435.031801461 -710389.5705555408
-2418945.007490646 -5850822.294396535 -711494.5749115391
-2424187.406931201 -5848463.744588254 -713041.5445911451
-2428907.6233853553 -5846289.096178314 -714809.4578047111
-2433620.9053692035 -5844098.637070644 -716687.804513951
-2438438.8040758185 -5841872.87998109 -718455.6026079409
-2440565.29196139 -5840944.035015346 -718787.058517379
-2442317.059943493 -5840551.067343492 -716024.8658124715
-2445086.469724843 -5840013.229517268 -710942.0754406067
-2450847.7291527474 -5838321.422176043 -704974.7370417815
-2456830.8152020145 -5836298.712407683 -700885.643327233
-2464828.7287712963 -5833362.580638692 -697238.3671514201
-2473681.3807140896 -5829891.202979816 -694917.2527193297
-2482360.7327386877 -5826293.0716086775 -694143.5271482125
-2489065.730195999 -5823418.591422677 -694254.0600072718
-2494079.790162588 -5821088.152222355 -695801.4978131847
-2501542.286950219 -5818017.22162564 -694696.1893283536
-2508928.9073103336 -5814769.623974368 -695248.8462180805
-2514750.9391150516 -5812359.807056617 -694364.5926548493
-2519701.5217280355 -5810162.550365907 -694806.7211296667
-2525470.76918524 -5807630.7366536055 -695027.7840973089
-2530614.997956156 -5805324.847642408 -695580.4378107672
-2533949.0592804905 -5804121.656464497 -693480.3255546227
-2537465.5007214756 -5802783.104169802 -691822.2883152835
-2541655.975466224 -5801054.266843623 -690937.9823922245
-2545850.3210345805 -5799608.910906292 -687621.7153526107
-2549778.224752184 -5798105.668814164 -685742.413625312
-2553468.9880218976 -5796611.891739744 -684636.9138103845
-2557698.2129792827 -5794968.768275233 -682757.5162802819
-2562455.747166427 -5793152.77520271 -680325.2655714689
-2566884.417882491 -5791412.330005439 -678445.7303963479
-2571253.746524369 -5789809.923658012 -675571.0317173104
-2574693.242080882 -5788564.613810828 -673138.4856923077
-2579902.079815648 -5786399.176683669 -671811.6005528984
-2585012.8090753085 -5784284.59981916 -670374.1083987999
-2589684.5770297153 -5782271.392084834 -669710.6388372087
-2594950.4759132536 -5779961.32695588 -669268.3217155883
-2600257.3862669705 -5777742.170583328 -667830.7685537663
-2606776.1198248975 -5775250.300290771 -663960.2624419732
-2612971.0136127877 -5772577.204518171 -662854.3579826076
-2620505.9141987 -5769109.741717519 -663296.7221912441
-2627322.1685055834 -5765932.361099729 -663960.2624419732
-2632606.484436728 -5763394.062412121 -665066.1466759525
-2637913.305364077 -5761171.048642239 -663296.7221912441
-2645298.693949114 -5757643.443058547 -664513.2070892416
-2653076.1133048 -5753910.400216005 -665840.2535875938
-2658532.3637628867 -5750954.914677835 -669600.0598627278
-2664214.713137607 -5747963.186467149 -672696.1939237589
-2666984.962597866 -5746315.093679628 -675792.1673314502
-2670415.0326826572 -5744513.499233906 -677561.2225783721
-2672164.6714658537 -5743556.231654022 -678777.4174190197
-2679365.0891453433 -5740161.543533517 -679109.1025807846
-2684388.3685045927 -5737853.370785908 -678777.4174190197
-2693843.6353596463 -5733538.048466619 -677782.3507719215
-2698021.257802 -5731769.256166445 -676123.8692086398
-2704562.2826894075 -5728790.073886488 -675239.3267527549
-2709420.2697903537 -5726389.727842098 -676123.8692086398
-2715938.8160853777 -5723104.789558098 -677782.3507719215
-2722632.4667116795 -5719674.162072878 -679883.0273829349
-2731239.5966872866 -5715120.729692319 -683641.946144766
-2738359.6640545228 -5711048.326240637 -689169.330152772
-2744999.9067332097 -5707256.895896041 -694143.5271482125
-2750883.4142416976 -5703680.378885851 -700222.5194625667
-2756850.975699754 -5700280.966639083 -704422.1739521885
-2760896.9034928447 -5697733.011310693 -709174.0407713808
-2764226.858841276 -5695483.10714737 -714256.9909069363
-2769158.824612134 -5692739.566254997 -717019.2709178848
-2774043.498946238 -5689900.283179017 -720665.2714218012
-2776916.8739391807 -5687979.155199689 -724752.9270349186
-2779407.609269423 -5686282.541914112 -728508.8846802171
-2783071.897614173 -5684220.633933688 -730607.6905376436
-2786711.836252305 -5682109.801460475 -733148.2427436574
-2790763.264580096 -5679835.473781884 -735357.3225576609
-2794896.81356976 -5677228.675644547 -739775.2131133316
-2799841.9216482174 -5674271.817093618 -743751.006398177
-2804136.853121449 -5671496.748570873 -748720.3349156115
-2807199.2054016953 -5669220.455129971 -754462.0946926521
-2810543.670353412 -5667017.859790914 -758547.1994854285
-2814640.67772922 -5664346.439010941 -763294.3561536784
-2817945.6913956753 -5662315.339703996 -766164.5215600802
-2821146.793176657 -5660571.613366145 -767268.389354384
-2823861.7511625174 -5658842.881412271 -770027.9565126383
-2829141.9685467114 -5655828.532730754 -772787.3770684389
-2834542.9070420368 -5652563.920987889 -776871.0493278165
-2839328.2467834535 -5649796.90560996 -779519.7447003616
-2844972.837166807 -5646529.251458535 -782609.7164015825
-2852127.43186385 -5642581.533416296 -785037.4202285599
-2859760.7961419057 -5638115.846841711 -789340.7923338221
-2866168.253851271 -5634163.548295715 -794305.7671142733
-2870980.304791723 -5630728.377344524 -801255.9079751841
-2875406.815098238 -5627269.451088775 -809638.9149056829
-2878619.8311213744 -5624590.157287755 -816807.4622678664
-2880577.4553019837 -5622606.7281471165 -823533.9122347764
-2881256.2376550324 -5621513.682863649 -828605.7001679102
-2883105.9992029695 -5620288.595543816 -830479.921587496
-2891035.3415194936 -5616181.307367695 -830700.4134216903
-2896436.6244030776 -5613185.33245012 -832133.5856599811
-2902070.584284791 -5610160.0801544245 -832905.2760492258
-2908329.880739864 -5606425.524428951 -836212.3796184871
-2914768.6592382193 -5602321.649948995 -841282.8261859443
-2920318.3237278825 -5598899.743190763 -844809.7737346458
-2927153.2031752323 -5594845.951093259 -848005.8423597895
-2934992.862973341 -5590100.5529283965 -852193.4653851724
-2939717.6461566864 -5586774.279900112 -857702.9242818202
-2944736.7853523074 -5583536.700316283 -861559.1571181351
-2950571.3314004056 -5579722.252060513 -866296.3743308643
-2954478.96946535 -5576744.2348876735 -872134.5983471024
-2958013.658413455 -5574005.856717744 -877641.6728459006
-2959804.400370584 -5572446.797622078 -881496.2275689988
-2965180.076430082 -5569186.724095698 -884029.0416600105
-2969602.080558728 -5566479.896379961 -886231.3729151207
-2975669.8581299465 -5563115.7688490795 -887002.1633567819
-2981034.2881164053 -5559838.455283351 -889534.6672427972
-2987804.9989401065 -5555690.747771679 -892727.6199562064
-2994070.207377287 -5551535.796804474 -897571.6629296237
-2999508.989004241 -5547938.693281299 -901644.6531061719
-3005855.7805987876 -5543478.689549435 -907918.5231903383
-3011198.2449424476 -5539710.2728461 -913201.0855112408
-3015788.600286334 -5536174.57972607 -919473.2955218789
-3017393.613018337 -5534291.378575994 -925524.5653874198
-3019815.2453331575 -5532528.074082424 -928164.852568372
-3023552.4850730263 -5530190.860243975 -929924.9535756784
-3027657.9815268605 -5527610.808855558 -931904.9805210322
-3032865.301624398 -5524067.3724585315 -935974.7468504901
-3036501.840466141 -5521321.780998534 -940374.0551062201
-3041242.4879116584 -5517847.60146474 -945432.6928611656
-3045632.4488135125 -5514651.045122547 -949940.9651462601
-3049769.3360764305 -5511680.742259271 -953899.0471408474
-3052595.5079119257 -5509295.5406194115 -958626.2625168392
-3055714.7172459965 -5506760.522165484 -963243.0214260254
-3058372.149466329 -5504301.3719349615 -968848.3897306172
-3060545.224996064 -5502103.715420175 -974452.9904070805
-3062542.9089133893 -5500270.2933206335 -978518.5902571641
-3064751.0235091 -5498138.521502869 -983572.5505859542
-3067724.532507287 -5496027.235793339 -986099.293210769
-3069540.2652611122 -5494322.0122971255 -989944.0313108638
-3072521.2327458984 -5492001.04238612 -993568.7317721832
-3077407.0652970327 -5488587.580284645 -997302.9269008753
-3082288.1076000584 -5485167.85569688 -1001036.7708415816
-3086138.707937259 -5482158.298410176 -1005648.6794819504
-3091740.9373491253 -5478010.609194537 -1011028.5564076114
-3097474.145598682 -5473652.439896081 -1017066.3127679551
-3102634.6360824225 -5469623.740211995 -1022993.3799839708
-3105888.1855954668 -5466685.464481493 -1028809.8031245917
-3109142.028607082 -5464194.026543939 -1032211.4542236864
-3111719.831644785 -5462290.554982454 -1034515.6268989012
-3114605.524211082 -5460041.907903413 -1037697.351105928
-3116531.0095896795 -5458546.446258888 -1039781.7849435552
-3119434.920441579 -5456552.70624876 -1041537.0089723029
-3123194.094232208 -5454066.477023142 -1043292.1517798501
-3126679.056381033 -5451543.920163474 -1046034.3994902257
-3130175.672183191 -5449263.088062819 -1047460.2896284794
-3132337.7476793188 -5447302.297489665 -1051189.2856317887
-3135784.8806024776 -5444937.210345922 -1053163.3102113248
-3137988.7529934756 -5443051.172940246 -1056343.4644282465
-3140359.6385944434 -5441236.131234281 -1058646.1658352
-3141154.4215601855 -5440200.4911813475 -1061606.5729181932
-3144108.809774037 -5438300.858023556 -1062593.3229234705
-3145895.4181905207 -5437010.278310369 -1063908.9488087264
-3148959.447907217 -5435300.624590656 -1063580.0467103082
-3150659.210358022 -5434079.342436026 -1064786.0068089766
-3155019.4471947616 -5431763.760530656 -1063689.6810671438
-3158678.6509139924 -5429550.747691798 -1064128.2152539678
-3162592.3895825837 -5427121.489185155 -1064895.637599773
-3164299.159045266 -5425695.774457382 -1067088.185250274
-3168909.2177202506 -5423155.474770187 -1066320.8083488648
-3172960.4982562484 -5420311.1992882155 -1068732.510676177
-3175221.575373639 -5418532.473722716 -1071034.443187582
-3176687.2026196024 -5417348.0646565 -1072678.5926247074
-3179012.9815795124 -5416113.787909051 -1072020.9416659744
-3182736.4554336644 -5413796.29208361 -1072678.5926247074
-3185862.986798686 -5411761.394979182 -1073665.0470044836
-3188996.796664882 -5409523.416162057 -1075637.8762648276
-3191937.32650225 -5406958.840607236 -1079802.3891717098
-3194396.924087877 -5405089.757819734 -1081884.4676258753
-3196477.8820000864 -5403442.1376365 -1083966.4271085735
-3197551.6735653887 -5402674.834761085 -1084623.8632440653
-3200687.164286886 -5400443.47133233 -1086486.5343450813
-3202404.7564175976 -5398829.042189634 -1089444.697671108
-3204582.1322066933 -5396916.853423966 -1092512.1670580902
-3204442.390839694 -5396466.962232629 -1095141.2188943138
-3205792.90132658 -5395308.780407232 -1096893.8133952282
-3207405.59482012 -5393948.945535911 -1098865.3799572645
-3208948.621067925 -5392472.485328299 -1101603.4868878634
-3209108.5093291565 -5391884.569227325 -1104012.8475155851
-3209807.4536350323 -5391131.887247459 -1105655.5000960457
-3209480.9687074674 -5391011.627960693 -1107188.574135942
-3211025.980289029 -5389753.870975914 -1108831.0801059927
-3213208.7470931546 -5388069.480729697 -1110692.4949927628
-3214578.5388571783 -5386732.562611812 -1113210.7241741973
-3215551.355139004 -5385585.497841508 -1115947.7263308258
-3215163.4822349614 -5385362.9441423025 -1118137.1751094398
-3216285.175339236 -5384465.687546411 -1119231.8484248111
-3216312.7147818687 -5384084.886328344 -1120983.25480053
-3216094.669408915 -5384146.756671452 -1121311.633768171
-3215966.9197310037 -5384359.797353436 -1120654.8727596495
-3218097.96806619 -5383018.020626076 -1120983.25480053
-3219054.4470731295 -5382058.2266373215 -1122844.0282889914
-3219238.8510184884 -5381513.6454146365 -1124923.5993209612
-3218181.6624774043 -5381665.031465388 -1127221.9286355327
-3218345.08599059 -5381085.41434159 -1129520.106523303
-3218911.3575818464 -5380539.855048487 -1130504.993472125
-3219434.2548292167 -5380135.003964779 -1130942.7120527197
-3220144.872934303 -5379617.675166834 -1131380.4251212368
-3222527.244278454 -5377845.364140575 -1133021.7999998184
-3224543.296362341 -5376313.74433065 -1134553.6798257006
-3225760.6348232604 -5374727.440156943 -1138601.8930463016
-3224921.35441826 -5374604.529916505 -1141555.6950136414
-3225226.197081228 -5374049.536572241 -1143305.97659972
-3224644.21569512 -5374142.654765732 -1144509.2434801655
-3225593.638566687 -5373386.403185814 -1145384.3201720302
-3225343.14359942 -5373606.7008859245 -1145056.169028445
-3228167.687063432 -5371723.745341197 -1145931.2317661482
-3230219.7337170327 -5370466.682251439 -1146040.613037893
-3232752.298390336 -5368311.362203515 -1148993.7753045687
-3232712.1749530733 -5367608.761312985 -1152384.1283991404
-3232546.1419541165 -5366909.181383267 -1156102.1922483945
-3231442.5617572204 -5366984.213837001 -1158835.8030749513
-3230349.2422590433 -5367288.006321026 -1160475.8637037217
-3228839.846747711 -5368172.523461973 -1160585.1982522074
-3228485.66419 -5368220.027359651 -1161350.5301907754
-3230941.812944013 -5366576.447293663 -1162115.844794731
-3231367.6747467825 -5366012.054940858 -1163537.0973161806
-3234134.0977323074 -5364036.70947442 -1164958.2899383407
-3236221.8647304256 -5362206.785749312 -1167581.8725488894
-3237798.043533972 -5360587.753241333 -1170642.45997086
-3237823.1072251243 -5359783.698173984 -1174249.221889222
-3238659.0055093938 -5358631.280111646 -1177199.919232894
-3239036.95894649 -5357777.861916976 -1180041.0844250428
-3237637.4839488417 -5357997.263991508 -1182882.0066215124
-3237148.544884398 -5358244.436062408 -1183100.5290164785
-3238003.416954116 -5357969.035923102 -1182007.9026312525
-3240381.049188393 -5356410.847951101 -1182554.220326698
-3240620.958586126 -5355541.001561498 -1185831.937234789
-3241092.908898018 -5354843.807348679 -1187689.1658975757
-3241003.7491989345 -5354485.532861115 -1189546.2900028196
-3241629.522978747 -5353620.853290194 -1191731.007807118
-3240357.322553292 -5354050.378943503 -1193260.2238867236
-3239785.8480048124 -5354371.859776854 -1193369.450881618
-3239735.5166784907 -5354499.671795705 -1192932.5407212467
-3242021.2546024635 -5353213.368591422 -1192495.624746667
-3242786.5798336803 -5352579.400227556 -1193260.2238867236
-3244072.771422472 -5351751.255433791 -1193478.6775129915
-3244586.1047667637 -5351123.187413662 -1194898.5906252824
-3246560.676729727 -5349534.830610087 -1196646.0915415708
-3246541.3395325863 -5349081.976264079 -1198721.1276659535
-3247025.452938966 -5348616.741539637 -1199485.5814424846
-3246882.1943641594 -5348801.651218606 -1199048.7529046116
-3249235.3648991436 -5347837.358693291 -1196973.7375786852
-3251867.883961147 -5346701.190770227 -1194898.5906252824
-3253605.834066617 -5345985.356342661 -1193369.450881618
-3255982.9165945817 -5345268.574040577 -1190092.4830526626
-3260167.29960124 -5343737.457757151 -1185504.1801587683
-3263212.628821562 -5342435.399603553 -1182991.2679991755
-3264148.6240532584 -5342081.24968242 -1182007.9026312525
-3263664.4421255807 -5342546.235943386 -1181243.042736032
-3262799.7379439548 -5343436.467128259 -1179603.9978894303
-3260729.5135736843 -5344868.796948985 -1178839.0826192643
-3257720.5343624013 -5347280.892342686 -1176216.3824655563
-3257066.9704856253 -5348518.909605395 -1172391.241593484
-3258245.0020937626 -5348351.85055461 -1169877.3392967752
-3261010.6026948513 -5346378.892261643 -1171188.9640407865
-3261909.1312013105 -5345543.219314304 -1172500.5374107014
-3262857.8898533224 -5344580.259993714 -1174249.221889222
-3262130.139032116 -5344856.357826158 -1175014.2425620253
-3259816.2445621784 -5346099.720083647 -1175779.2456962678
-3257621.9604882468 -5347749.269431636 -1174358.511630122
-3255029.475103326 -5349375.621208821 -1174139.9317906254
-3253100.541473071 -5350620.815979628 -1173812.0593489879
-3250709.9966429905 -5351737.704538522 -1175342.103196374
-3248230.246063971 -5353339.108943765 -1174904.9549680052
-3245846.9106181148 -5354256.426626057 -1177309.199303397
-3243898.189247757 -5354835.999063285 -1180041.0844250428
-3241860.6438961476 -5355901.214734531 -1180805.9720218321
-3239608.662962148 -5357456.264567337 -1179931.813330248
-3234619.5755193373 -5360397.78542565 -1180259.6255362157
-3232554.267276406 -5360993.238452568 -1183209.7896733882
-3228838.124246209 -5362870.409508291 -1184848.6562572445
-3226011.7589917756 -5363894.530137256 -1187907.6565164516
-3222365.6313745514 -5365674.285103802 -1189764.7683100593
-3220059.13021344 -5366501.22153632 -1192277.164579714
-3217612.8587464965 -5367944.036278528 -1192386.3948448016
-3217524.5082149496 -5367584.194952684 -1194243.2537512176
-3217328.4794109142 -5367044.752204817 -1197192.1664470548
-3217686.1631727587 -5366367.0220470065 -1199267.1679041833
-3218525.7802956114 -5365643.735611546 -1200250.01731519
-3219887.2627676097 -5364729.084667863 -1200686.8297710354
-3220704.8141366458 -5363969.300275689 -1201888.0338438211
-3221874.865564819 -5362948.276354258 -1203307.5815395531
-3221683.8883815263 -5362842.415630278 -1204290.3090450005
-3221085.940936192 -5362907.2000158 -1205600.566158582
-3219346.8204607842 -5363828.64116615 -1206146.491017878
-3219026.494998042 -5364143.612859254 -1205600.566158582
-3217877.4736220413 -5364562.93561824 -1206801.5887240309
-3215597.6032494223 -5365856.158263028 -1207129.1326147837
-3213367.569072421 -5367019.976418423 -1207893.388821715
-3210265.0351059963 -5368851.758333469 -1208002.5668083325
-3206786.5039367145 -5370905.634168875 -1208111.7444269718
-3203114.9609137853 -5373488.566621512 -1206364.8583899369
-3201123.7091619107 -5374626.026199258 -1206583.2242920764
-3200283.754050195 -5374709.2397653805 -1208439.2750746843
-3198332.466944309 -5375059.523360634 -1212041.8933436612
-3197205.8608691758 -5374446.829794411 -1217717.9299561172
-3194551.5435140324 -5374039.999887484 -1226448.333783957
-3191515.8687996236 -5374270.6190139055 -1233321.8447769743
-3188498.567851321 -5374102.393271449 -1241829.8391664443
-3185644.8537582178 -5375062.937866043 -1244992.4817855912
-3186460.9704413107 -5374301.157314266 -1246192.021457669
-3190078.8253429728 -5371850.746845064 -1247500.557802889
-3194845.971716532 -5368560.49417966 -1249463.259699975
-3199114.6711765914 -5365713.053953807 -1250771.6591338331
-3204305.445577474 -5362284.05110587 -1252189.0299384373
-3207741.351922074 -5360382.159542725 -1251534.866803644
-3211434.214154151 -5358272.408608293 -1251098.7504218859
-3215151.967794897 -5356627.617372977 -1248590.9629585308
-3218322.651577699 -5355129.748505511 -1246846.296466879
-3221735.3017146955 -5353610.214250811 -1244556.274161482
-3223495.4466917943 -5352728.027506932 -1243792.8962246992
-3224309.2984802844 -5353022.381723174 -1240411.9995003007
-3224374.7869506 -5353765.32754388 -1237030.7396610011
-3226534.874883645 -5353545.723296515 -1232340.00573429
-3228242.108038222 -5353419.187839406 -1228412.3457381155
-3229689.0494388607 -5353071.732187607 -1226120.986684707
-3229750.9618249345 -5353808.084973379 -1222738.2033226036
-3229927.212807937 -5354100.2480376335 -1220992.1105093635
-3228998.0859780833 -5355306.896773104 -1218154.506671591
-3228425.795687426 -5356048.8291078685 -1216408.1642081505
-3224800.073386148 -5358702.995434884 -1214334.259339615
-3223587.183591786 -5360074.994552896 -1211496.0679059355
-3222344.722348177 -5361610.326099738 -1208002.5668083325
-3220074.0471088607 -5363342.983585685 -1206364.8583899369
-3217031.4784606006 -5365487.4841969805 -1204945.4442086439
-3213533.0603493494 -5368146.6722748745 -1202434.0210531072
-3210735.789775816 -5370064.617603046 -1201342.0374816342
-3207897.2149822237 -5372126.840092596 -1199703.993519249
-3205660.1003849576 -5373705.778099056 -1198611.9185227202
-3201961.277419136 -5376032.287425938 -1198065.8673304492
-3198712.1079849387 -5377405.992789078 -1200577.627205616
-3195086.370749384 -5378999.951259952 -1203089.1936165672
-3192690.852288585 -5379884.446180412 -1205491.380084849
-3189802.2881894726 -5380150.687727379 -1211932.728994401
-3189015.2336610933 -5378395.208933708 -1221756.0378391517
-3188137.313799071 -5376700.653652114 -1231467.2343911456
-3190225.298059051 -5374661.091853001 -1234958.1755450477
-3193965.305670855 -5372840.3039621385 -1233212.7530523315
-3199231.0115605583 -5370382.175618368 -1230267.1345970891
-3202713.9458924173 -5368980.065842248 -1227321.2429412287
-3205121.244093419 -5368116.563719773 -1224811.5646818778
-3206281.9031252973 -5368144.57644164 -1221646.906479706
-3206081.915699098 -5368661.0900553055 -1219900.7541408348
-3205402.1620811606 -5369438.672580407 -1218263.6499228647
-3205349.6559318104 -5369989.54741364 -1215971.563765406
-3205401.259242657 -5370501.954663428 -1213570.1554512177
-3205502.7576249163 -5370885.013519933 -1211605.2337316992
-3208731.5374081074 -5368414.145574786 -1214006.7884633667
-3210461.314436075 -5366415.267921968 -1218263.6499228647
-3209814.6775314915 -5365759.51204209 -1222847.3309588714
-3209958.940847444 -5365150.437031589 -1225138.9252216646
-3210075.055533734 -5364706.942124929 -1226775.6775208295
-3210378.1586934133 -5364151.022018533 -1228412.3457381155
-3209271.062196753 -5364213.20614831 -1231030.839715477
-3208229.7530914424 -5364385.076174831 -1232994.5684761049
-3210502.798101414 -5362447.541650498 -1235503.6003304555
-3210550.723941754 -5361890.558874476 -1237794.2816356209
-3209502.0931934025 -5361837.703064249 -1240739.1989398352
-3208305.7482973896 -5362174.859540585 -1242375.1450962124
-3208428.0274887513 -5361317.282453663 -1245755.8305255172
-3206647.298699004 -5361951.546560425 -1247609.600029048
-3204746.103849357 -5362808.908856323 -1248809.0394266115
-3203267.875807962 -5363310.946340649 -1250444.5644167191
-3201557.3317441936 -5363848.903061275 -1252516.106356861
-3201093.4617979475 -5363284.438750125 -1256113.720128552
-3202230.8331042323 -5361787.174186094 -1259601.917373138
-3203063.33244332 -5360417.889730312 -1263307.6964130048
-3203250.8364477395 -5359456.986516551 -1266904.0565393209
-3200962.2138200905 -5359663.009202009 -1271807.5064598594
-3197651.89221068 -5360706.7728486415 -1275729.7016908252
-3195111.592381563 -5361338.70804117 -1279433.5347677858
-3192713.3563613165 -5361569.390452201 -1284443.8856867466
-3190666.0415653363 -5361323.690762948 -1290542.3255615237
-3189831.3275914914 -5360559.755463453 -1295768.5787290537
-3188585.440423454 -5359956.054613795 -1301320.476181206
-3189757.025572651 -5358093.787825609 -1306109.5201684036
-3188634.445735106 -5356846.207287666 -1313944.4748311539
-3186736.4328537663 -5356209.615948952 -1321124.6941672254
-3184637.094633218 -5355871.553921243 -1327541.8913854845
-3184884.8952475656 -5354373.5341503555 -1332979.092414482
-3185506.3978527896 -5351803.664279976 -1341785.2019747326
-3185906.2535457155 -5349076.206686425 -1351675.2859616382
-3187196.9685024936 -5346572.655112825 -1358520.2713129865
-3189766.788602968 -5342823.7657940835 -1367209.9480297214
-3194376.6306412043 -5337837.2492050035 -1375896.9593007027
-3197620.0309572406 -5333112.333587866 -1386643.4202613146
-3202034.3495718893 -5328026.819412558 -1395975.370764906
-3208059.2813640414 -5322890.565826442 -1401724.8915139842
-3214382.3004754293 -5318044.096779466 -1405629.5426247157
-3221537.2255996866 -5313109.897652715 -1407906.9996062347
-3231958.45132653 -5306662.0221841335 -1408340.7795017583
-3243409.931241289 -5299613.034648028 -1408557.666875621
-3253965.3129726835 -5292763.237927958 -1409967.3929594788
-3262566.733424848 -5287291.947317928 -1410618.0112902708
-3272692.6502906657 -5281811.4675883865 -1407690.1070851032
-3281399.8926150217 -5277331.056276405 -1404219.5936557406
-3287783.1421650136 -5276090.120904112 -1393913.930697869
-3291605.447177881 -5276477.42463117 -1383387.3526480263
-3290213.0888190647 -5279784.2899524905 -1374051.1932728663
-3287673.8741840385 -5282690.986974115 -1368947.564061598
-3285876.556270125 -5284736.365991658 -1365363.6141774382
-3287008.4889549757 -5284088.523669484 -1365146.3905246104
-3287795.134963857 -5282474.779085889 -1369490.5471851504
-3289663.531452837 -5279928.875827046 -1374811.2292373043
-3293106.2887663473 -5276422.109874349 -1380022.3510206845
-3298098.183498005 -5272734.667198039 -1382193.3661160257
-3303286.2006829795 -5269770.61182682 -1381107.879603831
-3308229.4667239934 -5267436.506420125 -1378176.8559700984
-3314217.142474847 -5264721.327480646 -1374159.771095159
-3318999.612826713 -5262330.947105022 -1371770.9623683128
-3324040.1223235913 -5259940.631337079 -1368730.3678929084
-3326829.4734509042 -5259474.798025811 -1363734.3962479397
-3327100.2219663924 -5260512.488468063 -1359063.4538765012
-3324341.4879647405 -5263264.8509952985 -1355152.3086626893
-3320772.315069704 -5266160.027988056 -1352653.2412586156
-3316672.9846975533 -5268826.462771245 -1352327.2598668074
-3312913.8442285527 -5270605.0106003005 -1354609.0517022987
-3310256.220898457 -5271072.060345384 -1359280.7240041778
-3310467.8146320772 -5269366.759807618 -1365363.6141774382
-3312396.900152338 -5266517.834767406 -1371662.375345342
-3317298.293106419 -5261872.051447587 -1377634.0402109686
-3323050.3685058793 -5257358.471958506 -1380999.3286381636
-3328373.3474821835 -5253590.492580641 -1382519.003860905
-3332691.0310779563 -5251480.760157804 -1380130.9057712497
-3337058.5376064917 -5249447.879291619 -1377308.3457194103
-3340063.1951706023 -5248305.147279842 -1374376.9254839323
-3340961.795330291 -5248301.428039083 -1372205.3062812113
-3341242.725670318 -5248944.9677776275 -1369056.1615204513
-3341376.3394906004 -5248548.195501319 -1370250.7060360294
-3339836.8047991027 -5248960.62715477 -1372422.4757298068
-3339075.177565634 -5247965.866560127 -1378068.2936577736
-3338963.9741579453 -5246780.087533708 -1382844.6378155302
-3341113.4854405103 -5243891.721486392 -1388596.8784114583
-3344133.556599329 -5240554.90472457 -1393913.930697869
-3350099.6841618116 -5235585.917908117 -1398253.625913824
-3357493.5972621976 -5230034.536929447 -1401291.0072031887
-3365482.6538844216 -5224809.9405214 -1401616.4210766873
-3372933.816819168 -5220352.199726964 -1400314.7425359492
-3378574.9011835367 -5217488.45011101 -1397385.7413223006
-3383583.6152860946 -5216039.806348194 -1390658.71332925
-3386832.4957489064 -5215663.2706142925 -1384147.1357136325
-3389284.99988983 -5215851.880843335 -1377416.910969526
-3390561.7518988983 -5215824.007120793 -1374376.9254839323
-3389678.5465317294 -5217055.381562576 -1371879.5489734183
-3386894.553798762 -5219148.494903186 -1370793.6641223948
-3384174.175565736 -5221340.250677512 -1369164.7585622664
-3383301.804359132 -5221990.979049255 -1368838.9661857393
-3383653.6599031794 -5220936.454966894 -1371988.135160625
-3384693.250570712 -5218947.34483473 -1376982.647451883
-3385509.882215509 -5217413.562610955 -1380782.2254448324
-3388366.701923265 -5214637.889730051 -1384255.6744652991
-3392404.277937181 -5211290.741368366 -1386969.006128783
-3398622.930742216 -5206919.170433822 -1388162.7884372699
-3404543.083083457 -5203281.764521002 -1387294.5881937968
-3409313.861913331 -5201255.617708525 -1383170.2679790081
-3412941.9668088146 -5200057.713806886 -1378719.661233811
-3416907.580253551 -5198975.824167784 -1372965.392034601
-3417898.940524251 -5199297.867129571 -1369273.3551870098
-3417566.227162965 -5200373.481876465 -1366015.2751529377
-3415714.9977914942 -5202501.124931254 -1362539.5770219986
-3413770.6591392024 -5204686.101499069 -1359063.4538765012
-3411447.5781654613 -5206492.550264432 -1357977.0784037483
-3410097.3626447814 -5207206.973594785 -1358628.9086534798
-3407902.698363516 -5208019.58093973 -1361018.8253786296
-3409251.7360377857 -5206312.218083293 -1364168.8635062624
-3410688.4127743184 -5204145.024460652 -1368838.9661857393
-3414771.4403138408 -5200866.130580953 -1371119.433963667
-3417997.777375633 -5198459.848000071 -1372205.3062812113
-3421302.8968173615 -5196371.233018059 -1371879.5489734183
-3422604.428141479 -5196373.194968232 -1368621.7691831384
-3423842.6719739987 -5196870.894496735 -1363625.778394733
-3423471.9935156913 -5198480.387904352 -1358411.6335586642
-3422488.48304606 -5199950.126388222 -1355260.958816491
-3420336.1708091274 -5201620.784315458 -1354283.0925741494
-3417300.585173739 -5203134.51103273 -1356130.1451820235
-3414639.952976721 -5204030.703567798 -1359389.358446942
-3413806.2316325996 -5203156.0493517015 -1364820.5519265963
-3413642.7037791405 -5201521.176944913 -1371445.2000459372
-3415514.202727098 -5199030.18775033 -1376222.6701483445
-3418965.5501678656 -5195782.278231923 -1379913.7958497407
-3423754.844628716 -5192396.769294215 -1380782.2254448324
-3429506.730300126 -5189090.280818708 -1378936.7803996534
-3433290.2342351493 -5187135.715776811 -1376874.0805237575
-3436308.49898338 -5185597.676378001 -1375136.952655139
-3437864.7934939126 -5184997.7451586 -1373508.2978836657
-3438760.883745773 -5184777.253926479 -1372096.7209299004
-3439074.1829478773 -5184856.702805316 -1371010.844434199
-3439917.11405252 -5184555.853962357 -1370033.519879436
-3441464.154777376 -5183155.750568701 -1371445.2000459372
-3440733.587362278 -5183036.923346912 -1373725.457294761
-3441156.929390621 -5182496.753553522 -1374702.653927066
-3442136.030524269 -5181615.9929286055 -1375571.2446809611
-3443872.6324646943 -5179913.777526871 -1377634.0402109686
-3445979.8585536606 -5177789.410033791 -1380348.0140111109
-3448948.295968953 -5175001.070943496 -1383387.3526480263
-3453213.947866727 -5171225.429723399 -1386860.4779287444
-3458917.3969755718 -5166478.986273471 -1390333.1706085284
-3463032.6310265684 -5163458.441017913 -1391309.7873320912
-3467560.1647846983 -5160857.606788198 -1389682.0737329458
-3471856.1541976407 -5159077.880574646 -1385558.1065857115
-3476352.640952789 -5156428.02940527 -1384147.1357136325
-3478737.304487824 -5155110.865070731 -1383061.725012476
-3479475.100071509 -5154845.829571162 -1382193.3661160257
-3480167.7287160596 -5154901.804378265 -1380239.4601014028
-3481382.072944096 -5154372.356371941 -1379153.8978853032
-3480941.3741965266 -5154495.673522495 -1379805.2402584509
-3480127.2864459082 -5154841.900388679 -1380565.12056906
-3480095.867685597 -5154601.365280748 -1381542.0792590748
-3480914.468899022 -5153873.975843249 -1382193.3661160257
-3481116.2263395563 -5153009.189032905 -1384906.8981191071
-3482131.4277088814 -5151797.718750355 -1386860.4779287444
-3483383.2076290166 -5150161.60349849 -1389790.5909373725
-3485118.1470942586 -5148078.6007201895 -1393154.4141268518
-3486567.811754771 -5146155.926168592 -1396626.3199565671
-3490555.1898700986 -5142951.046581722 -1398470.5928030417
-3496561.508542655 -5137893.884901487 -1402050.3002638025
-3503655.908876377 -5132702.964900478 -1403351.8968161517
-3508423.3422569153 -5129682.718947073 -1402484.172617495
-3512328.6845373884 -5127898.567740465 -1399229.9634946156
-3516191.0490006525 -5126817.259173755 -1393479.923775652
-3519706.8632646445 -5125611.922917585 -1389030.961617794
-3522119.946328281 -5125099.567868046 -1384798.3618979466
-3522441.958533272 -5125376.48823953 -1382953.1816246388
-3522207.1146596074 -5125801.364135209 -1381976.2721808502
-3520670.904646525 -5127207.582033347 -1380673.6732172347
-3519184.432377849 -5128111.051430693 -1381107.879603831
-3514951.2629016084 -5130574.969233291 -1382736.093585183
-3514603.7771327477 -5129875.735995122 -1386209.299857971
-3514386.576391612 -5128790.745658631 -1390767.226722297
-3515523.1606359314 -5127570.030160616 -1392394.8767612586
-3518874.962125756 -5124975.483156838 -1393479.923775652
-3522327.9454870303 -5122337.172603915 -1394456.4297966573
-3524783.2941191373 -5121120.349099071 -1392720.3953206316
-3525533.1649304796 -5121635.613220604 -1388922.4414508122
-3526178.676098043 -5122190.532711297 -1385232.5042512561
-3526225.478114665 -5122832.787920351 -1382736.093585183
-3525496.480110667 -5123305.210154098 -1382844.6378155302
-3523040.7660041805 -5124906.3182512475 -1383170.2679790081
-3520077.0058065723 -5126150.947074933 -1386100.7687013936
-3516865.0935163465 -5127032.643160546 -1390984.2522374017
-3514084.7310304577 -5127582.497372068 -1395975.370764906
-3512707.1409640023 -5127491.285866137 -1399772.3583452208
-3513689.9025336495 -5126047.030223827 -1402592.6396379478
-3516742.1697693546 -5123210.485984796 -1405304.176205767
-3521405.75069679 -5119082.176496618 -1408666.1099189625
-3525729.040976186 -5115418.132665461 -1411160.1814161825
-3530177.746981272 -5112319.13845644 -1411268.614151905
-3532220.823229288 -5110698.095612303 -1412027.6312629972
-3534300.142283813 -5109320.292373934 -1411810.7713814024
-3534947.295587654 -5109112.210575081 -1410943.3146551785
-3537143.15635746 -5107712.014935257 -1410509.5759758598
-3538771.5541027053 -5106254.340401195 -1411702.340795495
-3540544.6636582417 -5104244.675210026 -1414521.3961730076
-3539845.7990786727 -5104188.211748755 -1416472.8792991878
-3542704.7752950457 -5101842.937054269 -1417773.790395047
-3545353.9030258 -5099006.580499315 -1421350.9750671764
-3549180.649898436 -5095587.206652332 -1424060.6496170023
-3553504.853449605 -5091935.609853762 -1426336.5667377727
-3558927.14416345 -5087964.944204119 -1426986.7935922046
-3562967.9968614914 -5085044.816928536 -1427311.9011516182
-3565128.555075624 -5084350.941892681 -1424385.7923538159
-3568073.6315679653 -5083830.642579745 -1418857.8354707062
-3572726.3478255398 -5081589.900791261 -1415171.9060698752
-3575574.7200245443 -5079797.47173627 -1414412.9763485629
-3575975.364810727 -5079424.8609491205 -1414738.2345292005
-3574922.22814706 -5080377.409444626 -1413979.292742566
-3573616.9154240675 -5081536.961013231 -1413111.9048579945
-3574017.776582169 -5081164.558935685 -1413437.178544056
-3574901.0351400687 -5080724.115190959 -1412786.6272978068
-3578301.7252361113 -5078208.942380126 -1413220.3298505177
-3581439.131599175 -5076449.288678397 -1411593.9097795587
-3583973.0204343405 -5074962.179650125 -1410509.5759758598
-3583416.7503277836 -5076618.579137328 -1405954.905190051
-3583377.189900169 -5077126.770890844 -1404219.5936557406
-3580621.75058336 -5079430.0721166525 -1402918.0381356494
-3577925.213270845 -5081629.206736585 -1401833.3615242906
-3575124.4337195903 -5083869.158799995 -1400857.1160626716
-3574811.6875444185 -5084178.731600984 -1400531.6932265502
-3573385.189216239 -5084224.206943876 -1404002.672011681
-3571776.1775599704 -5084575.334780215 -1406822.5198509416
-3569417.9473532853 -5085179.774927898 -1410618.0112902708
-3567725.9577576234 -5085222.53378391 -1414738.2345292005
-3565769.728755118 -5085265.3414580505 -1419508.2417721923
-3564100.0017215214 -5085527.115977271 -1422760.0396372317
-3564399.211730419 -5084254.607213601 -1426553.3107608834
-3565059.525208555 -5082176.563615436 -1432296.3931944256
-3566441.713879436 -5079431.312225076 -1438579.8712230597
-3567138.6475768443 -5077219.9959403705 -1444645.2788788357
-3568777.4380018995 -5074090.77714433 -1451575.4831587116
-3570541.9842157587 -5070954.9899392575 -1458179.148446009
-3574113.0153947207 -5067003.671197932 -1463157.8688756528
-3579592.9656363665 -5062194.531540961 -1466404.3525588138
-3586419.8940134747 -5056669.299345283 -1468784.8518020804
-3595602.82270693 -5049419.387156515 -1471273.3240121908
-3603787.536782025 -5042823.057124788 -1473869.737889054
-3610381.4527027616 -5037724.346028006 -1475167.8478792163
-3615955.1401484334 -5034358.724846487 -1473004.2953081192
-3621799.259085755 -5030441.027130792 -1472030.6380796458
-3625435.062882003 -5028454.347070302 -1469866.8253469586
-3630357.4620697624 -5025660.593847182 -1467270.0136805023
-3634943.672298289 -5023323.317206877 -1463915.4176469082
-3639625.669365676 -5020562.736579897 -1461750.934653312
-3642858.8991556773 -5018752.829086607 -1459910.9840594637
-3645932.941769693 -5017275.381741785 -1457313.187988911
-3648288.4242310645 -5016097.201045804 -1455472.9277049648
-3650410.511106043 -5015149.647711776 -1453416.0145887188
-3651686.612847238 -5014879.023588398 -1451142.3983625267
-3653679.092675168 -5014304.115030618 -1448110.6068720627
-3655906.7448280905 -5013867.162957513 -1443995.4796802036
-3658715.7454191865 -5012939.515953176 -1440096.3521989982
-3660410.3751241146 -5012137.751478463 -1438579.8712230597
-3660383.433744959 -5012468.213504376 -1437496.617934703
-3658842.635789131 -5014399.764137571 -1434679.9545364548
-3657869.599234095 -5016007.387625902 -1431537.9430114245
-3657054.910732877 -5017281.029469101 -1429154.103382149
-3655698.6701751864 -5018731.933708259 -1427528.6373506954
-3650426.1551656504 -5022352.592063278 -1428287.2003479544
-3648467.8942786083 -5023528.796892099 -1429154.103382149
-3645295.7397006024 -5025430.345340766 -1430562.7613805814
-3642473.791935628 -5027445.258884277 -1430671.116638657
-3640513.7150576264 -5028618.101247692 -1431537.9430114245
-3639065.2395436103 -5029388.773128488 -1432513.089320485
-3637323.814790918 -5030308.813969807 -1433704.8868063877
-3635860.135055048 -5031058.003241779 -1434788.293210649
-3633604.985820313 -5031821.226737857 -1437821.5985205197
-3631568.2456661 -5032330.943519125 -1441179.500259964
-3629106.0143168457 -5033175.570415347 -1444428.6809058627
-3627112.947438145 -5034114.602109338 -1446161.415387685
-3625263.1979365265 -5034325.6491183285 -1450059.6554336539
-3623472.4633934237 -5034803.216352821 -1452874.695090007
-3622542.499687148 -5034252.28449488 -1457096.693434747
-3622373.3382962593 -5033275.985601026 -1460885.0915703266
-3621860.8454430685 -5032008.140140311 -1466512.561762794
-3621480.298695716 -5030923.830988121 -1471165.1344953033
-3620947.0593962413 -5029627.623884955 -1476898.5605325433
-3622558.5292754425 -5027608.456665194 -1479818.8769043228
-3624845.057837974 -5024492.7751638675 -1484793.4735153264
-3628513.6849552523 -5020338.7586863525 -1489875.225018532
-3630708.996211705 -5016918.069303897 -1496036.8547330138
-3633303.535358198 -5013683.069418527 -1500576.0558464355
-3636227.623504423 -5010720.637478437 -1503385.6335654734
-3641544.376996282 -5006273.614387611 -1505330.5445161094
-3646834.1517790672 -5001607.988814175 -1508031.5632134767
-3652204.5448337225 -4996872.111244734 -1510732.2948029207
-3658032.4194962075 -4992214.889259631 -1512028.5438341377
-3663307.370008732 -4988083.386711635 -1512892.67301124
-3668178.981520463 -4984862.435526259 -1511704.4877920807
-3672816.1670187023 -4982232.803246718 -1509111.8903310003
-3678368.7033532592 -4978658.46727174 -1507383.3448909672
-3683017.8622911293 -4975678.209700804 -1505870.7711995342
-3685975.2798353764 -4974043.536452519 -1504033.953711633
-3688856.694752533 -4973212.510816994 -1499711.5082017444
-3692125.8172178427 -4971632.907781073 -1496901.5265212983
-3694396.708935893 -4971245.843932401 -1492577.876088369
-3697155.4676339077 -4970426.571042584 -1488469.73433072
-3698512.500795161 -4970258.045017746 -1485658.523146654
-3700882.0891215834 -4968914.0040670745 -1484252.8027951224
-3701736.607941632 -4968794.006957334 -1482522.5805530457
-3703219.2498597912 -4968430.742483988 -1480035.1835709482
-3702772.294278378 -4969278.982962 -1478304.679765501
-3703772.5146872783 -4968630.062235641 -1477980.197463866
-3702656.459284503 -4969847.657904236 -1476682.227746556
-3702331.656730045 -4970860.2365100635 -1474086.0940452826
-3701229.779327118 -4972097.493371116 -1472679.7469357667
-3701515.98999642 -4972300.793581473 -1471273.3240121908
-3701132.9398052422 -4972329.760256299 -1472138.8240102069
-3699468.5140993297 -4973536.212417538 -1472247.009492329
-3697461.3493211973 -4974644.219739279 -1473545.200287545
-3695382.3756893016 -4976380.927727956 -1472896.1129659938
-3694212.292164832 -4976801.166368358 -1474410.6249118012
-3691912.5988882785 -4978603.473817966 -1474086.0940452826
-3690317.807927389 -4979176.84757153 -1476141.38791026
-3688640.85066922 -4980002.300993567 -1477547.5480921143
-3688297.5422069156 -4979357.098973044 -1480575.9423471563
-3686644.2267302424 -4979486.8172243815 -1484252.8027951224
-3685582.64068359 -4979143.170349173 -1488037.260238118
-3684696.90990199 -4978309.954611184 -1493010.2739023298
-3683799.743681596 -4977642.82668267 -1497441.9315706221
-3683871.80930107 -4976286.978761693 -1501764.7610873282
-3684681.648280266 -4974838.5505205365 -1504574.2079011407
-3688070.8088053423 -4971246.288628595 -1508139.597992949
-3692582.523063042 -4966088.464170756 -1514080.8024671308
-3694935.8286016826 -4962919.028905731 -1518724.7726434804
-3697955.623526097 -4959742.66848211 -1521748.2935326945
-3701369.5991757414 -4957095.948779065 -1522072.220657018
-3707352.550175594 -4952656.146391796 -1521964.2454125162
-3713207.7831095173 -4948765.641541252 -1520344.5611293847
-3719637.5260680155 -4944200.250476586 -1519480.6868972974
-3723880.4624059284 -4941038.544534963 -1519372.70053507
-3728334.6777263144 -4937977.372768869 -1518400.802451736
-3730619.969842366 -4936881.77602458 -1516348.8946049768
-3732945.9267648137 -4936018.340025524 -1513432.738770261
-3735033.549156703 -4936092.198391944 -1508031.5632134767
-3738132.3808455546 -4934636.5412024725 -1505114.4506326597
-3740441.0597519497 -4934104.911977571 -1501116.3832696353
-3742189.693467955 -4933370.364961988 -1499171.1510754994
-3741330.195553694 -4934383.276679852 -1497982.3252162738
-3740939.7630785652 -4934941.672560944 -1497117.689909205
-3739492.3223737055 -4936431.773814645 -1495820.6822280954
-3739062.5059515988 -4937117.443945887 -1494631.7008789135
-3738303.439362097 -4938084.675742235 -1493334.5674875474
-3737974.4164559823 -4938366.427369582 -1493226.47008066
-3736641.806688768 -4939113.319739713 -1494091.236596836
-3735152.282103136 -4940010.954945292 -1494847.8834049394
-3733646.7539692936 -4940887.243082867 -1495712.59529214
-3732132.731387855 -4941572.752292444 -1497225.770919103
-3730649.8994977493 -4942299.264777656 -1498522.707454137
-3730342.9339770274 -4942071.978701329 -1500035.7169956958
-3730106.2165857367 -4941758.368288808 -1501656.69926118
-3731139.793100397 -4940616.630113459 -1502845.3541828752
-3731284.4117467115 -4939553.16268027 -1505978.8151602075
-3731985.825440342 -4938330.879794767 -1508247.632313016
-3731518.4101641197 -4937891.542738445 -1510840.3180873808
-3731481.2163488837 -4937125.710092239 -1513432.738770261
-3731500.672876237 -4936614.076357236 -1515052.866878176
-3733003.5120574315 -4935378.272270478 -1515376.8800425022
-3735019.1165956673 -4933388.42020234 -1516888.8865300552
-3737884.071742847 -4930553.173402703 -1519048.7386715543
-3739117.94743847 -4928784.8508809805 -1521748.2935326945
-3740816.417006648 -4927629.246745906 -1521316.384210701
-3742428.5293360366 -4926538.352576588 -1520884.4674739966
-3745592.249646208 -4924633.4309333 -1519264.7137100147
-3747541.4644275242 -4923450.102423812 -1518292.811462715
-3750026.354048784 -4922256.785763467 -1516024.8939067908
-3751313.670485873 -4921807.786426981 -1514296.8200100488
-3752091.145792941 -4921580.548313246 -1513108.7006976393
-3752702.5710388115 -4921313.57567664 -1512460.6121084637
-3752223.338264379 -4922110.287954597 -1511056.3632755836
-3752157.3801526604 -4922558.333030939 -1509760.0645379357
-3751485.9950971464 -4923103.143020611 -1509652.0366530027
-3749843.371972959 -4924155.663707288 -1510300.1970634551
-3745872.8445869735 -4927143.658807938 -1510408.2221884995
-3742840.0451181894 -4929580.257681843 -1509976.1189280718
-3739974.7626935863 -4931522.858900135 -1510732.2948029207
-3736661.954169915 -4933768.798556889 -1511596.4681903678
-3732074.934161023 -4936478.199020783 -1514080.8024671308
-3728637.877953879 -4938378.945050477 -1516348.8946049768
-3724407.2824998507 -4939943.536120058 -1521640.3168974405
-3722082.730587132 -4939729.359587558 -1528010.144172393
-3719599.0726413056 -4939123.056010321 -1535997.12772948
-3718106.46534946 -4937858.400205227 -1543657.9063540057
-3717667.0454554395 -4936736.883355682 -1548296.3810751012
-3721142.25479737 -4932388.584003552 -1553796.6971109745
-3724347.059520384 -4927686.50162363 -1561020.7307906367
-3727237.336018784 -4922931.337927363 -1569104.8030773161
-3729822.3980633696 -4918492.55475058 -1576862.9831941384
-3733481.9993380457 -4914226.921783787 -1581495.1539079188
-3738053.1013742113 -4909917.519083587 -1584080.164354919
-3744790.7903144686 -4904188.933271581 -1585911.0452835879
-3751879.451248806 -4898035.279740124 -1588172.528952078
-3758889.086694556 -4891958.365667456 -1590326.124574696
-3764471.492024223 -4887383.522732033 -1591187.5085810411
-3769451.337648793 -4883438.530292211 -1591510.5195867163
-3773847.6513552 -4880147.253607876 -1591187.5085810411
-3777696.0855976795 -4877555.067300819 -1590003.0975781372
-3782256.9999288074 -4874826.44573598 -1587526.4125181213
-3786406.5261880546 -4872970.825129238 -1583326.2316654075
-3791200.7116676797 -4870011.752699013 -1580956.575122783
-3796143.907732934 -4867592.296877129 -1576539.7753195304
-3801560.2547686053 -4864375.109593656 -1573415.2098315859
-3805802.362390937 -4861928.011681536 -1570721.295343633
-3808787.2062761826 -4860320.9736891175 -1568458.1760520558
-3811140.879459273 -4860004.047911038 -1563715.7194332737
-3814694.1079796026 -4859293.248266592 -1557247.2475160826
-3818704.246850134 -4857764.8115268815 -1552179.0846999444
-3822866.678249125 -4855729.572029547 -1548296.3810751012
-3826061.381587946 -4854381.228002052 -1544628.8219318674
-3829930.5739057846 -4852666.811504732 -1540421.246147367
-3832991.4212080636 -4850797.450859818 -1538694.854634047
-3835188.090608993 -4849574.197827399 -1537076.2536119306
-3836859.7634254526 -4848730.43803599 -1535565.464273697
-3837714.930561319 -4848941.48453763 -1532759.4694787345
-3838871.1951880762 -4849184.869076069 -1529089.615516035
-3840061.2729157815 -4849296.691712791 -1525743.1028832484
-3843192.474863692 -4848206.788110752 -1521316.384210701
-3846433.805996734 -4846211.553185808 -1519480.6868972974
-3848861.211003716 -4844927.038905682 -1517428.8669033647
-3851061.469470597 -4843009.103041148 -1517968.8357207922
-3851585.098034112 -4842626.528470596 -1517860.8428819748
-3852156.064312023 -4842476.924271888 -1516888.8865300552
-3853443.586150552 -4842533.9310709555 -1513432.738770261
-3856330.780290779 -4840437.634146246 -1512784.658476744
-3857496.9493973777 -4839474.562939538 -1512892.67301124
-3857564.95424375 -4839386.587644254 -1513000.6870848828
-3858266.935134166 -4839400.733377657 -1511164.38517926
-3859409.6570334537 -4838927.8406195855 -1509760.0645379357
-3860280.00476109 -4838806.249336944 -1507923.5279746316
-3860899.1477675317 -4838716.115340141 -1506627.0692893995
-3860771.863914032 -4839422.787810867 -1504682.2573642149
-3861101.8652243344 -4839663.171321999 -1503061.4673095236
-3861344.3618166544 -4840140.4058141 -1500900.2536719234
-3860779.9414285542 -4840992.540123477 -1499603.4376900403
-3859919.9181685317 -4842514.330926036 -1496901.5265212983
-3859211.4634414837 -4843879.9741520025 -1494307.423675276
-3860508.0580357607 -4843945.961241858 -1490740.1042467656
-3860738.4995566173 -4844061.641520402 -1489767.1130723685
-3860965.2646829244 -4844346.163315935 -1488253.498191115
-3860614.459573368 -4844426.408759662 -1488902.2011687008
-3859495.3794650347 -4845450.883650509 -1488469.73433072
-3857650.7526310245 -4846952.792145978 -1488361.6164876078
-3855317.7452867734 -4848709.124045457 -1488685.9686566696
-3851198.0218293276 -4852214.099693638 -1487929.1405816802
-3849943.7218715847 -4853242.519127109 -1487821.0204719934
-3849023.883046073 -4853474.669677122 -1489442.7745111552
-3846445.5414254074 -4854920.937496271 -1491388.7445964355
-3843527.264499836 -4856633.714476848 -1493334.5674875474
-3840672.9033901533 -4859123.782429933 -1492577.876088369
-3838996.7487529065 -4860315.348317092 -1493010.2739023298
-3837740.335281479 -4861340.680763165 -1492902.1751309526
-3837784.608611995 -4861571.226324708 -1492037.3685911978
-3837303.5284229983 -4862183.119389388 -1491280.6390070557
-3836498.914253916 -4863083.167065197 -1490415.777941063
-3835806.679525882 -4864125.8504852075 -1488794.0851394415
-3834921.016599605 -4864923.395740584 -1488469.73433072
-3832880.375235526 -4867225.192313911 -1486199.1644591868
-3830432.3974869433 -4869184.950043237 -1486091.0371019929
-3827453.3807243234 -4872219.110435414 -1483820.258080435
-3824646.9372601192 -4874948.8219554955 -1482090.0069231677
-3822455.081132179 -4877586.941915288 -1479061.7893733375
-3821687.991226353 -4878712.367217894 -1477331.2207055858
-3820618.4189907387 -4879451.761816273 -1477655.7111102645
-3818579.902403939 -4880883.483432777 -1478196.519448563
-3815099.011971521 -4882752.730745027 -1481008.5412501544
-3811800.5524005764 -4885557.601718253 -1480251.4884341955
-3809067.1901968503 -4887328.545352199 -1481441.1329348967
-3806225.78784594 -4889312.312900991 -1482198.1510079252
-3804135.6852338584 -4890676.433154245 -1483063.2874290964
-3801679.176116027 -4891568.832958043 -1486415.4178153754
-3799631.3213439286 -4892633.866488456 -1488145.379441274
-3796185.4009103067 -4894189.1076356415 -1491821.1624105945
-3793885.803287823 -4894751.474613373 -1495820.6822280954
-3790446.793140349 -4895429.869274872 -1502305.0633554554
-3785391.2248696215 -4897547.266504503 -1508139.597992949
-3781578.5998799377 -4899326.547308026 -1511920.5256139983
-3779509.2843555664 -4899120.008436155 -1517752.84958079
-3777588.1991775758 -4898220.553550194 -1525419.2231031936
-3775481.9099882743 -4897079.90521059 -1534270.4290098061
-3773483.399160113 -4896077.972076304 -1542363.2930059696
-3772870.073918294 -4894575.427479782 -1548619.9630777303
-3773158.87391039 -4892300.685235671 -1555090.7103683273
-3773852.670146104 -4889669.87342731 -1561667.5551885155
-3776418.574471402 -4885409.745521803 -1568781.4917151378
-3777461.425714926 -4881826.5230501965 -1577401.6533779157
-3780280.4575096522 -4877549.9067411395 -1583864.7574272584
-3783788.422514776 -4873286.965142748 -1588603.2635661194
-3789175.964219305 -4867586.113696083 -1593233.171238835
-3794887.2637633462 -4860730.5602879785 -1600553.0530442495
-3798384.952695722 -4856292.855515097 -1605718.6716880798
-3804288.5129447766 -4850742.767913351 -1608516.244808473
-3810252.7943260036 -4845272.962102368 -1610883.163376736
-3816208.7122939327 -4839795.140665665 -1613249.8444447138
-3820761.9013491794 -4834800.100009666 -1617444.7397500565
-3823637.9235925935 -4832021.686296994 -1618950.4169121676
-3828811.7561419457 -4827814.860510676 -1619273.0494458042
-3833318.450408645 -4824670.280042391 -1617982.4926841273
-3839335.2940178043 -4819450.206345917 -1619273.0494458042
-3845513.3577012257 -4813399.593467393 -1622606.6588515502
-3850055.77375754 -4808750.366450359 -1625617.2526519804
-3852868.8424599157 -4805040.256125382 -1629917.427299955
-3854119.970518447 -4802649.079701344 -1634001.8574330711
-3855982.887377947 -4800677.774128055 -1635398.9975664464
-3859841.5855821213 -4797758.990701569 -1634861.6459361785
-3865903.4035063665 -4792949.200133409 -1634646.701797791
-3872667.4355592304 -4786273.241863926 -1638193.0251885697
-3878448.4185827705 -4779413.473100017 -1644532.0664379997
-3882135.1727936356 -4774752.3602097 -1649365.7565350467
-3885247.109397619 -4770919.7214731965 -1653124.5900341466
-3887353.442195128 -4768234.984715005 -1655916.467094151
-3892244.824832699 -4763869.727737845 -1656990.1751990041
-3897608.8469978715 -4759743.693303844 -1656238.5848235157
-3903936.3814836666 -4754929.134813942 -1655164.8414057584
-3909393.259033285 -4750069.378058273 -1656238.5848235157
-3913932.8953661653 -4745954.7305530915 -1657312.2777893604
-3919894.0796468803 -4741370.000020732 -1656345.956390976
-3921825.174813479 -4740335.355870469 -1654735.3299194467
-3924445.214766384 -4739290.361784972 -1651513.7368454738
-3928359.2502592155 -4737617.181167948 -1647002.7460830556
-3932730.35779611 -4735146.586296238 -1643672.637466462
-3936934.0442675 -4732472.499414152 -1641309.0426169976
-3939347.286486233 -4730165.57618074 -1642168.5596698883
-3939915.973212919 -4729841.098779661 -1641738.8051442609
-3939933.95807886 -4730534.2158491295 -1639697.3619109474
-3941610.426945117 -4730699.878170654 -1635184.058408623
-3942828.144592959 -4730650.1871888 -1632389.668141835
-3944557.4666545102 -4730542.267018018 -1628519.957573801
-3945159.1265315046 -4730928.05430812 -1625939.79325975
-3945467.9201575434 -4731298.351267397 -1624112.0042355803
-3944827.3774208566 -4733048.889542719 -1620563.5351782178
-3945184.1464560237 -4734148.915715303 -1616476.7534312643
-3944945.6173903034 -4735374.939375192 -1613464.9854801423
-3945133.1960477773 -4735768.173679854 -1611851.379812302
-3942685.490921982 -4738208.597920811 -1610667.998770257
-3940250.1510597197 -4741001.092107357 -1608408.6519633927
-3937859.337705802 -4743679.857311396 -1606364.294853864
-3936325.5477281148 -4746044.367487446 -1603136.0030089905
-3934692.87152685 -4747616.019774153 -1602490.2918706327
-3932189.5385432793 -4750161.411124042 -1601091.1907942174
-3930590.701045853 -4751774.527619918 -1600230.1645433304
-3927598.316430214 -4754067.025582628 -1600768.309607135
-3926163.8527773465 -4755541.5173510015 -1599907.2716552897
-3923691.3404409057 -4757110.986956247 -1601306.4424803916
-3921508.621631877 -4758693.132024603 -1601952.1858310062
-3920061.1729892367 -4759305.709672135 -1603674.0821951528
-3918411.3328625676 -4759502.806903574 -1607117.4996157573
-3916956.0022470006 -4759427.708287055 -1610883.163376736
-3913943.8372691986 -4760337.823196398 -1615508.7272275072
-3911090.965596486 -4761440.06827586 -1619165.5057611407
-3909790.877065447 -4761043.123713034 -1623466.8680822
-3909023.6073655654 -4760278.198441571 -1627552.4294168162
-3909132.1797327665 -4758716.72258923 -1631852.2468432495
-3908966.3345630607 -4756821.933465324 -1637763.1967277366
-3908731.5710484134 -4755013.345635428 -1643565.2065915652
-3908931.3253504056 -4753733.948909799 -1646787.9149048843
-3910954.2251687995 -4750951.9553224705 -1650010.1717419564
-3913647.5000753957 -4746452.454091888 -1656560.698012208
-3915578.524626813 -4743057.322305137 -1661713.8907793148
-3918094.414956447 -4739698.516017784 -1665363.3635774276
-3921552.5864787297 -4735628.870122452 -1668797.625820677
-3926049.600026584 -4730461.321829002 -1672875.136048984
-3929653.0854686014 -4726404.205540676 -1675879.146512218
-3935248.047911694 -4720717.810818414 -1678775.4918478534
-3940405.9445655323 -4716184.216870857 -1679419.073540264
-3946603.5729392315 -4710386.99821092 -1681135.2013293908
-3951857.871434567 -4705136.138709407 -1683494.6629530462
-3956025.6245250865 -4701094.628559163 -1684996.009322597
-3960114.3834403655 -4698458.030230735 -1682743.9520702662
-3966261.836684026 -4693769.40230094 -1681349.708087921
-3971963.266670737 -4689714.372219353 -1679204.5483554334
-3977822.619512995 -4685014.557550613 -1678453.6940975196
-3983657.377882323 -4680285.057024905 -1677810.0847930056
-3987043.4894111413 -4677477.78224469 -1677595.5442690975
-3990481.126866907 -4675391.696685756 -1675235.463653068
-3994778.240703888 -4672988.769156842 -1671694.8797351683
-4000532.2688261783 -4668985.16343594 -1669119.561234469
-4005171.8826599587 -4665658.142872071 -1667295.200077545
-4008742.6375335287 -4662897.429310931 -1666436.6263816461
-4013477.003524738 -4659513.643064629 -1664504.7168069775
-4016934.84412015 -4656456.253290724 -1664719.3815424668
-4019481.008900001 -4654642.33649763 -1663646.0375861514
-4022004.0561229745 -4652308.835195915 -1664075.3812518152
-4025463.4040149944 -4650237.176646603 -1661499.1976735496
-4028812.4662495176 -4647873.000785211 -1659996.2892622238
-4032884.4164263206 -4645030.528426049 -1658063.83282905
-4036219.570309345 -4642975.812618944 -1655701.719419082
-4039973.6232676506 -4640092.721894033 -1654627.950787634
-4042750.4054784286 -4637558.66481839 -1654950.0866708558
-4045039.2729046782 -4636098.805594273 -1653446.7470790094
-4050395.3736718744 -4632109.745455971 -1651513.7368454738
-4053166.669824628 -4630221.094048406 -1650010.1717419564
-4056270.0524603464 -4627081.230977713 -1651191.5526210503
-4058473.757101199 -4625033.420412395 -1651513.7368454738
-4061265.4162746263 -4623004.140020929 -1650332.3725604578
-4063158.060439235 -4620765.183441372 -1651943.3087681015
-4064505.3923119535 -4619695.288315664 -1651621.1305808325
-4065239.832541682 -4618741.721125333 -1652480.2623488996
-4066982.0981462626 -4618282.787651996 -1649473.1603257863
-4069234.0968683227 -4616452.129177002 -1649043.5421484052
-4072258.363032567 -4614360.118605003 -1647432.402418669
-4073848.038320648 -4612265.794795502 -1649365.7565350467
-4076018.8193441043 -4611153.836313434 -1647110.1609196
-4078597.7604538975 -4608719.330312145 -1647539.8152480624
-4078904.6234164797 -4608255.710948661 -1648076.8718663359
-4078682.3931057598 -4608490.814787292 -1647969.461546616
-4079225.9531306433 -4609429.173229373 -1643994.927086874
-4082209.1324287443 -4607936.350132419 -1640771.8282088093
-4084655.9817428445 -4606647.158680931 -1638300.481056304
-4087333.075788155 -4604807.054240792 -1636796.05350892
-4089766.98524566 -4602530.849744552 -1637118.4390704066
-4089682.2287038825 -4602759.034039697 -1636688.590657854
-4090028.7732320973 -4603634.494671541 -1633356.9951495153
-4090946.0440987237 -4603695.91164049 -1630884.8571918376
-4092817.196279203 -4603212.083680336 -1627552.4294168162
-4094395.27560717 -4602074.58417664 -1626799.8797519908
-4095344.5400834037 -4601685.7986250855 -1625509.7381256314
-4095684.650314319 -4601421.069442336 -1625402.2231041235
-4097412.9063852043 -4600451.75329316 -1623789.4383847457
-4097710.325312812 -4600300.687788152 -1623466.8680822
-4098464.652760541 -4600500.839612383 -1620993.681294957
-4099865.8015803783 -4599971.843023782 -1618950.4169121676
-4102492.5654214383 -4598877.561164278 -1615401.1662994258
-4104964.7652032664 -4597124.416786576 -1614110.3967896302
-4107248.3991344664 -4595159.80921467 -1613895.261652863
-4108162.9713947987 -4594568.852445218 -1613249.8444447138
-4107861.871321574 -4596007.597658673 -1609914.90719422
-4109626.307252939 -4595559.724121785 -1606687.09983129
-4110777.8021392575 -4595394.459880335 -1604212.1491686378
-4112031.221491559 -4594535.879005239 -1603458.8519859796
-4111342.9396244953 -4595864.7953262115 -1601414.0675918167
-4113154.6243474386 -4595629.693007782 -1597431.613858472
-4112692.8376393537 -4596566.47987789 -1595924.5656649785
-4112495.2377694407 -4596668.516823331 -1596139.8640999051
-4109970.906410789 -4599336.524740196 -1594955.6986473505
-4108759.7203027573 -4602021.010198981 -1590326.124574696
-4108550.8864557026 -4604212.809122338 -1584510.9724195166
-4110443.594260702 -4603745.297687221 -1580956.575122783
-4112408.4150458225 -4602064.262417606 -1580741.1402373903
-4112393.455306297 -4601077.679145253 -1583649.348569707
-4110930.837808842 -4601865.425350551 -1585157.1700356675
-4109553.450307474 -4602910.028395903 -1585695.6547705994
-4109304.1870572204 -4603762.866223008 -1583864.7574272584
-4109556.914759645 -4603722.5164502915 -1583326.2316654075
-4110691.461742852 -4603375.9865739895 -1581387.4391142626
-4111807.2418328873 -4603008.187369995 -1579556.2139459976
-4113057.698676132 -4601335.9416825315 -1581172.0080818278
-4111633.8343701903 -4601682.370855487 -1583864.7574272584
-4110706.7960747723 -4602584.640990258 -1583649.348569707
-4108112.2530407566 -4604530.056083104 -1584726.373555929
-4105494.1973268664 -4607419.94327591 -1583110.8179842762
-4102603.964538264 -4611139.036533513 -1579771.6594216097
-4103526.20264256 -4612013.497405605 -1574815.9270132
-4105252.22597567 -4611359.693860069 -1572229.924331863
-4107201.7216424285 -4609660.172496023 -1572122.1682303871
-4108039.241898412 -4608656.448172651 -1572876.4508820674
-4107373.896208296 -4608881.60171466 -1573953.9567988622
-4106276.899862818 -4609270.037933778 -1575677.866525691
-4104938.206152048 -4609872.81251813 -1577401.6533779157
-4101770.127776412 -4612470.834253267 -1578048.0417414543
-4100027.257653906 -4615050.761257314 -1575031.4147702774
-4100278.075303281 -4615819.818119617 -1572122.1682303871
-4099534.7533890274 -4616443.313936714 -1572229.924331863
-4099992.26023253 -4616147.087700583 -1571906.6545907813
-4099576.589960092 -4617139.610606523 -1570074.7113495667
-4098877.295857321 -4617650.486755067 -1570398.0054992675
-4097005.1344009764 -4619275.003441104 -1570505.769259137
-4096981.4194143047 -4619735.506611287 -1569212.5725754662
-4095892.9486733694 -4621432.031734267 -1567057.091834328
-4095582.1166192014 -4622218.854844526 -1565548.1416899166
-4094572.540874397 -4623842.677868107 -1563392.3365051001
-4095290.471619584 -4623352.613474766 -1562961.152600377
-4092403.925904969 -4626271.944369302 -1561883.159515803
-4091499.40673478 -4627690.15388824 -1560050.4620988327
-4091383.3032918437 -4628047.139950021 -1559295.7820584096
-4091743.060562372 -4628128.514704852 -1558109.80926106
-4090710.873228793 -4629077.159500667 -1558001.9907037888
-4089373.216574373 -4630331.454288244 -1557786.352165496
-4089346.63931627 -4630790.021134635 -1556492.4810845093
-4088520.4600974494 -4631809.276997694 -1555629.86242957
-4088870.765187864 -4631717.296322777 -1554982.8785348241
-4088403.6821212266 -4631839.920604874 -1555845.5199371935
-4088861.779846306 -4631544.186367299 -1555522.0329649341
-4087406.4126960877 -4633154.358192274 -1554551.5464643913
-4087846.379261075 -4633164.047060113 -1553365.3442096873
-4088285.737804065 -4633499.004048069 -1551208.4661815853
-4089624.505508402 -4632245.186944919 -1551424.162494184
-4089857.370909973 -4632508.949457633 -1550022.1026837926
-4091581.0393937333 -4631527.814961968 -1548404.2422143263
-4093143.244368026 -4630363.639995903 -1547757.0683050628
-4095397.160882125 -4627865.004842631 -1549267.1143452132
-4094885.758455882 -4628100.846687585 -1549914.248623081
-4095029.380513125 -4627937.645855441 -1550022.1026837926
-4094894.243340103 -4628598.755406734 -1548404.2422143263
-4096159.1804125058 -4627912.271846057 -1547109.877422744
-4096481.1136243236 -4628275.997618437 -1545168.2030084278
-4098901.8117682156 -4627104.1917890655 -1542255.4055056171
-4101108.227481251 -4625364.51136844 -1541608.0706388962
-4103090.890009308 -4623209.949289619 -1542794.8383087441
-4102965.7443617056 -4623068.939836352 -1543550.024493791
-4103494.3255635137 -4622851.869458498 -1542794.8383087441
-4103816.524727327 -4622889.804490149 -1541823.8508065564
-4105482.32180971 -4622165.820108155 -1539558.0653979455
-4108402.94525053 -4619929.486541245 -1538479.0472552823
-4110382.1032598885 -4618420.267488567 -1537723.7066689353
-4111573.213274862 -4617323.969493036 -1537831.6138725
-4113112.299309844 -4616456.042941722 -1536320.8704085713
-4115295.9737553988 -4614689.139733073 -1535781.29693724
-4117201.636143223 -4613096.769845878 -1535457.5472402694
-4119652.19084645 -4610980.3418464875 -1535241.7117702654
-4121386.727561978 -4609034.501335088 -1536428.7836989989
-4120895.0405371464 -4608970.285847975 -1537939.5206076144
-4121100.6912625213 -4609038.396409224 -1537184.163625507
-4122244.655718454 -4608051.278901196 -1537076.2536119306
-4122602.1212788546 -4607803.463867153 -1536860.4321801502
-4123638.7188904695 -4607343.577018135 -1535457.5472402694
-4125773.795964406 -4605683.554372666 -1534702.1149117565
-4127656.9607922984 -4603095.730984436 -1537399.9822478676
-4127736.687957919 -4602699.757934776 -1538371.1428629125
-4127841.8878811942 -4601847.44097165 -1540637.0366429882
-4126457.4283402762 -4602727.6682228455 -1541715.960957543
-4126010.332200445 -4602875.448818054 -1542471.1800364912
-4125771.8942916445 -4604064.317485289 -1539558.0653979455
-4126878.8184070247 -4603036.056292954 -1539665.964633385
-4128146.9357587714 -4602187.5179011775 -1538802.7576203756
-4130259.250549289 -4599533.352020975 -1541068.612002309
-4130616.2898477227 -4599285.013665563 -1540852.8252613898
-4130289.6056145355 -4598275.470678343 -1544736.6990883525
-4128566.352468234 -4599424.09134105 -1545923.3167459161
-4127976.5294632604 -4599735.899042674 -1546570.5387270702
-4127409.307958191 -4601042.064216472 -1544197.3086010467
-4129203.4033930483 -4599649.288292803 -1543550.024493791
-4131393.24521679 -4596921.302795585 -1545815.444767329
-4131808.458372923 -4595931.005099462 -1547649.2043365024
-4130792.703312569 -4595607.7219879925 -1551316.3145741636
-4128839.0019341125 -4597144.669974287 -1551963.3950047668
-4128939.983253382 -4596288.808026214 -1554228.0424392452
-4128091.0452589253 -4596796.011301419 -1554982.8785348241
-4128711.841495508 -4595873.491279284 -1556061.1755490664
-4128548.444138532 -4595691.60559428 -1557031.6023355352
-4130160.6299904953 -4593291.786659031 -1559834.8416057406
-4129591.816623042 -4592336.761886817 -1564146.8900019946
-4128063.567946413 -4592571.49227039 -1567488.2032662523
-4126302.616750524 -4593675.456162347 -1568889.2626471194
-4126247.716613695 -4593614.337666078 -1569212.5725754662
-4126955.4262097953 -4591983.427478383 -1572122.1682303871
-4125736.7526868107 -4592561.772681567 -1573630.710056595
-4124075.159326516 -4593130.3898645155 -1576324.301001863
-4123129.669411779 -4594496.438701621 -1574815.9270132
-4123981.6538665975 -4593510.051530627 -1575462.3845267852
-4123719.14865105 -4592895.138824424 -1577940.3115490917
-4123345.346302814 -4592156.340999461 -1581064.2918431151
-4120775.198191442 -4593646.670201008 -1583433.9377825262
-4119548.6978787268 -4593892.2149146255 -1585911.0452835879
-4117180.177080152 -4595606.136305525 -1587095.6585566152
-4115613.124932301 -4596600.436172923 -1588280.2133313476
-4115070.0015661456 -4597123.872650417 -1588172.528952078
-4116174.782189291 -4595613.500885795 -1589680.0662224947
-4116605.6843998525 -4593996.811190781 -1593233.171238835
-4116595.2132807774 -4592210.91355593 -1598400.3801962768
-4116425.658497711 -4591538.044818882 -1600768.309607135
-4117016.5734906034 -4589617.883506779 -1604750.2039253495
-4117136.3757845517 -4588945.719379376 -1606364.294853864
-4117827.6523446552 -4586816.436628254 -1610667.998770257
-4118529.31347789 -4586148.636999276 -1610775.581318831
-4120822.089652866 -4583066.960132978 -1613680.1245496126
-4122703.1002395838 -4580654.603388907 -1615723.8476073008
-4123861.307504331 -4578244.069265207 -1619595.6775401128
-4124216.547446625 -4577353.06199789 -1621208.7513907605
-4125226.112865233 -4575261.034240597 -1624542.085110281
-4125271.870429519 -4574990.66527802 -1625187.1915757628
-4125910.5266990443 -4573611.958358796 -1627444.9238089216
-4128084.367727804 -4571688.241979942 -1627337.4177052788
-4129666.3605478373 -4569109.657152142 -1630562.3850311944
-4132364.5275299414 -4565363.056488114 -1634216.8075459749
-4135044.3438765574 -4561278.3398753805 -1638837.7529085
-4137176.788193514 -4559151.104355283 -1639375.0122802323
-4141452.60045951 -4555228.711358929 -1639482.4626565636
-4147498.028593753 -4549260.259708962 -1640771.8282088093
-4152737.2900014264 -4542729.78293173 -1645606.307564678
-4156502.745349584 -4539206.832790544 -1645821.1497756967
-4159800.124405914 -4535014.809357426 -1649043.5421484052
-4162948.0591732347 -4531773.481736911 -1650010.1717419564
-4167657.9279639497 -4526423.812234707 -1652802.428457149
-4170227.277740619 -4523507.238611453 -1654305.8103681558
-4173564.94837772 -4519365.940639506 -1657204.9107640446
-4176917.548773809 -4514768.498201747 -1661284.5025432983
-4179377.3779886886 -4510789.611359529 -1665900.0013228138
-4180632.6266577602 -4508197.197075659 -1669763.4183332114
-4181312.6767578092 -4505774.9309535865 -1674591.762422906
-4183386.005605069 -4502332.230482368 -1678668.226442416
-4184467.9383882536 -4499242.900528678 -1684245.3487075584
-4186683.1313982774 -4495170.15232438 -1689606.6580471103
-4188698.9342719847 -4491515.329972616 -1694323.546035327
-4191586.485021498 -4485656.570609332 -1702682.844552809
-4190408.3683574502 -4483454.536486516 -1711360.3143868733
-4189491.572954332 -4481689.573161597 -1718214.1688274075
-4188731.663589707 -4481660.5753885815 -1720141.4294902324
-4192222.1818660004 -4476459.825884062 -1725172.920352249
-4194930.0284583345 -4471523.788255933 -1731380.3936165678
-4196791.5774888 -4466785.102664819 -1739083.753512384
-4198436.215312163 -4463069.138187085 -1744645.5839846872
-4200325.82391892 -4458524.577983849 -1751702.7602974721
-4202391.34069112 -4455105.32654736 -1755444.2597398607
-4207158.400892717 -4448323.155278658 -1761215.5734064977
-4212265.384965597 -4442682.2306539025 -1763245.8490104852
-4219145.186128054 -4435341.676444768 -1765275.9307158142
-4224568.543393399 -4430346.620540784 -1764848.5612181681
-4228734.300975296 -4426200.1875412725 -1765275.9307158142
-4232712.284327499 -4423248.64715329 -1763138.9972318346
-4241132.546406749 -4415047.693507969 -1763459.550956407
-4246181.220408958 -4410277.782565808 -1763245.8490104852
-4251856.758029713 -4405233.960606723 -1762177.307059157
-4257488.084474456 -4400604.389984935 -1760146.9294929197
-4263795.6434748685 -4395134.945850469 -1758543.8631005855
-4269199.174523509 -4391340.456226263 -1754909.799892375
-4275482.885846362 -4386760.927491105 -1751061.2947216444
-4280956.399859632 -4382572.230158919 -1748174.462100604
-4285976.230296257 -4379752.09519631 -1742934.40437643
-4290129.358338275 -4376960.818607959 -1739725.576375416
-4296128.716350167 -4372688.201851613 -1735660.3763234261
-4300391.686727442 -4368325.727066844 -1736088.3281018396
-4305033.1044439245 -4364347.248577115 -1734590.4598720884
-4307356.796255411 -4362436.7222983595 -1733627.4898879125
-4310615.95699749 -4360406.671485064 -1730631.3098251666
-4315381.918972162 -4357006.71592034 -1727313.6283932894
-4319567.932036633 -4353323.727357584 -1726136.2649994462
-4322238.647662457 -4350544.68093145 -1726457.3704184182
-4324297.393965548 -4348668.319134355 -1726029.2288081232
-4325975.960730738 -4347168.492717361 -1725601.078785371
-4329434.71927349 -4344573.7353333905 -1723460.2025577922
-4331812.183251599 -4342712.918723014 -1722175.5760053182
-4334637.179911759 -4340996.752877499 -1719391.9593954273
-4337369.994492529 -4338732.833549056 -1718214.1688274075
-4340610.0434566345 -4335915.590860026 -1717143.395171279
-4341790.613116823 -4335581.214995323 -1715001.690970106
-4342471.069967997 -4335957.980829195 -1712324.2668883193
-4342462.141063951 -4335797.714609552 -1712752.6766620104
-4342863.826241184 -4336198.783315936 -1710717.6559254837
-4342491.90113376 -4337795.413272162 -1707611.2090234982
-4342408.38374921 -4338469.126221524 -1706111.3883821357
-4341899.3693704875 -4339020.667166907 -1706004.2544374291
-4342256.939962198 -4338620.70222587 -1706111.3883821357
-4342602.234612761 -4339117.168894078 -1703968.6107862727
-4341209.427668232 -4340300.302091938 -1704504.3246601322
-4339710.749666019 -4342135.178474588 -1703647.1762329936
-4340277.792117503 -4342702.537710792 -1700754.0551801887
-4342323.8003266845 -4342626.962299171 -1695716.9809342287
-4345254.5455690455 -4339191.657385898 -1697003.151053108
-4347417.330779767 -4336353.416248307 -1698717.928741371
-4347472.042815593 -4334743.241277662 -1702682.844552809
-4346080.658107115 -4336684.997809594 -1701289.8468516273
-4345970.861779803 -4337635.195803649 -1699146.6024702974
-4348433.038076935 -4336760.96821806 -1695073.8679778366
-4350785.619580983 -4335322.282673366 -1692715.628155868
-4352121.676593131 -4334232.205223169 -1692072.428513181
-4351083.413617705 -4335316.343607125 -1691965.226768521
-4348677.229712403 -4338064.367482193 -1691107.5942595096
-4347981.956976885 -4340096.904558004 -1687676.7347005422
-4348803.932417182 -4339856.83071833 -1686175.5680415686
-4347227.766057109 -4340101.50700476 -1689606.6580471103
-4346055.083306851 -4340900.139700867 -1690571.557198239
-4344429.710902827 -4342610.301470605 -1690357.1387686594
-4343072.832267329 -4344134.174828142 -1689928.2957308146
-4342176.184103506 -4344905.311334012 -1690249.928781485
-4340666.773926014 -4346579.9961430235 -1689821.083684318
-4340018.156825302 -4347144.279020261 -1690035.50726253
-4338690.617199112 -4347635.314617965 -1692179.6297424063
-4336551.988638364 -4348223.4960442325 -1696145.7125746931
-4334667.535362535 -4349976.690466382 -1696467.255880063
-4334151.318481742 -4350825.297081827 -1695609.7967326688
-4333596.854899328 -4350876.159562089 -1696895.9730522418
-4332961.406958547 -4350086.327406118 -1700539.73488483
-4331377.240572014 -4351077.13846617 -1702039.933424542
-4330022.504225332 -4351082.973932215 -1705468.57691937
-4329343.896054286 -4351464.211680912 -1706218.521807131
-4329304.086211195 -4349905.511519435 -1710289.2065285007
-4329485.598475902 -4348417.876990044 -1713609.4711640582
-4328569.540012684 -4348104.886277061 -1716715.0710609914
-4328799.386490832 -4346818.1652195845 -1719391.9593954273
-4328994.850652981 -4344587.2717453195 -1724530.6669376858
-4329614.921588 -4342480.24318835 -1728276.8783621977
-4330206.879409941 -4340952.044305909 -1730631.3098251666
-4330694.426682352 -4338713.844051448 -1735018.4327950864
-4330787.687429049 -4337293.010214503 -1738334.9360688126
-4332554.153608154 -4334369.34984854 -1741223.0888505597
-4333127.485282553 -4333581.2730924 -1741757.8895448553
-4335171.1794290375 -4330331.449255075 -1744752.528194267
-4336207.5990559235 -4329250.521892553 -1744859.4718723656
-4338247.222460883 -4326300.448970206 -1747105.1662823942
-4338257.47135119 -4325555.648813991 -1748922.9374900875
-4339227.306589384 -4324106.920589773 -1750099.0603553469
-4339850.661236946 -4322615.143833955 -1752237.3002703171
-4341990.127695212 -4319164.060549643 -1755444.2597398607
-4341800.161989464 -4317919.882379273 -1758971.3592614385
-4342599.76769806 -4315851.710513082 -1762070.449911143
-4342780.393702268 -4313922.484993678 -1766344.3168140082
-4344237.421501911 -4310702.555471056 -1770617.3228221103
-4346489.4964431245 -4307069.585201747 -1773928.3090191842
-4349643.249004663 -4302077.450932057 -1778306.5575344684
-4350238.518452182 -4299663.238148964 -1782683.8954467878
-4351754.649985591 -4297109.603753025 -1785139.0757199612
-4362619.070181278 -4286834.486557172 -1783324.404968077
-4369406.435505657 -4277643.935409473 -1788767.9456028675
-4374770.867873863 -4272291.586989613 -1788447.776520169
-4378459.683539051 -4267392.217803384 -1791115.7023079891
-4381893.312140479 -4265075.613644753 -1788234.3277410201
-4387392.403036415 -4260448.385158018 -1785779.5102371366
-4394722.127966982 -4255213.879751306 -1780228.4279072732
-4401810.115392951 -4248552.120968255 -1778626.8814567125
-4407363.259120011 -4243819.846960288 -1776170.9401701726
-4411240.6790102925 -4239252.27640979 -1777452.3365759298
-4415581.735237804 -4236610.269060716 -1772967.108415602
-4418807.906129149 -4234228.617452391 -1770617.3228221103
-4424058.05105213 -4230529.413132555 -1766344.3168140082
-4428450.724573234 -4224679.517743203 -1769335.5115375533
-4431360.894692086 -4221402.98811943 -1769869.6090079949
-4433782.089992983 -4218546.156506969 -1770617.3228221103
-4436681.30072903 -4215407.190362497 -1770830.95048667
-4439203.05188675 -4211762.983067344 -1773180.7123311025
-4442290.84127855 -4207920.821935379 -1774569.0851064103
-4444154.884319902 -4205861.960224595 -1774782.6728113159
-4448306.732790992 -4202732.496837045 -1771792.248271842
-4452108.21971434 -4198389.658400231 -1772539.8941039394
-4455629.518704447 -4194517.0077981865 -1772860.3056477201
-4458224.939460607 -4192119.584039541 -1772005.8640658092
-4462557.10852307 -4188275.564123373 -1770190.0610209228
-4465590.546792667 -4184091.659224224 -1772433.0891760762
-4467222.843058999 -4181669.5842409674 -1774035.106384835
-4468512.128903127 -4181559.6927091153 -1771044.5759935249
-4471495.815683179 -4179816.1923327576 -1767626.309105156
-4475849.565904003 -4175696.279407279 -1766344.3168140082
-4478739.005643845 -4171963.53897991 -1767839.9669502357
-4481891.359676777 -4168622.1214954844 -1767733.138296937
-4484803.442201422 -4166078.112479064 -1766344.3168140082
-4489699.4572771145 -4160710.5955413473 -1766557.987577977
-4493723.467627911 -4155409.967951532 -1768801.4005928515
-4496501.394228249 -4153176.986506761 -1766985.3226481632
-4500725.988379152 -4148643.992945967 -1766878.4896879166
-4504236.768616665 -4145196.261535548 -1766023.8066326913
-4508232.311828079 -4141032.672002588 -1765596.4521929582
-4512054.321966389 -4136274.8536781725 -1766985.3226481632
-4513695.9769182885 -4133432.4067643587 -1769442.3321097125
-4514776.470898682 -4130511.8588277856 -1773501.11415321
-4516015.836165691 -4128606.1124536227 -1774782.6728113159
-4518003.212596907 -4126660.8199977716 -1774248.6994948993
-4518939.902332552 -4124623.912288003 -1776598.080965042
-4520467.304449094 -4122259.318065355 -1778199.7818102706
-4523373.800433315 -4117685.571096766 -1781402.8177632834
-4524017.2183655435 -4115961.63117682 -1783751.4004514033
-4524897.838316387 -4114021.1002977546 -1785992.9840580395
-4525177.270990542 -4112832.7233548984 -1788020.8767829626
-4524240.615216958 -4112702.429393103 -1790688.8570841518
-4523961.825104322 -4113891.276383603 -1788661.2231201476
-4525003.031839685 -4113395.4943653652 -1787167.051166841
-4525951.661466199 -4112815.379729891 -1786099.7201524398
-4525533.668996938 -4112579.753799686 -1787700.6962609899
-4524333.767179168 -4114085.243882379 -1787273.7812746053
-4523348.829639829 -4115353.5295235855 -1786846.8575772643
-4521381.3168805195 -4118903.220682005 -1783644.6523955332
-4520115.406973304 -4121216.001850425 -1781509.5772222388
-4519623.6701911725 -4124380.5048865965 -1775423.4229498776
-4521170.132825614 -4124201.178875401 -1771899.0564387015
-4520149.754570268 -4124860.5829451694 -1772967.108415602
-4519287.585963223 -4126676.6475135307 -1770937.7635098265
-4516671.014375436 -4129494.528116569 -1771044.5759935249
-4514808.235332574 -4132857.5741238035 -1767946.7950650195
-4513684.459519327 -4133856.4088209416 -1768480.9275600775
-4514891.840357094 -4132354.8208544524 -1768908.2238595379
-4513095.183471545 -4132302.969707946 -1773607.9136801444
-4510898.5432249345 -4133187.2938271407 -1777131.9947817742
-4506658.214269395 -4137122.10652273 -1778733.655013903
-4503247.531526268 -4140513.234566476 -1779481.054741081
-4503822.451019516 -4140896.787269095 -1777131.9947817742
-4506483.700953545 -4137541.684262522 -1778199.7818102706
-4508166.430312057 -4133869.343939873 -1782470.387928385
-4506614.710927721 -4133025.662579422 -1788341.0524029743
-4505781.396654247 -4133564.6681240294 -1789194.830084522
-4506653.160530398 -4132336.9248732724 -1789835.1404557573
-4509796.293049721 -4129137.725836514 -1789301.5498424675
-4513334.3964181375 -4124853.4017887427 -1790262.0031327142
-4518472.482633868 -4120151.344396868 -1788127.6025343393
-4527286.387860064 -4108837.6906867865 -1791862.6604426585
-4530528.562481304 -4104143.808736414 -1794423.4566432883
-4533650.029101474 -4101068.818371103 -1793569.8928707659
-4537579.222676866 -4097141.277672129 -1792609.5918315316
-4541985.159940479 -4092349.9020430534 -1792396.1855930951
-4546483.724749261 -4087211.15546345 -1792716.294131676
-4551301.044436052 -4082501.937876886 -1791222.412250017
-4554394.651601672 -4078253.4048028872 -1793036.397755423
-4557716.307309524 -4074353.056680221 -1793463.194940273
-4561249.604990595 -4069926.8522850354 -1794530.1496554376
-4565618.22672826 -4066531.169032455 -1791115.7023079891
-4569799.977312871 -4062395.7632585475 -1789835.1404557573
-4574715.5553694405 -4056200.015458113 -1791329.1216464075
-4577926.438672109 -4051631.8058902556 -1793463.194940273
-4580069.264829113 -4049823.438253694 -1792076.0721405584
-4583978.1559855 -4045445.7176857595 -1791969.366564541
-4589739.765449198 -4038576.255836843 -1792716.294131676
-4595348.6787179215 -4031005.95185444 -1795383.674070679
-4599327.597781779 -4024989.221428867 -1798690.7504249709
-4603341.923690778 -4018581.67537078 -1802743.8675433276
-4605248.880364016 -4015150.504141138 -1805516.5961577715
-4610685.4968717145 -4008714.212258312 -1805943.1368055472
-4615373.104568374 -4003604.8780162237 -1805303.3225338024
-4620024.388465695 -3997899.432967992 -1806049.7705922683
-4624005.7400035085 -3992038.9134742757 -1808822.0558478718
-4630079.2370341085 -3984605.83783245 -1809674.9917864283
-4633567.541035344 -3978607.499114125 -1813939.141938484
-4636236.77827229 -3974718.151926736 -1815644.5545699433
-4638320.863286459 -3971310.9349767393 -1817776.1212359802
-4642389.959910842 -3966797.628978653 -1817243.250324061
-4650027.97358229 -3958183.767709893 -1816497.207798597
-4652374.843139257 -3953464.626255547 -1820759.9424062069
-4655312.576113009 -3949808.446427738 -1821186.1670933494
-4655800.198780697 -3948545.4083404182 -1822677.883584322
-4658413.976901023 -3945313.707562912 -1822997.522963041
-4658231.872637414 -3944740.646501735 -1824702.1818866779
-4661688.458246554 -3940408.535813315 -1825234.8586251682
-4662039.615485223 -3939449.9863891215 -1826406.6985162816
-4665280.684691341 -3935215.6272413214 -1827258.9034292828
-4663231.302413966 -3935019.4737297427 -1832903.8604231926
-4661915.500950103 -3936974.819282394 -1832051.8918244413
-4661768.898517103 -3936851.013930914 -1832690.8716228625
-4664562.414476183 -3935027.789284913 -1829495.7717938605
-4667235.177135795 -3931708.6302560424 -1829815.304361714
-4670585.7356649125 -3928124.676681392 -1828963.2063686124
-4673542.313696474 -3924209.3718368616 -1829815.304361714
-4673194.808650927 -3923778.51876857 -1831625.8941302297
-4673860.805138614 -3920444.9839736186 -1837056.6953213804
-4673407.800270125 -3918536.737391875 -1842273.1529511584
-4673391.151721808 -3918106.0653086086 -1843231.1314645833
-4675248.0783561 -3914385.594135766 -1846424.064577249
-4675773.941063281 -3910940.657206748 -1852382.8513244272
-4674883.50137026 -3908116.2049583704 -1860573.2926057815
-4670926.173364524 -3908687.443278604 -1869291.885643977
-4669934.089585025 -3908550.208560039 -1872055.5189675735
-4670247.718949547 -3905625.743944381 -1877369.114448584
-4671628.1973625 -3901517.925524659 -1882468.8211009915
-4672103.4787428705 -3897764.118166287 -1889053.9862730626
-4670505.694016763 -3896431.145126989 -1895743.097954303
-4671586.7750525065 -3892495.6377247334 -1901156.4147771858
-4671857.500221354 -3890925.609951906 -1903703.3370370162
-4675318.082043695 -3886350.8087362107 -1904552.2369183407
-4677077.026591308 -3882984.159571 -1907098.7137147605
-4679437.522652052 -3878050.6516066263 -1911342.0978907598
-4680161.435016749 -3874243.4710469637 -1917281.270244911
-4680148.248477064 -3873681.953609913 -1918447.6783467317
-4681576.015887446 -3871010.0874520876 -1920356.193603578
-4682191.542054391 -3869318.0899537946 -1922264.519328866
-4681021.395187468 -3867938.6295792144 -1927882.3759778584
-4678996.043726769 -3869701.8659756584 -1929260.089063617
-4678835.122807395 -3868468.774058858 -1932121.1757328983
-4674941.85623144 -3870472.7498846534 -1937524.279397723
-4672324.989459496 -3871881.087228849 -1941019.587544616
-4671750.781244878 -3871405.250053283 -1943349.4353300845
-4671106.059430419 -3870320.964754387 -1947055.420714855
-4669495.960451402 -3868849.444713326 -1953830.1997536593
-4666823.847182506 -3869933.4215426296 -1958063.1992343955
-4665165.897833125 -3869520.5611343826 -1962824.1828174794
-4663572.7695338465 -3869023.572014259 -1967583.955631989
-4660615.168812548 -3871241.3852537586 -1970227.7496099153
-4659324.2007044675 -3870856.2556953775 -1974034.1538265315
-4658882.959505514 -3870902.003202504 -1974985.6331710315
-4658226.556336413 -3869532.132443618 -1979213.840348877
-4659646.589592933 -3867551.562911116 -1979742.2984617783
-4662534.483555881 -3861846.6104997704 -1984075.085933929
-4663687.506050997 -3858823.4024610184 -1987244.7746875563
-4667365.687124418 -3853229.1118462803 -1989463.232702211
-4669344.515061502 -3847605.2051589014 -1995694.612133629
-4670548.0518886065 -3843125.441916663 -2001501.6194578519
-4671807.449922832 -3841154.2744787694 -2002346.1215531647
-4675030.38677421 -3835742.5321210837 -2005196.0278274817
-4677312.875113959 -3834338.243412962 -2002557.2409781408
-4681823.629553471 -3829436.294936918 -2001396.0539519852
