4916534.140570659 -3714435.2179933954 1618735.3260905521
4913223.719006158 -3717594.62001748 1621531.3528305206
4910869.601903416 -3718779.4424777906 1625939.79325975
4909201.045878756 -3718864.2447024905 1630777.3669683756
4907763.593829774 -3719393.318372908 1633894.3816299841
4906682.3283257475 -3719922.2883040924 1635936.3367424386
4905925.140069663 -3720022.4763817345 1637978.1119560667
4903742.076608007 -3722142.824697418 1639697.3619109474
4902522.0945574865 -3722565.616389222 1642383.4339314336
4900027.723558497 -3724853.050398448 1644639.4928054966
4899486.14136676 -3724711.2152634948 1646573.0817201512
4896207.471489092 -3728830.2925353493 1647002.7460830556
4893932.065056455 -3730202.3319026665 1650654.5688544798
4890423.026394536 -3734279.2782184035 1651835.916542179
4888622.104166207 -3735876.5579203814 1653554.1317533362
4885552.418294206 -3739747.5595878824 1653876.2827539784
4881876.378910374 -3742882.885835916 1657634.3758361018
4879702.244528249 -3745003.8324998613 1659244.797884664
4877915.655499391 -3746474.3853567946 1661177.1542190714
4877190.949323204 -3748083.6319595794 1659674.2245623127
4874399.624841283 -3751760.534178923 1659566.8686511675
4871202.205065403 -3756480.041270595 1658278.5582952043
4867342.730477763 -3760010.563204328 1661606.5444795093
4865698.478941793 -3761995.8400853174 1661928.5818603323
4864040.715982826 -3763427.680389743 1663538.700402715
4863416.895975556 -3763759.2671208065 1664612.0494282572
4863015.690542588 -3764941.7916857773 1663109.346601867
4862405.858472412 -3766913.4256513948 1660425.7017826596
4860819.090977645 -3769622.5494511644 1658922.7225692472
4858472.475792179 -3772693.7051722985 1658815.363120058
4856932.054296391 -3774487.8752806876 1659244.797884664
4855923.548604109 -3775879.5900752326 1659030.0815130998
4854947.836979144 -3777841.0002099625 1657419.6443098306
4853552.3680656 -3780292.457529076 1655916.467094151
4852355.736313602 -3782627.0784492153 1654091.0475687971
4849790.61446672 -3786618.6734840143 1652480.2623488996
4847221.891194229 -3790608.299595672 1650869.3638697914
4843993.657007508 -3794218.619673732 1652050.7004908135
4842396.50682201 -3795695.723461874 1653339.3619010134
4841821.061014473 -3796336.2004014016 1653554.1317533362
4842252.308102804 -3796674.329157528 1651513.7368454738
4842581.353310594 -3797887.7662327415 1647754.639401209
4841181.143677987 -3801021.8458726564 1644639.4928054966
4839219.199009909 -3804262.1374512967 1642920.6108295005
4837097.131182275 -3807377.1083323285 1641953.6834074098
4835142.624372787 -3809256.6795922667 1643350.343339829
4835117.839574754 -3808963.6281482996 1644102.355958809
4835785.983866335 -3808532.620169862 1643135.47808572
4836239.280201465 -3809299.9337327145 1640019.7070463393
4836115.9606332695 -3810981.155045214 1636473.6634600633
4834880.883824108 -3813976.261852342 1633142.0370742558
4833397.721814252 -3817050.5386310676 1630347.401107223
4831044.447597003 -3820945.3804681497 1628197.4526516404
4829398.479892491 -3822521.7206227905 1629379.9488698372
4828775.838179385 -3823399.8557824898 1629164.9540231985
4829487.814309717 -3822729.52924451 1628627.458222414
4829888.756634191 -3823046.8908617706 1626692.370674547
4831223.250856287 -3822594.767978391 1623789.4383847457
4831243.723330569 -3824256.5533768674 1619810.7604695873
4830729.583318434 -3825907.10900134 1617444.7397500565
4829634.99669334 -3828333.2840553345 1614970.9176666338
4827294.857258924 -3831419.6412388873 1614648.2260264687
4826154.940952668 -3833398.9274155917 1613357.4152081562
4824887.99348524 -3834178.3240165184 1615293.6048792647
4825260.573496467 -3834886.615516906 1612496.835342578
4825125.861047668 -3835191.7898301114 1612174.1097873736
4825893.8413590705 -3836077.0972066782 1607763.0846051227
4824567.090899694 -3838871.442343626 1605073.03091362
4822720.3466770975 -3842628.3961308566 1601629.316351178
4819148.181104035 -3846524.6396169844 1603028.385706598
4817433.354860315 -3847909.597458748 1604857.813410318
4816085.359056238 -3847934.4875804014 1608839.0204036909
4817545.586911741 -3845520.794967319 1610237.6636699117
4819297.860107436 -3842377.270853821 1612496.835342578
4823103.656132322 -3839494.4963017767 1607978.275683906
4825208.8498733435 -3838694.457747757 1603566.467334803
4825538.335220129 -3840882.3085173615 1597323.9707208069
4823434.483115414 -3845399.9687256813 1592802.5199683956
4819612.590234539 -3849788.0418822966 1593771.4744067898
4816398.031947561 -3853006.999543834 1595709.265285467
4814343.78953113 -3853431.08281882 1600875.937157161
4815008.20790163 -3851481.7333955155 1603566.467334803
4816842.901998149 -3849366.2352816463 1603136.0030089905
4818685.396506074 -3848358.657835806 1600014.9031053735
4818533.144186971 -3849890.2080713226 1596785.747734546
4816092.813521567 -3854279.4130285373 1593556.1545958498
4813009.955346626 -3857327.4665093254 1595493.9629616316
4811806.482557425 -3858294.2669332726 1596785.747734546
4811420.885422678 -3857571.1976736207 1599692.0072930767
4812379.188816157 -3856821.946453164 1598615.6562496128
4813240.094139565 -3855167.0659010434 1600014.9031053735
4815000.996815937 -3855198.158796653 1594632.7342283037
4814195.238045478 -3857449.5136782005 1591618.1889523813
4812138.715382253 -3860768.953654441 1589787.74382533
4809018.463483321 -3864477.6750661684 1590218.4493935737
4806947.287685809 -3865990.0291894674 1592802.5199683956
4805776.301295697 -3866291.586279472 1595601.614366573
4806792.994823742 -3864760.792529056 1596247.5125880665
4808520.01943657 -3862834.2138072466 1595709.265285467
4809945.928757804 -3863012.9084785315 1590972.1654870198
4809221.578300343 -3865331.641705237 1587526.4125181213
4807606.934301988 -3868179.0164142796 1585480.2623254887
4806201.664360181 -3870365.982170493 1584403.2711272899
4804499.812059914 -3872037.5635694135 1585480.2623254887
4803943.4636146305 -3872419.074864108 1586234.127429768
4804025.451700688 -3871655.2675549607 1587849.4729116892
4805125.202264099 -3870466.9721972574 1587418.724753045
4806250.597510157 -3870128.8290861147 1584834.0734000488
4806312.775291365 -3871285.2370258635 1581818.2953982516
4805252.3261257345 -3873612.5032571233 1579340.766545744
4803124.384823801 -3876601.7752663293 1578478.957703566
4801510.267381737 -3878206.1082577705 1579448.4904864347
4800394.266101727 -3879104.777523465 1580633.4220723957
4800042.226872425 -3880066.798828123 1579340.766545744
4799539.840915538 -3880907.383509062 1578802.1396265265
4798969.522756785 -3881831.6349450373 1578263.5006840432
4799290.315721977 -3881259.7718282235 1578694.4127997598
4800609.61192171 -3880109.8555441764 1577509.38597329
4801443.912909599 -3879952.97659242 1575354.6428074462
4801411.1950869905 -3881173.3907843884 1572445.4350979957
4799694.350538262 -3884081.2002499197 1570505.769259137
4797861.612697612 -3885647.695100277 1572229.924331863
4796512.723355529 -3887051.114270195 1572876.4508820674
4795446.343477326 -3887712.4546913137 1574492.6917797935
4793799.9599644905 -3889567.890390111 1574923.6711316134
4792383.588159073 -3891748.7915282054 1573846.208364183
4790663.719677679 -3893822.166822881 1573953.9567988622
4787340.1426037755 -3897646.574761721 1574600.4373372572
4785506.191724007 -3899070.9294187548 1576647.5117580185
4783944.717156502 -3900855.9698041053 1576970.718191705
4782670.040586035 -3901067.51418129 1580310.2646886124
4782650.002943131 -3901746.262937006 1578694.4127997598
4782158.569091819 -3901345.344995769 1581172.0080818278
4782477.621797086 -3900910.5644690334 1581279.7238388879
4782909.264320917 -3899594.731656231 1583218.5250659795
4784326.859132817 -3898248.985298159 1582249.1439726504
4784341.973017697 -3897705.57492281 1583541.643417304
4785300.650418834 -3897097.275216977 1582141.4325519393
4785289.228326606 -3897504.725092688 1581172.0080818278
4784844.162754094 -3898531.5302815256 1579987.1029723187
4783552.480543654 -3900814.144290036 1578263.5006840432
4778270.9136658665 -3906236.6753724827 1580848.8579208637
4776752.478717411 -3907221.2516655144 1583003.1104203293
4777117.2857580595 -3905989.12121725 1584941.7727614003
4777641.1998001505 -3905304.5641058628 1585049.4716399508
4779035.295652006 -3904079.2862200215 1583864.7574272584
4780340.946991957 -3903615.9052307736 1581064.2918431151
4780619.456685068 -3904538.7670700005 1577940.3115490917
4778825.818210258 -3906690.3098611506 1578048.0417414543
4776941.465275327 -3908210.842799344 1579987.1029723187
4776855.320156025 -3907444.5277827783 1582141.4325519393
4777134.760529152 -3906142.5291489596 1584510.9724195166
4778840.4267631 -3904754.575097498 1582787.6938458374
4778376.698642071 -3905627.53377778 1582033.720649281
4775892.156181719 -3908883.2408614736 1581495.1539079188
4772777.580175237 -3911901.3452354777 1583433.9377825262
4768992.894730112 -3914507.8436448616 1588387.8972267997
4767254.191125405 -3914612.811963881 1593340.8328432103
4768201.156194751 -3912186.758885438 1596462.8081056224
4770284.701068922 -3909162.2194410525 1597646.898673953
4771760.6465490805 -3908284.0033055176 1595386.3110706748
4772495.956833301 -3908747.083707902 1592048.861566367
4770425.584100813 -3912061.9210117864 1590110.773728043
4768093.683849217 -3914466.2387831183 1591187.5085810411
4764871.404544318 -3916417.0700319125 1596032.2151255314
4765422.731624361 -3913944.5107991225 1600445.4240314558
4766824.782278553 -3912588.954169751 1599584.3743810123
4768128.957649103 -3910735.3098507845 1600230.1645433304
4768682.593702352 -3910632.5545440996 1598830.9303550844
4768535.4308952065 -3911207.9071678757 1597862.18154275
4767457.317263319 -3912829.6133110407 1597108.6829857912
4765767.917455712 -3914228.019370327 1598723.2935458482
4764412.258876495 -3915482.385258554 1599692.0072930767
4764059.414408642 -3914635.219702519 1602813.1496369133
4764483.069291109 -3913590.514810248 1604104.5367511518
4765442.5586699145 -3912289.742116469 1604427.372537565
4765957.063402238 -3912015.9578720657 1603566.467334803
4766651.250757329 -3911611.1409640363 1602490.2918706327
4766777.504617371 -3911853.971052247 1601521.692215423
4766353.115622566 -3912062.5810942235 1602275.0509189921
4765507.481604019 -3912343.0419571446 1604104.5367511518
4766076.734681892 -3910722.095897717 1606364.294853864
4766390.492289883 -3909587.7602085094 1608193.464803417
4767562.630649879 -3908600.888458632 1607117.4996157573
4767745.584767001 -3908333.471213397 1607225.0983380657
4768647.688928296 -3907542.4838407594 1606471.8970023764
4768476.916557094 -3908237.267878668 1605288.2464611891
4767403.754016321 -3909722.9882597746 1604857.813410318
4764829.504042183 -3912064.8752055313 1606794.7005116262
4764417.42715672 -3911726.5479877084 1608839.0204036909
4764367.871629262 -3910989.876030597 1610775.581318831
4766107.577037769 -3908381.7476257486 1611958.9569617012
4767174.141519668 -3907169.5152100422 1611743.8021719058
4767597.614327736 -3905986.6664710133 1613357.4152081562
4768230.071599026 -3905392.305539883 1612927.129205973
4767916.67383522 -3905552.7562681395 1613464.9854801423
4767810.5112639265 -3905326.7484298535 1614325.5299596537
4767145.304158613 -3905338.008455467 1616261.6399431038
4767949.221184779 -3903911.0703926934 1617337.1876850054
4768093.244084782 -3903333.9972796347 1618305.1385304444
4768959.415593165 -3902097.261280375 1618735.3260905521
4768672.585448389 -3902001.5214066636 1619810.7604695873
4767862.650298825 -3902589.326045889 1620778.6092240221
4766438.75363302 -3902674.3267271826 1624757.1225785797
4766230.291846047 -3901808.9170354963 1627444.9238089216
4765337.82582579 -3901911.837718804 1629809.9326068026
4764835.140040303 -3901222.404504484 1632927.077009062
4764482.129066013 -3900933.375759216 1634646.701797791
4763163.991215762 -3900965.16603842 1638407.936424984
4762631.008261635 -3900667.54015057 1640664.3838276174
4760490.0574977435 -3901969.0543410094 1643780.0678406677
4758736.926249616 -3902476.454792629 1647647.2275755864
4757145.416128486 -3902282.3569950573 1652695.0402578278
4756111.784448562 -3902267.739423091 1655701.719419082
4754960.219047193 -3902850.5725078858 1657634.3758361018
4753075.804920486 -3905054.127229767 1657849.1053425951
4749836.219849383 -3907672.018502921 1660962.4560525808
4747388.519341788 -3909550.1325196265 1663538.700402715
4744853.985633619 -3910660.3982586004 1668153.7412686658
4743883.092613984 -3910555.443306136 1671158.379220815
4742359.471663786 -3912219.651519503 1671587.5806506216
4740154.463694266 -3914295.1412109314 1672982.4290206449
4737263.067087235 -3917473.154918304 1673733.4655510928
4734372.946493918 -3920094.6993960454 1675771.8673117573
4731389.032558416 -3922916.2637551157 1677595.5442690975
4729796.461521878 -3923964.5020671445 1679633.5966787739
4727372.358248505 -3927389.0542239835 1678453.6940975196
4724931.28320076 -3929683.867498075 1679955.3775491142
4721840.188762847 -3933809.698085083 1678990.0211245425
4718365.271487093 -3937336.398637799 1680491.6687643724
4714584.812773406 -3941725.159367023 1680813.4373509043
4712709.521900115 -3943372.5625436725 1682207.7146326911
4709772.603458542 -3946788.3813496404 1682422.2111452392
4706810.7078874465 -3950183.128905168 1682743.9520702662
4702628.130906431 -3954933.3128587413 1683280.176693014
4698514.834572169 -3959180.536481022 1684781.5374270629
4693752.320709009 -3964141.625883982 1686390.0265871738
4689801.653165726 -3967400.721845263 1689713.8711230725
4685660.368765032 -3971058.3744079764 1692608.4295043063
4682893.954563367 -3973772.2238482004 1693894.7792842386
4680186.1763902595 -3977097.958891884 1693573.1988029142
4676213.042321426 -3982725.506058381 1691322.0054782603
4671213.451347761 -3988042.4516695794 1692608.4295043063
4665197.3529892815 -3995169.2207799004 1692394.0306544215
4661011.067955087 -3998781.2107257755 1695395.4267800439
4656950.880461264 -4002782.2860785183 1697110.3285370371
4655700.617758044 -4003827.4666727246 1698074.9026248623
4656178.917402155 -4005087.077906548 1693787.5863064101
4654515.003499856 -4007473.628658287 1692715.628155868
4652669.763649547 -4010836.5431113294 1689821.083684318
4648849.115164963 -4014903.2635721113 1690678.765640579
4646050.596315699 -4016877.093399374 1693680.3928126246
4643976.87994563 -4017917.843257817 1696895.9730522418
4642332.190388123 -4020179.8638059474 1696038.5304395086
4641726.487360179 -4022775.2577665434 1691536.4146361868
4638327.843183551 -4028627.053537312 1686926.1639607989
4634154.719783336 -4033381.878088462 1687033.3898940538
4630233.459816019 -4037075.902990376 1688963.368784125
4625811.970909209 -4040616.452246369 1692608.4295043063
4625192.088324737 -4039932.67390551 1695931.3477876815
4624590.629965074 -4040261.16630862 1696788.7945344716
4625247.953139867 -4040408.432804673 1694645.1156794927
4622115.21378517 -4045786.041538715 1690357.1387686594
4618162.8607005 -4050162.725552965 1690678.765640579
4611932.457229024 -4057389.8941772026 1690357.1387686594
4609330.503391172 -4057527.552990935 1697110.3285370371
4609015.040114043 -4057392.6349853375 1698289.2467331
4610323.7545412 -4055546.412214608 1699146.6024702974
4610492.622489145 -4057550.8936656313 1693894.7792842386
4608846.298072066 -4060671.99503507 1690893.1809801953
4604380.719577565 -4067026.494080769 1687783.957035812
4600299.951060527 -4070574.1737114126 1690357.1387686594
4597068.871252042 -4073154.395195765 1692930.0239120668
4597226.2979119215 -4071861.8325050334 1695609.7967326688
4598078.052377184 -4071613.8938952503 1693894.7792842386
4599466.3441266 -4070981.726491814 1691643.6184422595
4599043.157124036 -4073327.826614312 1687140.615313408
4596868.937801178 -4076845.6896627224 1684567.063478674
4594317.912902893 -4080030.1818747665 1683816.38849685
4590140.322546662 -4083490.5034022615 1686818.9375136774
4588816.376380417 -4083604.1502219485 1690142.718279431
4589099.883577477 -4082708.392294132 1691536.4146361868
4590543.43622667 -4081840.1480031675 1689713.8711230725
4590742.940985881 -4082591.473037968 1687355.0646102878
4589839.93877308 -4085376.3871930945 1683065.6883819557
4586145.864690119 -4090272.7189528467 1681242.4549647234
4582170.097815142 -4093624.2384114754 1683923.6293189884
4578609.458853795 -4096194.4911379116 1687355.0646102878
4577614.602507957 -4094872.9557436644 1693251.6136785634
4578960.876907822 -4093057.0002710624 1694001.9717460773
4579933.53653169 -4092057.3570548394 1693787.5863064101
4579709.536203564 -4094301.442604284 1688963.368784125
4576447.837255502 -4098432.811118412 1687783.957035812
4572014.516079347 -4103818.6936369464 1686711.7105527215
4567032.362210019 -4106981.3717417344 1692501.2303371467
4565088.196219522 -4107683.5399044296 1696038.5304395086
4564565.270780237 -4106492.2233378734 1700325.4125174144
4565304.038652788 -4106291.918658018 1698825.097949873
4564554.104100879 -4107347.132294341 1698289.2467331
4562124.391546024 -4111505.4009883287 1694752.3045284878
4557680.431790946 -4115724.593725467 1696467.255880063
4553785.4642657 -4119283.0176953296 1698289.2467331
4551688.713445038 -4119698.0681195566 1702897.144113245
4550511.439851213 -4120511.1889630994 1704075.754599292
4550711.690787788 -4119536.2752857297 1705897.1199730441
4550726.004285418 -4120850.0293975775 1702682.844552809
4549015.577360091 -4122915.0830490026 1702254.2392081963
4545353.76753771 -4127261.043573385 1701504.159892734
4542295.9282389805 -4128681.0310492455 1706218.521807131
4539970.851267536 -4130041.8286522063 1709110.927711909
4539869.290744672 -4127488.3592599737 1715537.1366213209
4543696.614774139 -4123586.530156448 1714787.5090524564
4546076.465053891 -4123142.589535064 1709539.4000271575
4544343.513968983 -4127356.7813436165 1703968.6107862727
4539068.832968046 -4133421.8951397417 1703325.7370090694
4534386.305699559 -4137852.141140981 1705040.0255534488
4530418.362697287 -4140031.5565183 1710289.2065285007
4528343.306855226 -4139730.973796918 1716500.9058680693
4528750.174135469 -4138797.221375853 1717678.7885397794
4529106.619935378 -4137962.573254365 1718749.536030086
4527885.914214698 -4140763.7779060192 1715215.8707980786
4523490.7934542615 -4145741.892632994 1714787.5090524564
4517962.570190419 -4151279.040607249 1715965.483736003
4514589.901292737 -4152687.1956617916 1721426.1756265494
4512045.139994694 -4154564.427794294 1723567.251358802
4511549.43062131 -4153235.0767487767 1728062.826497957
4511239.735241692 -4154550.3421937274 1725708.117079613
4510123.68672343 -4155850.773126949 1725494.0399654815
4507676.203195605 -4160146.5803515827 1721533.234396906
4501880.164561849 -4165577.0205300534 1723567.251358802
4498064.250158191 -4168900.2530034753 1725494.0399654815
4494566.273557945 -4170765.1615917436 1730096.2341581006
4493487.084704536 -4170639.5611707796 1733199.4894964446
4493654.836451159 -4170503.283610344 1733092.4880785896
4492407.654340685 -4171535.4685622468 1733841.4869152175
4490884.402270523 -4174063.7838698695 1731701.4216166907
4486201.105204016 -4178475.819395815 1733199.4894964446
4483100.765269704 -4180559.0962892952 1736195.3147244179
4480471.455857091 -4181910.0243973527 1739725.576375416
4480049.459290824 -4181516.148063552 1741757.8895448553
4479319.037379318 -4181273.2775008725 1744217.8018321965
4479944.606780962 -4181271.9786809734 1742613.5430644052
4476642.867364748 -4185652.438934762 1740581.3105143358
4472722.329285655 -4189308.1548258616 1741864.8480921357
4468343.952165233 -4193266.705623911 1743576.1126645391
4464164.965908284 -4195356.792793927 1749243.704666375
4463735.6153258225 -4195100.011786206 1750954.3819252371
4462516.395676266 -4195861.396884066 1752237.3002703171
4461869.503270117 -4197307.711467698 1750419.809943281
4458180.264032361 -4200735.85329951 1751595.8507019759
4456042.338298128 -4203716.139312008 1749885.2246311165
4451523.126952643 -4207389.124418902 1752558.0178491396
4449956.578727249 -4208556.131377715 1753733.9411909408
4447550.267166986 -4210252.621197772 1755764.9292317461
4447788.42305411 -4209153.517720893 1757795.7241965465
4447148.974755486 -4211344.7151922565 1754161.5336546104
4445736.817812656 -4212657.376912398 1754589.1175687101
4442855.647971339 -4216407.338839297 1752878.7306232257
4440661.483553902 -4218451.576223797 1753520.1417536684
4437929.242529324 -4221459.080321029 1753199.438591695
4435274.000567047 -4222916.363320187 1756406.2537740492
4434632.809089878 -4223634.143673352 1756299.3676877217
4433975.563161449 -4223746.160603171 1757688.845068174
4433778.645571553 -4225330.180614105 1754375.3266804866
4431410.54164904 -4227503.141478479 1755123.5854353255
4430340.615621829 -4229289.555236882 1753520.1417536684
4427771.210214479 -4231713.65097431 1754161.5336546104
4425931.400004261 -4233947.832451689 1753413.241233786
4423441.565952285 -4235707.870421656 1755444.2597398607
4422199.139534216 -4237182.103454585 1755016.6929311545
4422317.323657106 -4237147.300821223 1754802.9063190192
4421944.539673537 -4238862.991871171 1751595.8507019759
4418628.135159508 -4242496.471892814 1751168.2069846485
4416291.973594711 -4245589.520856843 1749564.4670470105
4414186.524356347 -4247866.6075489465 1749350.6259928134
4412173.296432933 -4250529.557353381 1747960.6071961152
4410493.8832817925 -4252623.689380858 1747105.1662823942
4408539.492059594 -4255790.375462795 1744324.7481673793
4407368.755441918 -4257484.65945178 1743148.3092631933
4405291.646877329 -4260683.420232138 1740581.3105143358
4402740.706297289 -4263275.689273698 1740688.2748960918
4400068.522292316 -4266644.304381795 1739190.7253141347
4397368.451700067 -4269688.451051323 1738548.8865579576
4394296.368003823 -4273415.720559961 1737158.1705243182
4390528.669749626 -4276764.983042093 1738441.911578165
4387300.062779425 -4279294.39758588 1740367.3801602225
4385831.6024124995 -4280103.239024921 1742078.763594856
4385015.358816405 -4281548.552151713 1740581.3105143358
4383320.534757749 -4283631.28764326 1739725.576375416
4380422.06150137 -4287679.644175538 1737051.1886627916
4376926.725357322 -4291594.024366914 1736195.3147244179
4372803.670485491 -4295492.27489543 1736944.2062721287
4368954.300497079 -4298758.7847210225 1738548.8865579576
4364856.530352804 -4302530.387144006 1739511.6375405276
4361464.705451576 -4305795.758496515 1739939.513090502
4357835.66808707 -4310029.821126091 1738548.8865579576
4353621.266242155 -4314588.4918876 1737800.0505797968
4348982.226013204 -4319178.38384857 1738014.0063637234
4345653.455974674 -4322355.4644017685 1738441.911578165
4342343.846445729 -4325551.377929236 1738762.8349287328
4338806.457927633 -4328368.7715043025 1740581.3105143358
4337263.911824855 -4329398.296549154 1741864.8480921357
4335299.978275741 -4330762.438190558 1743362.2120259835
4333475.593028591 -4332114.405323503 1744538.6392436568
4330029.449642143 -4335171.483991431 1745501.1227780094
4327728.87583142 -4336348.228986117 1748281.3887540784
4325145.497957179 -4338148.966795828 1750205.9774178124
4323816.746942966 -4337573.2078084 1754909.799892375
4323362.530395619 -4337723.167466959 1755658.0399359106
4322410.4473071955 -4337676.312894455 1758116.3583688024
4320582.310882975 -4339627.1368496 1757795.7241965465
4317454.036877461 -4341180.199415665 1761643.0159518374
4314995.515864839 -4342496.1239623185 1764421.183118864
4313659.478236693 -4341606.208873466 1769869.6090079949
4313883.830446837 -4340468.1749953935 1772112.6711531328
4314084.100273317 -4339003.27190268 1775209.8417333092
4314070.893705964 -4338535.627472658 1776384.5116498428
4312490.101801911 -4338005.733989523 1781509.5772222388
4309057.4290847955 -4339397.299602907 1786419.9251710486
4305125.69656176 -4341495.706102582 1790795.569208405
4305716.9140431965 -4340424.938346084 1791969.366564541
4306185.263349903 -4338018.940241841 1796663.8950597243
4305809.5193914315 -4337640.418578502 1798477.406539275
4305721.053958803 -4337551.299161007 1798904.0921190162
4305396.107178234 -4337829.599924858 1799010.7621440887
4301747.279284314 -4340209.335402452 1801997.3002353285
4301392.873684447 -4339851.761051102 1803703.7002563118
4300487.182620072 -4339240.909859103 1807329.3331116
4300888.95372288 -4338131.684944735 1809035.2931391527
4301347.937369052 -4337231.798621503 1810101.4465265416
4300065.551703913 -4338058.24947092 1811167.5447750872
4299223.883914871 -4338269.096999156 1812659.989627963
4297308.362110427 -4339364.702931929 1814578.6882591483
4296733.250337692 -4339086.892035694 1816603.7869625045
4295947.943258414 -4338748.194998154 1819268.0861308067
4297025.27757827 -4337413.005185584 1819907.46641151
4296285.4851529645 -4337877.508843489 1820546.8267346947
4295813.875841225 -4338612.791875951 1819907.46641151
4293237.437263497 -4340402.449938238 1821718.935469821
4292175.3587769605 -4340692.241816163 1823530.2441541369
4291713.659985849 -4340073.814842012 1826087.1124931513
4292372.930272024 -4339376.961085015 1826193.641723829
4292801.822920542 -4339356.083566966 1825234.8586251682
4293132.489174573 -4339387.361332287 1824382.5691732913
4290768.303201632 -4340784.335334576 1826619.753083313
4290412.397282928 -4339969.74612545 1829389.2598232739
4291890.497586902 -4338283.429075782 1829921.8141029212
4292659.150659654 -4338151.663836965 1828430.627015012
4291601.724064825 -4338748.766982506 1829495.7717938605
4290294.419317098 -4339547.417432322 1830667.366681625
4290149.984176489 -4338341.07033116 1833862.2823833753
4290593.578168684 -4336821.095707296 1836417.852996918
4292071.383370579 -4334681.694209127 1838014.9210329212
4291913.352567516 -4334522.094526835 1838760.176344747
4291233.573414256 -4334743.383445803 1839824.7791773938
4289637.765496214 -4336006.346213422 1840569.9678158371
4288504.5714087235 -4336223.034647059 1842698.9267926374
4287423.199307698 -4336794.62547784 1843869.7585417114
4286507.840238807 -4337382.595864568 1844614.7979083303
4284507.530620916 -4339901.245471425 1843337.5707146614
4282433.911125014 -4341133.579624345 1845253.3811659692
4281773.271603815 -4342282.5685653575 1844082.6297410345
4279431.30642853 -4344455.110320307 1844401.93232689
4276663.734700223 -4346953.703023762 1844934.092066145
4273572.115428873 -4348818.579059946 1847701.0961331946
4272740.307965076 -4348731.172932943 1849829.3019226894
4272043.912061596 -4348781.450007872 1851318.9118800906
4272113.0631461395 -4348396.384634959 1852063.6754144663
4271370.982534739 -4348400.046127445 1853765.8882391413
4270977.549611643 -4348151.318867207 1855255.205880499
4271236.332048567 -4347352.220939933 1856531.6756998599
4271775.502272883 -4346231.591097952 1857914.4261034806
4272215.49519623 -4344706.953307911 1860466.9447434766
4273610.027234832 -4342788.393756174 1861743.081677647
4274882.939203553 -4341352.9628243605 1862168.4425106486
4276185.459657234 -4339796.191306696 1862806.466742034
4276821.452250245 -4339078.123397036 1863019.136946628
4278011.27106728 -4338315.95076039 1862062.1031531906
4277837.964880028 -4338897.491074175 1861105.0234152118
4278293.142123441 -4338904.727135625 1860041.547627275
4277960.065086328 -4339324.296056066 1859828.845669438
4277793.812079495 -4339761.623055574 1859190.7262000937
4277074.416979934 -4340698.372383659 1858658.944400942
4276150.209523728 -4341881.981191005 1858020.7875583791
4274414.327589626 -4342999.196657983 1859403.434955589
4274186.620733934 -4342767.836145044 1860466.9447434766
4274049.380490225 -4342173.60141768 1862168.4425106486
4275141.100504728 -4341463.571956326 1861317.7117707354
4274300.49043711 -4342883.532937988 1859935.1969316406
4272700.907364813 -4344593.854744011 1859616.1414454563
4269848.917628725 -4346395.283036843 1861955.7632285159
4268451.630573317 -4346034.923408069 1865996.2813396538
4267418.32568779 -4346044.82113387 1868335.1536272836
4266330.247623144 -4345695.22372197 1871630.3696873225
4264121.766309702 -4347541.921839438 1872374.3749401371
4261454.552938256 -4348920.165432443 1875243.847593388
4257851.898041666 -4351164.328319509 1878219.1571546781
4256914.517177288 -4351117.821139417 1880450.3449993648
4254526.451218476 -4352626.420117765 1882362.590675649
4254342.692833269 -4352438.42467067 1883212.4180204596
4252588.064083644 -4354290.634779046 1882893.7370677108
4252451.897835557 -4354607.329504855 1882468.8211009915
4250604.525534525 -4356364.69375959 1882575.0509529016
4250109.6074805055 -4356617.9997244 1883106.191609826
4249531.416217648 -4357090.156087916 1883318.6438574337
4249828.396223581 -4356938.229522173 1882999.9646255656
4249806.728026693 -4357372.436239667 1882043.8959593475
4250690.255340653 -4357061.059405674 1880769.0655055793
4250273.372263295 -4358155.232906221 1879175.411429631
4249962.353962475 -4359053.814334585 1877794.1403777015
4248821.358670594 -4360623.4324707715 1876731.558399175
4247595.728173683 -4361497.192286992 1877475.371788763
4247146.513866579 -4361797.4111728445 1877794.1403777015
4247009.583045698 -4363027.746139275 1875243.847593388
4244823.528933073 -4365200.255526529 1875137.5782505404
4242735.389224141 -4367321.091866668 1874925.0378512777
4241264.810892573 -4368247.380295002 1876093.9817691015
4239624.926736942 -4370067.072515507 1875562.6521944099
4238481.617179686 -4370719.85778972 1876625.2970565201
4236917.015753761 -4372464.587985363 1876093.9817691015
4236177.684967394 -4372770.4771981705 1877050.3389968998
4234542.623425904 -4374900.824356704 1875775.185738501
4232147.059054582 -4376398.116943444 1877687.8847533544
4230519.9674474625 -4377925.418664813 1877794.1403777015
4228627.102882647 -4379024.498137567 1879494.152552048
4226901.291484645 -4380143.170523392 1880769.0655055793
4225482.145534215 -4380508.270611107 1883106.191609826
4225077.041690647 -4380853.339292718 1883212.4180204596
4223677.7374006715 -4382156.804164468 1883318.6438574337
4222024.139204308 -4384114.996844718 1882468.8211009915
4220257.488712902 -4385496.404921136 1883212.4180204596
4219819.145801753 -4386419.741703604 1882043.8959593475
4218473.91559847 -4387166.478390615 1883318.6438574337
4217559.031929842 -4388820.647019456 1881512.7266332104
4216037.45541576 -4389690.233882408 1882893.7370677108
4215047.365122463 -4390959.758987696 1882150.1281047948
4213167.0781486835 -4391761.899112767 1884487.0901933813
4211923.706700226 -4393227.714786702 1883849.7644362827
4210457.144612861 -4393539.650390986 1886398.9434424422
4209440.864481389 -4395242.461958002 1884699.5275203786
4207275.015712035 -4396359.083365296 1886929.9807562416
4204955.486489791 -4398850.995127442 1886292.7342556631
4202415.455242574 -4399728.401997115 1889903.5240451437
4201402.764041675 -4400513.016851475 1890328.279115479
4200699.671483652 -4400545.403241323 1891814.8492938734
4198938.659593959 -4402545.10694044 1891071.578317983
4197071.38732624 -4404279.67364274 1891177.7616143862
4193098.4580516475 -4407652.161084477 1892133.385354277
4190403.119063316 -4409439.9100979 1893938.325020184
4187618.5894721556 -4410670.323019802 1897229.256241753
4187054.0468471856 -4410384.017632273 1899139.864726769
4185622.646993172 -4411651.107452951 1899352.1429916641
4184202.2510770867 -4412312.7537744315 1900944.15619211
4182256.634742497 -4413654.052313075 1902111.549739587
4181488.995597473 -4413923.905259058 1903172.7557633494
4180079.2769151847 -4415213.219043864 1903278.8731776911
4178628.9729061234 -4415533.311313818 1905719.4136250867
4177592.312847306 -4415827.054951879 1907310.9050163017
4176846.864884989 -4416119.693109831 1908265.7371099982
4176875.750560222 -4416459.0288230665 1907416.999795588
4174982.269347866 -4417699.195738614 1908690.0918172535
4173713.650703512 -4418210.10901663 1910281.3391001914
4172738.649651699 -4418259.201792358 1912296.731022691
4172872.0181187782 -4417628.0718541145 1913463.440771159
4172155.117842573 -4418259.208608278 1913569.5017971466
4169657.7717088712 -4420248.738106256 1914417.9690177017
4168197.960619701 -4420246.525488902 1917599.3885556636
4167799.2349670287 -4419978.238918581 1919083.8711464487
4166128.0869286065 -4420678.55883813 1921098.3428063823
4165026.3196573923 -4421209.774970031 1922264.519328866
4163536.9641958014 -4422566.27830464 1922370.5318636796
4161716.9735835902 -4423726.013040909 1923642.6365963693
4160828.1368735805 -4424792.439287905 1923112.6032091097
4161536.0678951833 -4424771.488519081 1921628.4318244585
4161492.1717388607 -4425962.940685816 1918977.8404744405
4162711.1823075493 -4425092.30965219 1918341.644167883
4163280.8320171223 -4424924.063484504 1917493.3497028372
4164416.1918735337 -4423809.598736419 1917599.3885556636
4164811.9555395194 -4424539.458793736 1915054.2949410903
4162672.1170997624 -4426598.589852003 1914948.2420787348
4161693.389038682 -4427105.825693248 1915902.6968363044
4160986.3661149475 -4428366.653686552 1914524.0247963679
4158763.9176265066 -4430957.821628752 1913357.379162296
4155687.2328751134 -4433568.831707149 1913993.7400717114
4153022.624790783 -4435378.214747254 1915584.5505018407
4149244.7043695156 -4437859.291421802 1918023.5381253052
4148838.2369030984 -4437735.053719715 1919189.9012338712
4149865.8943727305 -4436039.885897685 1920886.3031025247
4152216.635080082 -4432966.42810138 1922900.5857532844
4152875.51894743 -4432119.194577514 1923430.6249991644
4152940.7761541065 -4431413.710456381 1924914.656948651
4151876.966862862 -4431673.547334275 1926610.5527301768
4152331.7479186663 -4429679.064785847 1930213.8322540051
4151716.093505364 -4429332.151045331 1932333.0910183962
4151882.349557211 -4427186.027293575 1936888.699737758
4152346.6334047555 -4425823.025437495 1939007.2159637515
4151288.518214191 -4425933.5285689905 1941019.587544616
4148151.5333707714 -4427851.942917238 1943349.4353300845
4146543.80700048 -4428613.835057984 1945043.6901414266
4145098.188524592 -4430013.425193194 1944937.8036580533
4144208.9839513996 -4430612.841780508 1945467.2301496558
4144193.413760992 -4429976.232062562 1946949.545494386
4143412.3258616226 -4430381.066282875 1947690.659581289
4143481.7173085045 -4429990.292876378 1948431.7445964671
4143187.6831430383 -4429985.879961316 1949066.9371766578
4143566.1699782317 -4429305.733663499 1949807.9681721437
4144401.3630212215 -4428803.871912406 1949172.8005288588
4144695.4051156826 -4428808.2116232915 1948537.6115105024
4144123.4528000406 -4429436.54256593 1948325.8770889048
4143775.3534844294 -4429529.342425947 1948855.208691129
4143782.373549739 -4428917.037120255 1950231.4013891865
4144971.5794746736 -4427244.395649392 1951501.6440009146
4147321.9376609833 -4425882.535176568 1949596.2479998192
4147570.2930019125 -4426302.40279595 1948114.1402933316
4147177.6445064903 -4428206.306561515 1944620.1406532908
4143907.036848843 -4431685.1871412955 1943667.1196547674
4140711.576391752 -4434624.574201701 1943773.0132455553
4137337.6395310718 -4436751.427440501 1946102.5223826577
4134280.372670469 -4437974.27746085 1949807.9681721437
4132530.569078395 -4437648.610121648 1954253.5425880677
4130748.712343987 -4438374.933814747 1956370.1138469228
4129314.694174499 -4438542.492299408 1959015.4926715419
4127454.7436297587 -4439805.182423071 1960073.5397982998
4125508.0895802015 -4440352.456814913 1962929.9687115902
4123142.9410021496 -4441847.305011441 1964516.685352085
4122815.281177651 -4441027.942582273 1967055.1518682705
4122031.6447906625 -4441427.371466593 1967795.4729421798
4120022.253146407 -4442682.3039405355 1969170.277002986
4117167.455075004 -4445046.942806376 1969804.7677673283
4115147.2026450206 -4445510.843848025 1972976.897429992
4113336.6587137375 -4446200.521898811 1975197.0664084258
4112822.845115246 -4446112.1124307355 1976465.6152827037
4110711.1774543626 -4447876.64948463 1976888.445644104
4109111.5040854877 -4449260.590435845 1977099.8572117644
4107114.4600265785 -4450681.4471173175 1978051.1794506959
4105723.5137757333 -4451823.715385734 1978368.2760189523
4103874.883526562 -4454184.999956636 1976888.445644104
4101067.7236835877 -4456910.401588323 1976571.323776233
4098266.4065967556 -4459954.827094891 1975514.2117518415
4094137.4351559365 -4464680.600332806 1973399.8072024488
4086714.5767768035 -4473014.3677711915 1969910.5141281108
4086411.8424995807 -4474407.776660979 1967372.435924357
4090006.53103505 -4473167.118811487 1962718.3963254585
4094532.810110673 -4470277.761178067 1959861.935148497
4099754.9378915303 -4467205.2215920305 1955946.8186571207
4100995.7565475847 -4464488.7797406865 1959544.5236963131
4099618.5975365615 -4465335.472235352 1960496.7419327763
4095514.772303397 -4468217.399055573 1962506.821547814
4091333.5663865306 -4471953.392566217 1962718.3963254585
4086891.4947187654 -4475874.164773024 1963035.754007758
4086074.7720706863 -4477176.227998722 1961766.2909966165
4085960.905189189 -4477836.196885333 1960496.7419327763
4087970.85406758 -4476742.417353456 1958803.8760841556
4088508.796964312 -4476390.024911605 1958486.4467280137
4090832.5257580387 -4473756.904184209 1959650.328110662
4092108.1510403235 -4470919.488266626 1963458.889212359
4092037.5886518457 -4469589.194086547 1966632.098071515
4087009.8382444703 -4473023.978442295 1969276.0269635061
4085112.9874946848 -4475965.489202288 1966526.3331245699
4084041.1275372403 -4478243.277151148 1963564.67151833
4085856.094939516 -4476308.956488194 1964199.3527921736
4086029.9922022363 -4474616.976896814 1967689.7145867804
4083809.040951145 -4474223.110058908 1973188.3535183559
4079045.761901419 -4478100.154253164 1974245.5978909675
4078325.3001393857 -4480292.703403866 1970756.4634091798
4077211.294267309 -4482839.601263739 1967266.675171581
4077467.324296968 -4481863.7373897 1968958.7752824458
4075868.6737011774 -4482620.666279831 1970544.979690229
4072828.9492182117 -4484778.535975054 1971919.5809331397
4072141.222413523 -4487167.437363707 1967901.2306981543
4072178.746072756 -4488153.122721159 1965574.4216492102
4073671.2576499246 -4488695.985333046 1961237.3226746137
4074362.576854413 -4487883.541364017 1961660.4985272633
4073736.0253428053 -4486878.681113576 1965257.1070454628
4070061.674117594 -4487708.137762348 1970967.9447268243
4069172.8804109185 -4488931.833421172 1970016.2598888243
4069311.8777972003 -4489872.51698288 1967583.955631989
4069620.580740998 -4490843.159360232 1964728.2373999488
4067711.747876171 -4492202.057916425 1965574.4216492102
4067781.166325496 -4490703.1915563 1968853.0235224916
4062771.215423574 -4492731.1248295 1974562.7594771194
4058510.7556401836 -4494953.6838287525 1978262.5777654692
4057823.636067518 -4496085.463287482 1977099.8572117644
4058839.816903652 -4496422.428990149 1974245.5978909675
4059347.4636014863 -4496984.8049648395 1971919.5809331397
4058705.1504798816 -4498166.958271527 1970544.979690229
4057167.2135101035 -4499461.541512451 1970756.4634091798
4054345.8509697546 -4500753.194868318 1973611.2584820145
4052396.863684202 -4501116.601707207 1976782.7389569653
4049503.722899254 -4503116.249959422 1978156.878909373
4049145.188110828 -4505247.318974319 1974034.1538265315
4050153.768416846 -4506053.121901562 1970122.0050494366
4049714.5560251116 -4506355.394199805 1970333.4935702288
4046917.7756761243 -4507988.744602008 1972342.5147418568
4042893.701690516 -4511736.658172842 1972025.315286421
4042479.4878730327 -4513492.922548138 1968853.0235224916
4043690.3670649813 -4514527.788965036 1963987.794760533
4044902.3914053557 -4514453.868688991 1961660.4985272633
4046055.717318346 -4514155.579867485 1959967.7377719188
4046167.6207492864 -4513963.395401492 1960179.3412276083
4047127.7787589976 -4513607.874181156 1959015.4926715419
4044871.5713864057 -4514895.101630929 1960708.339416935
4041024.978946328 -4519164.24735476 1958803.8760841556
4041476.6641034745 -4521416.042625081 1952665.9578636587
4043388.3208965897 -4521807.222961578 1947796.530649331
4046219.5439543864 -4520049.27762129 1945996.6418256778
4047088.808692362 -4519909.014471719 1944514.2518002635
4047943.938485656 -4518641.843859061 1945678.9965981594
4045995.8802409577 -4521069.533232147 1944090.6904651462
4047384.38600873 -4521191.737167445 1940913.6785703662
4050282.554199251 -4521093.621319326 1935087.7753773588
4053618.2785882517 -4519100.63628245 1932756.914525666
4053674.52675457 -4519322.028072976 1932121.1757328983
4055757.008710862 -4519580.248272369 1927140.4893569641
4059087.4871461634 -4518847.088050681 1921840.4633343848
4063148.2231864105 -4517179.0594653655 1917175.2296398762
4063036.3216962805 -4517054.653699153 1917705.426824356
4063853.150863628 -4517804.169082347 1914205.8557109076
4066935.592330934 -4515838.4714637175 1912296.731022691
4068295.075116842 -4515287.377605386 1910705.6496010884
4069133.7789638834 -4515742.7499775775 1907841.3731020868
4070881.2980245235 -4515779.87770566 1904021.6788426607
4072718.390603535 -4515598.635722953 1900519.632073489
4074551.896493233 -4515729.5322133545 1896273.8817690758
4073989.3115337985 -4514630.738547189 1900095.0986919652
4072546.390484287 -4516200.298383631 1899458.2812562648
4072058.422042231 -4518512.619996603 1894999.976360519
4076091.215538716 -4518386.767263249 1886611.3600920783
4077480.5514038834 -4518816.717953137 1882575.0509529016
4078069.199095524 -4518993.32774492 1880875.304528531
4076940.2755496665 -4521866.218301175 1876412.7726562847
4080451.323686545 -4520681.116191322 1871630.3696873225
4082662.3346073506 -4520750.611216448 1866634.182898344
4083196.2416894236 -4520707.27733624 1865571.0022651295
4080230.045909431 -4524085.892145851 1863869.7950620907
4082287.261264609 -4524461.220432571 1858446.2277177952
4083367.1846631584 -4524229.062160265 1856638.044509622
4083420.2089841045 -4524922.893135462 1854829.6978533694
4081124.2825738783 -4527777.858347267 1852914.799888568
4082636.594914752 -4530409.562598268 1843124.6916530246
4084769.124519542 -4530390.455688913 1838440.7845711685
4085651.5900859307 -4530415.163494676 1836417.852996918
4084108.12181221 -4533315.124543822 1832690.8716228625
4085417.980041366 -4534928.211771716 1825767.5214636996
4088052.9613320846 -4535464.8377423715 1818522.1172552546
4088299.6830203156 -4536693.763484341 1814898.4539577626
4087060.306014628 -4538662.396557301 1812766.5886915363
4084291.5249901903 -4543236.020648825 1807542.585825388
4084845.5342088407 -4545447.698324358 1800717.407993793
4086070.5837188787 -4547130.136079105 1793676.590254907
4088531.4701274736 -4546515.761299266 1789621.7058458584
4087336.591516992 -4548219.644194258 1788020.8767829626
4087718.1664306056 -4549762.19023149 1783217.6547390854
4089609.5211175554 -4550109.881662924 1777986.2287368951
4093358.7903713584 -4547571.828430581 1775850.5788928536
4093852.6326926346 -4547960.83314983 1773714.7126668056
4096954.5495236395 -4546457.432215673 1770403.693000108
4096771.5637370814 -4545456.672472254 1773394.3140860365
4098865.4718033522 -4545067.50689236 1769549.1521428693
4100327.5768578425 -4543498.862145982 1770190.0610209228
4102582.263503068 -4542170.495047099 1768374.102138356
4101047.96437757 -4544137.651585032 1766878.4896879166
4103795.282981277 -4542238.318781074 1765382.7717459726
4103605.357982779 -4542825.000515446 1764314.3372502734
4105683.696230399 -4540822.188837661 1764634.873243593
4106538.1305168313 -4540174.060758513 1764314.3372502734
4107337.2524180887 -4539783.266527077 1763459.550956407
4108019.088731324 -4539581.264846132 1762391.0197447839
4106409.0542475064 -4541783.764227604 1760467.5282982744
4108890.9772313004 -4540863.33338115 1757047.5590552026
4109233.572967759 -4539808.388037164 1758971.3592614385
4110185.254595997 -4537993.500322276 1761429.2957522916
4109727.3112106547 -4538283.795065876 1761749.8752466862
4110372.8530738424 -4539315.107326091 1757581.965404379
4110059.5903996313 -4540880.249174609 1754268.430434739
4111124.841289624 -4540782.66868702 1752023.485882237
4111198.3548738337 -4540386.023523924 1752878.7306232257
4113569.12639533 -4537907.811523064 1753733.9411909408
4113732.641079936 -4536974.131620472 1755764.9292317461
4114680.6292386753 -4534042.393482605 1761108.7114288395
4113624.161557471 -4534627.326142748 1762070.449911143
4110712.2070299075 -4537142.718109962 1762391.0197447839
4109564.6976750093 -4539218.702440497 1759719.4569128659
4110383.9470787183 -4538849.6856518 1758757.6122525083
4111614.758110425 -4538934.889122882 1755658.0399359106
4115384.194120543 -4535931.102132424 1754589.1175687101
4117061.287112168 -4533166.834582491 1757795.7241965465
4117143.807797211 -4532303.95811226 1759826.3258620223
4115339.43139576 -4531906.621772464 1765062.2470423288
4113553.076459425 -4531528.355313905 1770190.0610209228
4110439.9705285993 -4533183.694722487 1773180.7123311025
4108516.5192083833 -4533924.018013167 1775743.790718461
4107736.2626265455 -4535926.007012973 1772433.0891760762
4105417.191713732 -4538775.520159903 1770510.5081807738
4104953.3420769284 -4540651.602386715 1766771.6561894491
4105104.8770749127 -4541137.856851789 1765169.0891479224
4106951.57289617 -4539675.488624516 1764634.873243593
4109476.11875259 -4537847.22545204 1763459.550956407
4110898.0196069214 -4536392.984040249 1763886.9484018257
4111650.9779068385 -4534837.3492952185 1766130.6438978016
4111545.5485956594 -4533766.868205784 1769121.8687763563
4109035.2344606016 -4535291.782433102 1771044.5759935249
4106475.4216428213 -4535647.333476662 1776064.1536187422
4104450.3799803024 -4537229.099531661 1776704.8648108847
4101427.272707576 -4540254.481741248 1775957.3665262915
4098492.22571107 -4543696.824200121 1773928.3090191842
4096591.163410486 -4544618.495775867 1775957.3665262915
4097519.773030981 -4544532.11573362 1774035.106384835
4097536.881283538 -4544391.607579112 1774355.4952392466
4098823.8635165826 -4544064.486638088 1772219.477700641
4099196.079854837 -4543520.388294161 1772753.5023397934
4100609.806712547 -4542536.23329625 1772005.8640658092
4101063.259483336 -4541126.039200027 1774569.0851064103
4102148.144813375 -4539937.307801792 1775103.0503138693
4101124.7550864364 -4538645.4536087 1780762.249615118
4101820.083253257 -4536549.093091928 1784498.6216265447
4098871.1555064046 -4537743.298121458 1788234.3277410201
4096682.3815705273 -4537867.072293908 1792929.697093654
4093832.8358719116 -4539805.6405439405 1794530.1496554376
4091469.3115004343 -4541007.817026922 1796877.2575639505
4089245.021267962 -4542842.125132243 1797303.9760038205
4087684.487027537 -4543021.643713383 1800397.422589294
4087164.591719215 -4544038.608758342 1799010.7621440887
4085727.5290656528 -4544992.934027301 1799864.1026135797
4084145.387635912 -4546583.592525786 1799437.4367639539
4084509.258036624 -4545073.504064086 1802423.913419847
4085624.5174939437 -4544240.204038181 1801997.3002353285
4084960.891210837 -4543821.090372557 1804556.8475289217
4084708.1224821885 -4543539.928346577 1805836.5024687047
4083267.012820293 -4543053.19091314 1810314.6705883972
4082791.381193575 -4542205.079338123 1813512.7666731253
4078883.9972875845 -4544394.627451444 1816816.9436301796
4076413.4948353455 -4545630.610807508 1819268.0861308067
4072095.2689429033 -4548475.900103175 1821825.4874804632
4069103.996934503 -4550725.452923904 1822890.9770587413
4065178.7953490773 -4554488.021746721 1822251.6899731092
4061795.8739913255 -4558058.848825158 1820866.4994100262
4059137.5063851923 -4560681.619018362 1820227.14906823
4056784.363348093 -4563327.301165383 1818841.82152629
4056171.8904854264 -4565526.030908472 1814685.2773781489
4052467.7103833454 -4569702.7354395045 1812446.7898443441
4049801.3036843566 -4572319.450034456 1811807.1772440602
4051216.5656820675 -4571023.27593783 1811913.7807240675
4053409.5141504304 -4571568.336373611 1805623.2321447842
4053692.4096984114 -4572369.659109564 1802957.1675466325
4053544.2233892614 -4573971.235701747 1799224.1005501715
4053557.028437992 -4575594.285528737 1795063.606515858
4050980.139616893 -4577834.041978764 1795170.2962476497
4052411.6459016223 -4576232.00701879 1796023.7944130038
4054227.5450827465 -4574581.435967868 1796130.479222064
4055947.8240647437 -4574270.2942424305 1793036.397755423
4055305.8946207655 -4574672.105129361 1793463.194940273
4056718.815413466 -4573209.963247356 1793996.679128888
4056229.946001951 -4573141.171091599 1795276.9854326006
4055352.3604565626 -4572955.566621007 1797730.6856838495
4052956.9268636233 -4573147.735847988 1802637.2167179377
4053298.2456518877 -4570317.89266045 1809035.2931391527
4053823.349810158 -4569303.232547385 1810421.2817921615
4049163.252575255 -4571277.577479435 1815857.7211962177
4044729.9013203303 -4572700.308731649 1822145.1401825012
4041288.888919183 -4576208.282643311 1820973.0558591785
4037276.2655627346 -4580680.196034965 1818628.6858995964
4036073.421800951 -4583345.559517379 1814578.6882591483
4038627.8128854176 -4582697.365053582 1810527.8924444397
4039719.9841323737 -4583291.564174695 1806582.9312729095
4041406.452902368 -4582140.823650253 1805729.8675817726
4040930.175086362 -4581762.014363792 1807755.8363367408
4040577.8095267545 -4580556.653725543 1811593.968628355
4036383.5792130525 -4583536.479478843 1813406.1714756356
4031291.6575434636 -4586623.757206486 1816923.5211338822
4029088.3578284653 -4589444.993556204 1814685.2773781489
4029739.5286965976 -4589378.86735386 1813406.1714756356
4030607.3486882043 -4591013.622542958 1807329.3331116
4031961.022366764 -4590454.330394572 1805729.8675817726
4031423.993285513 -4591135.645480221 1805196.6848969117
4032336.1199366874 -4588781.097619323 1809141.9109582137
4033453.9160764227 -4587630.411972092 1809568.3767231728
4032760.7516537146 -4585712.089488679 1815964.3036796586
4030228.5439580022 -4586544.122902873 1819481.2151081103
4024132.77017188 -4590583.118471344 1822784.4305991577
4022983.768131383 -4592181.989270954 1821292.7218783037
4022721.1103232065 -4591397.120650686 1823849.8702033057
4025576.368476758 -4588512.726691434 1824808.7183461776
4025274.1311122524 -4587845.1750822 1827152.379762969
4022746.205762542 -4588193.5693810815 1831838.8940933559
4018458.3183937194 -4590247.9584092675 1836098.424282283
4014902.151089207 -4592165.946244845 1839079.5630772593
4012357.88864308 -4594431.750042184 1838973.1013932612
4010990.2929134606 -4595455.297589236 1839398.9447678311
4010171.266759669 -4596297.833248702 1839079.5630772593
4009182.543593264 -4595326.497887424 1843656.8850956887
4009551.9596073674 -4593807.376270936 1846636.9087959486
4007135.1580976886 -4594760.197080853 1849510.085416929
4002093.4322685786 -4597395.649654064 1853872.2717422012
3996353.7891176385 -4601656.931345008 1855680.7048653401
3992923.4144762596 -4604033.410247148 1857169.8800743178
3992577.6839365987 -4604933.610739891 1855680.7048653401
3990665.197434371 -4606462.51893834 1855999.823168721
3991907.408922422 -4604485.255212998 1858233.5087701879
3989905.5754955974 -4604286.502162933 1863019.136946628
3985250.6319614286 -4605732.169949172 1869398.1863547247
3979925.7963364655 -4608348.770092022 1874287.4029472922
3976019.3180119116 -4612280.919892633 1872905.7901534883
3973146.629385454 -4614971.404187738 1872374.3749401371
3972222.6145620127 -4615852.973912594 1872161.804862065
3970443.09627482 -4616391.89498137 1874606.2229689548
3968186.2316512307 -4616863.852078679 1878219.1571546781
3964306.1423399076 -4618379.478439655 1882681.2802313457
3960896.2227332294 -4621909.9059564425 1881194.0181595706
3957530.1685972055 -4625656.174467441 1879069.1632439229
3957044.1346957125 -4625251.504165602 1881087.7808555583
3954800.0976961893 -4627040.82570092 1881406.4910484287
3951330.872917614 -4630176.429435731 1880981.5429785347
3950148.5808267104 -4631573.358356915 1880025.376305112
3950072.0636035334 -4631811.096589932 1879600.3984478437
3948655.0421600672 -4632932.965430374 1879812.8885217255
3946833.2181735826 -4633579.536557425 1882043.8959593475
3943648.5585699184 -4635902.089098681 1882999.9646255656
3941395.0019193017 -4638335.555484397 1881725.1960833166
3941112.615235154 -4639479.936863289 1879494.152552048
3940684.8133013877 -4640617.569927622 1877581.6285570308
3939394.570318666 -4641067.893537229 1879175.411429631
3936541.343983137 -4643617.219249748 1878856.6651553474
3934052.0544492803 -4644952.438413193 1880769.0655055793
3932891.9848646605 -4645719.641383464 1881300.254890538
3932845.750746244 -4645500.611614826 1881937.6632405976
3932293.144353385 -4646656.562511761 1880237.8617977449
3930935.4715503417 -4647848.148603131 1880131.6193377888
3931034.514947075 -4648623.416150997 1878006.6499103366
3929873.553121491 -4648402.229954973 1880981.5429785347
3929326.8058540025 -4648907.392238728 1880875.304528531
3928536.544559269 -4649618.1929594595 1880769.0655055793
3927781.3728652364 -4650041.272711638 1881300.254890538
3927268.790093394 -4649269.823485935 1884274.6505701938
3925981.293130297 -4650873.360908795 1882999.9646255656
3925165.897068172 -4651389.5174313905 1883424.8691207164
3923763.7952590855 -4651539.568883878 1885974.103247869
3922067.372606144 -4651504.835540523 1889584.9516974553
3920850.6755844057 -4653521.738788265 1887142.391658445
3920268.1538343686 -4654313.872979701 1886398.9434424422
3919621.822668515 -4655030.338154538 1885974.103247869
3918862.2410090906 -4655282.481624124 1886929.9807562416
3917328.758676119 -4657089.204208961 1885655.4670695704
3916579.4202445215 -4657848.397972495 1885336.82572164
3915851.0939120958 -4658632.643141103 1884911.9625509267
3915543.6579382727 -4658762.111003143 1885230.61079034
3915610.505561744 -4659006.737023354 1884487.0901933813
3914974.453552161 -4659240.450134876 1885230.61079034
3915387.7146481504 -4659236.930897575 1884380.8706687952
3915295.0851931847 -4659787.1608557 1883212.4180204596
3913870.0507348394 -4660898.302724324 1883424.8691207164
3911940.4226009212 -4661573.341414137 1885761.6797034498
3912408.4109770833 -4660148.545266113 1888310.6105113912
3913889.955799572 -4658775.176512937 1888629.203575457
3911807.4994480433 -4660093.397252788 1889691.143055662
3910060.5871922015 -4660654.677852673 1891921.0285569972
3909211.5884764725 -4660633.823799749 1893725.9878279627
3907665.3117643907 -4660937.756020532 1896167.7261612683
3905028.139199093 -4661591.806360074 1899988.9638994983
3904688.805059754 -4660360.4946608115 1903703.3370370162
3904428.567296753 -4659884.677999609 1905401.099669439
3904373.592666094 -4658497.610707116 1908902.265682489
3901976.353713624 -4658939.785150696 1912720.9972705692
3900162.098136391 -4657929.538759604 1918871.8092178775
3899420.5823434056 -4656713.7054530615 1923324.6183216805
3899240.4506379054 -4654847.842791752 1928200.3185784612
3899939.799180111 -4653207.436529211 1930743.669004318
3898791.969016958 -4653157.4713143455 1933180.728612913
3896685.126853984 -4653777.0223168945 1935935.2904243104
3895177.0710413936 -4652965.793724669 1940913.6785703662
3895536.0673793987 -4651250.116246955 1944302.4723172414
3895686.415036553 -4650769.988137555 1945149.576032306
3895203.0400582287 -4650687.582874294 1946314.2817181353
3894235.9173815576 -4650522.144456707 1948643.4778309795
3894457.427537331 -4649137.950046335 1951501.6440009146
3894887.72028263 -4648332.996583859 1952560.1141223
3896019.282238507 -4646717.2809020635 1954147.707772334
3897193.8221460124 -4645153.29123562 1955523.5139342712
3897690.4119909713 -4643934.200986224 1957428.3101008066
3897656.1113927513 -4643070.438510977 1959544.5236963131
3896781.9004987837 -4642687.192029296 1962189.4548978247
3896687.43973172 -4641916.511477545 1964199.3527921736
3895517.550183002 -4641509.836699102 1967478.1960778371
3894957.9462605305 -4641665.598862798 1968218.500369206
3893043.05765502 -4642015.556959162 1971179.4236429036
3892100.1763430326 -4642536.739123918 1971813.845979177
3889403.1312284386 -4643268.843371658 1975408.4972391021
3888835.379630598 -4643249.529387669 1976571.323776233
3886027.157479089 -4644835.077349548 1978368.2760189523
3885053.061803005 -4644658.978351291 1980693.4850692651
3883098.842644385 -4645616.8141022995 1982278.6874664808
3882367.1962653366 -4645235.761236429 1984603.4051903253
3880325.452613429 -4647076.801954269 1984286.4154498642
3877772.336244394 -4648305.005742997 1986399.5775881272
3876252.8861576905 -4649617.29663407 1986293.9252274467
3873756.6363049303 -4650252.240987284 1989674.5004840016
3872672.3653794425 -4651426.3279645145 1989040.6898665861
3869253.5195703506 -4653593.193648361 1990625.17549691
3867355.358061887 -4654944.902171632 1991153.3070600922
3865463.772499629 -4655973.618361705 1992420.7609369936
3864688.359126335 -4657023.879486041 1991470.178719779
3860570.7398263225 -4661159.6822316395 1989780.1334657785
3857367.0717801205 -4664081.599348364 1989146.3264844178
3854493.909503536 -4666906.482856365 1988089.9330446257
3850307.6664533117 -4670630.605365866 1987456.0679095637
3847345.5657608975 -4674013.873421427 1985237.3683476702
3841468.505621229 -4680010.0396731235 1982490.0375232585
3835996.1096939263 -4685837.0684431065 1979319.5331773926
3830481.3856802857 -4691282.288305625 1977099.8572117644
3826012.5015634084 -4696173.025692062 1974139.876159428
3821273.492692158 -4701405.328775776 1970862.2043681815
3817827.742047843 -4705885.515208752 1966843.6261681623
3813462.9032554454 -4710747.290677043 1963670.4532261656
3807169.121198832 -4717770.933615046 1959015.4926715419
3803388.557646466 -4722354.499350298 1955311.857998598
3796321.65749131 -4729611.422339489 1951501.6440009146
3789322.243106008 -4735264.764948101 1951395.7937187064
3784221.7431446426 -4739734.006890122 1950443.1144333913
3780900.948281006 -4743210.174126438 1948431.7445964671
3777438.9275665893 -4747530.795800081 1944620.1406532908
3772044.335617781 -4753679.096237758 1940066.3854945754
3764180.9482556423 -4760469.093623712 1938689.4535852568
3755694.2895881515 -4765615.008336254 1942502.2510862586
3751152.7663047356 -4767549.717053504 1946526.0386820878
3747902.9235987756 -4769240.324368917 1948643.4778309795
3745861.2912742468 -4770411.499556443 1949702.1083829384
3745592.786501815 -4771098.076358787 1948537.6115105024
3743097.040526099 -4773920.202937757 1946420.1604965688
3739909.8729204177 -4776719.416569197 1945678.9965981594
3735592.7056416995 -4779277.061662814 1947690.659581289
3732859.8556720866 -4781109.916594737 1948431.7445964671
3729936.8665813343 -4782182.1825997345 1951395.7937187064
3729977.7215749817 -4781718.260306447 1952454.2697861565
3728955.542067311 -4782645.056884341 1952136.7332093457
3728058.744006083 -4783732.81474001 1951184.0913710354
3724509.36725409 -4786583.094419412 1950972.3866459054
3720936.793964394 -4788541.101485208 1952983.485518712
3717028.016465368 -4790064.45082623 1956687.5789819707
3713637.715472733 -4789836.559773726 1963670.4532261656
3713235.129765792 -4788281.717472105 1968218.500369206
3711617.399170345 -4787403.313186523 1973399.8072024488
3711666.6563633103 -4785051.820359233 1979002.45288317
3711114.5513596586 -4784167.6328322245 1982173.011532321
3708671.5585520114 -4783431.228450928 1988512.4976896266
3706745.37505951 -4782153.2721562665 1995166.6111079683
3706393.4419481023 -4777564.884976944 2006779.1167239468
3710194.9199583814 -4770076.007336827 2017540.4680314544
3714386.0921335686 -4764130.1967783505 2023867.6900206178
3718015.990005493 -4760042.044694172 2026819.634503083
3717629.5688912296 -4758006.508465846 2032300.532377595
3716827.8797561103 -4755611.668737955 2039359.989906415
3716961.7206900227 -4752021.105419312 2047469.6531510518
3718777.2776465085 -4747508.700809891 2054628.359337619
3722307.1882496784 -4742459.517972097 2059890.2681212511
3724141.6291545844 -4740195.793028984 2061784.1714758005
3725392.2335710586 -4737701.150433417 2065255.7989823737
3725572.3075214135 -4736228.6719962 2068306.0576207489
3725511.871036353 -4734621.175001535 2072091.8483489836
3727200.3511442165 -4730987.382379181 2077348.533635949
3729738.077742898 -4726906.520044615 2082078.1979057433
3733612.9150222824 -4722826.895300595 2084390.0109634355
3735303.9712236826 -4720561.291992051 2086491.3925312338
3734250.7856892864 -4719907.435335067 2089853.074129301
3733504.1981879403 -4717609.922931036 2096364.4762244099
3732766.61885564 -4715155.702706562 2103188.3102544146
3732759.3277302394 -4712441.812851274 2109274.9848547215
3732429.9331131657 -4711857.00261301 2111163.5136406654
3728786.52962912 -4713000.887198078 2115044.8349211286
3723683.273984967 -4715339.218890541 2118820.4090572046
3718763.635300917 -4716721.19298417 2124377.370529418
3714294.8833476817 -4718162.673192028 2128989.316280072
3710248.990899417 -4719121.006618169 2133914.3259336776
3707076.0952903996 -4721187.5994642265 2134857.2491835807
3702837.921008428 -4723422.845020195 2137266.702562718
3696554.5905471095 -4727631.288289283 2138837.899676669
3692371.3079263265 -4729762.027269166 2141351.5100994287
3689148.760874505 -4730568.397861031 2145121.221119362
3688319.007434049 -4731547.608293799 2144388.288032263
3686139.89962463 -4733861.926487308 2143027.041674742
3680564.931409213 -4738292.464451572 2142817.6093643955
3675308.0429124217 -4741424.37415864 2144911.8149326337
3671681.1370203183 -4743238.908774845 2147110.4494956946
3668912.975624944 -4744622.203717439 2148785.406056729
3667041.190583884 -4745452.696022558 2150146.184884499
3663970.6691119266 -4748155.606559935 2149413.47157334
3659190.7914320165 -4751556.086383079 2150041.5135189937
3653183.0436471202 -4755419.239595015 2151716.1767525766
3648792.3399943397 -4756229.957426159 2157366.9256018084
3647895.78456838 -4755920.627239517 2159563.9217966944
3645931.785849831 -4757141.446623465 2160191.581723036
3642798.288579916 -4758211.007153171 2163120.348044843
3640354.6484940406 -4759320.044190527 2164793.6969037266
3637917.5994830057 -4759231.520378301 2169080.88249596
3637771.704438687 -4758007.8744863225 2172008.078417619
3636812.772086527 -4757786.152464897 2174098.6151050217
3634677.0882063564 -4757745.312003998 2177756.416721517
3630874.439334797 -4758446.427472055 2182562.577032709
3628060.960710451 -4757857.922746126 2188516.084549229
3624422.3841695455 -4759285.123781328 2191439.821597777
3619849.252016554 -4761033.239304756 2195198.142972626
3616735.6133586457 -4762628.9466373725 2196868.2299389387
3614291.838762343 -4764243.09475403 2197390.096988805
3610697.1884712237 -4767448.955246418 2196346.346158964
3607090.4521744368 -4769601.535989706 2197598.839123431
3605193.921341409 -4771419.742277135 2196763.8545212257
3603407.763421111 -4772864.881369202 2196555.1016783128
3602270.480624434 -4775690.3545629205 2192275.0789434463
3598613.4561247597 -4779164.838074931 2190708.9363733456
3596782.8759992644 -4781594.751557551 2188411.655698201
3594927.3285078215 -4783992.808418539 2186218.49588446
3594337.601735258 -4785294.548053144 2184338.4108523307
3592905.223097341 -4788084.628892721 2180577.5942169763
3590846.3881770824 -4790389.602173731 2178905.8437439217
3587020.9851960726 -4794346.538759433 2176502.4047881137
3583688.5331715476 -4796695.733722464 2176815.9167241207
3580909.6447537974 -4798912.835013863 2176502.4047881137
3579476.9968094034 -4800313.179507604 2175770.853733897
3577065.3751447997 -4803198.972610754 2173366.9573846003
3575705.4617696377 -4804873.197439975 2171903.544634001
3573460.4455404878 -4807109.732729978 2170649.087634916
3571824.0324445376 -4808939.076529093 2169289.9851064514
3569721.615384927 -4811018.396817699 2168139.8880458064
3567583.1444536364 -4812698.586031097 2167930.770902192
3566765.642538186 -4813351.573346513 2167826.2113397853
3565562.4532560515 -4814713.627274219 2166780.5794012984
3564324.3398556355 -4815677.320672283 2166676.012576709
3562833.761558335 -4816827.250463894 2166571.4450921123
3562761.394141391 -4817256.965498923 2165734.881458901
3562840.4010861334 -4817715.543314359 2164584.537525764
3562593.888861758 -4818085.7604267355 2164166.2108576526
3562588.552821199 -4818606.295740493 2163015.7581389532
3563154.9732766976 -4818844.576310429 2161551.430287309
3563816.396933586 -4819387.177662534 2159250.0829522423
3564139.890415361 -4820880.579722911 2155378.91740651
3564389.5173470927 -4822098.465664605 2152239.474608071
3564637.9817727706 -4823315.109789699 2149099.441760973
3565487.2094574547 -4823759.60970605 2146691.6841884437
3567244.623242126 -4823670.985362975 2143969.4547538506
3567061.1103262943 -4825712.740800134 2139675.811537115
3567340.8353367727 -4826619.848325983 2137161.950878875
3566067.281864772 -4828950.986653923 2134019.0977842025
3564509.974618294 -4830193.208405252 2133809.5534331254
3565194.977796764 -4831121.4419419635 2130561.283676518
3565258.8100797446 -4832090.476293958 2128255.681551912
3565116.685149248 -4833486.879236556 2125320.8250799435
3564767.679152728 -4835309.940590148 2121756.3884900105
3561842.9407043597 -4839118.760729193 2117981.4648181614
3561852.4169235695 -4839662.408051944 2116722.9710438214
3562449.2154608136 -4840827.2571767215 2113051.8340631234
3564865.527753891 -4840924.157915314 2108750.3565723198
3564397.8323228406 -4844006.409669861 2102453.565720188
3564147.9626073777 -4846146.962030052 2097939.4469451616
3562995.855222283 -4847947.881361435 2095734.4476989482
3564424.58722718 -4847941.1507112775 2093319.1255063252
3565343.3078317954 -4848126.821451092 2091323.604903259
3566920.653500906 -4848143.906443667 2088592.5198663848
3567289.440918347 -4848822.447650044 2086386.3294887412
3566700.3081064248 -4849617.368285917 2085545.8022717005
3565516.7834735587 -4850668.265133293 2085125.5234151103
3563689.414173659 -4851197.796493358 2087016.6982093335
3562691.721991763 -4851614.150493196 2087752.099456628
3560962.270983554 -4853696.794559932 2085861.0047436727
3559781.5336651267 -4855284.82672321 2084179.8588337174
3556202.2673643003 -4858222.540785295 2083444.3063827448
3554526.613918081 -4859313.501042894 2083759.5469560083
3553658.0206300816 -4860083.897898555 2083444.3063827448
3553469.8825019444 -4860716.810897995 2082288.3754190372
3552585.3560615857 -4862712.626012865 2079135.446456493
3550019.8570309505 -4865259.456544071 2077558.7681686499
3548770.5088476297 -4867471.277608421 2074510.1198091044
3546306.916904417 -4869624.733735933 2073669.0198059904
3544671.0312081096 -4871307.879942685 2072512.4412949441
3543459.4252314633 -4872323.460645468 2072196.9975323468
3543331.687425579 -4873578.23387148 2069462.9137097236
3541735.479334214 -4875675.382606734 2067254.3041115988
3539668.681668465 -4878378.870794929 2064414.2551816085
3537091.5090457518 -4880559.220005056 2063677.8713404094
3536318.793444929 -4882541.176836239 2060311.1531093512
3533970.5254568183 -4885039.652055396 2058417.0916140776
3533092.413875636 -4886339.546807192 2056838.5518368983
3531510.150936694 -4888103.034287523 2055365.1208532786
3532415.431664289 -4888996.549892644 2051681.0067059207
3530336.781730513 -4891512.884320083 2049259.6004633636
3529508.7523390516 -4893784.576620745 2045258.2929280477
3527241.9580430016 -4895682.582706512 2044626.4252437577
3525180.2775919624 -4898046.233544177 2042520.0377328885
3521121.913226588 -4900701.119053034 2043151.9801296885
3519486.957298175 -4902577.491836984 2041466.750633335
3516216.464223604 -4904704.448086657 2041993.401958446
3514187.0263470896 -4907297.732489066 2039254.645345077
3511179.9706630292 -4909974.652657435 2037990.462165185
3507594.3148452356 -4912930.075682231 2037042.2661109345
3505429.6645505135 -4914431.139623347 2037147.623710576
3502111.517968039 -4917581.611749071 2035251.0920038864
3499470.9275303185 -4919504.661299626 2035145.723239822
3496528.9618514804 -4922641.122678756 2032616.686993846
3492325.528401879 -4925276.12369686 2033459.7387246606
3487751.4800257017 -4930123.2878164835 2029560.2924052593
3481779.665154247 -4933908.897392891 2030614.2803461328
3476551.788967243 -4938200.570683188 2029138.6799164081
3470165.127664954 -4942127.948300666 2030508.884335038
3465602.418861512 -4945717.935130664 2029560.2924052593
3459963.9406629563 -4949793.831767298 2029244.0839658678
3453801.87498815 -4954224.995578519 2028927.8699631882
3447965.7529077795 -4958202.233112541 2029138.6799164081
3441236.098955652 -4962185.4705585055 2030825.0705126093
3436327.4906607433 -4964723.40227424 2032932.8360375627
3430868.2477208185 -4969057.917650112 2031562.8166069128
3425613.582169521 -4971647.847048098 2034092.0015077256
3419865.0763131636 -4976120.617864088 2032827.4536422142
3411796.9857834997 -4980752.261052242 2035040.3538558164
3404170.557156193 -4985279.354904101 2036726.1895890285
3396017.583541389 -4988468.449107136 2042520.0377328885
3390056.8041806174 -4990752.51068752 2046837.8639977595
3384267.674312607 -4992346.341809929 2052523.1574868397
3380084.7728714086 -4993490.6541545065 2056628.0692129151
3373646.5082804044 -4995240.012593135 2062941.456696232
3369142.2029440873 -4995146.782349897 2070514.5348730416
3366389.4389802017 -4993509.0897468105 2078925.2309158535
3368649.0592815005 -4989530.087765061 2084810.3076033168
3368615.8438563375 -4988542.123202208 2087226.8160306055
3367425.5882483483 -4987717.923474868 2091113.5367210035
3366613.0574374706 -4986326.768897072 2095734.4476989482
3367097.5070979707 -4983480.059785388 2101718.789804207
3369527.502382656 -4978642.832032944 2109274.9848547215
3374842.0091270427 -4973394.3165886775 2113156.7346400926
3378765.9064458604 -4969837.007413372 2115254.6109590624
3381947.2063868004 -4966868.411344 2117142.4792879783
3383513.4385625958 -4964324.788633914 2120603.028391018
3385924.9612522135 -4960976.023103932 2124587.031626878
3390298.3391001057 -4956414.624084336 2128255.681551912
3394414.7075199466 -4952965.786342263 2129722.919230398
3397976.8617894347 -4950748.044917585 2129198.9203661373
3399350.1080530114 -4950526.226405466 2127522.015056868
3398242.8199273613 -4950024.432198188 2130456.4903919394
3399340.362936386 -4947735.703046781 2134019.0977842025
3400736.7021823544 -4945328.51808501 2137371.453595514
3403068.4216143577 -4943543.09220651 2137790.4512155703
3403517.6415015073 -4943641.43173009 2136847.69192137
3402959.319032753 -4943754.074631872 2137476.2039772286
3401930.5060599926 -4943737.253634191 2139152.1215116684
3401637.1765935277 -4942941.503733176 2141456.2357164384
3403256.372174596 -4941599.879618209 2141979.8540159785
3403534.8790744124 -4941635.004473226 2141456.2357164384
3403743.7999964347 -4942307.635074252 2139571.0748354634
3402859.9770088773 -4942870.866044766 2139675.811537115
3402749.361378582 -4943264.322530879 2138942.6409399053
3402383.0823690477 -4943471.114539481 2139047.3815515824
3403716.3135588258 -4943006.421926934 2137999.946118477
3404119.9195537427 -4943407.843542976 2136428.6708652847
3403246.3715667417 -4945095.022746562 2133914.3259336776
3400631.63443464 -4947209.790817448 2133180.9047810226
3398154.412008557 -4948414.745099192 2134333.4094352922
3393874.604701391 -4949768.923693344 2137999.946118477
3390811.0488388278 -4947151.992051627 2148890.0852794102
3393143.082289918 -4942226.200844908 2156529.8984225043
3397496.450609229 -4939508.578936518 2155902.1004466377
3398820.058570682 -4940878.846325964 2150669.531886805
3392469.6239249567 -4946424.007337247 2147947.9487138875
3385576.436416966 -4949326.108213185 2152134.8163480638
3382036.8021057923 -4948783.9302843185 2158936.2381880847
3383646.6584995957 -4945764.011038247 2163329.525879818
3385974.9657085217 -4944536.320733229 2162492.7987267594
3384670.0672660912 -4947074.615708816 2158727.0050570117
3380353.0346936346 -4949842.947597346 2159145.4686885593
3375889.456387559 -4951838.728439589 2161551.430287309
3373202.600228099 -4951796.106096047 2165839.4542224086
3372822.908732681 -4950681.600079118 2168976.3301995886
3374011.165437767 -4949826.035396783 2169080.88249596
3373118.7340597003 -4951487.257628781 2166676.012576709
3369614.3536598943 -4954329.972511575 2165630.308035672
3364907.3064235295 -4956705.484204914 2167512.528690545
3362005.962861681 -4956339.8234568 2172844.324865157
3362102.541801987 -4954806.699257439 2176188.886885102
3364285.503527283 -4953370.652762996 2176084.379591579
3362934.833970117 -4955847.10190665 2172530.737410601
3357058.2278651395 -4958913.556102388 2174621.207895052
3353178.601622244 -4959519.882505035 2179219.309904338
3353282.8644820987 -4956690.423486426 2185487.37733456
3355123.5089940378 -4954937.849416552 2186636.2632625485
3355489.016384835 -4955105.071428223 2185696.2716779816
3352477.380188021 -4958109.736938354 2183502.748293384
3347145.1259846264 -4959732.155268457 2187993.933628123
3344125.972490775 -4959924.416326825 2192170.674112222
3344136.5403617024 -4957699.658618351 2197181.3521767263
3345562.306909969 -4957200.172004091 2196137.587963435
3343267.903526992 -4959025.193379882 2195511.2973223003
3340367.371412527 -4961071.822972853 2195302.5284245885
3336544.441149752 -4961933.946246287 2199164.319763632
3336074.6201517293 -4960861.277644535 2202294.828751712
3337308.1442654594 -4960077.862696508 2202190.488174779
3336784.6129590813 -4961356.052376991 2200103.5358050135
3334506.4256228176 -4963766.046216435 2198120.682744469
3333073.9701173548 -4965189.992245959 2197076.9787667207
3330080.3633999764 -4967659.803495447 2196033.207862181
3327134.7556887846 -4969264.059976354 2196868.2299389387
3324748.548853823 -4970953.150322278 2196659.47843434
3322106.984646979 -4974515.33072454 2192588.289430161
3320019.9384846105 -4978159.889037599 2187471.7660444905
3318620.654630954 -4979826.620726754 2185800.7178510074
3319167.790058542 -4979140.967174493 2186531.822417078
3318911.5198487304 -4978944.816399508 2187367.330528611
3319087.497672078 -4978643.959597258 2187785.0685939505
3318343.3005882553 -4979598.762485921 2186740.703441932
3317598.758162524 -4980553.311411438 2185696.2716779816
3315333.434158668 -4982428.0262385635 2184860.678327611
3312895.602423759 -4984232.447832719 2184442.865678289
3310670.1588678453 -4984657.70338498 2186845.142955195
3308608.18785682 -4985705.890295662 2187576.200894029
3305282.40244496 -4987682.305894732 2188098.3651454737
3300604.056507054 -4990642.071655053 2188411.655698201
3296695.4204896004 -4993819.682186978 2187054.019983238
3292991.859173076 -4996171.198671554 2187262.894346421
3291308.708772338 -4996273.963352693 2189560.3363879556
3290602.4018231346 -4995960.963393281 2191335.411425256
3289189.0983270886 -4995333.421162459 2194884.9826046904
3286888.7197237164 -4996205.187126241 2196346.346158964
3281943.8145425795 -4997802.540109402 2200103.5358050135
3277959.863928188 -4998578.025651972 2204277.1722143134
3274344.769732016 -4999151.705635518 2208345.4333437234
3273459.414285013 -4999132.390552317 2209701.293107173
3272243.331178523 -4999559.669659049 2210535.6118091326
3272890.8751499094 -4999596.813584107 2209492.706699913
3270390.45833001 -5002061.765144313 2207615.3079160764
3267349.3803833677 -5003127.943771668 2209701.293107173
3265723.1509247976 -5003498.548439211 2211265.6053221007
3266689.480246802 -5002498.887888953 2212099.8432065994
3266695.9389698855 -5003462.498974317 2209909.8768219794
3265418.8555753143 -5004940.605919979 2208449.734285697
3263273.614102401 -5006615.609791523 2207823.9185439856
3262400.9022094137 -5005849.617699425 2210848.4702126742
3262319.687871819 -5005534.013217147 2211682.7296540863
3261876.85648479 -5004854.555720038 2213872.455499029
3261822.6817603917 -5005535.332473794 2212412.6712957313
3259189.571900819 -5006651.0500743985 2213768.1895812578
3256339.008021428 -5007813.985983859 2215332.10752304
3254654.525245616 -5007709.278405967 2218042.538876344
3252501.93370026 -5009753.625451997 2216583.132559354
3249714.5633427897 -5012161.392526405 2215227.851049537
3247268.3221351276 -5014713.440041326 2213038.3092767736
3242834.0180085376 -5018225.711642803 2211578.4495815863
3238708.5338030066 -5021256.633817739 2210744.184751581
3234275.0601421804 -5023424.86721918 2212308.395939918
3231026.202739595 -5025698.718413427 2211891.2877779044
3226735.6786137666 -5028087.484479097 2212725.4933194085
3221119.742297015 -5032466.246378706 2210952.755000305
3216127.60978536 -5035886.968350915 2210431.3243278405
3212554.6704250155 -5038624.448428356 2209388.412486692
3209910.534381049 -5039714.824358283 2210744.184751581
3209020.7269833433 -5041424.274573051 2208136.8294417076
3205855.9449816197 -5044806.320708566 2205007.4481880786
3201332.2569604795 -5047997.120502268 2204277.1722143134
3197448.888707849 -5050639.893648293 2203859.8568850295
3193892.8949737684 -5052434.203878376 2204903.1250637667
3188608.475264793 -5056180.263311985 2203964.186724431
3183672.850779044 -5059698.42715888 2203025.19400446
3178215.574642091 -5062583.224911696 2204277.1722143134
3172706.880749713 -5064401.683401717 2208032.526481728
3170168.6922984975 -5064671.581865198 2211057.0391144403
3167841.2797510102 -5065080.243451677 2213455.387781957
3164644.2702754745 -5066850.572359844 2213976.7207424156
3160470.9075028524 -5067449.027701843 2218563.7233290677
3157976.682511446 -5066994.270768306 2223149.4175415114
3157645.57416793 -5063903.039259038 2230650.4515321907
3160878.6295689754 -5060231.763534048 2234399.6483295583
3161421.388535798 -5058742.388465651 2237002.7383195627
3161127.8748219996 -5056897.920324864 2241583.141986355
3160224.6630013585 -5055060.450596343 2246994.641777022
3159692.339217005 -5053031.64307069 2252300.2765216925
3157302.9733512495 -5053133.456782023 2255420.404806497
3152789.427757431 -5053953.916147743 2259891.5101561537
3149741.5340460814 -5055156.684147606 2261450.8987424034
3146587.575313586 -5058746.111654943 2257812.084452151
3141226.005488688 -5061937.979813048 2258124.01585205
3137125.28827095 -5063413.529987817 2260515.2841835017
3137026.3523954437 -5063846.046512254 2259683.579972815
3135797.930512446 -5065812.13116075 2256980.2371262447
3133030.2974032136 -5067663.210583476 2256668.2830341533
3128931.6835184316 -5071120.046555665 2254588.431021454
3120234.1853271932 -5075043.272723631 2257812.084452151
3114432.7937256703 -5076523.0759361815 2262490.4050301667
3112038.050055676 -5075997.913414284 2266959.4963341355
3109391.3291351353 -5075855.005737321 2270907.8631751253
3107744.54226141 -5074956.235113596 2275166.8228343306
3104760.8850615094 -5075850.754058958 2277243.941502792
3100298.5384353446 -5076713.121844278 2281397.3461608556
3094332.168160046 -5079092.298689749 2284200.2658437
3090446.48849506 -5079495.799966824 2288559.3546744525
3088529.5935687567 -5079539.070941705 2291049.7105970182
3087450.4848292135 -5079961.061475826 2291568.484164776
3083252.2382630464 -5082042.351315383 2292605.978942465
3079181.2296737526 -5082730.767655469 2296547.8219173406
3076719.723943952 -5083471.275395714 2298207.243161704
3074346.634155178 -5084156.559683396 2299866.4851871342
3069886.620971577 -5085396.362639768 2303080.7561242664
3067911.0118911113 -5085132.189143794 2306294.35286368
3065911.0193800824 -5086432.2628803225 2306087.044405296
3062544.8133720113 -5087472.77342794 2308263.6430264246
3059331.04463631 -5087759.46059895 2311890.618176038
3058931.513965469 -5086491.9521807395 2315205.9548276654
3059719.526892424 -5086395.15245302 2314377.1883285623
3059156.18249947 -5086262.5222226335 2315413.139400552
3057589.9553631693 -5086874.109968258 2316138.2631865693
3057032.6819326743 -5085745.951945707 2319349.1099580866
3058369.3049399913 -5084753.301070484 2319763.363331201
3056651.8665129044 -5085313.423298388 2320798.9472947465
3056353.8795903106 -5083411.019329745 2325354.676446191
3057939.7783034346 -5082030.8025014205 2326286.3612840786
3057593.523649336 -5081053.866471903 2328874.0734845586
3055515.093105864 -5081212.605761171 2331254.3771231906
3052671.2685512956 -5080498.15861085 2336531.1011226
3053362.727806977 -5078034.653328602 2340978.6654373873
3051278.6407344495 -5078381.204101733 2342943.448405011
3047747.0103661288 -5078926.630197123 2346355.3537089867
3043821.5137219117 -5080420.5440899385 2348216.0649719923
3038996.023773608 -5082018.464835379 2351006.6972598033
3034468.550269125 -5083910.459247548 2352763.4942299207
3030119.0948814587 -5084686.117614393 2356689.7029889678
3028688.4158305614 -5084101.21841881 2359788.60932206
3026576.368193191 -5084591.669235531 2361441.094889972
3024058.047407445 -5085610.233515716 2362473.8048644047
3019793.7582909544 -5087328.053772321 2364229.246644267
3016565.6213382846 -5087754.803922012 2367429.810433342
3013273.689273228 -5088071.291287151 2370939.3092850805
3009664.5555316284 -5087848.754270272 2375995.6474806606
3005787.457187977 -5088790.888614473 2378884.2036059173
3003973.7187014613 -5088559.264753225 2381669.0589678977
3002320.21361024 -5089004.020416181 2382803.4780768896
3000730.133257399 -5088540.814370841 2385793.79826572
3000683.2838075645 -5087649.570272984 2387752.64220961
3001471.973603028 -5085537.885204263 2391257.2864139266
3004010.704563097 -5083553.803355295 2392287.9039242403
3004469.1169618433 -5082506.58714956 2393936.7403513105
3005849.1171739628 -5080184.6295902105 2397130.829566854
3010755.3928857152 -5076743.2989072595 2398264.0474330215
3014005.627171161 -5075155.074562423 2397542.9190160213
3016867.0143069695 -5073113.834399612 2398264.0474330215
3020477.8737748363 -5070721.167715022 2398779.1172434874
3024839.9907932035 -5067778.891753536 2399500.1842874456
3029626.598206798 -5065748.079339519 2397748.95935873
3031697.9708396173 -5064996.322839625 2396718.728434362
3033976.9431332196 -5063387.676491811 2397233.8530245363
3037427.1739051132 -5060928.266911115 2398058.0143947443
3040655.6615780974 -5058500.78526317 2399088.1503614993
3043440.92223496 -5056336.7090514805 2400118.213247851
3045729.9046831722 -5052951.22828852 2404340.706359266
3050628.908526808 -5049112.222899794 2406194.0950439647
3053677.517643093 -5045598.877850103 2409694.2922451585
3055728.6508725043 -5043422.260560089 2411649.9152911613
3058398.268232426 -5039092.788879956 2417309.4336329647
3062113.4473057375 -5036687.909772793 2417618.0706178444
3063015.3159025186 -5034409.587831882 2421218.3454808486
3064332.3997116364 -5032221.899216501 2424097.9149208064
3063802.284354502 -5030363.088192061 2428621.782686421
3065708.2610860094 -5027959.986973516 2431191.5241918475
3064629.2722926126 -5027374.74016034 2433760.8028327264
3064799.3416932505 -5025877.237704419 2436637.8447937695
3063677.7016936783 -5025813.735037858 2438178.8779434874
3064352.422893283 -5024355.204669644 2440336.043584393
3063760.731791532 -5024765.912869862 2440233.3288424104
3062310.1845865166 -5024951.617129266 2441671.2675722074
3060183.82323815 -5026396.516119488 2441363.150113766
3056783.887971156 -5028514.7620968865 2441260.44280688
3052369.8628563536 -5030347.812694893 2443006.365861946
3049406.9013565164 -5032393.771782111 2442492.8813996306
3045543.060537586 -5035729.057137414 2440438.7575830063
3039300.4959018664 -5040294.758385925 2438795.244418449
3031863.211763352 -5045069.892905969 2438178.8779434874
3017411.0396241187 -5053528.613237 2438589.791898059
3011829.644380889 -5057005.635307325 2438281.607546276
3004341.37022485 -5062101.125863886 2436946.064787455
2995014.3772488195 -5067723.867663326 2436740.5855339486
2986527.8736527264 -5071939.874235855 2438384.336406322
2980852.860640318 -5074042.669524426 2440952.3164244457
2977374.442069229 -5076232.69777822 2440644.1833500015
2973102.327423059 -5080117.219352208 2437767.9521055277
2966327.7368516535 -5084814.585998436 2436226.8744109417
2959234.97931906 -5088355.265176237 2437459.749929789
2953629.236614058 -5089543.7126278775 2441773.9719041786
2953651.595706753 -5088150.214545163 2444649.3910994595
2953363.7576235565 -5088267.958015768 2444752.07384833
2950778.1948853047 -5090359.503667883 2443519.831719704
2944485.472927361 -5093016.4452576935 2445573.509026958
2939637.2255828166 -5093448.5617455095 2450501.1183062857
2936712.373730088 -5093307.495012038 2454298.310156038
2933806.5431752265 -5094635.781466977 2455016.5827176375
2933487.0323217674 -5096548.932164771 2451424.8536820696
2932397.4678607266 -5098359.935251203 2448961.424994144
2935404.0094286627 -5097615.557190385 2446908.239497488
2939139.4408606873 -5096694.59244322 2444341.338384877
2939015.221305409 -5096273.650119966 2445368.1547014615
2937065.607436893 -5097003.363046701 2446189.5541233052
2936520.594233351 -5097908.485874833 2444957.437111897
2937496.4616080537 -5100837.560552594 2437665.2187894927
2939561.798036412 -5100923.659624307 2434993.892027226
2940878.818886934 -5098888.217418202 2437665.2187894927
2940170.834820271 -5099100.034377245 2438076.147597987
2935079.4190987446 -5103847.270530166 2434274.6029741094
2933460.969409137 -5106393.51283199 2430883.1796408016
2934611.879446284 -5105095.830288912 2432219.29121934
2934693.14109251 -5104412.393072879 2433555.2775863926
2936104.1147981314 -5105216.753515763 2430163.683106027
2934326.70772532 -5107900.538344743 2426668.469879512
2932194.5575403385 -5110588.8007727405 2423583.74853172
2930263.8894040943 -5112183.492824965 2422555.3603875255
2929177.5584130124 -5113390.606167611 2421321.197207511
2928500.0015822942 -5114898.181995925 2418955.4209508044
2928431.0177678256 -5115812.996305366 2417103.671961221
2926630.622732505 -5118882.420361472 2412781.9969070195
2923449.632629009 -5120990.688104166 2412164.508865791
2919778.340205601 -5123278.608922439 2411752.8354754737
2920737.6738328086 -5123506.74751782 2410106.024388364
2920846.3771277023 -5124944.743074267 2406914.793185544
2920810.124490076 -5126752.935521718 2403104.982058777
2916026.466905055 -5130632.592616622 2400633.21727607
2913773.645610988 -5131671.408933453 2401148.2030224204
2912464.4202743443 -5132077.218402239 2401869.1523463083
2912292.2730795173 -5133234.773725415 2399603.190941687
2910822.8190473635 -5135655.74123778 2396203.585592132
2907233.8233659067 -5138936.926140532 2393524.5487411562
2902525.288168304 -5142125.3814034825 2392390.961667761
2900860.9594327514 -5143160.347415658 2392184.8454519873
2899826.580908042 -5144893.300016632 2389711.2235797746
2897982.4550730535 -5147080.466148678 2387237.182409711
2896323.792462718 -5150019.962278678 2382906.602732365
2893061.895711837 -5152425.289233722 2381669.0589678977
2890566.9767613444 -5154301.866305304 2380637.6926904367
2889728.285535302 -5154915.010858374 2380328.2686646865
2889835.345522943 -5155949.852739484 2377955.8010614864
2888789.560269614 -5157249.19998924 2376408.3331127316
2888825.6280355537 -5158369.328907477 2373932.0456558163
2885523.2881479557 -5160074.917828898 2374241.6043757848
2881697.9238472288 -5161690.042669997 2375376.597320093
2879114.5233684178 -5162989.0561273 2375686.125656916
2878775.7015596163 -5163652.605412145 2374654.339210301
2876936.9912573127 -5166289.04553039 2371145.724405821
2874764.472576499 -5168965.286359765 2367945.9655194194
2872688.719346482 -5169267.805428414 2369803.9744883506
2873658.3350286344 -5166976.397655527 2373622.4804275786
2868956.205090105 -5168498.425696571 2375995.6474806606
2864094.1435542433 -5171857.745685912 2374551.156586635
2859478.603735306 -5175452.26825278 2372280.9559192494
2858685.0540465317 -5176363.517910842 2371248.930882768
2858796.459053789 -5175497.946997583 2373003.330449689
2855143.8061195887 -5176567.5205817735 2375067.06247104
2848308.0341056148 -5178911.785719633 2378162.1178094004
2845422.330393829 -5181586.432953929 2375789.3003218817
2842452.4960733596 -5184539.492657 2372900.136256521
2839688.7385362484 -5185723.207869779 2373622.4804275786
2834680.204069088 -5186241.611043947 2378471.5874979706
2829379.201137976 -5186863.4916137485 2383422.215120994
2824356.8830040614 -5189931.427937367 2382700.35269557
2819312.794444049 -5191015.724216046 2386309.308959308
2814075.4535735077 -5192387.2991593415 2389505.069491131
2807497.2488162736 -5196041.849779371 2389298.912490948
2799713.53968868 -5199197.521800063 2391566.4793168446
2791709.0896207173 -5203026.099855866 2392597.074968478
2783007.359622464 -5209483.359045625 2388680.4240236743
2769532.5830352744 -5221697.831748381 2377646.3205069434
2759058.038544673 -5234347.7819520505 2361957.4588708556
2762829.921193617 -5238400.204042206 2348526.1609885986
2777293.702728296 -5231256.546120744 2347389.110789819
2787999.2828918234 -5222116.734949155 2355036.688707558
2800291.008500218 -5213340.724653484 2359891.8950626366
2810410.901963855 -5207517.7728240155 2360718.1551054996
2814296.8008443452 -5204715.925805834 2362267.2686257176
2815866.3617750667 -5200674.240302587 2369287.884339251
2824046.9973451197 -5193031.227528035 2376305.1627904787
2833790.840751933 -5187626.003130173 2376511.50271109
2837717.2377383825 -5186849.530873716 2373519.290572031
2837619.8291860456 -5186241.535127912 2374963.882741007
2838162.062943555 -5183579.502002145 2380121.982355354
2843080.227745821 -5178606.677639 2385072.052771893
2848611.855229952 -5176468.356229809 2383112.8498656615
2846542.393854976 -5178697.759868113 2380740.832582028
2842295.1021259464 -5180176.638714546 2382597.2265884387
2838662.7343517705 -5179556.973369624 2388268.0838257326
2838653.9948123377 -5177182.440844159 2393421.4990157657
2840922.31391365 -5175318.418705856 2394761.088566337
2839487.32164095 -5177201.776710148 2392390.961667761
2835440.8402530532 -5178609.498934653 2394142.8317811033
2832889.705493368 -5179957.87626129 2394245.8764020703
2831785.1030917293 -5180085.487753276 2395276.2824934553
2831443.0779339974 -5180748.766322426 2394245.8764020703
2830697.6250764974 -5182393.436472602 2391566.4793168446
2829779.3836464533 -5184368.119102083 2388371.1699665585
2828790.405900304 -5185999.403870501 2386000.004723638
2828875.850265002 -5187232.793402922 2383215.9723434183
2827672.7271202477 -5189119.693617001 2380534.552073662
2827385.212101993 -5190316.767178671 2378265.275096729
2827581.1270791795 -5191107.756835814 2376305.1627904787
2826666.445628461 -5192880.124019869 2373519.290572031
2825931.6931887153 -5194552.5912879575 2370732.8912754226
2826386.2505869367 -5195388.14662587 2368358.876604753
2826205.4930547997 -5196568.189685492 2365984.480290546
2825022.380576197 -5197634.379531294 2365055.2648845087
2825325.719268122 -5198408.719215597 2362990.132866687
2823347.715124637 -5200608.973203223 2360511.5944088497
2822680.495845551 -5201111.758773069 2360201.747971057
2821490.5163063295 -5202600.576742495 2358342.533490862
2820399.2742509437 -5204923.06451193 2354520.0840758365
2817429.169161493 -5208118.795323079 2351006.6972598033
2815020.293159606 -5210400.178213176 2348836.2505665882
2811862.7126354678 -5212384.329411807 2348216.0649719923
2809868.0289223874 -5213040.778938878 2349146.3337051086
2808710.81173771 -5213943.751823551 2348526.1609885986
2807897.9197930093 -5214614.315065389 2348009.330717664
2805317.7232997646 -5215490.866081551 2349146.3337051086
2804474.026858459 -5215013.13779297 2351213.390001642
2803967.6952599077 -5214726.14418261 2352453.486281335
2804287.481749029 -5212921.216470722 2356069.844163178
2805372.6061574756 -5211449.664051036 2358032.641776519
2804319.875622116 -5211455.2539402945 2359272.1698373132
2802142.8106419146 -5211550.352896741 2361647.6426405543
2802402.3223886588 -5210942.701933889 2362680.33822449
2802792.347209232 -5211013.83307877 2362060.729508678
2802526.160449881 -5211391.015136774 2361544.369124947
2802045.5560908294 -5212023.742630776 2360718.1551054996
2801642.6530405586 -5213455.812125035 2358032.641776519
2801381.880536086 -5214716.610337951 2355553.2754046503
2800298.138131381 -5217722.279526387 2350179.8976486623
2798594.209710927 -5220450.002210724 2346148.5937149236
2796774.3767398144 -5222307.380427757 2344184.231228723
2798829.0119195525 -5221763.414749223 2342943.448405011
2800752.80069266 -5222725.248958684 2338496.4663863983
2800626.8743311157 -5225336.709387245 2332806.546695291
2798264.8971456434 -5227940.38841703 2329805.5413618707
2797001.191727327 -5229308.081211651 2328253.0629745624
2797587.1251213355 -5229086.80830173 2328046.0537970825
2801547.766294876 -5228808.218564381 2323905.2748857415
2802436.535301616 -5230905.631997132 2318106.2820214625
2799398.065197672 -5234228.618071185 2314273.5893433453
2796630.402943653 -5235204.044086773 2315413.139400552
2798153.2571104323 -5234756.773548701 2314584.384183967
2798427.3011950194 -5235709.042896841 2312097.84785476
2796224.1586700813 -5238622.801588154 2308160.0025020954
2791970.218000765 -5241438.797199818 2306916.261376926
2790862.711291114 -5242666.9729626095 2305465.1021717684
2788061.5898252884 -5245568.832701696 2302251.3313557785
2785912.092357544 -5247711.117831301 2299970.181860141
2783189.893075397 -5249882.074048111 2298310.9510401906
2780605.212692528 -5251206.119553218 2298414.6582185715
2778984.440447333 -5253243.297393949 2295718.044128498
2776629.8376308945 -5255892.0516188815 2292502.2326068296
2772482.351122832 -5258035.796571727 2292605.978942465
2770223.6787354434 -5259090.455641636 2292917.2137590395
2770077.397423826 -5259257.96392411 2292709.724579733
2768595.3222751785 -5260897.105035647 2290738.438081387
2764366.1020411868 -5262216.970809896 2292813.4695186014
2760110.12416731 -5262143.408042542 2298103.5345831425
2758421.23495708 -5260262.606692489 2304428.475603138
2759203.3111135294 -5256622.389332147 2311787.0022802977
2761537.5843191724 -5253936.831200671 2315102.3614833285
2762630.7419155953 -5252677.078629365 2316656.187582559
2765583.1193277743 -5249614.026901239 2320074.045941423
2768995.626885597 -5246761.24663789 2322455.734576495
2774940.061383483 -5244490.70933542 2320488.2795272833
2777016.8919287203 -5243986.905307125 2319141.9790323186
2777714.3825710993 -5243754.887107381 2318831.277345362
2779689.716802417 -5242616.419270743 2319038.4125097417
2781882.0865186397 -5241224.276368438 2319556.2380577982
2785472.5400385614 -5238491.356085617 2321420.2637410155
2789273.6142282207 -5237477.845877755 2319141.9790323186
2792030.6999546434 -5236925.605908735 2317070.5143970517
2790570.6450204817 -5239031.706456474 2314066.3892580373
2789340.444709916 -5239366.453832075 2314791.5772191207
2788229.080245004 -5239042.260029578 2316863.352401319
2792952.2944835117 -5235792.2848855015 2318520.5693011987
2796812.9826395093 -5236205.500451349 2312926.738394913
2795454.7504125102 -5238942.090334158 2308367.2828476164
2790727.248778772 -5242191.926146202 2306708.9613497485
2786824.126961399 -5243903.126168401 2307538.1445920044
2785189.598311265 -5244360.962395499 2308470.9219656396
2787092.65859355 -5243304.207422844 2308574.5603804626
2788782.6660973434 -5244274.91799493 2304324.8090849244
2788039.8657036973 -5246853.678356868 2299347.9913140396
2782611.520852589 -5251005.485595702 2296444.1021418935
2779432.443984437 -5251872.338666987 2298310.9510401906
2780384.3657130674 -5251232.270241344 2298622.070474891
2783257.4077388365 -5251116.692872377 2295406.8659181036
2782126.5590441837 -5254522.700857405 2288974.441892083
2778841.8979662475 -5258968.055367124 2282746.9633613527
2776594.4984298297 -5262494.753818497 2277347.790154592
2774909.1553273243 -5264865.250866363 2273920.418550411
2775222.4533631233 -5265014.106353163 2273193.3033183455
2778717.7684537717 -5264515.199848804 2270076.7110034428
2780249.192793472 -5266748.576392966 2263010.132331253
2777693.625593083 -5270371.261182423 2257708.105943271
2773424.715435791 -5272529.886452832 2257916.0622732616
2772542.958936517 -5271300.174453208 2261866.70952581
2777859.3135305853 -5268679.005861769 2261450.8987424034
2783799.6362851257 -5267237.764894932 2257500.1468623313
2785803.512209285 -5269470.843561124 2249803.7292665388
2784917.505809257 -5271802.579479215 2245433.8219670267
