-3413375.213665566 -3455.3300731595414 5379451.525148976
-3417318.514116847 -2445.3822634837234 5376947.944064533
-3417221.8706321553 -5009.91251415434 5377007.586720506
-3422474.707311496 -5614.949545360798 5373665.076105385
-3422660.6939071934 -6511.307968469895 5373545.6057663895
-3426871.6477703755 -9988.330565793662 5370855.792418938
-3428560.3030137387 -9454.691176722527 5369778.939343136
-3431171.1103655286 -13354.474408452268 5368102.781188738
-3434075.0091209807 -13365.776684079756 5366245.539270856
-3434629.4676912664 -15166.333550181334 5365885.89162996
-3437619.696727637 -16499.516786602202 5363966.777173027
-3438928.2011036673 -16925.951471272347 5363126.638428435
-3440879.614603138 -19578.036441748995 5361865.829941817
-3442755.374809106 -18807.548497546333 5360664.390291798
-3442929.260871994 -21092.01233783428 5360544.210399441
-3445825.2990673454 -21711.187185126313 5358680.5869223485
-3444977.733044395 -22607.777281457256 5359221.800526145
-3447017.2803477193 -25208.243955121176 5357898.600516896
-3446177.8297605817 -24901.35336154343 5358440.005101056
-3448298.527873789 -28768.69730652354 5357056.152843533
-3449906.121478016 -26493.897928476552 5356032.750680401
-3449320.806724464 -29499.701659980154 5356394.005289348
-3452503.2266496457 -28984.561858541907 5354346.1192892315
-3450628.4376116227 -29631.343441133555 5355550.986502867
-3453879.875569441 -31829.5730411922 5353442.040726363
-3452122.762997445 -29764.686297225162 5354587.1449295245
-3452560.418608 -33022.690671116216 5354285.858801544
-3452385.39612181 -31755.539917548307 5354406.378145891
-3452251.202699659 -35912.17275679289 5354466.635371505
-3453209.281563775 -33571.37613625026 5353863.989720519
-3449819.9441178017 -36007.31600628189 5356032.750680401
-3452146.9471354317 -36935.474883924144 5354526.890966056
-3449996.7024421566 -36972.689527136055 5355912.3194248965
-3450806.419010178 -39812.43055944576 5355370.298017785
-3449865.445623242 -40343.551133464316 5355972.535868411
-3451544.253208001 -40664.4290675462 5354888.390279991
-3449846.0511242924 -41969.25738480529 5355972.535868411
-3450572.870474451 -43664.627282569716 5355490.758639211
-3449072.731051668 -44006.8884186954 5356454.208680169
-3449136.2648291644 -46295.64494264208 5356394.005289348
-3448639.940227786 -48396.034414102476 5356695.005926573
-3449167.071341347 -50751.69054467921 5356333.800266878
-3449232.581444509 -52619.28798596538 5356273.593612774
-3450649.152931412 -57580.62432858705 5355310.0652600555
-3453252.311276838 -58407.802210668655 5353622.88579445
-3451619.1481226142 -60971.36467035976 5354647.3972618915
-3454277.2971673375 -63852.80568090004 5352899.417463492
-3453239.6565411566 -64376.24529344212 5353562.60573587
-3453056.6035338086 -69015.13956707226 5353622.88579445
-3454256.4352581236 -69762.8700346077 5352839.117836663
-3452887.7513593785 -72689.43276639986 5353683.164222224
-3454054.4280622294 -74945.54358142367 5352899.417463492
-3452254.5372858276 -76051.84804099116 5354044.800540892
-3453105.767514125 -79748.82409320168 5353442.040726363
-3453254.6197651867 -81380.45550753985 5353321.469193848
-3452626.250332823 -84199.48121120952 5353683.164222224
-3453884.823333514 -86220.68025739185 5352839.117836663
-3453660.0824870793 -87722.96905929668 5352959.715459734
-3454857.7395992335 -91977.15087537277 5352115.395135659
-3455876.8023040025 -92306.07752660626 5351451.776419994
-3454646.0536088212 -96315.97604542504 5352175.714328092
-3457889.937079872 -97252.00037401567 5350063.572656404
-3456410.567591039 -99987.63616779658 5350969.020734334
-3459157.8129218468 -101879.86306110791 5349157.7578909
-3458393.3893823395 -102461.47930586754 5349640.904727623
-3459980.503029718 -105591.0766109802 5348553.677695901
-3461659.848036941 -105642.32656662555 5347465.922783094
-3460741.8673221767 -108153.58800865056 5348009.866217925
-3462706.487688129 -108033.50179711876 5346740.459626967
-3461099.901764348 -108648.51195172261 5347768.129870394
-3462161.9271241375 -110496.45041718188 5347042.764446277
-3463358.9587267265 -111018.72508254586 5346256.687224097
-3463034.3271460817 -112399.91643547014 5346438.114089902
-3465494.6901466656 -114235.69388486931 5344804.7446850585
-3464871.8101479104 -113307.08225852053 5345228.32481012
-3467081.8942035274 -117014.08384779531 5343715.172337252
-3467811.213395158 -114736.19031525272 5343291.307320119
-3468351.8791013253 -118087.20911791672 5342867.362547666
-3470542.274898567 -116767.0247385687 5341473.839688404
-3470279.801209466 -119001.78855488349 5341595.049761665
-3472068.569263928 -118517.09879405434 5340443.291302977
-3472157.583546623 -118641.47977359695 5340382.656167702
-3473730.658555812 -118998.72579758418 5339351.609986736
-3475408.987904289 -118995.49143169256 5338259.401697619
-3475133.7875020974 -118864.62165155885 5338441.473003237
-3477713.6230550795 -119742.86069230737 5336741.571720551
-3477395.2341233264 -118152.06000814529 5336984.492802299
-3479594.4118516683 -121935.74726085667 5335465.809331981
-3480624.4368941444 -121789.37398823882 5334797.266783329
-3482447.534375145 -117532.67451345646 5333702.863934791
-3482060.321678007 -120683.52125109077 5333885.3009690875
-3484663.678532004 -118094.57677064282 5332242.841287066
-3483613.6079454035 -118850.31083278105 5332912.134486426
-3486232.334102769 -118513.23619704055 5331208.092496715
-3485506.921831976 -117940.44412551765 5331695.091572741
-3486589.79258396 -118951.84920907555 5330964.553982616
-3487734.5520896562 -118137.705751911 5330233.782550221
-3488967.83555054 -117447.9190148291 5329441.849651131
-3489327.362089173 -117825.83849389054 5329198.122790991
-3490058.6401813733 -118216.42803740037 5328710.591150304
-3489806.172296854 -120159.22517662642 5328832.483800156
-3489911.606929671 -122480.24975537404 5328710.591150304
-3490453.971932331 -125549.12596417268 5328283.91574543
-3491086.93060066 -126059.97383385326 5327857.1608092375
-3490533.431489543 -128480.07876356623 5328161.993878822
-3491768.8606850253 -130295.32325306947 5327308.359039186
-3490489.900464532 -132138.80362496906 5328101.030510933
-3491407.137064533 -134919.6841140158 5327430.3263481
-3490142.391455246 -136334.9644519758 5328222.95562366
-3490741.0366289057 -140019.57376786286 5327735.216220568
-3490048.9374096603 -141029.0093241651 5328161.993878822
-3489464.976420254 -143933.6127019398 5328466.786372133
-3489773.5072380938 -145471.65821630735 5328222.95562366
-3489474.939199354 -148143.67963630072 5328344.87424411
-3488826.306950235 -150251.2419068915 5328710.591150304
-3489431.960481291 -151314.59407554133 5328283.91574543
-3488332.8879392818 -153035.89721871683 5328954.369956986
-3490432.2097661435 -153982.5202500124 5327552.287165701
-3488754.5893733297 -154030.5287197302 5328649.642390542
-3490984.97736736 -156204.6865499189 5327125.395904929
-3489881.198657599 -155911.17108766976 5327857.1608092375
-3491612.540367323 -158797.4616319462 5326637.422814594
-3489889.2249917057 -157803.55599978752 5327796.189326372
-3489882.274703525 -160000.5454782318 5327735.216220568
-3488935.420980098 -158309.59263472864 5328405.831119684
-3488204.5169138056 -160045.6427972686 5328832.483800156
-3487343.1255983743 -160555.06820112362 5329380.92037121
-3486264.736031336 -161724.95488762125 5330051.053158024
-3483774.57871174 -163193.76075189206 5331634.222372488
-3483805.1198536553 -166485.95161721864 5331512.479099676
-3480286.6141983895 -167961.63639381793 5333763.67790432
-3479091.9726825994 -171434.2117963378 5334432.524331081
-3473468.20600487 -170124.01146669986 5338138.012696542
-3470302.4649024867 -175615.7686004442 5340018.8111944515
-3466123.0577490493 -173342.22385947383 5342806.792498474
-3459523.9566000146 -178218.269140641 5346921.847404831
-3456715.107919645 -178315.53611810599 5348734.918862496
-3450673.445540032 -181204.48046496467 5352537.595244363
-3447392.9117660047 -183083.64006921067 5354587.1449295245
-3442123.5905861426 -185334.2216360703 5357898.600516896
-3438551.835460151 -185563.22668941 5360183.631532994
-3433352.6449477584 -188107.37296709462 5363426.724740971
-3431294.0343672307 -186312.7501227989 5364806.59566191
-3426324.2922509657 -186282.81127071238 5367983.006545009
-3425975.2429125756 -182305.97480861607 5368342.310853435
-3423150.29163461 -180717.73696459056 5370197.778520665
-3423403.4943242227 -179472.88855169443 5370078.118363234
-3421056.855787108 -177673.46950252738 5371633.189981141
-3421012.709810855 -176713.28689296372 5371692.978340075
-3419540.304763721 -174303.49320295575 5372709.130071502
-3419945.268897921 -173725.69675649574 5372470.078095289
-3418754.5189790516 -171272.39405632255 5373306.645446036
-3416530.976670356 -172535.9525810809 5374680.309610874
-3418637.145573553 -173599.4265836719 5373306.645446036
-3418399.008614947 -168981.8007053809 5373605.341754334
-3420718.07477571 -163770.31094169006 5372290.77192931
-3418433.2462551994 -162464.94903205708 5373784.539896733
-3421636.957901723 -160223.13934880958 5371812.550148995
-3418082.980860601 -155871.82364176778 5374202.611601623
-3419679.0276903105 -157918.34841807967 5373127.408019278
-3418474.750130076 -153438.47246703488 5374023.447835904
-3417553.326592055 -155130.41794703164 5374560.894931525
-3418448.760051157 -149790.6921295009 5374142.891983434
-3416470.2328325864 -149942.96969242723 5375396.660155293
-3419312.427280972 -147197.7394093342 5373665.076105385
-3416280.611109414 -143423.50215991962 5375695.069959425
-3416695.489376926 -142485.12787740713 5375456.3453910705
-3413984.5631616064 -137597.238381149 5377305.775431051
-3411993.403859898 -138053.81537910778 5378557.72080916
-3410796.576787509 -132698.90861259445 5379451.525148976
-3406122.8400010606 -132040.77257708114 5382428.209758153
-3405700.462145963 -128333.69139147697 5382785.136506249
-3399559.8580894335 -126557.46548151472 5386707.433970945
-3397062.3737052632 -125395.80491532691 5388309.950370858
-3391191.7229065765 -121149.04481339236 5392103.727436141
-3386276.440843398 -121624.4008076316 5395181.217653134
-3379004.6933094594 -119355.53663561794 5399789.119814502
-3371412.18504821 -120619.18063816907 5404504.777661931
-3369463.0752310697 -122315.98546506024 5405682.0461764205
-3365123.9446719354 -116865.87665215666 5408504.802981127
-3359517.2654532017 -117786.57944475055 5411969.240934813
-3355716.5556858745 -112845.05800746637 5414431.954580187
-3348340.7384852334 -112772.54345168106 5418997.845768495
-3347812.7200014647 -111584.84072377735 5419348.652293654
-3341225.8097492983 -110372.84138673756 5423437.002874594
-3343408.2653158316 -113073.77673301056 5422036.194312347
-3342555.903483239 -104343.30102866159 5422736.717527395
-3338253.9947624276 -105608.71555782703 5425361.560822552
-3339637.3252746733 -100693.29731617207 5424603.616441281
-3333219.082980462 -99859.27092485344 5428565.15765126
-3334427.7857796955 -97449.07847889737 5427866.617606215
-3329997.7269805456 -93247.91827039981 5430659.348922802
-3328121.9197923383 -85406.16784593994 5431938.077103938
-3325322.468144243 -83592.0702759633 5433680.506677041
-3324175.591225067 -80080.06216587164 5434435.0968934195
-3321034.3752432154 -76466.68506034678 5436407.3177539585
-3318901.027769654 -74273.20739455184 5437740.381678116
-3316156.9017528268 -69463.58474763046 5439477.843814707
-3313061.1876477683 -67605.43379771888 5441387.329737057
-3310672.2006048956 -63510.350301575185 5442890.501888359
-3307019.243691188 -60668.81609626231 5445143.158504617
-3304107.5130349863 -58711.74914883876 5446931.932089628
-3299991.524162968 -54720.94618405588 5449468.098677273
-3295914.6333413017 -53847.78051254915 5451943.520090844
-3293207.879573233 -50469.03787678474 5453611.25660168
-3287881.917340292 -50043.02998927832 5456827.759126745
-3285803.903227239 -48864.180094489784 5458089.959082787
-3280668.19089336 -48157.82478863272 5461184.674150117
-3280292.819778495 -47751.4656025026 5461413.71936264
-3275360.6902983226 -45907.1658089416 5464388.8844568785
-3273902.338501553 -47829.89647511392 5465246.268829727
-3271461.1075555054 -45052.98654417852 5466731.51436534
-3267713.973316425 -46826.77894393611 5468957.271854144
-3263359.103802533 -44143.87203589682 5471579.267285708
-3263298.003197464 -41522.65045696848 5471636.228024161
-3258581.445045802 -36513.97820419345 5474482.139472091
-3259108.0690113227 -31855.027585962307 5474197.735899095
-3257174.946593617 -23137.699016630166 5475391.950734402
-3256441.478062129 -18244.426732975877 5475846.696251614
-3255811.023683611 -9035.138120885045 5476244.511007467
-3254005.5456666313 -3464.381058590329 5477323.8818637235
