270609.0131566179 3106187.2104521724 -5555898.916972999
269033.1894225124 3110703.0316514913 -5553448.369424475
266972.76747570006 3117299.0407544365 -5549848.036832886
264641.8805444412 3119539.011377571 -5548700.931889855
259419.524682626 3125320.9120596 -5545693.077231771
256423.89935534837 3129646.120346545 -5543392.728757292
252793.6380556878 3135084.537883111 -5540485.657131946
251835.9700935695 3139623.0877503944 -5537958.695316507
249322.55216794406 3144088.9656155515 -5535538.261205951
250371.47769491962 3148947.2131629884 -5532728.673256073
248366.37412336766 3152979.7763408963 -5530522.007386836
248940.94755929956 3158161.6426009834 -5527538.732911072
248510.75821306137 3159743.7477331255 -5526653.856694283
249104.42835746164 3163759.948878191 -5524329.006281846
250164.66165753693 3165223.663353141 -5523442.568091669
249113.15824623444 3168110.487994724 -5521834.801064445
251332.10976288316 3170835.0919573144 -5520170.105188262
251376.9093798152 3174213.5940345414 -5518226.047279775
252933.7996099651 3177664.046537745 -5516168.661340607
253172.61673412548 3179962.6716971463 -5514832.9106826745
255043.43777243586 3183095.675382099 -5512938.940911009
256871.01891843157 3185651.2127257446 -5511377.743404892
259631.52652429385 3187936.3594097537 -5509926.8814375345
261098.67958472273 3190807.1927418485 -5508195.524694635
263642.4493387638 3194455.77204931 -5505959.133459629
264947.4466781703 3198011.3083164627 -5503832.0761428345
267028.86997314397 3202078.5656999997 -5501366.143212566
269482.1975640738 3205822.8008435895 -5499065.421941022
272781.5641759069 3210166.1243628645 -5496368.316646807
273860.0346310843 3214213.331630901 -5493948.884017583
277026.624236206 3218175.676135503 -5491469.982344809
279842.52632855455 3220625.40816364 -5489890.81319008
281937.5715610995 3225154.4426550856 -5487124.112571575
286652.2657535526 3227142.1527968342 -5485710.984382988
286407.2636744441 3232064.7094278107 -5482824.964686164
289704.0780453898 3235228.985919802 -5480785.158700184
289558.95712273096 3238698.763311946 -5478743.188987021
291662.38147358026 3242445.5344248177 -5476414.9780236455
290995.89649542834 3245192.0543248593 -5474823.368727947
292514.1012702646 3249371.876911869 -5472262.686137453
294320.7119586946 3252277.0145782377 -5470439.702524669
294642.418646318 3256465.09680865 -5467930.313967184
296843.084807199 3259235.442902623 -5466160.399286641
296629.88975768525 3261936.761862508 -5464560.391295193
297970.24950378604 3265931.831034652 -5462100.695286137
299511.24448188924 3268949.458013946 -5460210.935062787
299445.40270745463 3273260.84363003 -5457631.070378044
300594.43989086786 3275737.819240696 -5456081.535525556
300775.7906700464 3278971.9010769166 -5454128.5459452495
302838.4308424964 3281936.20550357 -5452231.160525907
303399.9948282011 3285515.0698329024 -5450044.052027391
303648.6727171034 3288834.8942576456 -5448027.489089096
303863.4415211707 3290533.7287642523 -5446989.607918464
304779.2483718117 3294171.762382559 -5444739.021264776
304727.8974017935 3296752.862802341 -5443179.444970527
303986.40722293896 3301304.1784768547 -5440461.743767247
304771.9164881387 3303520.0414494565 -5439072.569350581
304915.9143981145 3307605.1227342254 -5436581.245342432
306889.3607529707 3312566.9548856467 -5433448.268793609
306501.0061583979 3315935.5547030037 -5431415.057816919
306261.8257762918 3319669.64358495 -5429147.092456857
306630.2039108876 3322394.8349931343 -5427459.025958695
304976.0857060703 3325400.3692950015 -5425711.287106979
301995.89165299525 3327383.721353088 -5424661.9297702955
301066.1172412159 3334594.911523638 -5420283.845804568
300979.0521317872 3336882.1426174855 -5418880.89705415
299261.2126695369 3340644.2470658147 -5416657.617123093
298904.85098485416 3342574.265526604 -5415486.512724134
295629.11048309575 3344763.105751138 -5414314.748464572
295536.67587049276 3347047.7512460877 -5412907.760538132
293515.3994574459 3348837.6638172404 -5411910.569445916
292440.8534327626 3352723.4361552782 -5409562.358259554
289378.23635406594 3354126.2753986353 -5408857.380723315
285687.91552260367 3357189.752419034 -5407152.705553725
282270.2422370412 3357952.3498875774 -5406858.6560249515
277893.63364767417 3359264.224329381 -5406270.433442894
275120.7270793231 3360723.1212729868 -5405505.4978856975
271294.8043214345 3361602.0181496483 -5405152.356846235
269591.63826551876 3360981.8781979005 -5405623.198392821
268313.2609718456 3359759.0273903897 -5406446.917510189
268903.9399655964 3358291.7544005136 -5407329.115505778
270934.68457326887 3358601.9300913326 -5407035.0906834295
274479.5150138462 3357935.340197953 -5407270.31383557
278577.95827505377 3356840.187945156 -5407740.681075566
285211.065540823 3355051.6306344904 -5408504.802981127
291989.1039510837 3352952.35126417 -5409444.878481148
302545.8074305033 3351637.0859098732 -5409679.831446571
313529.70309940854 3349868.773595452 -5410149.658277902
325142.2679087314 3350374.2089388566 -5409151.150198753
336609.06904557644 3349905.7369340123 -5408739.861399591
347024.2632160801 3348937.7311587264 -5408681.099266325
356387.8738204384 3349188.2530622105 -5407917.041610738
366251.66962344875 3347459.2810883624 -5408328.491868205
373451.84551738144 3347328.485544228 -5407917.041610738
381210.9250842635 3347403.6307562166 -5407329.115505778
384127.31594597653 3347545.180167429 -5407035.0906834295
389248.55932056776 3349328.3846603767 -5405564.348962574
391911.85627610114 3350822.3832163257 -5404445.896948797
394669.8630301214 3354107.0284366137 -5402207.210114019
396940.1850769592 3355737.7787129767 -5401027.999371006
399198.5052222952 3357747.900407093 -5399612.077801519
401235.6870541144 3357884.7132506585 -5399375.998756871
400903.5260215204 3360581.337090671 -5397722.708663478
403317.8109870289 3362853.923700366 -5396127.243791948
404676.52740767953 3363259.8289555456 -5395772.533298561
407187.09033478727 3363336.2391181984 -5395536.0267631365
408913.9712734558 3362842.126926372 -5395713.40913013
410270.18559229624 3364194.739359685 -5394767.198914025
413367.87936798896 3364669.260705954 -5394234.770786979
415375.9769639494 3364516.808125422 -5394175.603890067
417711.68953250407 3365081.400538898 -5393643.027877824
419532.79621922766 3364380.501904825 -5393938.919870999
421306.02212282014 3364253.7857313 -5393879.744758467
424147.68169034686 3363612.04127619 -5394057.265166781
423982.9812791861 3362778.7607731917 -5394589.737661089
424922.3494148673 3363134.6878414084 -5394293.936040714
425943.8510677885 3363195.264942964 -5394175.603890067
428572.43358402885 3362291.849897865 -5394530.580623513
429372.92313974374 3363423.5482450407 -5393761.389604213
431113.38507580274 3364434.6315813567 -5392991.920912223
432832.14600337564 3365732.227664924 -5392044.501396833
434692.28951097006 3366725.978246571 -5391274.413423914
436783.36425200436 3366265.55990137 -5391392.906562702
437072.1745842039 3368030.7379137613 -5390266.956531218
440652.18480730825 3368892.4339203048 -5389436.929837761
440733.965812463 3371347.8568391413 -5387894.598037841
445152.98120811104 3373991.586835399 -5385876.028584902
444775.0831370359 3373851.7927249037 -5385994.820471646
447754.5450057787 3377344.691324417 -5383558.275286843
449491.9194114884 3375976.3505516886 -5384271.695865605
449224.6909783732 3378476.390853319 -5382725.65281402
450710.8739766539 3376572.2517663543 -5383796.108386786
448074.851967439 3375690.722292153 -5384568.88473581
446816.68825624394 3378416.636202442 -5382963.577744726
447455.6633788143 3378711.1412265045 -5382725.65281402
446721.34759196977 3380419.1354178614 -5381714.179191085
449435.8360407931 3384132.7751435265 -5379153.631332878
454089.9176550951 3385216.3084262554 -5378080.874424344
454296.0797434522 3387650.651111403 -5376530.399612208
457214.5280258161 3386973.924471109 -5376709.357061706
456768.3969212237 3385897.750475973 -5377425.039449249
457769.2001087034 3385289.036015526 -5377723.1708284225
456835.3530064586 3382383.911093879 -5379630.241774684
455681.27341804147 3381402.6202139934 -5380344.960786999
456332.5507574575 3378661.1908046305 -5382011.720618028
454393.20545058965 3376742.342486202 -5383379.883242602
455858.656250966 3375596.6635646936 -5383974.465991827
452664.4257314466 3372802.3528706543 -5385994.820471646
448558.88665541395 3373919.7795784296 -5385638.425123978
444244.79197782493 3371645.791431163 -5387419.811182817
439739.828331059 3370149.9020339483 -5388725.222276595
434821.1896820712 3370503.5444352687 -5388903.171328351
428633.9694468716 3373571.129214532 -5387479.165283741
423495.3720975156 3378388.740325899 -5384866.032600177
420053.9222728649 3382984.4232865223 -5382249.724249511
414405.085496347 3387276.5635196934 -5379987.630779924
412479.7570761341 3391672.5543690245 -5377365.408259169
409908.794326337 3392267.8361646435 -5377186.504860769
404961.0701911593 3397114.1491861395 -5374501.185136064
405315.7824956186 3401605.0606666557 -5371633.189981141
402301.0027665979 3405643.934802248 -5369300.16785406
401136.5565056388 3411629.498336767 -5365586.140312466
397546.8044263246 3417610.3265749277 -5362045.989543435
398129.89965886937 3423664.331677242 -5358139.2410984095
397322.42103801697 3427146.6395186237 -5355972.535868411
396752.8345355157 3433233.022304182 -5352115.395135659
396671.82403795177 3435686.883176437 -5350546.523934147
395310.86386934185 3441293.9421225833 -5347042.764446277
395425.5069387587 3444943.5030355807 -5344683.7071388215
392299.4742038257 3449055.4125961233 -5342261.588819925
388225.43933155277 3451861.7359847757 -5340746.442577104
381365.6734173575 3452157.4259619215 -5341049.553179122
376132.0335036854 3450574.5714810523 -5342443.338026219
369212.11748510733 3445130.3174929363 -5346438.114089902
365779.5780691376 3442586.97071695 -5348311.999997518
363173.98898243066 3439201.314569834 -5350667.245455253
360278.0325442922 3437627.719072748 -5351874.102062632
355878.01922399836 3435550.130890527 -5353502.324046502
351287.4806572181 3432734.57231392 -5355611.212735132
346179.4814667601 3427708.7008255394 -5359161.672211084
339284.1836376645 3423979.2703342033 -5361985.937976244
333379.6334973509 3417880.605320321 -5366245.539270856
325088.9519827885 3410490.006683766 -5371453.815086648
317609.15695694636 3401773.8561699446 -5377425.039449249
306863.8897233374 3393519.873161314 -5383260.947013723
296843.1316642959 3385446.464682461 -5388903.171328351
285702.37023312255 3379700.6147115957 -5393110.318782775
275549.3870871797 3376103.710070463 -5395890.776704467
266377.3905627143 3374855.6942059956 -5397131.93548966
256564.5664259351 3374387.6778595024 -5397899.908553754
246396.45751316188 3373822.815557323 -5398726.64569617
235311.51965850007 3372724.7697411524 -5399907.139598837
225599.4648215254 3375182.809559263 -5398785.686015688
215865.4482927526 3374686.2377555748 -5399494.041568755
204319.5249186049 3378331.211516776 -5397663.638744881
195598.66380561126 3379979.6503432468 -5396954.671477518
185161.7372720917 3382831.2276777034 -5395536.0267631365
178663.2991903848 3386480.5650480506 -5393465.472965804
171334.4135764784 3389215.2966084694 -5391985.273715014
167310.51122167168 3392996.0237399125 -5389733.404883759
163479.27751352105 3393559.478304622 -5389496.228130465
160908.79341062132 3394435.6591870915 -5389021.795821783
158291.11720651833 3393052.067752263 -5389970.555368146
152893.19669392915 3390474.0727131325 -5391748.346562989
147350.97419219319 3391190.410085396 -5391452.150668636
147487.63649841666 3390242.541771354 -5392044.501396833
143917.03672475563 3382951.4503392824 -5396718.296445322
140159.13049606816 3379337.546550438 -5399080.862944456
139372.6308615447 3368895.0869334154 -5405623.198392821
134266.90634914968 3360505.873579752 -5410971.601431245
131961.5147123712 3354167.9941580147 -5414959.3004565425
128608.65360513142 3346255.36173739 -5419933.197767445
128973.73780069409 3345105.245509782 -5420634.434401628
131172.74371489295 3343031.2176681543 -5421861.026345334
131542.69617908052 3340554.068596659 -5423378.654848308
133112.75137277908 3337459.960409137 -5425244.972172944
135328.053226803 3333105.353793353 -5427866.617606215
137510.29620223615 3329507.1923067886 -5430019.684569821
140924.41836753598 3324905.0474841883 -5432751.396256039
143301.89522562528 3320721.4659132506 -5435247.419634886
148277.70239865556 3316418.8915814776 -5437740.381678116
150615.7195462177 3312987.758721582 -5439767.27586636
155907.85220493865 3309700.908166045 -5441618.659930673
159474.80819959898 3305631.642417525 -5443988.265067966
164514.86442815416 3303481.7757591074 -5445143.158504617
169595.5364268771 3299988.7829527427 -5447104.954598375
174258.01809441354 3298603.360630706 -5447796.8952931445
181663.37951128927 3296775.3088764534 -5448661.485110549
188373.42245415392 3296017.695847564 -5448891.979326864
196381.27410292902 3294788.0806333153 -5449352.888086653
202009.90823237525 3293399.5411151065 -5449986.464162893
207842.64947512554 3292560.0284188655 -5450274.386883427
212852.4772519471 3290619.304030727 -5451253.013653654
216318.26045743263 3289821.1837290986 -5451598.296763982
219043.57872592637 3287447.3226988055 -5452921.328159741
220420.65839638858 3284779.5082090646 -5454473.330744401
227369.19321745133 3281156.228020419 -5456368.577845384
228459.26588917547 3279457.505063761 -5457344.210906102
232835.43635652 3276284.599595802 -5459064.744260508
233899.23947222333 3272673.8457417665 -5461184.674150117
238601.48119006722 3270231.6217102334 -5462444.093401814
240565.7206688989 3262628.193633074 -5466902.816417139
241345.75755977578 3256158.0061851423 -5470724.656210025
242551.91821044122 3246296.952385569 -5476528.614360068
239226.62554534993 3235227.2459673355 -5483221.342293305
234193.06282961456 3225323.045142129 -5489270.0665751165
227467.93915464598 3215041.140048284 -5495580.93421012
218355.09479143296 3206246.711199078 -5501085.718247238
207485.29212944818 3198112.6950117373 -5506238.829142332
194627.0433419334 3190348.147960336 -5511210.394169872
185219.52125623025 3182329.0258220285 -5516168.661340607
178744.31144387712 3169286.4632863044 -5523885.841032256
176219.91354049812 3156866.921578346 -5531073.926600171
177178.16243949853 3142492.90163777 -5539222.62252663
174771.34224515714 3129935.0242143255 -5546404.485982454
172080.76216781267 3119899.1203976804 -5552140.00992712
166384.48105452355 3110402.06718742 -5557639.443585778
160167.01430720973 3104899.046931095 -5560898.258006012
152981.406345316 3100207.059159005 -5563717.631193489
144476.56420206613 3099254.0015404304 -5564475.910302064
136299.61819324121 3099429.9471989553 -5564584.20876948
126436.36444506362 3102083.3417645413 -5563338.367068181
117644.8695037841 3104760.959798197 -5562037.402534472
106058.52752436603 3108674.492592313 -5560084.125968355
95066.57270264634 3111553.995086178 -5558672.06106079
82606.14179089622 3113074.2732197843 -5558019.9527129745
71322.04414166836 3114129.455037304 -5557585.078367088
59765.47694804986 3112626.2369236336 -5558563.3932680655
49497.9101879176 3109409.900740025 -5560464.101679548
40899.40328882254 3103612.659572094 -5563771.80500373
34002.66245994372 3097187.257615794 -5567397.588659175
27285.86899018447 3089574.089751181 -5571662.985616737
22213.473362364657 3081637.3578997166 -5576079.156181163
18502.161524616855 3072704.217981503 -5581020.288335959
14978.181829832245 3064927.756710456 -5585305.228921235
12484.438297576684 3056844.6454138746 -5589739.345676587
8941.736478513854 3049537.4612967847 -5593735.989255867
5472.48556537714 3044174.6463774107 -5596660.769981928
2598.486475712982 3038413.7119047637 -5599792.528583283
-1852.7773706138132 3033037.443120933 -5602706.61697027
-8613.333437971212 3027646.148173439 -5605615.542644503
-16795.717345588368 3026144.140233788 -5606407.989649661
-20752.888144259978 3025532.4576373473 -5606724.8608627645
-26707.766308682483 3024115.6260084435 -5607463.98791382
-32272.65758217957 3026214.369593869 -5606302.352249312
-37235.04002876534 3025961.6662123306 -5606407.989649661
-43580.198259821685 3030084.0790616134 -5604135.28032086
-46236.36376983384 3030827.2587224566 -5603712.102388047
-52805.650654609075 3034338.5561328297 -5601753.483510737
-54772.0902546359 3037627.851155074 -5599951.611935245
-59310.85654363985 3039204.341513728 -5599049.936624978
-61531.32908192013 3044046.1311599836 -5596395.093889579
-65322.26752347647 3044846.3852739716 -5595916.769524867
-69647.22628865705 3047973.8805623986 -5594161.732313402
-74524.56414089627 3047174.8443667954 -5594534.168024877
-84906.2652783426 3053055.29266734 -5591179.24109328
-90915.78439729234 3061469.8709116494 -5586481.678986125
-98451.51114620872 3067965.72015446 -5582789.145213184
-103912.78055697157 3074120.7214596863 -5579303.265097632
-110222.53528640865 3080816.8034754223 -5575487.406150114
-115945.11310394689 3088394.0818635 -5571177.588791963
-116731.30868192883 3092061.365810771 -5569126.620183261
-121141.89785554705 3097045.906220811 -5566261.967904931
-120765.07270414778 3099879.702920203 -5564692.500456616
-124909.19781348803 3103214.10252096 -5562742.212813445
-124689.6462321136 3107205.9586567655 -5560518.377148879
-127744.00596624376 3108830.095725517 -5559541.1595608285
-130013.95182961786 3112425.7534890817 -5557476.342850913
-132047.58723614778 3114184.5522394385 -5556443.01773161
-134129.32017154666 3117007.1994461496 -5554810.207745282
-135393.4333563441 3118505.0818859064 -5553938.753034261
-138945.75009636747 3119901.195386495 -5553066.86521566
-141913.60202165466 3122774.7511800937 -5551376.350325506
-145219.68382785143 3123398.6788673797 -5550939.824595331
-149510.65910633327 3126299.507675973 -5549192.639575469
-154402.8502384019 3127903.9606199763 -5548154.429445537
-161162.46755411898 3130568.3230067003 -5546459.197906254
-166889.8063190913 3133176.0341810375 -5544817.105313787
-174104.57146238338 3135690.710094604 -5543173.492578263
-180477.30989762038 3138624.6474955566 -5541308.894362912
-187479.8643994398 3140829.7301306846 -5539826.793932458
-194006.3502390845 3142273.753438532 -5538783.09690118
-199253.20585561343 3144269.871426786 -5537463.872170548
-203214.0048761184 3146727.7498197765 -5535923.548671565
-206536.45391653726 3147770.1081946394 -5535207.949044
-209307.96127470012 3149620.059249587 -5534051.378485717
-211105.51886064382 3151726.3242678144 -5532783.805357288
-214023.0186628861 3154819.7676644693 -5530908.36852645
-216374.93351235514 3157658.402451133 -5529196.713951972
-219056.81832279614 3159601.4100318584 -5527981.009380458
-221719.25703036913 3162800.249559074 -5526045.254289089
-224042.287276309 3165053.4700642647 -5524661.309541622
-227045.4219953561 3168222.351296387 -5522722.019900779
-229527.86007553915 3170265.9868230904 -5521446.507414679
-231869.13537148345 3173380.2835463886 -5519559.3374889195
-234621.2584106276 3175206.3231874467 -5518392.761510571
-239001.27539672004 3177873.3490560567 -5516669.318322241
-241821.17630325406 3179011.789001234 -5515890.459761006
-245431.28639526427 3179507.5372501435 -5515445.249862235
-249456.6948940878 3179580.47219963 -5515222.604589891
-256881.99726295966 3180244.547776753 -5514498.821816759
-264121.81263326935 3182644.8892445466 -5512771.732718205
-271100.4828636996 3183796.037804559 -5511768.166192321
-279153.0127933192 3185610.527849424 -5510317.609748401
-287352.2166258864 3186426.294853873 -5509424.395621017
-297092.801148506 3188043.4822387397 -5507972.0063614
-305927.27874203626 3189428.7872528746 -5506686.2550143665
-315430.19066123664 3190627.4775140667 -5505455.5755678965
-325001.0168466399 3192370.798630592 -5503888.082355902
-334884.67837495613 3193184.1201352244 -5502823.67763187
-343772.80634484685 3194074.642072653 -5501758.667779444
-352326.261104216 3194398.2586875227 -5501029.628226924
-360970.23461628414 3192466.754244559 -5501590.453020316
-368316.2421190015 3189114.1265581283 -5503047.813128533
-373545.3738696044 3184636.91395419 -5505287.692749667
-377173.59886047646 3181015.6993660736 -5507133.573530717
-381890.80711214157 3177160.766313451 -5509033.479335714
-384713.33204116864 3173526.627969512 -5510931.445202185
-387254.6768251481 3168565.258910691 -5513607.622537288
-386670.8187273675 3163788.0603499706 -5516391.192358612
-384640.65655660344 3157243.859601572 -5520281.132001511
-382951.2554212148 3151624.1957838885 -5523608.80806388
-379345.96410410746 3146718.0979242693 -5526653.856694283
-375866.0410597846 3140916.3808299853 -5530190.774992479
-371905.75827677624 3135651.554529648 -5533445.25910724
-366969.7955795066 3129521.3826509225 -5537243.906914611
-362349.73197513813 3125486.0046024146 -5539826.793932458
-355713.5662130444 3121089.273459662 -5542734.939171008
-350203.8466349439 3118207.1989552574 -5544707.578419777
-343334.45627287007 3115368.108086105 -5546732.732181695
-338371.4080217732 3114255.5005244752 -5547662.432744661
-331497.4600252766 3113728.7814142746 -5548373.050704969
-326529.0375282535 3112987.8566734735 -5549083.383033127
-319706.906348235 3112332.768534786 -5549848.036832886
-315426.2546685036 3111795.8726958227 -5550394.015251444
-310493.16657200194 3112389.3170049554 -5550339.4250176735
-307192.8632075326 3111743.317182512 -5550885.251269776
-303338.66844397277 3112705.4196697907 -5550557.775808207
-300018.073571223 3114097.7381320307 -5549957.246041773
-296840.9816034225 3116445.3567766175 -5548810.21209648
-294766.20058708085 3119462.9066285314 -5547224.9874293115
-292305.49753537023 3122514.0319404406 -5545638.341656049
-288794.22500050097 3125562.0266045304 -5544105.059741756
-286482.6637005739 3129757.8248677943 -5541857.508189636
-283829.44252743205 3133301.0814819154 -5539991.532515083
-282864.1822934848 3137270.9512277604 -5537793.769449879
-281088.02160932467 3140244.3281409424 -5536198.70341432
-282163.6634390757 3142378.9252051595 -5534932.642540568
-282636.76543867675 3144566.9801849397 -5533665.689753306
-283292.45848123776 3145089.790152397 -5533335.033670635
-284515.2121869137 3147597.221762976 -5531846.330438349
-284651.43662674096 3149717.41012185 -5530632.404707587
-288508.20244718716 3151886.374148569 -5529196.713951972
-293365.344464459 3152213.3283365774 -5528754.733873125
-298884.39698731294 3152470.206872953 -5528312.646008358
-303532.59824473603 3151153.6119937347 -5528809.9872777
-309663.47116877086 3150266.152250795 -5528975.737386327
-314655.97083795833 3147443.6198169957 -5530301.1925291475
-320566.9843603346 3145003.48868693 -5531349.823025584
-325966.0916653337 3142507.1278392226 -5532452.987469853
-332538.95065853634 3142789.3274486316 -5531901.489503397
-338469.56301239395 3142738.781638695 -5531570.509836997
-343768.634906388 3141969.3148363777 -5531680.843132693
-348590.7301836802 3142409.3112739967 -5531129.109255044
-352110.270873485 3142599.71560042 -5530797.988053221
-356903.4890515953 3142253.2618182977 -5530687.6008408815
-361938.2828593878 3142551.7770736706 -5530190.774992479
-366076.81529137143 3143724.160258095 -5529251.953882701
-368645.59597302723 3143812.621951137 -5529030.984054115
-372397.2869101725 3143078.8980114167 -5529196.713951972
-375178.67197280243 3141678.978523395 -5529804.260550361
-377998.1607406001 3139688.2843414187 -5530742.795289432
-379042.3444707748 3140048.5357116014 -5530466.806199413
-379592.5247719108 3138620.78723609 -5531239.469510138
-380664.8375779453 3138296.419515944 -5531349.823025584
-381838.3773278667 3138348.3529609693 -5531239.469510138
-381607.6252835621 3138279.1697320524 -5531294.647110325
-382296.3184418218 3138000.8414973873 -5531404.997255897
-383055.5742111352 3136935.620007066 -5531956.64688333
-384204.78245354374 3134071.0502679846 -5533500.369297174
-383774.9206084378 3133734.5122409123 -5533720.793200738
-381185.25191509334 3132980.2831566758 -5534326.81986472
-382044.2853890747 3133654.076147387 -5533886.093428958
-383696.7492263162 3133549.4767090348 -5533830.99503858
-385603.34900451865 3133704.669399387 -5533610.584620224
-385223.79391902755 3132875.549049045 -5534106.470133121
-385773.6568750934 3131931.985535955 -5534602.219097414
-385398.48270957253 3131588.863971006 -5534822.508136819
-385456.2067144075 3130705.7493615057 -5535318.059842646
-385323.31961864606 3130527.4286767663 -5535428.163896674
-384936.52605885704 3130088.3052671957 -5535703.394523163
-385379.21894565277 3131883.2189015276 -5534657.293886212
-386559.7117902678 3132905.6329769134 -5533996.285152543
-388278.4793177037 3132887.729787378 -5533886.093428958
-389312.9165048325 3134511.0821344764 -5532894.064503553
-392393.61547200114 3134710.823815516 -5532563.266840304
-394684.00971714756 3135688.394737169 -5531846.330438349
-397189.239953083 3135274.727690636 -5531901.489503397
-398818.94678171683 3136722.268113439 -5530963.556235857
-400607.9778166285 3137662.0225926763 -5530301.1925291475
-401917.32740051684 3138759.5237294664 -5529583.358096051
-404187.9261114574 3138662.550252244 -5529472.896762384
-406119.4056467629 3139386.2862498523 -5528920.489034318
-408836.52750919695 3139714.7615660657 -5528533.703413444
-409955.38383657404 3141028.4059636192 -5527704.59921594
-411418.2823557737 3141129.025225052 -5527538.732911072
-411969.73802578426 3141932.405881341 -5527041.0430739205
-413189.6218794938 3140604.591504322 -5527704.59921594
-414260.63870405394 3140268.871922279 -5527815.168333369
-414716.1009302602 3138651.5622028457 -5528699.478784394
-415664.10595911037 3138234.1404069355 -5528865.238998104
-416307.92930698406 3136785.904967528 -5529638.586236281
-418231.4133714742 3135751.074221002 -5530080.35071744
-419831.3144593928 3135634.6505963453 -5530025.136053075
-420752.1884296083 3135024.2927037086 -5530301.1925291475
-421508.59903851507 3134435.7162925163 -5530577.206889567
-422892.1921844883 3133957.135339192 -5530742.795289432
-425942.06830529764 3133446.6597972023 -5530797.988053221
-427366.43268927484 3132863.004501509 -5531018.7422604365
-428644.0254779972 3131616.6217074925 -5531625.67732736
-429074.7905226877 3130290.7307254574 -5532342.701358276
-430026.8410415798 3128308.072185782 -5533390.14723172
-430121.2890248231 3125760.1443728344 -5534822.508136819
-429914.23154973076 3123448.087288127 -5536143.675838547
-429515.3900419114 3121356.979636219 -5537353.892916128
-429019.15140109207 3119766.6646510893 -5538288.501501426
-428338.86865155183 3116835.034656708 -5539991.532515083
-427604.627612537 3113909.86086959 -5541692.941766394
-428370.2743496145 3112632.9709311696 -5542351.116297652
-426777.1294271145 3110703.5438531 -5543557.138161175
-427193.08250938915 3108497.648882311 -5544762.342711298
-425546.0480237216 3106965.203617402 -5545747.811118179
-425230.7839453562 3104663.420940813 -5547060.917554205
-423988.0134909716 3104051.6471878574 -5547498.403425307
-423821.09415257303 3102022.088401425 -5548646.289251188
-424055.7332710122 3100914.78817421 -5549247.265311078
-423553.8538982863 3098050.3643555525 -5550885.251269776
-424009.8561064218 3095347.4368565623 -5552358.137500689
-422684.5454191364 3092496.2127870233 -5554047.708560104
-422975.8685213698 3090205.815806192 -5555300.2106642425
-422225.011589667 3089134.1153489146 -5555953.3346650405
-422192.3297581713 3086887.2778275535 -5557204.474434944
-421807.33384617267 3085275.584870004 -5558128.6543690795
-422163.9429154853 3083072.509007603 -5559323.9255779665
-422301.2673569423 3082074.306324355 -5559866.9597288
-420598.12786916486 3080838.015908854 -5560681.193393823
-419609.4253375991 3079209.601785881 -5561657.770704476
-418740.6503291796 3078054.2669304674 -5562362.735168665
-419228.0183625246 3076812.11828377 -5563013.217439086
-418972.6139770019 3076944.8957718294 -5562959.019903073
-419387.8642389057 3077182.2891926384 -5562796.417127656
-419488.20329013746 3075110.660055031 -5563934.3162654545
-420217.43389957095 3073246.7234732243 -5564909.063489532
-419781.2512021462 3070855.321534098 -5566261.967904931
-421327.2585144801 3067799.427601061 -5567830.009370192
-422776.1389029636 3064460.5175190717 -5569558.606652869
-424167.58025150624 3059556.6345441705 -5572148.244966239
-427166.93287026574 3055701.8402477503 -5574034.057571655
-429867.4895935397 3052866.702537486 -5575379.793155659
-433833.7749038521 3048274.9850019705 -5577584.501517114
-438175.26252254925 3044112.753955681 -5579517.988188375
-442989.71084810805 3039183.423066585 -5581824.54373478
-449346.0157021297 3034901.2041670578 -5583646.106185273
-456253.35060930415 3031505.0070438483 -5584930.731202121
-462786.7969113511 3031401.90342034 -5584449.111644234
-465636.77476579987 3033036.0378569537 -5583324.796843427
-469424.7827440465 3035804.1587673007 -5581502.887480833
-470784.2988670737 3040028.6985175465 -5579088.514814042
-472716.6552844609 3043374.2440299243 -5577100.78576602
-472963.2716353557 3047767.7151851365 -5574680.143107688
-471300.8056228946 3049698.7873045993 -5573764.783100563
-469745.4887367152 3050922.9649511 -5573226.106820491
-468194.647725499 3052538.9768503066 -5572471.674818175
-466136.8466092749 3053345.803070494 -5572202.15418509
-464605.97809931217 3053677.4913592385 -5572148.244966239
-461558.1524484575 3053352.7652711277 -5572579.4711892195
-458904.1635012785 3052375.7471992746 -5573333.855658645
-455745.5641161098 3050193.102558114 -5574787.8002571
-453565.0204213455 3046877.7989424234 -5576778.232148196
-452711.77327227365 3042969.373375237 -5578981.129475255
-453401.58102134755 3039223.4488232723 -5580966.657708153
-455335.5290378672 3034402.5274447044 -5583431.906760662
-459816.04994972824 3030375.1028769994 -5585251.734351088
-463210.850505372 3027096.463444101 -5586748.939139677
-469024.6436913204 3024128.789906061 -5587870.967163749
-473842.3551973193 3024167.36569586 -5587443.616420771
-477258.5206441107 3024222.4672028045 -5587123.0318777105
-478980.32328249485 3025529.7828808976 -5586267.840231872
-480019.02668411937 3028326.2505792035 -5584663.181792984
-478867.6054470575 3032356.3455479154 -5582574.836942958
-477862.5236716257 3033895.708726686 -5581824.54373478
-476174.1609667872 3037316.2696247753 -5580108.3364662565
-472667.0023481351 3038159.713546192 -5579947.352787134
-471486.9496778666 3037554.602381938 -5580376.608601946
-472819.19161753374 3037741.781239063 -5580161.994293056
-473119.9814635664 3038976.225139948 -5579464.309965076
-473867.2266335917 3040633.6544400644 -5578497.811329592
-471931.76132504374 3041821.3724744217 -5578014.355540013
-471020.80775401386 3042258.1052306 -5577853.173024678
-468726.34670439933 3043597.413921759 -5577315.787533814
-467861.6060292449 3043631.9754269896 -5577369.533728435
-467191.72188182105 3044227.2780482634 -5577100.78576602
-468018.26383929345 3044297.2783204233 -5576993.2746887645
-469488.6758106547 3044661.767652598 -5576670.700685143
-473246.25733370497 3043981.471053298 -5576724.467266053
-476988.4979455145 3042510.585396601 -5577208.290047747
-482382.0410445273 3042547.0879961536 -5576724.467266053
-486354.06915497093 3044575.6538945395 -5575272.173367775
-490643.6541012875 3046843.738411215 -5573657.061426951
-493970.83681009203 3050542.749884573 -5571339.403007844
-496618.0784313409 3054052.8247971986 -5569180.62442972
-498883.5206259327 3058212.982237081 -5566694.673513579
-500682.6266433147 3065201.469125385 -5562688.006804726
-498870.44479351904 3070610.4717836725 -5559866.9597288
-498419.564718489 3074615.176554646 -5557693.807111514
-495677.55887698696 3078103.739671584 -5556007.75066464
-491899.3856207209 3081360.809406484 -5554537.924677423
-489559.74068976985 3083990.811695464 -5553284.877770429
-487978.45799930283 3086203.7791007496 -5552194.544357472
-485896.7778667624 3087709.301787238 -5551540.019572521
-483184.11099587765 3088723.3694986133 -5551212.665859079
-481413.0717949156 3090470.6324063237 -5550394.015251444
-478497.0113288664 3092687.7782952385 -5549411.132375453
-475881.2917885918 3092209.348881465 -5549902.6422826275
-475778.29670312867 3092617.205197962 -5549684.210340244
-474512.1980970128 3093007.705828151 -5549574.984225803
-472981.38552522106 3092752.233368979 -5549848.036832886
-471907.4498022672 3092230.367809868 -5550230.239477959
-472740.7596568059 3092984.9974385505 -5549738.820861677
-472014.2088559182 3093291.9212736236 -5549629.59812828
-472937.45515847544 3092464.9794853735 -5550011.848110304
-474120.082437605 3091891.8862427566 -5550230.239477959
-477724.8440461122 3090552.7794908304 -5550666.9410587605
-481097.06394646585 3091990.3152366555 -5549574.984225803
-484688.5181337648 3093389.991397523 -5548482.351193967
-488620.2565295304 3095516.1084606284 -5546951.529188784
-492131.47783680435 3098096.217694962 -5545200.396236942
-495958.69751193287 3099837.8944752766 -5543885.9113745615
-500577.61815550394 3103700.820867928 -5541308.894362912
-504757.28204738145 3108215.563615142 -5538398.423400103
-508325.72000616166 3112334.2534466875 -5535758.435589713
-512273.23169216164 3115309.1851354768 -5533720.793200738
-515584.34975380515 3119460.690050879 -5531073.926600171
-519334.78708484385 3122165.2866794635 -5529196.713951972
-524864.4171788243 3125740.790895134 -5526653.856694283
-527977.0411453213 3129226.47108089 -5524384.394365591
-530783.2323309467 3132858.2088945815 -5522056.646145361
-533574.519594878 3135707.4547580024 -5520170.105188262
-537718.7589314441 3137540.641548729 -5518726.144584746
-541507.1149759269 3138257.348497391 -5517948.156609717
-544864.4324260142 3137773.939965958 -5517892.573433048
-549804.3067873523 3137303.224797672 -5517670.223918081
-552279.1820391373 3135010.437967147 -5518726.144584746
-555801.664474694 3131648.4051430947 -5520281.132001511
-555897.1708303877 3128695.370896768 -5521945.726969064
-556340.8320616501 3126756.442993402 -5522999.187468725
-558698.3053215768 3125454.724410485 -5523497.983098299
-561216.7580086961 3120986.8131590798 -5525768.549497648
-562257.6273953983 3116780.739337363 -5528036.286361672
-563557.0553640177 3113407.9856884344 -5529804.260550361
-564975.9304078412 3108244.9865589966 -5532563.266840304
-568806.6353911485 3105288.15569269 -5533830.99503858
-567079.8845885976 3101970.537415051 -5535868.512663932
-566923.5788945738 3098364.2498443136 -5537903.721714566
-567025.3682541966 3096478.4904884067 -5538947.931665258
-566387.817539417 3094826.0163794886 -5539936.621341764
-568302.0757336813 3093393.629768215 -5540540.551428733
-563196.143132536 3090788.1979937027 -5542515.621944919
-560994.7907396442 3089713.6638463563 -5543337.922245414
-559782.304729176 3091015.0703943614 -5542734.939171008
-558899.5786348017 3091371.4145811344 -5542625.283934724
-557332.3447452235 3091949.2341167876 -5542460.788417488
-555008.9941547964 3092661.958013106 -5542296.277705282
-549427.5090539003 3092282.879678063 -5543063.864357398
-547612.651847553 3092408.287195304 -5543173.492578263
-546088.0274196849 3092284.902959244 -5543392.728757292
-545915.5339339592 3093199.53567512 -5542899.40936229
-544517.5046864618 3094428.184780541 -5542351.116297652
-543621.3419189656 3095666.0300614834 -5541747.798928926
-542296.5371578584 3097960.2307477146 -5540595.444037776
-542555.1133438008 3100074.51452906 -5539387.416795463
-543305.012655114 3103083.566726033 -5537628.828401076
-544050.9572145244 3106386.563809901 -5535703.394523163
-545673.7734695208 3108946.237904133 -5534106.470133121
-548714.2817102732 3110960.8070018 -5532673.539469494
-551674.190806467 3112496.525817048 -5531515.340661621
-556742.8827701461 3113261.010760001 -5530577.206889567
-562630.1388468074 3115733.043590896 -5528588.963554537
-566245.479768257 3116156.7702172864 -5527981.009380458
-571180.7629426651 3117021.3686268325 -5526985.735784736
-573578.3008313966 3115992.5524829547 -5527317.55426501
-577971.4551262958 3113905.074617377 -5528036.286361672
-584113.5052199464 3112169.7628496187 -5528367.912885702
-590936.9209865163 3111961.6343134213 -5527759.884616581
-593218.2018537357 3110643.5883418573 -5528257.377446993
-598349.1109712456 3105139.7644464183 -5530797.988053221
-600354.9826745326 3105047.5195681346 -5530632.404707587
-601931.852311176 3101005.0746980933 -5532728.673256073
-606772.6410493872 3101340.57759063 -5532011.8025781335
-607171.6024990121 3101656.025428735 -5531791.169688205
-610592.9149203639 3099901.8329695705 -5532397.845256697
-612134.4350114269 3100877.2118856977 -5531680.843132693
-614175.4077017516 3098406.5064751203 -5532838.93577312
-617075.0307917221 3099700.930950112 -5531791.169688205
-617317.6422962148 3100637.008655326 -5531239.469510138
-619384.3517804784 3101406.097789045 -5530577.206889567
-622121.1278314154 3104106.5373117076 -5528754.733873125
-628618.3233803934 3104175.569042356 -5527981.009380458
-636724.712437545 3106560.193099839 -5525713.203489556
-643798.664649429 3106874.6035112767 -5524716.6875281725
-654153.1392751246 3108750.2292471677 -5522444.810274901
-659901.0408451903 3110195.197293182 -5520947.151624063
-665288.0191759345 3108850.2636490148 -5521058.131350405
-672245.5342958851 3108733.369925341 -5520281.132001511
-680810.320930248 3107362.0788189843 -5520003.552356884
-689214.2660235686 3106791.7180699324 -5519281.648551891
-700191.3624184141 3102953.5770781087 -5520059.071648855
-715930.9102964071 3105488.247502595 -5516613.696490395
-724252.2794324008 3109093.0144001353 -5513496.192394191
-736383.439439718 3114150.053172963 -5509033.479335714
-738784.9181093122 3125036.511711872 -5502543.470545408
-742519.7304157765 3128394.7756545013 -5500131.960017041
-742747.4787547488 3131300.103102384 -5498447.676127733
-744226.253482695 3131935.3073673733 -5497885.913157234
-752195.9014893809 3136738.8688702183 -5494061.484393978
-753705.7170716681 3143276.8933973177 -5490116.489063596
-759259.2709621544 3144404.150324695 -5488705.575896638
-759738.946127825 3147835.4184487127 -5486672.025198554
-758100.9983636003 3141529.7085879003 -5490511.357454762
-762190.3159516214 3142117.670428667 -5489608.6807211945
-767873.8217605313 3141128.0904933335 -5489382.944645835
-779100.7746095763 3146551.594378683 -5484692.8853779705
-781899.0146310112 3149604.812803947 -5482541.787718656
-791033.5607903821 3151564.518916641 -5480104.742503469
-791341.835314938 3155825.0262523037 -5477607.826721445
-795136.5703555667 3153687.8581053 -5478289.124181233
-800730.9282499078 3161441.362492485 -5473002.785680425
-801979.7810009167 3163588.1136258733 -5471579.267285708
-806352.3494083318 3166910.067223497 -5469014.309244595
-800405.168351313 3162706.193722312 -5472319.6268736925
-810258.259297998 3160097.6683890047 -5472376.565942968
-812797.2130782924 3160826.1597597157 -5471579.267285708
-818758.2321011792 3156129.8191056056 -5473401.184119337
-820710.1981050167 3159570.0948961726 -5471123.521376959
-820704.8053320398 3158190.165075369 -5471921.0067147445
-824679.844606691 3160115.188764451 -5470211.709581239
-823205.3988999164 3158526.182425548 -5471351.407664685
-822933.5223786569 3157708.8511914653 -5471864.054310243
-827810.0970010043 3152286.1226849346 -5474254.619948836
-831832.8494943497 3156166.2668047305 -5471408.375069988
-828708.2093532212 3152346.5025277613 -5474083.962797024
-833474.7619447777 3153461.0674358727 -5472718.165351409
-833247.7142857616 3154607.739295324 -5472091.853927124
-839713.386167957 3153881.1163842794 -5471522.304880516
-839556.759074189 3157282.0343635986 -5469584.5915186005
-843366.8507877331 3157847.2502826573 -5468672.059913142
-845407.0828634906 3161944.301074348 -5465989.03229303
-846712.614975739 3161298.663035725 -5466160.399286641
-850261.3148326508 3162618.009967141 -5464846.20273348
-850571.0887302217 3161349.39455064 -5465531.980383116
-854178.4442215123 3159586.062173275 -5465989.03229303
-852811.07882724 3156496.2001110306 -5467987.38134189
-852038.137520801 3148397.178941915 -5472775.092751454
-849562.8672845161 3141642.551260636 -5477039.8952937955
-847985.4711963543 3136026.6203218657 -5480501.681166837
-849188.053026286 3134611.0368464477 -5481125.276645104
-848840.5625001523 3132028.760078145 -5482655.063516013
-850605.9471873791 3128376.094887133 -5484466.567638843
-848004.7571487086 3126999.2522959714 -5485654.437530093
-850346.9925531028 3126561.563834759 -5485541.338811242
-853242.9468955222 3129443.6599932257 -5483447.807037216
-859028.9462205407 3129348.9360915152 -5482598.426452382
-863017.3742901137 3131030.253240939 -5481011.910675198
-869815.499132252 3130935.510241873 -5479991.316432515
-873604.6706158866 3130376.8400088907 -5479707.72204267
-879489.4221259311 3129721.9916437734 -5479140.408074056
-883585.2742178274 3126481.07230523 -5480331.574613214
-889341.7185913401 3124749.0498938505 -5480388.278467182
-889792.8120341139 3123228.1544154356 -5481181.957125596
-892645.6746704789 3120423.780673916 -5482315.216083145
-892682.8368280949 3119318.320887 -5482938.22378214
-894854.6194396911 3116007.4901256664 -5484466.567638843
-890870.3592430183 3112368.855185079 -5487180.615971752
-891035.6999548039 3104547.5518000773 -5491582.729962119
-889512.7647339052 3105781.818127243 -5491131.699346291
-886971.0944903862 3105711.254691963 -5491582.729962119
-885336.3884444789 3107174.22185686 -5491018.924965047
-884554.3886929498 3106898.6990410616 -5491300.848372906
-885106.7109008685 3105545.4453770136 -5491977.293927601
-883338.5980174913 3103656.769033301 -5493329.462292087
-876411.6843327481 3102132.3880186533 -5495299.646677215
-866975.779223572 3101396.279281045 -5497211.576526901
-855738.7945532594 3101031.529330826 -5499177.717585844
-836375.367762491 3106210.5796908066 -5499233.862895546
-831112.2407187228 3108914.4294270147 -5498503.843212988
-825220.0533403738 3111674.974888348 -5497829.727648767
-820339.3539041784 3113659.835004965 -5497436.382197882
-814083.6596145413 3117284.4350887765 -5496312.085926511
-809776.7755176851 3120387.9711679644 -5495187.119946186
-807559.8956127911 3124627.116378657 -5493104.167826153
-809962.291307136 3125589.7594553693 -5492202.722246168
-810056.6340592894 3129327.347660935 -5490060.072603751
-808090.9247008914 3131418.7664276236 -5489157.18181589
-808750.833181443 3133523.8764253194 -5487858.526392673
-808770.2547305495 3137672.4378517475 -5485484.786945322
-807425.5044281677 3140391.0033548903 -5484127.040910576
-807935.4097375682 3142829.1121526808 -5482655.063516013
-806585.8511839247 3142582.971139855 -5482994.850824839
-804315.5905120311 3140793.7258806047 -5484353.398745226
-798780.5240018851 3137859.1833796683 -5486841.570498929
-800516.6341514356 3137120.223806911 -5487011.100756817
-798383.7681272257 3139738.6193845593 -5485824.073075633
-793825.0628727085 3143856.4484894276 -5484127.040910576
-791515.273015469 3147201.9507019217 -5482541.787718656
-792398.3348897152 3148854.3417769927 -5481465.334482759
-794646.9487386562 3151049.9213385014 -5479877.883684359
-795567.5912493225 3149831.1100443196 -5480444.980651728
-797129.5935606094 3150225.481278145 -5479991.316432515
-795659.1486649078 3151583.6028508935 -5479424.085922463
-796780.6579832062 3152779.767824109 -5478572.92720128
-791327.1499998796 3155533.0171555164 -5477778.173613319
-786362.2699975854 3158153.19128052 -5476983.092974536
-781011.4222727463 3167059.246865168 -5472604.305550085
-781144.8011389883 3176661.5837928597 -5467017.009458464
-783361.2076411276 3184955.796260791 -5461871.729931766
-785491.0316931197 3191693.5847248686 -5457631.070378044
-790995.1538678958 3196023.9140170086 -5454300.945821463
-795053.4486629574 3198057.252727912 -5452518.759439856
-797488.651764211 3196175.725547131 -5453266.322281589
-796919.9596367131 3194846.0654995227 -5454128.5459452495
-797983.1825466339 3195071.2399226725 -5453841.179590008
-801793.3886996831 3193724.6374430377 -5454071.075996976
-803821.5781737731 3189778.3854304547 -5456081.535525556
-807171.4109739288 3183134.6897744546 -5459465.986711599
-811862.4943939457 3181351.4043658944 -5459809.843953871
-815308.4384915045 3176337.294559669 -5462215.167980286
-821142.3745589264 3173750.8634880483 -5462844.648826524
-822630.2411553537 3169917.4227109053 -5464846.20273348
-828545.5699404102 3167686.2943755775 -5465246.268829727
-834573.8150513432 3169259.4068634817 -5463416.729413745
-843731.7820241986 3170977.1496193623 -5461012.872773157
-852069.4417792063 3177526.157817125 -5455909.290189309
-858859.371661136 3179543.812529424 -5453668.739840704
-867213.8474851277 3181122.3470636057 -5451425.6626815135
-871927.0005236326 3180031.042267408 -5451310.564990177
-878879.9103672105 3179695.727265875 -5450389.544350023
-881508.6995293618 3179264.0947172213 -5450216.805659748
-884877.2554002781 3176550.6172587946 -5451253.013653654
-887081.773508051 3175244.171653282 -5451655.838136857
-888949.3560717448 3171460.4366917694 -5453553.771701393
-894553.6026801555 3172059.7349809194 -5452288.683630456
-896627.7305957499 3171572.966986103 -5452231.160525907
-902181.3644110052 3170492.3339205463 -5451943.520090844
-905230.5048778645 3169227.252589588 -5452173.635760514
-910110.6123500913 3166839.1343401554 -5452748.80867434
-910752.8434718971 3166159.347029582 -5453036.332844763
-909361.2817371453 3163191.8754841536 -5454990.395788834
-908157.0157957294 3160664.7609414547 -5456655.578612589
-908093.9378353782 3154636.0508334194 -5460153.641322629
-908546.0859902372 3151034.07319564 -5462157.932465145
-906379.204988125 3146200.2994956705 -5465303.414470091
-907516.4264998754 3141900.343361289 -5467587.874741394
-912328.1694125045 3142096.307007713 -5466674.41035086
-916611.7372602315 3143731.1898211357 -5465017.6696203435
-915848.161015937 3146834.2512046327 -5463359.5288438685
-913159.0872494994 3150295.862138054 -5461814.484433677
-909738.8495650043 3154757.1528497324 -5459809.843953871
-907104.7827982274 3157002.667605546 -5458950.0885935975
-905449.027938996 3159757.294073159 -5457631.070378044
-903801.0311953848 3161715.017951284 -5456770.367284248
-903490.3894454043 3164180.6483118017 -5455392.4644363485
-901851.6850149496 3167023.861828951 -5454013.604387298
-902828.0193382644 3167933.384863041 -5453323.81548794
-903299.5252965624 3167699.9996370906 -5453381.307033112
-903748.8341974558 3165295.0172010963 -5454703.154046849
-904096.4369652236 3160243.6491502277 -5457573.701808564
-905156.672476196 3154786.074412872 -5460554.662574347
-906269.2853604673 3151193.6641329844 -5462444.093401814
-909391.2263511104 3146125.3277492123 -5464846.20273348
-917416.3690698443 3142204.663530498 -5465760.519657799
-922345.6163324977 3141755.4694791147 -5465189.121524551
-928722.6161482688 3142362.6589779793 -5463759.897883101
-932875.1521569224 3145905.8081725943 -5461012.872773157
-938170.1070374529 3145424.845531361 -5460382.806303542
-944177.4779753978 3147506.600956912 -5458147.312689232
-946813.5486490964 3148306.175442871 -5457229.455480389
-950220.764800799 3149666.9429683643 -5455851.8717532735
-951347.9530123031 3150022.9368538884 -5455449.896167474
-955525.1174767357 3148559.346392359 -5455564.754644233
-958412.54293714 3148776.413182236 -5454932.950763738
-961676.5002789833 3146287.6871161214 -5455794.451655291
-964006.8366606358 3144877.2834458454 -5456196.357439662
-964045.7986136131 3141677.3853917504 -5458032.603813713
-962658.3508582156 3138913.925114959 -5459867.147673314
-956800.1561118923 3135423.0466532917 -5462901.864373883
-952973.2664185873 3130906.1695876485 -5466160.399286641
-946640.5759911628 3126744.8363547088 -5469641.61058257
-943200.3355541832 3119503.9563560016 -5474368.383045639
-942293.9726395244 3117881.253401637 -5475448.799761884
-937958.0858644892 3116493.514903009 -5476983.092974536
-938532.4555826343 3117219.030834562 -5476471.79702597
-934752.145452578 3119053.1665436607 -5476074.028977856
-935487.7465601199 3119131.960173319 -5475903.531935275
-935273.7980545508 3120991.884206106 -5474880.234433648
-937559.7148662959 3119707.273388969 -5475221.393644625
-937150.5317565553 3119530.872849526 -5475391.950734402
-937286.9211647805 3119589.679700544 -5475335.10003902
-937808.2956085342 3120929.6540115895 -5474482.139472091
-939502.101856841 3122216.0913456 -5473458.091513004
-940843.9985224516 3124106.4458143017 -5472148.799664152
-944148.5212896025 3124805.36289333 -5471180.495448833
-944592.3448055487 3126865.588349683 -5469926.68090984
-941704.4349987578 3130129.000091008 -5468557.963475649
-941868.6966103374 3130278.9179678163 -5468443.860374886
-942824.5276365859 3129891.480107567 -5468500.912758168
-941156.7338311671 3129496.3632575325 -5469014.309244595
-941181.1132555766 3127993.7505262196 -5469869.670176786
-939105.7509835181 3128218.74345189 -5470097.703111523
-936156.8105808878 3128703.8944644826 -5470325.709385667
-931104.6149535618 3130111.5375147727 -5470382.7067883555
-926355.9749371031 3129130.2248155135 -5471750.144500784
-922509.5997337312 3128772.7870962084 -5472604.305550085
-918511.9178247873 3132337.3744160114 -5471237.46785409
-917167.7826351806 3133626.6520489915 -5470724.656210025
-918386.5937937537 3135557.807506695 -5469413.524329982
-918397.797351317 3133365.8808544404 -5470667.6688058395
-918735.3889533259 3136748.6648136373 -5468672.059913142
-916824.1074702925 3140787.392864468 -5466674.41035086
-917425.1108479712 3148361.1013782523 -5462215.167980286
-919797.6979164033 3156503.194664734 -5457114.693405208
-922914.6616325651 3164320.8993387073 -5452058.581247263
-923962.4754597876 3172238.507231185 -5447277.962173574
-924213.8847868517 3179093.9225211926 -5443237.228612768
-922869.3918996226 3184626.756055677 -5440230.280981598
-921415.990839718 3189395.435980948 -5437682.440596247
-920846.7870211874 3193904.9659242 -5435131.393395885
-919239.1244568621 3197131.430798228 -5433506.330747196
-920597.2274332235 3198911.4304916915 -5432228.585462127
-921526.1957894239 3199827.847252933 -5431531.295907125
-920439.8980235963 3198364.738809584 -5432577.140884961
-915406.2796488033 3197244.4932057075 -5434086.859247403
-911834.9037637765 3195305.6232449072 -5435827.451486809
-911172.8606827841 3196579.597673002 -5435189.4073432125
-911342.502218901 3199292.7112113703 -5433564.391045641
-915775.2989054758 3204238.7704442474 -5429903.360456475
-921448.2130584109 3207344.0118760164 -5427109.597210519
-927011.0555226406 3207712.3963635615 -5425944.404908176
-931513.708684867 3204829.7072518254 -5426876.611647655
-933364.8504461077 3202021.7066911035 -5428215.917392261
-939811.5853036845 3200629.1776970048 -5427924.838370883
-945700.1969081021 3199190.5566113736 -5427750.171116628
-953919.2795109737 3194969.7668140335 -5428797.951418117
-958873.4268786438 3194673.484068263 -5428099.4907441735
-963642.0843425727 3192743.4949650276 -5428390.544962881
-965716.173379263 3188948.586948814 -5430252.312947427
-964911.1838943117 3178688.8621988297 -5436407.3177539585
-973446.3094349037 3172114.7961103357 -5438725.126621629
-990350.8660411342 3167573.990864709 -5438319.701390219
-998130.8063351734 3166822.793988404 -5437334.759320984
-1005008.6361853149 3164547.227443886 -5437392.710341065
-1012614.5872980478 3165309.6624515667 -5435537.456257841
-1015826.5508302326 3164878.121655318 -5435189.4073432125
-1023533.4360853358 3164387.9590699 -5434028.813846019
-1026465.9145847344 3162141.597174719 -5434783.274944185
-1032037.0338769568 3154537.9189791223 -5438145.922870157
-1034383.7962329286 3150172.3209979543 -5440230.280981598
-1034536.056324624 3142122.7937420667 -5444854.497340663
-1039595.1206968768 3139952.064668122 -5445143.158504617
-1041348.1352027128 3138269.635519751 -5445778.067097901
-1050188.4512659102 3137226.636377783 -5444681.28073898
-1056635.8085143918 3140273.6766826855 -5441676.488335093
-1065494.3290597599 3139385.106887421 -5440461.743767247
-1072753.4099012834 3141125.6204921366 -5438030.062240651
-1077446.18422859 3140522.415676548 -5437450.65970482
-1085091.3162101812 3141001.3221427067 -5435653.45931683
-1089866.9055543493 3139548.3257620726 -5435537.456257841
-1097887.589606847 3140169.0796751813 -5433564.391045641
-1105869.3157878492 3140986.0197779927 -5431473.177689283
-1112704.7088834771 3138872.796650509 -5431298.8131086975
-1118920.3266998075 3140385.3507117964 -5429147.092456857
-1121372.9124765578 3142930.644065317 -5427167.839468299
-1125097.2862549182 3146427.091063179 -5424370.3466011165
-1125121.5744762926 3152046.6031283676 -5421101.7933954075
-1129076.7203956526 3156860.7414522865 -5417476.997508888
-1132648.7775211765 3163713.3227728023 -5412731.820263189
-1136315.9187558542 3166813.5101103657 -5410149.658277902
-1141085.2162957755 3169312.5588359297 -5407681.890935901
-1146188.7265811814 3169076.189531511 -5406741.0246841535
-1152238.5342372397 3166781.147735943 -5406799.841178055
-1156275.0562861646 3161892.860629932 -5408798.62188526
-1161382.1673702598 3155694.4693181105 -5411323.763888966
-1171215.335865119 3149639.642712273 -5412731.820263189
-1183252.002833498 3140997.9399130577 -5415135.052725134
-1200362.3984316147 3133588.0115904366 -5415662.22045358
-1216115.6563539763 3131766.1251100777 -5413200.961352142
-1227404.4424018278 3126344.0409361077 -5413787.239306283
-1234779.5211636613 3120288.065106015 -5415603.6528601125
-1237460.1310405624 3108336.6026031654 -5421861.026345334
-1243433.7820774112 3096261.3056625403 -5427400.791967142
-1245497.0974494712 3090631.1619639066 -5430136.002066852
-1248127.329177361 3083024.914003341 -5433854.66771014
-1249334.7855908147 3079669.9040219276 -5435479.452244698
-1249608.3436614482 3074642.8790428555 -5438261.776873448
-1254623.3463889027 3067471.749818481 -5441155.973022778
-1256747.9591935342 3055302.84077229 -5447508.615709723
-1258809.5303576025 3041587.2612029766 -5454703.154046849
-1263245.6604057008 3033558.852972772 -5458147.312689232
-1267188.4079272137 3024269.2143541714 -5462386.864542321
-1271317.740586516 3019328.678878743 -5464160.185368868
-1269690.699867253 3016494.8987400606 -5466103.278620502
-1270656.2571599372 3010702.9577456345 -5469071.344969088
-1269169.5251026906 3005423.0347629236 -5472319.6268736925
-1268706.472339422 2998046.2877385993 -5476471.79702597
-1274444.5368483877 2994988.319581835 -5476812.676006518
-1287124.476029584 2990393.438261535 -5476358.157353108
-1301845.564747344 2989330.300585482 -5473458.091513004
-1308891.2214799216 2985417.5682662446 -5473913.290637701
-1318608.1074161162 2982914.2157285134 -5472945.864948898
-1328685.8491640363 2980216.7953667846 -5471977.957452403
-1339854.9004649895 2973536.0210045474 -5472888.942550214
-1351116.1245718673 2971898.471048459 -5471009.568233429
-1357661.1437966062 2974161.9044680055 -5468158.573472073
-1365168.8896309915 2976707.269508997 -5464903.360027146
-1368524.4447259365 2975795.95639138 -5464560.391295193
-1373317.2141107505 2970224.503762243 -5466388.865300147
-1376785.6050961476 2967251.0653954907 -5467131.1958383955
-1380044.49342213 2960999.006289044 -5469698.62798039
-1385237.3794978308 2956359.187272905 -5470895.60842364
-1389114.2972542394 2948944.8546461156 -5473913.290637701
-1397927.6629869326 2946151.8415374625 -5473173.537871909
-1400989.1151206167 2947024.091450126 -5471921.0067147445
-1407476.7528083972 2943825.3045075475 -5471977.957452403
-1410868.8420918174 2943260.182795346 -5471408.375069988
-1413692.0593241712 2941375.431272341 -5471693.187095859
-1416059.466797147 2946169.4373639254 -5468500.912758168
-1420002.6712470446 2950943.015243649 -5464903.360027146
-1432002.3412888192 2949485.450829909 -5462558.546128914
-1442998.3831939187 2948260.82775192 -5460325.517553262
-1456343.5799443778 2943711.7494069724 -5459236.715288881
-1464519.3892349652 2941355.756150513 -5458319.363532615
-1471556.460509512 2938374.155760158 -5458032.603813713
-1478157.9119828225 2933885.4529168466 -5458663.420326032
-1481153.7420475183 2930025.528159042 -5459924.44972959
-1486427.6489062726 2924467.2364965575 -5461470.97650671
-1487265.6199512735 2916657.561656902 -5465417.700756326
-1486090.0269511724 2904074.5485025956 -5472433.503345263
-1487595.3932752607 2898901.982053311 -5474766.50135452
-1488134.288795794 2893359.9725573664 -5477551.041086981
-1487289.2993186654 2886265.4156254954 -5481522.004945012
-1490142.4166899188 2876496.211865671 -5485880.614915346
-1498481.743499691 2871944.7519725105 -5485993.693581472
-1502058.4736626921 2866832.746749945 -5487689.0713541955
-1509490.1347213902 2860219.158217406 -5489100.736928128
-1513552.32554467 2857637.986775382 -5489326.506446548
-1516294.3282871642 2849454.923424758 -5492822.512094723
-1524379.7129398093 2841765.0940216184 -5494568.103243224
-1528877.3916891 2834335.5039792196 -5497155.370922746
-1536896.5327252944 2828138.8677242016 -5498110.638443413
-1540164.8085737836 2824392.9107299675 -5499121.570600998
-1545267.9239350369 2818867.786695779 -5500524.742639228
-1550810.143760122 2816370.4881233214 -5500244.192000817
-1557974.002575513 2812743.0997008937 -5500075.841511992
-1565951.4419418196 2811496.084714662 -5498447.676127733
-1570323.3203699489 2811145.1029519164 -5497380.183292016
-1576321.6934016037 2806905.6280347216 -5497829.727648767
-1580289.8855547633 2807426.239657752 -5496424.545692813
-1586227.4779568275 2806389.769284543 -5495243.384148674
-1592436.8093165986 2806730.518710764 -5493273.141185607
-1593766.5225346382 2808731.5320952754 -5491864.569730536
-1599755.8952795758 2807972.0634611924 -5490511.357454762
-1602095.7803338112 2807520.348962529 -5490060.072603751
-1604921.7817414838 2803145.4667030126 -5491469.982344809
-1607659.5698684708 2801686.6910760067 -5491413.606026949
-1606533.6018621237 2797801.118499802 -5493723.663182301
-1616163.071501965 2796457.946455683 -5491582.729962119
-1621951.0203916812 2795875.0639594123 -5490172.9038510565
-1631587.8275421113 2794478.699361103 -5488027.966385876
-1638930.4431517152 2796395.9294565506 -5484862.606139679
-1642833.594116549 2793993.631088327 -5484919.17638537
-1649411.9407426766 2792116.5521970815 -5483900.656346954
-1655499.2698978402 2788400.2569162017 -5483957.25499364
-1664365.9185427178 2787241.679995114 -5481861.992652813
-1667972.1753293308 2786757.6603220743 -5481011.910675198
-1673708.6473898657 2783427.7758118063 -5480955.225185818
-1681360.0895290948 2782389.1959876474 -5479140.408074056
-1685831.1089723213 2785941.9488848383 -5475960.365950881
-1691563.191324567 2787719.5693289996 -5473287.364330141
-1697293.3043689586 2788595.9356170036 -5471066.545638486
-1701958.5761433698 2785303.4253589828 -5471294.438592713
-1704200.500088188 2784492.0469984175 -5471009.568233429
-1710115.7377664477 2783888.841838493 -5469470.548392289
-1717842.713559131 2783053.823978922 -5467473.715008432
-1722239.2790283614 2782130.923371681 -5466560.197326186
-1721631.5479126906 2780823.8308678707 -5467416.63264371
-1717726.6184699642 2775382.2542874594 -5471408.375069988
-1720348.7603700554 2771397.3474707445 -5472604.305550085
-1722618.4521692342 2767286.957219994 -5473970.1830249475
-1726449.8053454943 2763433.8261441267 -5474709.632313383
-1729163.0857506932 2764554.4759221436 -5473287.364330141
-1731882.5074279842 2765894.8527774187 -5471750.144500784
-1735726.1910221712 2767091.9202784575 -5469926.68090984
-1736665.7912732728 2767516.689976316 -5469413.524329982
-1734979.8946988585 2766545.7209365885 -5470439.702524669
-1731614.5122527333 2764823.122999729 -5472376.565942968
-1737427.8886668808 2762302.009096312 -5471807.100238917
-1741428.1223541242 2765876.18375722 -5468729.105633117
-1747814.3372437973 2764555.2280085874 -5467359.5486135185
-1751806.1142711372 2765416.310655571 -5465646.253350319
-1753638.9146372522 2762333.578940089 -5466617.304671136
-1754918.8569976806 2762537.9188000583 -5466103.278620502
-1749043.3838734464 2762761.3756424254 -5467873.244926851
-1743054.9201889979 2766317.867254373 -5467987.38134189
-1736822.1948400028 2772600.202638544 -5466788.616714557
-1737112.3016103513 2770053.4018462254 -5467987.38134189
-1737561.5692028545 2770447.5217732834 -5467644.9521095995
-1739026.8949409674 2765808.1298341006 -5469527.570788502
-1741849.5232571529 2765046.7850665203 -5469014.309244595
-1743870.3637517523 2765578.243115894 -5468101.511094351
-1747785.17143103 2765363.86317472 -5466959.913770467
-1749290.2095331247 2766782.7353411154 -5465760.519657799
-1752254.435530116 2765696.903015927 -5465360.558445631
-1753457.5146479527 2766741.2339395355 -5464446.055067555
-1755808.6715793908 2764684.856193822 -5464731.883152106
-1758394.952503881 2764171.06193494 -5464160.185368868
-1761252.6107056479 2762803.511931002 -5463931.4596492015
-1765933.5886935364 2761738.160943537 -5462959.078257147
-1768731.6395196689 2760060.2543390994 -5462901.864373883
-1771476.959418883 2756712.3731905064 -5463702.707298998
-1774098.7639939024 2752756.901011198 -5464846.20273348
-1780269.920046226 2752404.9523587893 -5463016.290476299
-1781260.7273573612 2752672.4017376816 -5462558.546128914
-1783703.910583243 2749498.866695701 -5463359.5288438685
-1783041.6299288576 2746063.0243536285 -5465303.414470091
-1783878.3124492 2740853.4882484702 -5467644.9521095995
-1786077.2235738148 2735660.304901777 -5469527.570788502
-1789932.0495094927 2728230.468874243 -5471977.957452403
-1796214.7976952826 2723068.4520798153 -5472490.439080559
-1802879.3775533903 2721066.7239553584 -5471294.438592713
-1811283.5745571845 2722591.268751639 -5467759.101849375
-1818501.0985422498 2722710.66079049 -5465303.414470091
-1825964.2763855932 2721731.645372856 -5463302.326609759
-1831475.3503998201 2722853.0015501347 -5460898.330204223
-1836153.3161001285 2720160.586025974 -5460669.225104679
-1841658.960791968 2719198.7615049956 -5459294.035639072
-1843183.3932335735 2718280.7922195666 -5459236.715288881
-1843117.8461844744 2717979.8682587477 -5459408.671350448
-1842474.840341052 2716113.075655683 -5460554.662574347
-1837600.7247176436 2716881.8734254297 -5461814.484433677
-1831720.5275027007 2715330.6684477585 -5464560.391295193
-1828124.9481482334 2715108.2981919874 -5465874.779305416
-1826875.5625426427 2712843.9033743558 -5467416.63264371
-1829359.972972813 2710708.720418947 -5467644.9521095995
-1830145.8453619885 2709832.738312915 -5467816.174220909
-1830700.377585972 2706577.9568540566 -5469242.442146654
-1830414.1950575388 2705849.5511763603 -5469698.62798039
-1830314.8478452396 2701535.180023522 -5471864.054310243
-1829440.4884184145 2701666.012207985 -5472091.853927124
-1821818.418722214 2700245.2095106454 -5475335.10003902
-1818195.792927757 2699344.5978331286 -5476983.092974536
-1813578.4460838262 2700721.839113678 -5477834.9525733795
-1811068.0799949358 2699527.788683833 -5479253.884220663
-1808369.480438927 2701106.1114888988 -5479367.353690969
-1805480.8302795112 2702807.79066288 -5479480.8164848285
-1805143.8014099495 2706596.607747402 -5477721.3929846315
-1804048.609155572 2709049.7002385906 -5476869.483330878
-1803340.5398097853 2711472.7375390176 -5475903.531935275
-1801766.4415770979 2714239.7078214344 -5475050.821544218
-1802094.446635618 2714939.4938105694 -5474595.8892280515
-1801405.2962540674 2715855.4389617406 -5474368.383045639
-1802063.4096043021 2715304.1298401454 -5474425.262092668
-1804966.8038449413 2714637.150963828 -5473799.5008608755
-1805291.626758265 2716256.571988018 -5472888.942550214
-1804229.161477728 2718567.4306622925 -5472091.853927124
-1803934.3703857956 2719565.306005643 -5471693.187095859
-1803866.036551226 2721214.722124643 -5470895.60842364
-1803643.8013871019 2722736.4709200524 -5470211.709581239
-1803410.4074501093 2724036.0779703977 -5469641.61058257
-1805585.1277218615 2724427.5207373095 -5468729.105633117
-1806994.3650751838 2725210.9169749846 -5467873.244926851
-1808769.572408595 2724376.6569596184 -5467702.027812266
-1811636.8726546601 2721783.012422792 -5468044.447050951
-1820345.4572856068 2718378.4354466507 -5466845.717398495
-1824672.2581514402 2715705.9303572187 -5466731.51436534
-1827183.3944685129 2714937.0988875935 -5466274.635623638
-1830836.3876190172 2712590.120997806 -5466217.518287692
-1834724.9055554383 2710998.340573548 -5465703.3873365335
-1837298.324591137 2707871.6069594542 -5466388.865300147
-1838282.592733142 2702819.252070212 -5468557.963475649
-1842398.2368415282 2699437.69651632 -5468843.192075441
-1847250.610287111 2698548.658161329 -5467644.9521095995
-1852762.8891064117 2697198.3705849606 -5466445.9776406735
-1859361.6088592047 2694392.5111217313 -5465589.117699175
-1864150.7102473394 2690268.9509297474 -5465989.03229303
-1871848.4047843693 2687127.8002860667 -5464903.360027146
-1877532.467637085 2680597.5681252703 -5466160.399286641
-1884903.1230813072 2673902.5435585147 -5466902.816417139
-1891468.5792656785 2665986.7555585797 -5468500.912758168
-1897675.8634487719 2659461.499940991 -5469527.570788502
-1899961.1730764816 2653250.6283722045 -5471750.144500784
-1898546.097806143 2646977.86636643 -5475278.247675755
-1901407.924106769 2642097.3935722266 -5476642.244023507
-1897908.9365821271 2637429.559179295 -5480104.742503469
-1895417.7439508166 2634743.5470176605 -5482258.568999204
-1888390.896227116 2636606.906980399 -5483787.454042125
-1885248.8675767197 2638148.651318593 -5484127.040910576
-1882413.228557816 2640995.5315178293 -5483730.850384016
-1879579.3819633087 2641016.149133265 -5484692.8853779705
-1876590.5390219563 2642084.014572378 -5485202.002551446
-1872326.8342850902 2640178.374556717 -5487576.092970286
-1871936.619104508 2637871.472672228 -5488818.487408528
-1870861.586711004 2634992.1423682407 -5490567.760535045
-1871500.0702283268 2632775.1697927923 -5491413.606026949
-1868844.9023124054 2631957.1359836087 -5492709.838089565
-1866150.5826191267 2630107.0081571364 -5494511.818954711
-1862190.0718831478 2632207.840037068 -5494849.499579332
-1856992.2108082785 2632356.729290133 -5496536.998761887
-1854169.8156986309 2633524.2591526923 -5496930.531761009
-1851650.021889334 2633068.194882544 -5497998.279149895
-1852872.5410853485 2632560.090914055 -5497829.727648767
-1852165.2271954555 2633996.2208621805 -5497380.183292016
-1854178.1401854013 2632462.278579823 -5497436.382197882
-1853001.5435456187 2632938.6407393734 -5497604.968867721
-1851132.9625314008 2630381.105566404 -5499458.427382553
-1849074.4106274017 2630186.0489942934 -5500244.192000817
-1843379.2441077016 2632422.816131405 -5501085.718247238
-1840027.577069085 2637225.2978606536 -5499907.475944396
-1835368.6311945086 2645377.1856353236 -5497548.774985751
-1834958.9181060155 2655459.9638270987 -5492822.512094723
-1832761.177957053 2666285.2724201805 -5488310.33293934
-1831287.9114611417 2671826.7425451195 -5486106.765563082
-1829559.853490171 2675910.2555170455 -5484692.8853779705
-1825082.585330732 2673866.7589142052 -5487180.615971752
-1825686.7103016768 2669045.4363781777 -5489326.506446548
-1829300.85413111 2668428.2673345557 -5488423.267858
-1831559.3190309778 2663740.0063525713 -5489947.234666977
-1840004.0534149068 2660476.871641222 -5488705.575896638
-1844418.557899345 2658817.4483109983 -5488027.966385876
-1852767.7538148672 2657560.326631871 -5485824.073075633
-1858003.2174131777 2660910.1317036925 -5482428.505240987
-1858361.6750262247 2661126.639311403 -5482201.92024527
-1858130.9156620568 2658719.7384755765 -5483447.807037216
-1858222.8836428132 2656085.9676957866 -5484692.8853779705
-1858879.8612613128 2652587.2120601838 -5486163.29904715
-1865249.1486727134 2649751.7176842717 -5485371.678200573
-1867778.3102577268 2649609.475121087 -5484579.729849803
-1870075.1960445105 2650214.9058948485 -5483504.419047353
-1868672.1280625782 2652843.362213952 -5482711.698909532
-1867757.2031986322 2653019.499379598 -5482938.22378214
-1866828.3856635566 2656129.570706141 -5481748.670096178
-1866760.1794097102 2658398.8324836856 -5480671.772695351
-1868713.7516309742 2662168.6846332666 -5478175.5912916185
-1869811.7587099685 2665018.569441538 -5476414.9780236455
-1869554.4958920833 2668116.9606363787 -5474993.960841801
-1868535.0885991028 2670230.5514918007 -5474311.502331022
-1867144.8177640063 2671319.4465405755 -5474254.619948836
-1866889.3535910705 2671847.658399847 -5474083.962797024
-1866480.9211236434 2673647.7736918004 -5473344.2750583775
-1868253.2657368984 2675788.5569215254 -5471693.187095859
-1873120.9642108823 2677977.8214293295 -5468957.271854144
-1878341.260029544 2678865.7414501887 -5466731.51436534
-1881637.1636780028 2676901.603211237 -5466560.197326186
-1882019.3895961128 2672782.401003212 -5468443.860374886
-1880862.728210914 2669160.015509416 -5470610.679735195
-1878357.741735015 2667186.6724187913 -5472433.503345263
-1874448.524974801 2667367.3418765008 -5473685.704414393
-1872680.6166881993 2667324.8552297805 -5474311.502331022
-1875223.0446935373 2666589.3116536583 -5473799.5008608755
-1875730.5454522641 2666816.3596043033 -5473514.9972393615
-1874161.8779229426 2664882.621070984 -5474993.960841801
-1873062.5921976531 2664604.179620479 -5475505.647121449
-1869643.1556624952 2664085.9399592704 -5476926.288986891
-1868429.2908740316 2665521.096517739 -5476642.244023507
-1866392.916409459 2667763.958306128 -5476244.511007467
-1868469.5672602814 2669343.4083812763 -5474766.50135452
-1866996.8363690323 2671306.3074897057 -5474311.502331022
-1865450.10044278 2669589.3510767105 -5475676.17919247
