-3815700.1898225127 -3535975.756511328 3677900.0136970254
-3818755.3797541503 -3532865.0646405844 3677718.4210649976
-3815346.0723124812 -3534657.5250159875 3679534.1456952915
-3814265.5624133265 -3539599.1129242424 3675902.2483158703
-3819100.0270649674 -3540985.2623016317 3669542.1179535473
-3818182.8993262 -3541126.4693965493 3670360.15603811
-3818355.1240394036 -3546868.694165261 3664631.9887640066
-3821311.554050699 -3547255.048001973 3661174.761098295
-3819592.9821237503 -3545535.6207262333 3664631.9887640066
-3814697.941736671 -3550050.628285932 3665359.6208171262
-3803307.964461793 -3561314.4629840767 3666269.0603939486
-3798882.453048819 -3572757.0368602145 3659718.604412586
-3802637.6158180507 -3578540.623213914 3650155.4995333254
-3802708.6518805535 -3579859.1532475953 3648788.340233261
-3800206.2632066594 -3582886.783101275 3648423.7221796317
-3796090.1665036604 -3587525.6407874958 3648150.2469698912
-3796680.8830446564 -3587456.7150286017 3647603.2665463276
-3791199.7990454896 -3587040.011782939 3653708.9426479633
-3786759.1529891435 -3592746.6799637624 3652706.8607899956
-3788720.4824781204 -3594104.9589245417 3649335.233968616
-3789900.7734408067 -3590452.1049981127 3651704.6442979746
-3783760.5447063306 -3592663.3702082396 3655894.8355618254
-3782614.518478453 -3597480.1110449275 3652342.434004812
-3782603.507243124 -3598601.409557547 3651249.046849921
-3779373.536613473 -3604209.3041553316 3649061.7921029935
-3780140.7196440287 -3609857.260385511 3642678.643434133
-3783037.01317669 -3609216.1833268814 3640306.374324355
-3779453.5451172036 -3607813.9890722334 3645414.9449076033
-3773891.5034860075 -3614735.355596237 3644320.5442055534
-3776356.2441318855 -3619877.4832795276 3636655.265962392
-3777172.407667382 -3618383.5482229274 3637294.3379256306
-3771502.5598383 -3620533.5929596624 3641036.3831447437
-3766753.2168278247 -3630783.630630055 3635742.2118552458
-3771322.2719630394 -3634172.0698839277 3627611.154392256
-3770595.6486390145 -3631822.2833405 3630718.435336996
-3764383.0547388014 -3636619.395081305 3632362.9488961934
-3762218.5316533837 -3640499.4661980015 3630718.435336996
-3761997.942905662 -3639269.0421143686 3632180.2428681226
-3754352.190219821 -3641143.91020102 3638207.203692178
-3749655.143162597 -3645616.3795696553 3638572.3189690383
-3749428.043013506 -3646032.1280507874 3638389.7635472417
-3748351.249921752 -3643585.1693848134 3641948.7943474827
-3744221.283703544 -3644912.475995195 3644867.7645418025
-3742403.991719841 -3647598.581878053 3644046.919050386
-3742548.805010084 -3646720.8888477953 3644776.5639279913
-3741811.0725135966 -3646384.002360369 3645870.898008461
-3739445.117004464 -3647260.8585231067 3647420.9308491885
-3739200.404815312 -3648423.233563558 3646509.185703861
-3739461.4315009424 -3645876.1430546055 3648788.340233261
-3735084.783212359 -3648354.4311164096 3650793.4215960167
-3735832.971587501 -3652144.3923204266 3646235.6404985897
-3738800.506786861 -3649561.902400195 3645779.7096093697
-3735996.191541956 -3649244.6761338143 3648970.6425912804
-3735432.2503509857 -3652645.2750117215 3646144.456542048
-3737943.9569401853 -3648343.6112565347 3647876.7617585403
-3731562.5649789684 -3651410.2477094787 3651340.1685641115
-3732084.2580274707 -3658429.218460397 3643773.283904858
-3739333.5788425133 -3655566.5804250184 3639211.228030131
-3738181.53253525 -3652016.7886664965 3643955.7084452137
-3734934.826843659 -3657518.407690792 3641766.320981254
-3740566.4466745737 -3657665.684079661 3635833.522250216
-3743951.1886184094 -3651655.8471133956 3638389.7635472417
-3739291.759742717 -3652336.19170518 3642496.1878196555
-3740069.9477097364 -3655903.4893695777 3638115.922102241
-3745261.450129175 -3651403.5067998795 3637294.3379256306
-3742131.2056262055 -3647969.549594418 3643955.7084452137
-3738745.629313259 -3652440.3518992113 3642952.318533605
-3743296.3955539195 -3651144.6823286638 3639576.2945343186
-3744431.991044609 -3645881.3800537726 3643682.0699697314
-3740410.68576543 -3647820.485833529 3645870.898008461
-3744133.1109233513 -3647372.9956513504 3642496.1878196555
-3745487.361558184 -3641055.6130895815 3647420.9308491885
-3743368.6260898313 -3639123.030112031 3651522.408655677
-3740945.619969183 -3639054.1583214593 3654073.3026633007
-3744451.690707262 -3634713.8954016617 3654801.969263671
-3744600.7075252375 -3629150.7469193847 3660173.684039593
-3741621.0419430053 -3630571.2718785955 3661811.739876749
-3743973.8154757614 -3629430.342811415 3660537.7276722174
-3744059.412873093 -3626219.138265308 3663631.378039391
-3742513.8127776855 -3625608.4288076824 3665814.3545639245
-3742537.1236114283 -3625124.557196397 3666269.0603939486
-3742658.3419964626 -3623343.317459975 3667905.7701776414
-3742053.678667698 -3621113.4735398404 3670723.699451891
-3741085.1975183818 -3619164.940025689 3673631.402549485
-3741508.4265408395 -3617804.965723742 3674539.8248091605
-3743519.1178950816 -3612676.088778606 3677536.8239517817
-3740048.686473165 -3611092.3380863857 3682619.8485078723
-3739366.821807191 -3609299.2065134016 3685069.3358238614
-3737545.4667169433 -3605903.486569654 3690237.7876999243
-3734702.4101847243 -3602908.865459428 3696036.6089304728
-3731712.957806771 -3602289.0161342286 3699658.5308343973
-3733764.4100637925 -3598859.9193205903 3700925.7775925174
-3732939.9594952273 -3595803.679670657 3704726.191781348
-3733759.463050811 -3594206.8175676954 3705449.8545559114
-3735164.493296883 -3590413.2870229376 3707710.8350548833
-3736598.7885440895 -3585648.765061526 3710875.021752093
-3734980.1512372703 -3582468.077344675 3715573.5418196158
-3738260.6462843013 -3576980.933038808 3717560.45614848
-3738727.182665138 -3568313.649747425 3725412.426916919
-3737405.392778098 -3562816.435913676 3731994.2355283136
-3738289.621823621 -3559054.3037906294 3734697.332587369
-3740084.4166253894 -3552434.556912657 3739200.2186789485
-3738172.6005826164 -3550370.4615137232 3743070.42336425
-3740358.031483816 -3546738.6968928706 3744330.035170134
-3742450.327059232 -3542153.8575679227 3746578.7858806513
-3744061.8050210583 -3538355.817975065 3748557.0964818536
-3746439.5504673785 -3534789.407375147 3749546.0445502265
-3750318.4676340916 -3532391.5966703384 3747927.6939524123
-3752649.4768417985 -3531251.392704069 3746668.7210753704
-3755870.383832392 -3528971.3134296527 3745589.4234207408
-3760116.0683340486 -3525307.374534193 3744779.8423553463
-3763874.312558355 -3520816.1333815157 3745229.62102243
-3767948.1077471054 -3516743.4472738937 3744959.757244547
-3774612.4509712574 -3510165.3403930822 3744419.998888463
-3777770.8607746577 -3503401.5373717756 3747568.0102465088
-3777911.6153043527 -3501325.117671391 3749366.2460890487
-3781834.250415291 -3498340.5519758165 3748197.4447442535
-3784068.4770265585 -3494284.3183818203 3749725.838442698
-3783350.501626929 -3493132.006581729 3751523.526040264
-3783077.9047478605 -3492268.804463827 3752601.9191991743
-3783109.688275412 -3491075.3980485955 3753680.147750545
-3780464.7561750175 -3489978.7421549913 3757362.852670052
-3777079.647505837 -3491129.770884274 3759697.2297304343
-3772923.8926204196 -3493398.9019521372 3761761.610247728
-3771967.1256182482 -3493369.0272629512 3762748.7084065448
-3770810.522107323 -3497803.7017525337 3759786.9980054675
-3774489.171963076 -3499623.0619573086 3754398.8753128033
-3775131.388074137 -3500953.762464919 3752512.0593890394
-3775196.3669709954 -3503098.047500783 3750444.968321118
-3776020.2675061375 -3504230.53376892 3748557.0964818536
-3776475.768951738 -3500852.1718260157 3751253.9020361523
-3769843.927299187 -3500581.1724315877 3758170.993850989
-3769860.958334137 -3499984.3888901365 3758709.703123315
-3771158.028629214 -3496656.902474316 3760505.1029727566
-3771064.0024185968 -3497916.382472637 3759427.918033828
-3776593.395011847 -3499858.3542620856 3752062.7431927053
-3784050.680426188 -3498062.9496322647 3746219.033689317
-3783710.4401072506 -3498238.3419491933 3746398.9120674212
-3786323.613894936 -3499551.3695152425 3742530.521316504
-3791347.8083401034 -3497575.0516808555 3739290.247367053
-3792442.1795505434 -3498217.080104676 3737579.5075462726
-3793759.708607982 -3501884.217653226 3732805.27211023
-3795665.417406853 -3501067.6414902764 3731633.7452664594
-3798675.087751204 -3498570.983516189 3730912.7101819147
-3802394.1499655414 -3499911.632952948 3725863.4287676807
-3802872.2580081653 -3502559.2419579998 3722886.2923606033
-3803651.0374628427 -3500945.9058803306 3723608.1358418465
-3807088.292775672 -3500184.0377926524 3720810.588110062
-3811714.3339566397 -3498794.347415571 3717379.8502174
-3815364.5994573534 -3497117.6832407042 3715212.2258052495
-3819485.1715408834 -3494153.7348862165 3713766.7806904637
-3820108.097177407 -3493376.639810277 3713857.129495893
-3820190.619875033 -3493574.5385754495 3713586.0796857993
-3817780.133409096 -3496880.250660911 3712953.5905373916
-3815352.3113848013 -3503360.827387376 3709338.303948332
-3814436.697989339 -3506940.05936455 3706896.9633719726
-3813041.4856037213 -3505780.1254767547 3709428.708154014
-3810327.285859332 -3510163.1177633107 3708072.526438772
-3812776.933849253 -3508362.2985649495 3707258.695412981
-3812164.562765657 -3507307.3735390534 3708886.2659715405
-3812021.6442363183 -3507175.8841441143 3709157.4921472096
-3813164.3860165053 -3506507.226177433 3708615.0296277474
-3814372.794990228 -3503565.9051120505 3710151.9011187144
-3811604.958538751 -3504950.4304565904 3711688.445988559
-3812510.7685256554 -3505783.3654375356 3709971.1096580494
-3812374.142020292 -3505166.5575728957 3710694.2483755806
-3812115.9151404216 -3505543.0740110837 3710603.8599917977
-3811952.9792051897 -3506007.24874493 3710332.688058671
-3813917.772948422 -3504252.643102487 3709971.1096580494
-3814413.154015724 -3503234.7707671653 3710423.0798333157
-3816725.4787102323 -3502535.0188363683 3708705.4428720907
-3817218.75888389 -3500656.5544662545 3709971.1096580494
-3818950.1337979226 -3499055.2187266857 3709699.9139912077
-3818780.7556170714 -3496938.893303412 3711869.194493607
-3819003.5786744966 -3496407.7270921883 3712140.308770862
-3819575.9448336586 -3494726.6297979536 3713134.3073782157
-3820782.4571073516 -3493503.548641232 3713043.949523333
-3820304.7187771555 -3491720.3457488115 3715212.2258052495
-3821257.7637489284 -3491734.6602617796 3714218.513404279
-3822653.717365511 -3487994.0810100297 3716296.119518819
-3822187.4672565423 -3487446.4009741168 3717289.545553279
-3823775.1643776023 -3486572.104445389 3716476.7526236856
-3827218.815516413 -3484333.169901268 3715031.561007648
-3829672.3416062365 -3480093.5767797846 3716476.7526236856
-3831322.9085867056 -3480494.844673756 3714399.198570088
-3836770.3849639804 -3475068.2345467517 3713857.129495893
-3837982.641359463 -3470926.5033750203 3716476.7526236856
-3840334.698993086 -3467452.787599276 3717289.545553279
-3843868.034040371 -3462856.928674419 3717921.6544212145
-3845705.8557291287 -3459166.154120261 3719456.544900011
-3848131.9021115606 -3456369.959954834 3719546.822379453
-3849386.0962405843 -3454584.3080752753 3719907.9209665586
-3853079.346165921 -3455228.651596962 3715483.214513697
-3856010.3250609315 -3453609.634838014 3713947.4771700166
-3857131.4557167864 -3452551.8434862187 3713766.7806904637
-3859168.3395201033 -3450858.3455642075 3713224.6641020128
-3862397.310022684 -3448411.5687556937 3712140.308770862
-3865330.494932224 -3444246.913254405 3712953.5905373916
-3866990.0536892475 -3439555.520702997 3715573.5418196158
-3867001.3057823787 -3436906.898960583 3718011.951158108
-3869056.999783055 -3433419.3105703653 3719095.4236524054
-3869538.6723553888 -3428177.031853156 3723427.681776641
-3866757.391245504 -3426315.3214307087 3728027.842623689
-3862562.8873722106 -3427415.4073727825 3731363.3656344046
-3861765.532229994 -3427430.7682154123 3732174.473838369
-3860333.3068308616 -3424232.938505153 3736588.8913591583
-3854204.2667843513 -3425533.1682217745 3741720.5912940367
-3851215.3531848835 -3427812.6359659005 3742710.4932262045
-3850313.24470745 -3428334.743673894 3743160.4030483183
-3848267.9025341314 -3426995.251027217 3746488.849544659
-3843723.1916830186 -3429931.017782369 3748467.185260198
-3842703.007743622 -3432154.2193985153 3747478.086466029
-3841669.1675951513 -3432918.7320693647 3747837.774738394
-3840201.194106562 -3435345.6355338516 3747118.379928909
-3839986.3508808105 -3439016.312770526 3743970.1688912124
-3840967.8649399593 -3439291.3549731476 3742710.4932262045
-3839049.3074378935 -3441922.0436098333 3742260.5549017214
-3839672.6394193307 -3443085.354619255 3740550.529387484
-3838737.475285385 -3442367.6542668026 3742170.563816841
-3836085.146645457 -3443856.4768938255 3743520.310382
-3835118.9592918484 -3446496.27357896 3742080.571592032
-3835084.217575699 -3446828.0443107346 3741810.588078293
-3835909.7750589275 -3447570.0240232903 3740280.487752679
-3839310.8131013694 -3448567.978407078 3735868.356715506
-3837971.940858662 -3453664.043683505 3732534.936815634
-3837362.2670501885 -3458816.403772904 3728388.5146817677
-3839668.626404392 -3461502.5953997565 3723517.9093763684
-3841128.886957342 -3462211.456367627 3721352.133993584
-3842257.3002734296 -3465903.4059248115 3716747.6937901396
-3847755.4471239015 -3466967.355077159 3710061.505953457
-3853005.230357326 -3465488.5489391563 3705992.5542303333
-3856447.6846204675 -3466880.550179744 3701106.7948075784
-3857869.051879131 -3469741.3904969264 3696942.2583569884
-3859292.4920670376 -3469316.191781778 3695855.465533761
-3860362.67931738 -3469669.1681945585 3694406.1562602473
-3862028.0676476727 -3468973.2022608924 3693318.985235013
-3864909.3254303797 -3468271.880035348 3690962.892302951
-3868003.3829131844 -3465689.6689151693 3690147.1445657583
-3867875.66308503 -3467279.4303107555 3688787.362678752
-3868463.684698121 -3471827.1531961034 3683890.0551593653
-3870755.5856747986 -3474371.9809126225 3679080.256560959
-3870814.0343388943 -3476132.661473718 3677355.222357598
-3872350.174693083 -3479221.8170906063 3672813.7268360322
-3874299.3122739107 -3481461.9284362877 3668633.080557742
-3875307.2421763535 -3482734.4346452462 3666359.998209636
-3875546.7309963307 -3486007.66244307 3662994.555449387
-3876912.5670683663 -3488215.6273994385 3659445.5432583923
-3881095.203234212 -3485855.0238774717 3657260.692914929
-3883432.803742426 -3483059.4179816893 3657442.7882916084
-3885004.2701448877 -3483123.2334064897 3655712.7023139973
-3890070.2250638423 -3480812.883217179 3652524.6496226494
-3892153.402677821 -3477909.312789429 3653071.2697723294
-3895075.659029684 -3477220.835931099 3650611.1637095935
-3898089.2782676374 -3475756.69845182 3648788.340233261
-3900505.3978398633 -3474002.557921354 3647876.7617585403
-3901678.647626049 -3472972.090377279 3647603.2665463276
-3902929.7584277154 -3471278.645081866 3647876.7617585403
-3901765.9735845746 -3471341.4301666874 3649061.7921029935
-3903128.9044729713 -3470479.8081107675 3648423.7221796317
-3903310.3133102045 -3468933.685256334 3649699.807559534
-3903672.5131803243 -3467183.0828714566 3650975.6750340583
-3904061.2855616375 -3466553.3736579395 3651157.924023498
-3904940.8990481566 -3464410.171649935 3652251.324527029
-3910137.6981567866 -3460371.030597885 3650520.0330983084
-3912445.78693293 -3459492.3641201924 3648879.491968028
-3912735.319607144 -3461087.1205907213 3647056.2461223174
-3915694.243231547 -3461390.656287238 3643590.854924676
-3915379.386503664 -3461842.8101268727 3643499.6387697184
-3915080.4970729994 -3464867.1285680216 3640945.1359238336
-3915373.8650218532 -3464152.005981141 3641310.1181526226
-3915366.604147792 -3461953.267915592 3643408.4215048878
-3914963.5563670713 -3459527.706833027 3646144.456542048
-3915887.5188891822 -3457424.1341936137 3647147.41897054
-3915088.7448041085 -3456597.2817911543 3648788.340233261
-3915943.2723163366 -3456014.1248897337 3648423.7221796317
-3913892.450572029 -3456027.346065735 3650611.1637095935
-3913027.096642783 -3458546.335927371 3649152.9405031395
-3913599.965859237 -3460878.0684366142 3646326.8233444234
-3915255.951897679 -3460638.0380171323 3644776.5639279913
-3913345.601510825 -3461261.7435111306 3646235.6404985897
-3912564.0377527345 -3464832.553452636 3643682.0699697314
-3914717.635569605 -3465277.0958399405 3640945.1359238336
-3918080.0435401155 -3464352.481404718 3638207.203692178
-3920883.6497616563 -3462809.6802422917 3636655.265962392
-3923280.128991458 -3461149.6009599026 3635650.9003527644
-3925774.529157772 -3459087.92330116 3634920.368465881
-3928334.211705775 -3457812.9060291075 3633367.752931225
-3930769.236396655 -3451199.271058218 3637020.4565887284
-3935024.582741719 -3447887.616670496 3635559.5877428018
-3935311.620973972 -3444862.2589551196 3638115.922102241
-3932383.9296372468 -3446180.535182809 3640032.6027190825
-3932920.0062808436 -3447014.427949352 3638663.5950173917
-3933239.7287693997 -3444625.1624465296 3640580.1359495204
-3929401.801133778 -3445628.932538707 3643773.283904858
-3929391.57166327 -3448532.576786525 3641036.3831447437
-3931492.1415199437 -3447583.2992952443 3639667.5583887394
-3930361.0228715125 -3445499.423199542 3642861.094610118
-3924136.220092756 -3449987.0545949275 3645323.75095595
-3923823.975893687 -3455058.519822025 3640853.887593829
-3924592.5167917833 -3454762.521244464 3640306.374324355
-3923542.433331574 -3457972.7735135797 3638389.7635472417
-3926226.528023592 -3461068.960262045 3632545.6504983413
-3931321.7407313175 -3460077.286935032 3627976.783179517
-3931678.7824227526 -3458808.7526818966 3628799.383297158
-3929716.9188905307 -3463049.0230695624 3626879.8437779085
-3930933.6954739997 -3464730.7908645137 3623953.8943842114
-3932078.381733295 -3467447.280820767 3620111.8704584735
-3934419.878489566 -3469756.2391275563 3615352.3840397014
-3935349.5917802304 -3472896.8057276513 3611322.8001996516
-3939962.072621342 -3476233.4183290685 3603073.8387656636
-3945471.4368912065 -3477299.6696917107 3596009.3364502764
-3950002.049982922 -3477374.90203358 3590959.286296304
-3951965.063261494 -3478368.5172310127 3587835.7817905624
-3954092.882939324 -3480118.8701855633 3583791.724203144
-3956334.836435824 -3479274.655151267 3582136.7277124366
-3957367.4052161435 -3480182.7153978315 3580113.4741204823
-3959053.7968715546 -3480440.5702671306 3577997.6900936565
-3961026.2307849573 -3481316.7189714564 3574960.9929680806
-3961588.5404596105 -3481810.928794253 3573856.4453861313
-3962544.8007127168 -3484122.6316517144 3570541.862232811
-3962226.6140752253 -3485805.217548189 3569252.476923957
-3961808.590201415 -3488259.7359764893 3567317.9994179816
-3959215.607969292 -3492237.8081488092 3566304.510406866
-3959772.4724228005 -3493957.9881025217 3564000.6374883275
-3959298.9374681474 -3494400.577782101 3564092.8054358684
-3957888.234697205 -3496843.8195674648 3563263.254826714
-3957626.3499918375 -3496858.4329019072 3563539.781466331
-3954980.1791838086 -3499193.9451122563 3564184.9722977253
-3953374.3715420277 -3500726.5721855382 3564461.466368906
-3952373.168186317 -3502794.8220396456 3563539.781466331
-3948792.7048207563 -3504300.3433386395 3566028.0814978257
-3944660.411425116 -3508763.9677136154 3566212.368523507
-3942038.752176046 -3511241.19207637 3566673.0670764367
-3936476.34674658 -3518503.5656395983 3565659.494411396
-3936277.0951198773 -3518819.8503538086 3565567.3449243135
-3935460.9812011514 -3519079.028387006 3566212.368523507
-3935017.2284660297 -3520041.9931382625 3565751.642812317
-3934604.5033641416 -3521156.552442566 3565106.5811974537
-3934679.9000963853 -3520605.713877497 3565567.3449243135
-3932679.7284693616 -3521906.9916122872 3566488.7909144806
-3932127.452565697 -3522896.7106168736 3566120.2255538176
-3931327.1233906513 -3523416.7725624447 3566488.7909144806
-3929309.9256800567 -3524454.211165131 3567686.508278518
-3928878.451896711 -3524562.18968776 3568054.999750582
-3927428.784651261 -3524499.0093133217 3569712.9961443874
-3924313.9249955863 -3524796.215104885 3572843.805719475
-3922188.6860664245 -3526228.151513174 3573764.3926773504
-3921274.802745907 -3524911.529755675 3576065.3837346938
-3920006.054869622 -3523894.7309634374 3578457.6922011557
-3918321.126334143 -3523245.7251352523 3580941.2325867205
-3917009.003087207 -3523302.4774055867 3582320.6336732917
-3915771.6558361393 -3522807.737243584 3584159.4531726735
-3913736.22534049 -3523572.8838576605 3585630.1943452815
-3913409.0188188623 -3522907.321047316 3586641.166709936
-3912401.894998801 -3522247.9432762745 3588387.080304443
-3910438.8502761275 -3522087.352981064 3590683.733806412
-3908635.549116096 -3523058.7608933323 3591694.0448037405
-3907985.4046178777 -3522843.632693391 3592612.394468026
-3906553.8248588145 -3521058.819338986 3595917.546918465
-3903989.4721049764 -3521465.2561016437 3598303.7186655737
-3903800.724637172 -3520924.308618444 3599037.776309388
-3901690.711643336 -3519885.7808746686 3602340.167206929
-3901491.080226363 -3517853.427632438 3604540.9711374943
-3902090.6032969886 -3515308.372264583 3606374.4913067287
-3903259.207234217 -3514387.0227663517 3606007.8224197975
-3902844.3920753463 -3514753.63434896 3606099.491289279
-3901774.709918082 -3514530.3556113313 3607474.392498186
-3900467.6263517034 -3513722.9444197933 3609673.72010826
-3903423.9925857023 -3508741.9065620154 3611322.8001996516
-3903391.4765554583 -3508589.5065370626 3611506.009322457
-3904875.118473939 -3506843.8796774377 3611597.6122336825
-3904858.1234279857 -3508183.1653008796 3610315.0713750697
-3907326.0805104515 -3507320.6261816025 3608482.4962474075
-3907222.1350075277 -3509321.2599812965 3606649.481437099
-3905017.066877125 -3510173.9023014475 3608207.572050173
-3902216.6501634 -3511968.7902765987 3609490.466992627
-3904995.4732582467 -3509538.418900071 3608849.0464546983
-3906773.9526726454 -3506332.5487178764 3610040.2131444677
-3906182.6011155387 -3506048.001625404 3610956.368753402
-3906865.771199674 -3504814.808080423 3611414.4053111044
-3911741.156041635 -3500695.6839698693 3610131.8336543874
-3911097.325808944 -3501226.0414677816 3610315.0713750697
-3912638.761198359 -3499408.873993328 3610406.6885857778
-3916734.4441804923 -3497661.82711194 3607657.6939801387
-3920401.5407760455 -3496388.588128409 3604907.7103146813
-3923701.440683401 -3496750.462841604 3600964.343755161
-3926797.152754378 -3498279.83739278 3596101.1248866813
-3928112.944680566 -3499820.9699292043 3593163.3517385162
-3927571.0219809343 -3501183.0377078867 3592428.733289252
-3926971.090365519 -3504586.3081940636 3589765.1544150016
-3926586.1826242763 -3504735.287808068 3590040.7397155
-3923508.5471438468 -3507898.2934923773 3590316.315173698
-3921758.615229056 -3509290.728470421 3590867.4365601717
-3918951.7354359846 -3511955.4401744874 3591326.6743018674
-3917008.043448408 -3512433.036573294 3592979.7036928814
-3913744.211402149 -3514191.979185172 3594815.98710515
-3912801.305409101 -3514208.8832027502 3595825.756291274
-3910401.366749884 -3513780.030849081 3598854.268475854
-3908958.590196042 -3513223.5247898106 3600964.343755161
-3906925.0128235263 -3512382.1041485895 3603990.8294320917
-3904383.9363913755 -3513795.9948114734 3605366.1095783096
-3904540.5182707952 -3512210.5106810033 3606741.1426166296
-3902245.5816556485 -3511748.290354644 3609673.72010826
-3901149.860114001 -3512117.9878692594 3610498.304696693
-3898517.7191483425 -3451422.5170410355 3671359.857375537
-3901650.0941266273 -3441583.0557004907 3677264.4198802128
-3902007.297816965 -3438751.0114059686 3679534.1456952915
-3902351.4683249793 -3436514.023088098 3681258.6688224915
-3902490.8853741065 -3434702.3635979663 3682801.3200641936
-3902679.2370183095 -3433417.866229377 3683799.3334060833
-3903048.6289200415 -3432413.770280912 3684343.6470925678
-3904168.84525076 -3429775.407997356 3685613.555226581
-3904287.9933805433 -3427104.232831745 3687971.372184344
-3903029.852045058 -3425999.8620722997 3690328.42970998
-3902377.743501515 -3425668.636667343 3691325.41762139
-3902408.8223503153 -3424851.839369562 3692050.414283282
-3902066.6097391513 -3424069.297357667 3693137.7743121623
-3901772.601387644 -3423329.1923515815 3694134.378694712
-3901396.108620743 -3422878.3587030615 3694949.6810052996
-3901004.7273325366 -3422053.037933523 3696127.178940026
-3900601.8487263857 -3421338.2417497244 3697213.931226215
-3900228.6562384237 -3421372.2501286133 3697576.145951086
-3899948.7379078115 -3421006.2551378794 3698209.978354226
-3901187.21063556 -3419202.1652402766 3698572.143515622
-3900966.7023151102 -3418768.137348801 3699205.889170997
-3901123.4803697765 -3418785.155251897 3699024.8246175465
-3901503.673029885 -3418155.332757266 3699205.889170997
-3901581.2503480436 -3417380.8438738366 3699839.5796110868
-3901316.2312108935 -3417389.381347266 3700111.144323287
-3902164.0718637337 -3417891.335122209 3698753.219336533
-3904692.821924222 -3416374.576781175 3697485.5939593185
-3906470.092843046 -3414440.2653561686 3697395.040841232
-3908322.968238303 -3411730.4392151507 3697938.3426544215
-3908588.8236402967 -3410640.522331989 3698662.6819894155
-3908653.4089995436 -3411057.3850812707 3698209.978354226
-3910102.150902163 -3411360.062069623 3696398.882213149
-3913001.1054649656 -3409801.900663214 3694768.510592172
-3915348.161350372 -3406320.6016380033 3695493.165230694
-3915671.3173627253 -3404081.121408486 3697213.931226215
-3914757.6951358933 -3404246.689708435 3698028.8890141826
-3914558.6762129404 -3405753.79173538 3696851.6984815705
-3915899.4997828915 -3406079.8774791155 3695130.846916243
-3917639.8906189394 -3405552.4004548565 3693771.9928532937
-3921557.3852163116 -3403794.120459352 3691234.7879783744
-3924083.444446299 -3400586.508277053 3691506.673534067
-3926121.661432698 -3401872.9073821814 3688152.711269974
-3928297.5588440937 -3400638.550563391 3686973.926894746
-3931201.5106144515 -3398953.5929072713 3685432.1532495213
-3931561.97453481 -3397946.412066065 3685976.3457080536
-3934872.313749625 -3398048.967568486 3682347.632760034
-3937258.415540528 -3394594.962427234 3682982.7871331335
-3939822.173616618 -3392013.1620697873 3682619.8485078723
-3942449.8996345857 -3388169.7397922315 3683345.7078079823
-3940285.5522277285 -3385951.008664611 3687699.3551303134
-3940602.1618707525 -3391008.4562141453 3682710.584846942
-3946111.069665192 -3388443.434542396 3679171.03662936
-3946580.1641310467 -3386812.386281206 3680169.5434068744
-3943536.153068377 -3390060.68862789 3680441.8398967357
-3947609.6639299504 -3395360.1095004994 3671178.1035601664
-3956013.565499407 -3389995.1661370704 3667087.4605266727
-3956097.975966868 -3389109.620645651 3667814.8513519526
-3958317.732860146 -3391730.032368888 3662994.555449387
-3963380.6331143174 -3390433.9615912014 3658717.331134416
-3966247.038024246 -3387375.2709060633 3658444.2331977636
-3966759.876129461 -3388052.731170045 3657260.692914929
-3969440.715313884 -3387467.8180562053 3654893.0475790845
-3972382.931544023 -3385787.049821978 3653253.467586872
-3974419.982595475 -3382018.1224850034 3654528.727637642
-3973864.70084339 -3381784.7728445726 3655348.4224554384
-3977491.648607179 -3379488.634206048 3653526.755962283
-3982456.8668911136 -3372353.2755442015 3654710.889834941
-3981081.4786741026 -3368445.455505952 3659809.6225677263
-3983595.0232435823 -3367352.337932964 3658080.087013728
-3987970.372058669 -3361872.274179932 3658353.1983233243
-3991654.2331607444 -3356406.1099829758 3659354.520644162
-3993487.1467520352 -3352834.4229046577 3660628.7357927836
-3994616.5664662984 -3350693.3847244224 3661356.7606117
-3995375.1643909863 -3349191.9434887343 3661902.7323835148
-3997318.2892198144 -3348564.406570612 3660355.7080859216
-4001401.4241328333 -3344978.992845995 3659172.4720716206
-4004440.606739076 -3342535.9390876885 3658080.087013728
-4005936.426394697 -3342835.5785820186 3656168.027081128
-4010261.512785818 -3342528.502478536 3651704.6442979746
-4012591.585040112 -3341623.14161388 3649973.2260793177
-4015102.0687318924 -3342289.9566107583 3646600.3652174077
-4017652.192936595 -3343700.551531349 3642496.1878196555
-4021862.9549924843 -3342811.1842510994 3638663.5950173917
-4022458.4637627266 -3343187.444241838 3637659.497529605
-4024119.305842168 -3345755.4958923543 3633459.0921124257
-4025445.6176563906 -3348522.0982855475 3629439.121487549
-4027887.568414059 -3351624.0466955802 3623862.4402462374
-4030179.9052399965 -3354007.7110664835 3619105.3045616527
-4032436.192227686 -3357315.1772630196 3613521.019190515
-4036397.357496379 -3358466.635269835 3608024.283756355
-4036965.0684662303 -3359654.478783241 3606282.8257327736
-4038588.50462667 -3362914.869072395 3601422.978999985
-4041289.3731769766 -3364089.044937586 3597294.274865175
-4044586.01295019 -3364443.822909049 3593255.1741195377
-4045319.614502091 -3364934.6038211295 3591969.5611922713
-4046963.8956634416 -3367856.1799611095 3587376.3363068467
-4049476.0309799034 -3367674.5421047667 3584711.0138724837
-4049192.7131214575 -3368993.3584881327 3583791.724203144
-4050586.58925647 -3370153.0858150627 3581125.1669142824
-4049787.9871516684 -3372480.019529124 3579837.535000559
-4051400.0218194895 -3372984.3090653806 3577537.660738147
-4049565.93023385 -3374210.622029341 3578457.6922011557
-4050040.094802957 -3376761.9889797205 3575513.2079563313
-4050777.372037424 -3378215.712414424 3573304.1128045465
-4051458.8837995394 -3378664.1815548264 3572107.2577905953
-4048159.586570559 -3381546.7578603025 3573119.9932357934
-4047693.6793351364 -3385117.507975009 3570265.5833245027
-4047403.3649140666 -3386435.6261266973 3569344.582942669
-4045734.3135506366 -3388041.3204854536 3569712.9961443874
-4042774.2304430576 -3391088.1418746565 3570173.4881798993
-4042129.949268825 -3393794.0126480656 3568331.3569423663
-4040690.4634685125 -3393667.696357875 3570081.3919477593
-4037606.2309261905 -3396368.5694190925 3571002.3053266318
-4036466.8822195614 -3397335.4057124727 3571370.6402216447
-4034017.5809491137 -3397920.9982639914 3573580.283993925
-4031684.9639758663 -3397881.3016102714 3576249.4336131252
-4030062.197320845 -3400967.130306116 3575145.068987112
-4032240.6575677027 -3401480.2991579096 3572199.330090441
-4031724.9403568716 -3399479.824911036 3574684.8707721382
-4028836.947130347 -3401257.6853304156 3576249.4336131252
-4027520.417772235 -3403880.127863333 3575237.105363064
-4027317.3148442185 -3403346.9988273764 3575973.357161466
-4024249.124028521 -3405331.742100306 3577537.660738147
-4023549.122350478 -3409924.574060172 3573948.4970062524
-4024215.587602141 -3408558.940470099 3574500.7838635733
-4020192.81521528 -3410698.582497369 3576985.589549094
-4018263.319352287 -3413164.4433661737 3576801.557102214
-4016080.9896372133 -3416502.722950623 3576065.3837346938
-4014614.1456094496 -3418033.6818782673 3576249.4336131252
-4012993.131081937 -3419070.4795108587 3577077.6041381294
-4011066.303624837 -3418153.8321653046 3580113.4741204823
-4008670.0570310215 -3419615.7415255397 3581401.060224007
-4009829.3727502185 -3417099.743379642 3582504.5352691975
-4006745.3071326567 -3414833.724628532 3588111.4359660083
-4006959.8302711355 -3414775.0980996913 3587927.667608666
-4007244.4084155136 -3411155.9620572943 3591051.134938568
-4008217.133059252 -3407884.0072743646 3593071.5282629556
-4007161.9048261307 -3405541.1417420576 3596468.26767767
-4009422.947452178 -3403848.720033695 3595550.3778377064
-4011947.3718034844 -3399610.958079857 3596743.613267767
-4012706.4550593398 -3396285.4694832535 3599037.776309388
-4013516.2637600536 -3396009.1537203807 3598395.479707716
-4017905.366116514 -3391788.7321873093 3597477.819964888
-4017922.2659022193 -3389041.6532933167 3600046.9910002686
-4019212.187713824 -3387609.2735647354 3599955.249692815
-4020489.6029417436 -3384727.1992314826 3601239.528193028
-4022421.442114546 -3379401.7093721917 3604082.522461084
-4021147.27254171 -3378570.6731331246 3606282.8257327736
-4024592.1962655974 -3374760.174946552 3606007.8224197975
-4025541.1999077946 -3370294.257025678 3609123.9475674215
-4026784.8888267474 -3365959.566792159 3611780.8147556386
-4026991.741584634 -3363745.309259651 3613612.597891873
-4028273.2818652387 -3360044.1063020527 3615627.050777707
-4028854.0153111992 -3358263.5801775716 3616634.0773381745
-4030237.0111029237 -3354531.4981533145 3618556.2123909937
-4029859.954399843 -3353503.35256167 3619928.868400889
-4031641.8003579946 -3352843.0221787444 3618556.2123909937
-4034079.5040660547 -3349514.1586322 3618922.2782475725
-4033768.848258032 -3348899.4198952205 3619837.3657180415
-4034847.8337146644 -3349676.252682994 3617915.5547054578
-4038868.2236818387 -3346707.791961409 3616176.354515622
-4040211.5119533534 -3343303.9411286986 3617824.027770409
-4037623.406060256 -3343062.3090322977 3620935.3251283043
-4039394.3871101406 -3344885.154299355 3617274.843017996
-4043951.2262674854 -3337489.873123702 3619013.79195582
-4041348.7018193323 -3335579.1616874393 3623679.5286586424
-4040815.2411584267 -3336324.725954151 3623588.0712090773
-4043406.197996295 -3333482.4441788136 3623313.692237645
-4043643.848911123 -3329413.032893385 3626788.424979174
-4042675.473537724 -3328497.311944282 3628707.987705298
-4043782.053730103 -3327750.8447272787 3628159.590942388
-4045474.988362353 -3325592.8567887386 3628250.9931660374
-4046613.8950578044 -3323807.8494079756 3628616.5910080695
-4047465.832599489 -3322969.9869753094 3628433.7942976216
-4048544.252163225 -3322554.4014816377 3627611.154392256
-4051740.1272307904 -3319855.113484942 3626514.161954384
-4052066.01040978 -3317758.772621719 3628068.187613539
-4053210.448764451 -3318459.4899225547 3626148.4624556703
-4056296.574234075 -3315786.4109573006 3625142.697711059
-4057440.72352025 -3315186.2091957354 3624411.1485147313
-4059568.0088076005 -3313381.242091857 3623679.5286586424
-4061134.9196544345 -3313361.263128662 3621941.648392724
-4063954.6915543377 -3310702.783489453 3621209.7901652525
-4064080.2390510226 -3311749.2139231563 3620111.8704584735
-4066095.15496395 -3310675.927417408 3618830.7634369386
-4067083.3199582957 -3311362.465356623 3617091.7726184824
-4067794.383512609 -3310288.894270771 3617274.843017996
-4067297.0752484347 -3313898.0814269767 3614528.324358538
-4070232.229152886 -3311092.095313549 3613795.751992253
-4067982.1372530907 -3313156.9934204165 3614436.7566661285
-4069964.639725934 -3314417.19311993 3611047.978264974
-4071654.0138509125 -3314138.593068407 3609398.838785527
-4070751.5179641033 -3314349.0609673695 3610223.4530645967
-4070111.333234737 -3317727.854760862 3607840.9910662696
-4071507.6049320884 -3317210.447520122 3606741.1426166296
-4069629.8174657454 -3318517.7582558794 3607657.6939801387
-4070983.5793467406 -3319148.5017505446 3605549.4615961537
-4070001.883426974 -3319057.697458327 3606741.1426166296
-4070635.976607401 -3319574.795954023 3605549.4615961537
-4069397.867280708 -3320694.309818052 3605916.152451862
-4069300.3431995837 -3320614.7285945346 3606099.491289279
-4070616.499888128 -3321688.733685464 3603624.046338017
-4070330.6776076923 -3320745.486363279 3604816.0271674916
-4070720.638648212 -3321063.6328402446 3604082.522461084
-4069866.9743937403 -3321313.7793673654 3604816.0271674916
-4071813.513722704 -3322310.3659183485 3601698.1469824286
-4071144.764569337 -3320344.6493322193 3604265.9052254437
-4070864.8033846486 -3323075.13125039 3602065.022265598
-4071829.654830521 -3321494.9664352573 3602431.879992739
-4070604.8679949585 -3323691.7365179122 3601789.8674490014
-4069066.250953043 -3325277.194569752 3602065.022265598
-4068239.434304775 -3328274.247370441 3600230.4703252376
-4067238.239809027 -3327810.6694006613 3601789.8674490014
-4067700.7626789273 -3330916.011688129 3598395.479707716
-4069422.7781064324 -3327819.8518358916 3599313.029837149
-4068666.3187861713 -3328149.352908566 3599863.507288752
-4070296.6807686635 -3327941.803341427 3598211.956527327
-4073177.2369724642 -3327095.648197718 3595733.964568732
-4074713.1623170483 -3324320.9001245527 3596560.05063662
-4074609.7273660214 -3325539.66298484 3595550.3778377064
-4076799.160493495 -3324245.4257196975 3594265.14806312
-4077333.880983269 -3324681.4398749676 3593255.1741195377
-4078767.0520493495 -3323717.2456895774 3592520.564425811
-4078545.923793078 -3324484.781427796 3592061.3978001317
-4080648.3256397657 -3323591.4010121883 3590500.026677512
-4080405.36527472 -3323393.515549974 3590959.286296304
-4079846.854369668 -3325071.1469189515 3590040.7397155
-4081651.7071130252 -3325830.82253852 3587284.4439316597
-4083585.4547528164 -3323257.821741917 3587468.227589257
-4082054.2897786014 -3323551.6199996253 3588938.339467257
-4082076.9877928803 -3325110.551811684 3587468.227589257
-4084097.9979744526 -3322727.127623742 3587376.3363068467
-4084261.035105562 -3322030.583848039 3587835.7817905624
-4083245.477634389 -3322981.145367553 3588111.4359660083
-4083030.8264564993 -3322451.1006231112 3588846.465673091
-4082954.0201662653 -3322743.954712091 3588662.7148051118
-4083281.5504995324 -3321944.447984379 3589030.212168169
-4083670.2399832765 -3322260.66543266 3588295.1999513465
-4083838.8706256393 -3320266.2731519924 3589948.8790422184
-4083347.1696936633 -3321168.854410263 3589673.2904611207
-4084135.8449981716 -3319205.529221463 3590591.8807888404
-4082974.9848860423 -3320037.402218484 3591142.982486936
-4084230.9317622073 -3318691.022104823 3590959.286296304
-4084499.673641178 -3317962.648143135 3591326.6743018674
-4085050.971357312 -3317582.147840368 3591051.134938568
-4086095.547075601 -3316892.1807314944 3590500.026677512
-4087006.9683704204 -3314674.6992728473 3591510.361740877
-4088075.0644981917 -3314949.585470508 3590040.7397155
-4090007.8875051276 -3313559.8904952197 3589122.0837758007
-4090762.5566570163 -3313225.32400636 3588570.837731354
-4093716.70469261 -3310769.7379549486 3587468.227589257
-4093829.0039120815 -3310033.3501036507 3588019.552333824
-4094826.7792806705 -3309894.6813422474 3587008.7602497144
-4095681.622997675 -3310231.1125986683 3585722.106385674
-4098326.8582007885 -3308350.341908787 3584435.2384360447
-4098235.0884304545 -3307567.491859753 3585262.53526154
-4099347.9411677965 -3307284.3063394907 3584251.3826856315
-4100660.89540931 -3306453.5231182333 3583515.9160132026
-4101266.104428206 -3304107.615016958 3584986.779481234
-4100414.9303134214 -3304366.107900253 3585722.106385674
-4102178.826313689 -3304370.6961547015 3583699.7892314787
-4103420.5347902467 -3303127.8374033254 3583423.9777666493
-4104192.2659397237 -3301270.7962111635 3584251.3826856315
-4103854.9336933238 -3302887.3689442873 3583148.15647766
-4105689.7420915067 -3302003.258186902 3581860.860587365
-4106185.7632422238 -3302284.163442815 3581033.2002959237
-4106752.210227222 -3302975.7884008335 3579745.5531129194
-4107956.3078111694 -3303471.9421125157 3577905.686402283
-4108370.654517094 -3304749.8473688713 3576249.4336131252
-4108674.812178935 -3305466.9758146927 3575237.105363064
-4108422.8469552505 -3307272.716058978 3573856.4453861313
-4109953.352221617 -3307559.1460362165 3571831.034362413
-4107908.7034475305 -3309104.4228091366 3572751.7410372975
-4107287.7767068623 -3314045.0833139787 3568884.0419768267
-4109859.4143421054 -3313633.765731394 3566304.510406866
-4111023.3252251763 -3311495.0815758887 3566949.47317077
-4109622.9687239556 -3312141.4451214056 3567962.8785128337
-4109896.8955540345 -3313190.5680939746 3566673.0670764367
-4110659.6122177383 -3312740.239601028 3566212.368523507
-4110868.5624230723 -3311488.7217636476 3567133.7384675983
-4109537.1712477584 -3312545.5795777976 3567686.508278518
-4110264.220404615 -3313131.6269525555 3566304.510406866
-4111254.5011760215 -3311208.0699356035 3566949.47317077
-4110875.870202216 -3310784.832526975 3567778.6327767726
-4110122.5858505084 -3311124.3794734417 3568331.3569423663
-4110896.4818797424 -3311156.307399877 3567410.1282631867
-4112031.3016529228 -3309349.664470055 3567778.6327767726
-4110647.36568588 -3309181.6873774813 3569528.7917182096
-4110372.294744788 -3310615.8166002375 3568515.5896353894
-4111308.1316147605 -3309950.14549664 3568054.999750582
-4110993.8798420494 -3308751.2032481306 3569528.7917182096
-4108979.0205297614 -3310557.9096496175 3570173.4881798993
-4108558.0354878507 -3311874.6353518013 3569436.6878740946
-4109387.8237896534 -3311242.1321238233 3569068.261624792
-4108216.353689331 -3311007.786878553 3570633.953026986
-4107557.7208599024 -3310831.749310854 3571554.8011418544
-4107252.3668491277 -3312004.9619253417 3570818.131352275
-4108958.249108371 -3310186.3870675513 3570541.862232811
-4107506.8471825984 -3310199.457200347 3572199.330090441
-4107617.727761856 -3311353.2185389725 3571002.3053266318
-4109817.8769543567 -3309814.500342877 3569897.196220979
-4110332.6642184802 -3307982.6064854846 3571002.3053266318
-4108865.4943617736 -3308811.062302561 3571923.1099265534
-4111335.0799580994 -3307134.414231875 3570633.953026986
-4111110.568917916 -3304827.1193172005 3573027.931818751
-4112512.5830357354 -3302883.1154969474 3573212.053564401
-4112292.7771197264 -3301762.1448868215 3574500.7838635733
-4114047.7592900256 -3299275.9901942573 3574776.9125930676
-4113295.310716482 -3297021.4281540858 3577721.675749888
-4115398.145106166 -3295994.401669778 3576249.4336131252
-4115054.524865123 -3293126.4256718727 3579285.627318485
-4116073.4216783275 -3293352.621047961 3577905.686402283
-4116649.112780972 -3290632.5922545525 3579745.5531129194
-4117211.8038666653 -3290729.071895624 3579009.658757848
-4118738.989691992 -3288416.948392556 3579377.61465811
-4119217.5962623036 -3286915.9281379627 3580205.4516460313
-4118854.3737342525 -3285567.2909503104 3581860.860587365
-4119941.869200781 -3284905.454455569 3581217.1324417675
-4120584.030044347 -3282595.113792087 3582596.4844302246
-4119758.1351389615 -3283230.2609940637 3582964.2701608404
-4120307.309008373 -3282139.5737695047 3583332.038428522
-4120462.427091795 -3282145.590258839 3583148.15647766
-4121283.7960868767 -3283622.911077031 3580849.2637867006
-4123306.7337754304 -3280178.783246689 3581676.9437151174
-4122163.7615400176 -3280209.4387092195 3582964.2701608404
-4122866.399246499 -3279828.487701732 3582504.5352691975
-4123282.778056305 -3279807.216243888 3582044.773095223
-4125253.0618186593 -3277027.1670394125 3582320.6336732917
-4123603.8552202294 -3276891.098791209 3584343.311106765
-4123807.5521632503 -3277640.1370938183 3583423.9777666493
-4123913.7184515256 -3277607.0760753183 3583332.038428522
-4124281.8812030326 -3276138.2739586122 3584251.3826856315
-4121798.4160003285 -3278156.703256752 3585262.53526154
-4123766.2819846217 -3278194.5778610413 3582964.2701608404
-4122378.7186963144 -3277326.373055405 3585354.4516707454
-4121977.798313807 -3278534.272694029 3584711.0138724837
-4121716.930702903 -3277857.021371807 3585630.1943452815
-4121856.215335065 -3276676.167333926 3586549.2655935376
-4119822.112229045 -3276819.6854119347 3588754.5907856994
-4120026.2481033225 -3277569.0866620885 3587835.7817905624
-4118947.8448083247 -3276711.193753211 3589857.0172753762
-4118408.547933907 -3277690.8369505242 3589581.4254137636
-4117860.9821727993 -3276668.1264408985 3591142.982486936
-4116569.858815465 -3277988.1973515637 3591418.518568377
-4116071.283184224 -3278413.0004113624 3591602.203819341
-4115564.4622764825 -3278948.618897258 3591694.0448037405
-4113602.6106115337 -3279498.7483645603 3593438.815597847
-4111915.9144283007 -3283321.9355046335 3591877.7234902335
-4112300.4046075395 -3283041.314206389 3591694.0448037405
-4109099.5168778715 -3286243.7457729494 3592428.733289252
-4108488.7138992 -3288813.18725872 3590775.585730198
-4107984.741909405 -3290645.5336285536 3589673.2904611207
-4108288.931445746 -3290065.29589902 3589857.0172753762
-4104846.8749671862 -3292956.9101959057 3591142.982486936
-4105134.493885067 -3294600.9608127824 3589305.823711109
-4103308.940974298 -3295373.5840870035 3590683.733806412
-4103869.6543140304 -3294174.6978166294 3591142.982486936
-4100675.0894471765 -3295849.2174932035 3593255.1741195377
-4101146.5220687184 -3296463.7648421 3592153.233313788
-4099852.5150150754 -3295070.3085224214 3594907.7897796654
-4098330.8727009767 -3295260.3929664847 3596468.26767767
-4096653.813980489 -3297445.180202597 3596376.4836231726
-4098184.20497644 -3297145.008194681 3594907.7897796654
-4098227.007217206 -3294588.0723509947 3597202.5006716065
-4095577.785182392 -3296579.0718773254 3598395.479707716
-4095327.453817053 -3297791.243370745 3597569.5908709774
-4095963.3030078947 -3296300.4014070756 3598211.956527327
-4093421.651982978 -3295550.0193167543 3601789.8674490014
-4091309.86481216 -3297971.027693438 3601973.305090613
-4090958.6181414216 -3297805.6880348376 3602523.5916811842
-4090207.0457376842 -3297435.3915106687 3603715.7437581955
-4088202.5797139048 -3297114.624644618 3606282.8257327736
-4085369.669892308 -3299421.9837251487 3607382.7401088467
-4085956.462690664 -3297893.3020705055 3608115.928452811
-4083377.425492222 -3297577.5098909605 3611322.8001996516
-4081639.821927809 -3297822.3622847083 3613063.1091731596
-4080998.0795009644 -3298716.787302303 3612971.523867772
-4081037.6067725485 -3296158.7052559317 3615260.8262577313
-4076155.874860613 -3297979.8480786714 3619105.3045616527
-4075437.6737036295 -3299871.0518597774 3618190.128898011
-4077122.588863115 -3298291.065954537 3617732.4997333083
-4074420.790892315 -3296105.378397964 3622764.904494971
-4071037.6412784383 -3301487.5654052882 3621667.209831455
-4073532.389057695 -3300918.7326803566 3619379.835764384
-4073456.664071285 -3298502.4521993133 3621667.209831455
-4070985.51806768 -3299443.498815293 3623588.0712090773
-4071093.126452999 -3302121.524696138 3621026.8145769914
-4073233.171061957 -3299380.967757308 3621118.30292265
-4071464.3923767824 -3297948.230056088 3624411.1485147313
-4068874.6811414687 -3300439.850470466 3625051.2579262108
-4071078.204823202 -3301638.2466046247 3621484.2452744474
-4072062.590173793 -3298315.078783508 3623405.1529985503
-4070355.1133167106 -3298814.8652362954 3624868.3750437824
-4070268.9477827405 -3300628.664415128 3623313.692237645
-4071993.384568662 -3299907.106618813 3622033.1257065707
-4072848.7053093654 -3298951.8213059767 3621941.648392724
-4072514.671350093 -3297857.355811717 3623313.692237645
-4072941.4794581598 -3297732.2006042725 3622947.838157055
-4074317.532031507 -3291906.207891705 3626697.0050756563
-4075187.4477222604 -3291433.668503333 3626148.4624556703
-4076917.9886972383 -3288483.436515136 3626879.8437779085
-4077095.7878200132 -3286043.6180698005 3628890.7777836244
-4076741.3135527447 -3285171.095727408 3630078.805504011
-4078749.0050553596 -3283385.3287690138 3629439.121487549
-4079341.9397174045 -3280930.2752525164 3630992.545819131
-4078879.4653245388 -3280089.382483738 3632271.5964353844
-4079665.1758080167 -3279314.4651822997 3632088.8881944334
-4080848.5132384663 -3277335.5807797555 3632545.6504983413
-4080629.2702342886 -3275988.114646915 3634007.10395554
-4080534.77723766 -3275092.4943680386 3634920.368465881
-4080382.855866408 -3274268.062946753 3635833.522250216
-4081799.662043976 -3273414.50797566 3635011.6888274434
-4082640.9168003965 -3271046.1285243738 3636198.752754437
-4083016.714347974 -3269358.5624169805 3637294.3379256306
-4082474.2636884563 -3268105.7347205817 3639028.688126523
-4084591.5615413026 -3267695.6672463696 3637020.4565887284
-4084543.5672664004 -3264501.7788998946 3639941.343299654
-4083738.398074048 -3265610.673525611 3639850.082771434
-4086590.8506876165 -3263567.3621741985 3638481.0418123123
-4087987.8480090545 -3260595.1528508007 3639576.2945343186
-4086922.1034221034 -3260912.358831166 3640488.883183412
-4089365.901063331 -3260293.187319006 3638298.4841738543
-4091065.8301765346 -3257446.216266878 3638937.416511938
-4090945.60678336 -3256067.343190769 3640306.374324355
-4091222.4485577145 -3256637.621219837 3639485.02957122
-4093701.1191568635 -3254644.0443443633 3638481.0418123123
-4094005.5456680045 -3252321.2456703503 3640215.118231461
-4094097.3349070526 -3251694.9210787406 3640671.387606644
-4094119.0706019094 -3252178.335936219 3640215.118231461
-4096191.5449439506 -3250794.0189762213 3639119.9586325972
-4095053.876761481 -3249774.66447446 3641310.1181526226
-4094778.2785001914 -3250837.3840266634 3640671.387606644
-4094884.7812712356 -3250805.4235593667 3640580.1359495204
-4094720.485824285 -3250092.501997139 3641401.360936873
-4093002.373907824 -3250825.259507773 3642678.643434133
-4091639.4311109562 -3251723.057070708 3643408.4215048878
-4089786.2635613414 -3252929.804368228 3644411.7503703996
-4088309.1457300317 -3253968.9298745175 3645141.3597213835
-4087286.1537541486 -3254436.708922851 3645870.898008461
-4086852.0829674634 -3253857.991776224 3646873.89709303
-4085912.7102736267 -3252993.5688191177 3648697.187387011
-4083347.1309788106 -3253863.0273504704 3650793.4215960167
-4082556.5875305166 -3253116.5755900894 3652342.434004812
-4081552.377438495 -3252432.856953314 3654073.3026633007
-4081162.967222418 -3250259.6085841274 3656441.208576839
-4080243.8687194353 -3249876.7936084466 3657806.965675298
-4082091.8695615344 -3247042.4881869694 3658262.162334486
-4081088.789129527 -3247175.073103547 3659263.4969152287
-4083011.792070447 -3245680.436887728 3658444.2331977636
-4083414.171118606 -3243326.1558707566 3660082.6703439862
-4084532.9567037355 -3242122.581550211 3659900.639608025
-4087300.390508694 -3240483.678307805 3658262.162334486
-4088484.4871434425 -3237240.9741859036 3659809.6225677263
-4087739.5625788765 -3236535.0751745263 3661265.7614126396
-4090359.0769355074 -3236519.040272868 3658353.1983233243
-4092066.4295120686 -3233227.1538977106 3659354.520644162
-4091715.608352596 -3232949.962772271 3659991.6555334553
-4092298.4492025115 -3232830.450020695 3659445.5432583923
-4093100.629274836 -3232536.096020358 3658808.361550986
-4095030.60242019 -3229884.5921506328 3658990.4190404876
-4095385.900358197 -3227267.21525082 3660901.753463824
-4094677.06856833 -3226824.4841109267 3662084.7140505803
-4097263.7565273526 -3225502.565450876 3660355.7080859216
-4097720.166498805 -3221925.095935216 3662994.555449387
-4096880.1564878244 -3221958.933906268 3663904.2852669996
-4097282.8302775566 -3220308.491750441 3664904.8591570193
-4098823.3274228494 -3217933.1723991646 3665268.670718059
-4098726.5216079657 -3215776.371702025 3667269.314935899
-4096573.5373937413 -3216860.354890213 3668723.989326662
-4097847.3002664656 -3215548.7648524237 3668451.2596673397
-4095467.670442086 -3211834.016719378 3674358.14931097
-4093224.829363664 -3213653.3388610804 3675266.482026553
-4094587.351299386 -3211605.326938297 3675538.9600112583
-4093105.5587896667 -3209750.8078723405 3678807.909631595
-4092699.932434274 -3208394.63379897 3680441.8398967357
-4091704.8083314183 -3207268.6366702816 3682529.111047013
-4094028.1527204537 -3204823.7365743853 3682075.4069168293
-4092789.035533112 -3203277.7626461317 3684797.210967889
-4095220.3097303505 -3201839.4731067587 3683345.7078079823
-4095030.461212654 -3199158.2484376314 3685885.6497718357
-4096978.6086804904 -3197917.5714920703 3684797.210967889
-4097505.678437119 -3194417.84449124 3687245.970907217
-4098818.5800095033 -3193256.625764682 3686792.558604136
-4100458.8397395704 -3190626.185191571 3687245.970907217
-4102363.49979556 -3189120.5656427685 3686429.8085464034
-4103045.841895836 -3187928.02939218 3686701.8727742266
-4104884.2462876546 -3186714.683292339 3685704.254531071
-4106045.3075250406 -3186582.479209712 3684525.0760098356
-4106833.3787140464 -3185356.9038826562 3684706.500437621
-4106874.757119751 -3188030.213288319 3682347.632760034
-4110196.7130844514 -3184061.035458967 3682075.4069168293
-4109604.471077585 -3184405.709751966 3682438.372464392
-4110890.516324641 -3183794.9386618347 3681530.924947312
-4111082.081614088 -3185435.8327582167 3679897.23682762
-4114044.5554681583 -3182448.566567957 3679171.03662936
-4113671.2577686976 -3181356.556588588 3680532.6031511393
-4114568.0333822877 -3181246.8224908607 3679624.9201597185
-4115945.5088924114 -3180934.705003834 3678353.975670444
-4117300.895157185 -3178654.8574467553 3678807.909631595
-4117726.0923050824 -3178524.33399107 3678444.764703766
-4119038.6856159503 -3177243.622473589 3678081.6018476435
-4119736.4338734737 -3176864.457520785 3677627.6230685236
-4121094.7258510776 -3175733.1842356836 3677082.811564994
-4122614.3281362043 -3174496.570393281 3676447.1471799198
-4122923.9216048927 -3174620.3400829374 3675993.0675927326
-4124623.6496690596 -3174094.8039531144 3674539.8248091605
-4126216.107324073 -3172340.0465878295 3674267.3098829514
-4126488.409880548 -3172091.0572210024 3674176.469335687
-4127928.842607097 -3171479.392389063 3673086.2954774066
-4128666.257324901 -3170098.295463579 3673449.7046680385
-4129305.8842606223 -3168527.8466135026 3674085.6276692036
-4128803.67519067 -3169287.543341664 3673994.7848835303
-4129823.444451666 -3168695.9537069206 3673358.854048807
-4129812.3569369614 -3167656.962490775 3674267.3098829514
-4130823.1181669342 -3167287.2673143963 3673449.7046680385
-4131322.999842266 -3167899.54645074 3672359.4233913827
-4132101.3388475305 -3166778.8713484714 3672450.286317753
-4130836.3019084404 -3166953.943156464 3673722.2498116433
-4131880.2459060797 -3167067.3387245443 3672450.286317753
-4132463.539667934 -3165568.378552457 3673086.2954774066
-4130429.1815579864 -3166641.8195802732 3674448.987619716
-4131272.1364823077 -3167860.544413148 3672450.286317753
-4132881.98161146 -3166919.172337752 3671450.7326056953
-4132751.359630866 -3166246.702614379 3672177.6941826763
-4132373.287940349 -3166529.3737064204 3672359.4233913827
-4132271.534100116 -3166451.4024048136 3672541.14812543
-4133197.778215052 -3165558.5216821455 3672268.5593463485
-4132858.9365268783 -3164841.2588897687 3673268.0023106057
-4131417.9628842464 -3166827.4731488484 3673177.1494534626
-4130997.7326821256 -3166848.7571681472 3673631.402549485
-4130305.493553833 -3167119.3223651964 3674176.469335687
-4128876.7457914916 -3168771.056522437 3674358.14931097
-4127582.538008164 -3168350.1931633344 3676174.702787116
-4126392.274808876 -3169268.1984110516 3676719.5814935355
-4125122.1326625133 -3169551.999867693 3677900.0136970254
-4123422.4596416824 -3170077.71398974 3679352.5934039154
-4123468.947727285 -3170227.9603139698 3679171.03662936
-4123807.0021366784 -3168312.5906807296 3680441.8398967357
-4122137.5134296506 -3168059.7637461503 3682529.111047013
-4122940.8778306777 -3167647.149125784 3681984.66272581
-4123719.3289031186 -3165156.023599611 3683254.9793222183
-4123426.02434426 -3164587.8150689933 3684071.495299371
-4123209.3141321475 -3164764.56234929 3684162.2136860387
-4124620.1829256797 -3164932.381521592 3682438.372464392
-4126570.1833154405 -3163340.2229624526 3681621.67474604
-4127207.4056732133 -3163142.579630306 3681077.159132354
-4128035.8514375184 -3163434.420947426 3679897.23682762
-4130910.4899433604 -3160947.941378965 3678807.909631595
-4131673.019151252 -3158788.2862926046 3679806.4657259095
-4131770.9448165745 -3158977.418442869 3679534.1456952915
-4134003.9940191866 -3158170.228596394 3677718.4210649976
-4135358.933128382 -3155549.335253491 3678444.764703766
-4135571.1580988434 -3155482.8686548173 3678263.1855166308
-4138011.4114442435 -3154717.4379562545 3676174.702787116
-4138939.991401741 -3152228.2807338685 3677264.4198802128
-4138539.3604440014 -3151694.909138449 3678172.3942423547
-4141443.773064478 -3146604.0372093744 3679261.8155770213
-4142204.9812887353 -3145814.2600557557 3679080.256560959
-4144703.4200587654 -3143265.6064635445 3678444.764703766
-4145734.476255757 -3140629.733516326 3679534.1456952915
-4146286.5313510657 -3141389.650777152 3678263.1855166308
-4150094.1227435456 -3138805.398070664 3676174.702787116
-4150610.4622024093 -3135780.8643604806 3678172.3942423547
-4151514.4794982974 -3137032.959891632 3676083.8857498243
-4154867.013696302 -3135467.0173198567 3673631.402549485
-4156677.8174934015 -3134556.872507946 3672359.4233913827
-4159659.701424092 -3133048.9420379144 3670269.2673894567
-4161065.6445204667 -3133311.19703048 3668451.2596673397
-4163704.033870651 -3132679.569446967 3665996.2402461404
-4165655.880665228 -3132212.9013675614 3664177.1824498074
-4168493.745649259 -3131841.9367507254 3661265.7614126396
-4170029.463882925 -3132881.8793882206 3658626.299603337
-4173255.4149912796 -3133368.797335731 3654528.727637642
-4174108.2850630493 -3132870.090178504 3653982.2143290383
-4175428.659205862 -3135570.337452017 3650155.4995333254
-4178051.023995065 -3135259.3503723135 3647420.9308491885
-4178525.576448458 -3136641.551305993 3645688.5200997107
-4179492.0909586283 -3138849.974478413 3642678.643434133
-4182068.5679967017 -3139757.629385338 3638937.416511938
-4185807.3170004017 -3137312.946593745 3636746.565280729
-4186690.516774027 -3137404.3487441265 3635650.9003527644
-4188959.9618709986 -3138077.627215938 3632454.300250522
-4193870.8714466053 -3136274.793998419 3628342.3942844574
-4195742.176247299 -3134934.6804306996 3627336.9211988617
-4198375.92363097 -3135532.5627580783 3623770.985004371
-4200564.660649321 -3135454.448391411 3621301.2763047717
-4204420.137925572 -3133878.1876376304 3618190.128898011
-4205463.166203668 -3132372.6548207016 3618281.6514245723
-4207247.251780605 -3133359.0125619187 3615352.3840397014
-4210316.556323839 -3131876.508529246 3613063.1091731596
-4211385.304458874 -3131073.369578967 3612513.5808327766
-4213208.650744352 -3130944.882471627 3610498.304696693
-4214100.973431431 -3130694.7503843405 3609673.72010826
-4216002.7351959925 -3129824.2848153166 3608207.572050173
-4215484.881455356 -3129782.224712182 3608849.0464546983
-4217009.670979845 -3130685.96567706 3606282.8257327736
-4217088.851774108 -3129945.6464334875 3606832.802697484
-4216703.4198525 -3131942.903213261 3605549.4615961537
-4216867.956170156 -3133093.0353045827 3604357.594960753
-4216666.008868503 -3134313.8623735565 3603532.3478201116
-4215647.67397648 -3135156.4219773905 3603990.8294320917
-4213188.358508334 -3138355.3060513083 3604082.522461084
-4212772.106273187 -3141018.666154816 3602248.453323783
-4212480.243430803 -3141830.7136514676 3601881.586818405
-4210667.367804056 -3141736.8586501027 3604082.522461084
-4209534.661069783 -3144095.3070582845 3603348.9474912332
-4209488.757056487 -3143946.56799843 3603532.3478201116
-4206642.533451033 -3146283.681748527 3604816.0271674916
-4205800.425503158 -3147829.274723537 3604449.283598112
-4205685.75326724 -3146827.370090957 3605457.7861363743
-4204549.943690942 -3146664.376565379 3606924.4616796346
-4202008.317042384 -3147852.547914155 3608849.0464546983
-4201774.913552234 -3148479.2019033646 3608574.13544811
-4201123.157043085 -3146617.1235654955 3610956.368753402
-4199610.925350051 -3146743.22904093 3612605.1716407565
-4199591.594701156 -3145927.678467844 3613337.8584856023
-4199106.40565556 -3143733.9751708726 3615810.156429508
-4197960.105839193 -3143790.5557206366 3617091.7726184824
-4196886.615070007 -3141957.78583419 3619928.868400889
-4196245.578073937 -3142392.260120796 3620294.868105062
-4195406.404014783 -3139821.396707843 3623496.612655704
-4194132.779037391 -3140467.3311986886 3624411.1485147313
-4194393.497709467 -3139063.3426401257 3625325.573967882
-4193308.906710687 -3138822.571178229 3626788.424979174
-4192986.7766339085 -3137668.0630088886 3628159.590942388
-4192885.3747183355 -3137592.1825997746 3628342.3942844574
-4192238.2218877138 -3136765.500924347 3629804.6618453963
-4192203.5467236657 -3136283.056628574 3630261.562414208
-4192071.2862000866 -3135613.5705189602 3630992.545819131
-4191714.8691063584 -3136830.405501374 3630352.939210559
-4191473.213313394 -3136307.209642153 3631083.913767753
-4191957.844704255 -3135871.022984366 3630901.176764446
-4190341.227198683 -3134433.5641451557 3634007.10395554
-4187458.457908355 -3139235.4007542795 3633185.071248491
-4188608.6428441093 -3140554.4542955635 3630718.435336996
-4188271.4839894813 -3141215.303631968 3630535.6894856263
-4188896.286569662 -3141226.992308631 3629804.6618453963
-4187305.225371434 -3141975.347099814 3630992.545819131
-4187107.4963675886 -3144454.9424346015 3629073.5634402554
-4187951.6857057684 -3144174.4779881965 3628342.3942844574
-4186592.226002891 -3142925.3356352686 3630992.545819131
-4184700.9330894463 -3146075.8377704485 3630444.314901041
-4185211.616216933 -3146345.441137391 3629621.893877764
-4183590.3954555574 -3146498.2757289857 3631358.0109769576
-4182351.6722465754 -3148882.2037288644 3630718.435336996
-4182264.207264187 -3151104.381570662 3628890.7777836244
-4183577.2679330683 -3150834.739519446 3627611.154392256
-4183278.201733683 -3150495.0749825765 3628250.9931660374
-4183724.560359392 -3151060.1118175196 3627245.50792446
-4185248.4818378696 -3150719.858901756 3625782.745283549
-4186504.139323317 -3149261.754929461 3625599.880070517
-4186508.5339038195 -3149150.646876773 3625691.313229257
-4186912.2058994924 -3146823.3514659945 3627245.50792446
-4185936.4280700586 -3147805.223311374 3627519.744432788
-4186242.4996437845 -3149293.76087722 3625874.176233364
-4188876.133536477 -3148528.233311738 3623496.612655704
-4189587.690883116 -3146317.531324262 3624594.042438723
-4191495.1155838347 -3145462.30915622 3623130.7674046876
-4192871.4538532365 -3143522.012137572 3623222.2303730138
-4194339.672141026 -3141879.163287002 3622947.838157055
-4194857.653746132 -3139182.2788333707 3624685.4877445614
-4194793.405597964 -3138106.401243549 3625691.313229257
-4195393.762198044 -3135929.6514601978 3626879.8437779085
-4196496.127167618 -3134242.744920175 3627062.6780609167
-4196637.483696815 -3131724.7486919914 3629073.5634402554
-4196375.873303701 -3131757.5829428504 3629347.733634041
-4197339.493917805 -3129512.199093945 3630170.184512016
-4196451.440610122 -3128052.439329099 3632454.300250522
-4195972.906159418 -3126784.43975329 3634098.435388452
-4194580.8957638 -3126316.481787028 3636107.446789787
-4194439.233258306 -3124275.474664864 3638024.639404069
-4191488.835774847 -3123556.748974927 3642040.029366509
-4190891.17598927 -3122656.3264791407 3643499.6387697184
-4190599.896140155 -3120278.6583132446 3645870.898008461
-4189973.4100835226 -3118561.9643251975 3648059.086344028
-4189190.4563992424 -3118547.3492510086 3648970.6425912804
-4191483.7005946543 -3116958.5677536456 3647694.4327282254
-4192035.1984170172 -3114188.337150529 3649426.3790338915
-4193147.528247019 -3113652.006756565 3648606.0334293046
-4194409.749921093 -3111523.9191228873 3648970.6425912804
-4196115.753998461 -3110292.346643431 3648059.086344028
-4197360.876082996 -3108718.8192191003 3647967.9246069007
-4198261.550819392 -3108251.367408819 3647329.761334004
-4199086.206970261 -3108635.0007679914 3646053.2714748275
-4200586.463834153 -3107249.484590692 3645506.1377488007
-4198740.515071332 -3107925.3248298476 3647056.2461223174
-4198486.615965934 -3111368.5299747256 3644411.7503703996
-4199163.726639808 -3111416.1854020357 3643590.854924676
-4197594.8833376365 -3113318.880371701 3643773.283904858
-4195924.104388457 -3116850.0462615755 3642678.643434133
-4197885.926075545 -3119216.997929369 3638389.7635472417
-4200834.181286264 -3116630.7431146796 3637203.0452546095
-4199637.575321253 -3116538.5411133524 3638663.5950173917
-4198334.13663475 -3119891.2443323242 3637294.3379256306
-4199640.710777554 -3121431.1060720705 3634463.750049723
-4199447.72137671 -3120946.3238029582 3635103.008081719
-4197539.3537902925 -3126698.5433309553 3632362.9488961934
-4198474.264158902 -3125230.703522693 3632545.6504983413
-4197790.96559797 -3125405.2932701637 3633185.071248491
-4195980.326086128 -3126562.1737155914 3634281.094933218
-4195965.470715634 -3127006.7052724347 3633915.771415647
-4192486.378773739 -3126576.898759231 3638298.4841738543
-4188904.730372834 -3130737.4373608804 3638846.14378887
-4188930.622148294 -3134518.7392644025 3635559.5877428018
-4191267.161432252 -3133301.2539103655 3633915.771415647
-4191188.800175254 -3132558.5362271657 3634646.4007377434
-4190946.656833614 -3135000.5081472616 3632819.6946024676
-4193419.352762988 -3134339.7612964637 3630535.6894856263
-4193716.434348727 -3133307.051575133 3631083.913767753
-4191474.0790407816 -3134824.6286220504 3632362.9488961934
-4190611.531344529 -3138515.6403692267 3630170.184512016
-4191967.9351807223 -3139874.1243389756 3627428.333368314
