2258729.141798642 5805012.820592984 1337762.9897484288
2254042.5129574607 5807059.537475104 1336784.5293837872
2248830.2077078214 5809255.1117026955 1336023.4818508567
2242921.6859176247 5812063.345950181 1333740.219646553
2238185.511319658 5814287.691721817 1332000.471025049
2234247.393916401 5816771.833371437 1327759.3988650409
2227439.37151357 5819977.185314886 1325149.2024090867
2220653.215451214 5823854.271284507 1319492.97972645
2213146.7292238777 5827375.37262629 1316555.6659079236
2206394.345623112 5831356.901454541 1310244.892934468
2199909.3320902186 5834514.398816485 1307089.0025493584
2193345.56698116 5838395.109482157 1300776.2180248064
2186535.5088567305 5841626.915075541 1297728.1894039554
2179823.368892959 5845437.306911548 1291848.9739109743
2172483.645270695 5848817.792251439 1288908.935524289
2165568.215028992 5852721.878151618 1282810.1664165042
2159049.264497468 5855821.000093794 1279651.393283908
2152111.4209730923 5859679.885227507 1273659.7168699864
2144629.984382307 5863013.3312590765 1270935.8392801352
2138325.9788335585 5866399.345078177 1265923.2726796053
2132449.791851185 5869054.58890616 1263525.6695743797
2127437.2648898605 5871856.7628260655 1258947.9102853136
2119392.9688205025 5875255.157216326 1256658.7768034656
2112795.207875739 5878491.95717725 1252625.1310666369
2106477.501692912 5881222.825755055 1250444.5644167191
2100243.5833008518 5884515.722258987 1245428.683341758
2091289.3125543962 5888302.980436867 1242593.2648192085
2084241.8390414088 5891926.011480236 1237248.8963954963
2077206.8346678165 5894935.953087826 1234740.002997324
2071331.8905918193 5897960.360533233 1230158.0323665817
2064156.226148509 5900907.3251989 1228085.018826593
2058819.375940314 5903496.842706682 1224593.32245647
2052418.0526224521 5906019.366891046 1223174.7116325381
2045230.3955225386 5908941.138722353 1221101.2441011202
2037122.7939934593 5911876.370212262 1220446.4369722148
2030779.6579956138 5914238.399749805 1219573.3399825045
2024516.3579093867 5916497.792097335 1219027.6422889987
2017541.1276608477 5919037.293130836 1218263.6499228647
2009288.2910539336 5921888.808225615 1218045.3630492461
2002327.9931016965 5924133.640795146 1218591.0774499273
1997543.9682477736 5925658.672439062 1219027.6422889987
1992711.2822561755 5927038.549817281 1220228.1649547378
1985117.506409592 5929451.428532587 1220882.9765456717
1978922.9137693003 5931229.525342663 1222301.689053191
1972580.1790308442 5933252.036061679 1222738.2033226036
1966599.8358149794 5935326.837395748 1222301.689053191
1959206.546683889 5937995.951645195 1221210.3773209075
1955467.5677387482 5939900.584844314 1217936.2190558633
1951115.2064333737 5941689.377959606 1216189.8647277236
1948926.1646019774 5942720.310949057 1214661.7268866966
1945692.5056778945 5944069.639608439 1213242.6768104061
1939922.498242917 5946444.787907304 1210841.065202618
1938658.3402583923 5947145.839427197 1209421.8471362016
1936518.2716829218 5948330.927215739 1207019.951685534
1932021.2418449817 5950036.605915911 1205818.937204274
1929716.7243339636 5951425.168514992 1202652.413373078
1926528.114153842 5952920.977636839 1200359.22097766
1923036.6770286672 5955257.601343213 1194352.477473224
1915859.4369375992 5958270.126013423 1190857.1380955486
1911407.6898391794 5961201.025733158 1183319.0499698725
1911965.3430129692 5961866.538962432 1179057.6316352857
1911945.8032577813 5963595.2320607295 1170314.5532494606
1909879.6540735683 5965028.059407516 1166379.4225880473
1908095.0283987105 5966984.171447084 1159273.1603466321
1907758.8708532718 5967728.012993988 1155992.843233673
1905442.4873840339 5969461.215293961 1150853.042908992
1902095.396123216 5970844.554390603 1149212.5179230126
1898115.7261277747 5972405.323347081 1147681.290202937
1894503.3593179889 5973678.2307811165 1147025.0287699227
1888268.9420471254 5976092.29971867 1144728.014745623
1880823.5907262794 5978669.982032225 1143524.7555319027
1873863.7219647649 5981335.542054026 1141008.7137553452
1870722.2531753927 5982652.400262233 1139258.3153573752
1868290.989225386 5984409.648304891 1134006.5876592442
1863133.741500101 5986617.554806271 1130833.282924245
1857021.5922878154 5989814.18166627 1123938.554764656
1850322.8023077229 5992604.2398627065 1120107.5625312072
1847032.9717915868 5995310.0508412905 1111020.9698273623
1840887.476021055 5998050.062990526 1106422.0453733618
1832690.7152548726 6002328.713767655 1096784.2787435004
1825611.6446558493 6005403.839052623 1091745.3241433995
1817310.3719691467 6009744.102323456 1081665.3070713677
1806747.6685486364 6013813.106977043 1076733.8466609137
1797476.3872982303 6018386.66788863 1066649.6861133417
1788069.326093 6022137.397451845 1061277.6504276558
1782010.6867101789 6026007.477728835 1049434.5100133135
1775672.6082572506 6028944.291857362 1043292.1517798501
1770380.4447913745 6032725.839678284 1030346.0700066946
1763721.7128752337 6035759.219186807 1023981.1363174256
1759471.3444648513 6039219.054297169 1010808.9840425121
1754384.3562399307 6041779.181661254 1004331.0463314743
1752013.3138452305 6044642.873127142 991152.3013454078
1748603.1308795987 6046689.243667478 984671.1538346678
1745669.3273028308 6049598.365338337 971925.5207112328
1742667.2959241173 6051484.327212392 965551.2069379365
1739212.5141558177 6054585.119875459 952249.8919855442
1737166.1377486708 6056223.567093209 945542.6564910617
1737170.7006428514 6058234.192839112 932564.9690735041
1735517.4968069412 6059652.992430241 926404.6791808596
1733024.1097058745 6062137.909597011 914741.7122909273
1733454.4988775703 6062842.611720191 909239.2236540369
1732592.09907295 6064631.693614922 898892.6738111634
1731925.7506688244 6065505.52014514 894268.9636004792
1731097.8965286268 6067017.853504498 885570.6848647615
1732118.5109529423 6067383.890593796 881055.7236503619
1732699.7759211068 6068617.473679916 871363.554820684
1732141.467583858 6069470.7963779615 866516.6981608119
1731893.5237841941 6071011.060111935 856160.341450671
1731898.0967089003 6071830.507179949 850320.1013118366
1730482.655329748 6074101.832198479 836873.7728510676
1729897.3884267635 6075266.518976964 829597.9441342592
1728212.0600344613 6077804.469594489 814381.301927241
1726270.1779150486 6079444.223401552 806219.7016884723
1724793.9197808607 6081919.969887041 790554.4979166125
1725890.534147935 6082551.118254978 783271.8289033975
1729318.6244286078 6083310.357557036 769696.8161839012
1731127.17903464 6083616.5173441 763183.9620338036
1728034.3153600737 6086061.269224581 750597.5167708246
1723973.462945541 6087931.629028329 744744.9089023978
1717450.6625531542 6091248.425636086 732595.9588215342
1712025.3698160667 6093581.935887994 725857.6470119169
1703305.7551293718 6097679.4067721665 711826.071993564
1695853.738332658 6100577.2925987225 704753.7124499516
1694237.8875840602 6102606.30261878 690937.9823922245
1688884.2666207892 6104812.41257707 684526.3626812984
1682736.008212985 6107885.385127606 672143.3246027387
1677230.734880778 6109968.981687445 666946.1033611052
1672462.278626545 6112235.022977012 658098.7391452042
1671077.4318896928 6113041.154741519 654117.0056384617
1667196.0671169665 6114783.815310796 647701.4480475304
1662564.872187931 6116301.867076874 645267.7867046235
1655932.5343150098 6118473.1708082985 641727.7459297739
1649123.3076929897 6120416.3033413915 640732.0733478526
1644775.096117685 6121713.509803702 639515.1187250457
1634954.8382905582 6124389.758108646 639072.5839247153
1627167.6574323114 6126532.5143575 638408.7758847147
1617654.7774767869 6129074.214707429 638187.5049819247
1608478.7382696017 6131592.2718939725 637191.7763003128
1599715.7694640434 6133941.780502362 636638.5869043545
1590444.469494942 6136535.632570565 634868.3482776067
1581896.8062863573 6138836.109817939 633983.2103899766
1573609.4446300361 6141262.00333368 631106.4269844933
1561532.3954787871 6144502.839016788 629557.3358995237
1550575.0647369293 6147661.218697123 625795.1012459854
1538825.116057512 6150848.8725342825 623471.25790555
1527476.5846871305 6154279.4757981375 617495.2769069106
1513058.842749158 6158216.182681406 613732.3404705264
1503807.9492255533 6161390.058954741 604545.4435025755
1495537.6003662054 6163921.588176632 599231.9590116645
1488921.173269438 6166705.177531514 586942.9215826573
1482595.9480204463 6168815.829870259 580742.2079162709
1480179.9994178468 6170612.101493163 567674.6094634741
1478484.4779517034 6171616.211071487 561139.9038524156
1477974.128779402 6172814.480435781 549176.5333488932
1475595.8936931463 6173824.882317329 544191.2173081682
1475318.2824998929 6174569.92802883 536435.6151520992
1476236.8524648217 6174599.993136651 533554.7583722058
1477603.4523748504 6174597.511964467 529787.3184327126
1477616.3560863996 6174651.433891287 529122.456686751
1477719.8241086933 6174607.677303372 529344.077913818
1476739.1505835806 6174794.770266231 529898.1281590646
1473270.9310364176 6175537.533613789 530895.4084284527
1469168.401104747 6176486.234050194 531227.8322751707
1465606.4753390432 6177313.343545141 531449.4473639326
1461942.6616377982 6178190.989588465 531338.6399004791
1459035.3569908813 6178897.274866241 531117.024488041
1454175.6412891983 6180014.214318421 531449.4473639326
1451015.6196059089 6180613.784869341 533111.5398701819
1449477.7131281188 6180850.227000131 534551.990490459
1447251.8128218034 6181064.161261681 538097.5976999383
1442677.6926262972 6181940.098262149 540313.5170408376
1437293.7688915478 6182756.38526326 545299.0944352632
1435193.8003746278 6183018.943605946 547847.1487342492
1434450.8011472404 6182757.54883551 552721.4410582933
1431379.0096611623 6183241.156957452 555269.2370453302
1428681.4278431206 6183375.24485006 560696.8513480354
1427221.0580876095 6183450.688575731 563576.6436817741
1426354.5029748455 6183143.428327506 569114.3791662223
1423382.5280303075 6183562.584517939 571993.830602989
1418505.5492196102 6184096.14304876 578306.0611498316
1415957.4713689068 6184378.953216955 581517.3275851173
1413237.2632180708 6184404.487619856 587828.6921878472
1408423.6165476001 6185207.116251515 590928.7989450078
1401068.5156420404 6186314.0872792285 596796.4711752003
1396588.4612379968 6187080.898513681 599342.660907776
1391434.4287330674 6187876.362766304 603106.4165255842
1382878.2298309158 6189686.180517925 604213.3631136676
1375303.6322745846 6191319.568636352 604766.8295077949
1368610.0071539117 6192835.076202188 604434.7502237164
1362806.7453543423 6194276.542354024 602774.3289651489
1356443.2427883097 6195748.493072356 601999.4515658288
1352256.9373351722 6196813.888559151 600449.6698219654
1347076.1562640748 6197995.758087022 599896.1676491059
1342101.8679961863 6199085.494643318 599785.4666661827
1334078.9385443479 6200742.022376727 600560.3697079498
1330545.008773537 6201157.226243625 604102.6692825455
1326487.1561119694 6201767.1685173195 606759.270362348
1321484.986962642 6202192.697879182 613289.6278321526
1314261.8050453942 6203343.164459381 617163.2618310074
1305093.218589043 6204380.515449401 626127.0720107174
1294488.965202779 6206108.575107009 630995.7788697849
1281857.2653500321 6207858.194594286 639515.1187250457
1268781.0618854791 6210178.380511467 643055.284737427
1252409.3923452722 6212937.379647782 648475.7748294902
1236321.2986071673 6215973.879413443 650245.628251416
1221856.0534114833 6218659.734274228 651904.8197843792
1206010.1644799786 6221775.387523986 651683.596825729
1189429.907060381 6225174.461878207 649692.5544976719
1174464.2787606535 6228188.139048393 648033.3035671369
1160293.457891574 6231245.1400046535 644161.5455321667
1145322.373616277 6234242.46691631 641949.0043541034
1130173.4006245127 6237505.647860724 637081.1388091857
1114538.1590682084 6240577.635110614 634536.4230192582
1096854.409144672 6244147.067291808 630221.2366867685
1075295.7655682992 6248051.806516627 628672.124111771
1053177.5864526338 6251973.668120558 627122.9740018955
1031780.8678471632 6255518.235187304 627344.2834549973
1007160.5358309445 6259229.21519671 630331.8861462552
979129.5446792014 6263317.962803765 633872.5672846186
955227.8339114911 6265844.737045603 645267.7867046235
933785.3992738294 6268308.849164315 652679.0938825669
911820.0021441253 6270216.747775401 665287.3210927376
891066.1490761151 6272729.053466196 669710.6388372087
