23.734 299.841
23.688 299.816
23.679 299.765
23.614 299.739
23.585 299.673
23.552 299.629
23.503 299.561
23.495 299.504
23.455 299.456
23.421 299.395
23.367 299.336
23.359 299.255
23.32 299.218
23.289 299.175
23.258 299.12
23.24 299.066
23.218 299.02
23.21 298.961
23.209 298.908
23.211 298.871
23.199 298.835
23.195 298.79
23.194 298.764
23.192 298.737
23.185 298.706
23.188 298.663
23.195 298.643
23.193 298.628
23.197 298.586
23.206 298.553
23.21 298.531
23.225 298.458
23.23 298.415
23.251 298.361
23.28 298.342
23.307 298.273
23.356 298.207
23.398 298.128
23.465 298.053
23.501 297.992
23.502 297.955
23.508 297.9
23.519 297.855
23.513 297.829
23.447 297.802
23.393 297.772
23.359 297.795
23.324 297.838
23.272 297.893
23.232 297.92
23.232 297.951
23.227 297.99
23.23 298.028
23.228 298.037
23.266 298.033
23.284 298.061
23.285 298.066
23.293 298.049
23.318 298.016
23.332 297.994
23.355 297.942
23.392 297.896
23.441 297.863
23.491 297.824
23.511 297.744
23.509 297.639
23.499 297.557
23.46 297.489
23.411 297.423
23.359 297.34
23.315 297.268
23.244 297.245
23.145 297.25
23.074 297.262
23.042 297.304
23.008 297.363
22.961 297.407
22.915 297.435
22.883 297.454
22.832 297.515
22.791 297.576
22.783 297.634
22.787 297.647
22.826 297.633
22.824 297.603
22.838 297.582
22.828 297.572
22.832 297.557
22.832 297.552
22.841 297.524
22.846 297.504
22.857 297.469
22.863 297.441
22.872 297.401
22.881 297.377
22.889 297.346
22.886 297.301
22.901 297.232
22.912 297.181
22.916 297.16
22.891 297.129
22.868 297.072
22.844 297.016
22.839 296.972
22.819 296.949
22.772 296.94
22.701 296.902
22.652 296.839
22.634 296.809
22.593 296.811
22.52 296.8
22.454 296.775
22.404 296.757
22.356 296.753
22.314 296.746
22.278 296.757
22.213 296.784
22.144 296.791
22.102 296.816
22.06 296.859
22.015 296.912
21.969 296.973
21.965 297.053
21.952 297.116
21.965 297.174
21.992 297.243
22.032 297.284
22.115 297.358
22.192 297.453
22.25 297.528
22.305 297.557
22.358 297.571
22.42 297.573
22.468 297.588
22.487 297.584
22.493 297.549
22.504 297.471
22.533 297.391
22.549 297.322
22.549 297.254
22.529 297.171
22.519 297.09
22.525 297.016
22.512 296.985
22.472 296.936
22.425 296.858
22.428 296.779
22.426 296.728
22.415 296.699
22.371 296.658
22.331 296.589
22.314 296.529
22.308 296.501
22.273 296.496
22.214 296.474
22.159 296.446
22.129 296.401
22.108 296.404
22.059 296.417
21.996 296.446
21.931 296.45
21.892 296.458
21.858 296.491
21.813 296.522
21.769 296.544
21.738 296.554
21.729 296.575
21.723 296.597
21.724 296.631
21.714 296.656
21.719 296.672
21.719 296.679
21.769 296.676
21.808 296.66
21.786 296.637
21.743 296.604
21.729 296.598
21.714 296.627
21.726 296.656
21.719 296.653
21.695 296.607
21.658 296.589
21.636 296.605
21.638 296.651
21.655 296.661
21.651 296.636
21.629 296.594
21.608 296.58
21.612 296.601
21.589 296.644
21.606 296.649
21.625 296.617
21.66 296.587
21.688 296.579
21.704 296.574
21.714 296.568
21.735 296.551
21.768 296.555
21.78 296.565
21.803 296.567
21.835 296.57
21.875 296.585
21.904 296.607
21.938 296.625
21.951 296.63
21.998 296.6
22.055 296.59
22.111 296.593
22.157 296.583
22.196 296.551
22.237 296.499
22.292 296.453
22.365 296.382
22.394 296.322
22.418 296.233
22.438 296.15
22.445 296.082
22.443 296.027
22.421 295.975
22.415 295.92
22.393 295.888
22.381 295.839
22.369 295.796
22.378 295.767
22.358 295.755
22.337 295.739
22.314 295.706
22.307 295.681
22.296 295.66
22.29 295.645
22.276 295.625
22.277 295.616
22.273 295.597
22.292 295.587
22.296 295.578
22.305 295.567
22.296 295.543
22.311 295.509
22.335 295.478
22.349 295.463
22.342 295.433
22.35 295.388
22.343 295.338
22.332 295.294
22.301 295.241
22.261 295.19
22.228 295.145
22.175 295.137
22.111 295.115
22.066 295.118
22.01 295.14
21.931 295.198
21.857 295.229
21.824 295.287
21.799 295.335
21.792 295.363
21.804 295.402
21.795 295.433
21.786 295.421
21.829 295.384
21.874 295.373
21.89 295.34
21.894 295.285
21.901 295.244
21.912 295.207
21.915 295.2
21.895 295.183
21.878 295.151
21.891 295.111
21.903 295.098
21.899 295.081
21.893 295.058
21.899 295.026
21.914 295.014
21.898 295.0
21.901 294.961
21.915 294.942
21.921 294.931
21.907 294.904
21.906 294.873
21.904 294.842
21.891 294.824
21.871 294.794
21.873 294.762
21.878 294.757
21.864 294.764
21.841 294.755
21.813 294.741
21.793 294.717
21.79 294.702
21.789 294.696
21.786 294.706
21.773 294.696
21.775 294.679
21.781 294.665
21.79 294.657
21.784 294.66
21.767 294.648
21.774 294.633
21.78 294.622
21.78 294.637
21.762 294.644
21.766 294.627
21.776 294.617
21.803 294.621
21.805 294.643
21.809 294.631
21.836 294.63
21.867 294.643
21.879 294.681
21.876 294.684
21.895 294.661
21.957 294.638
22.01 294.669
22.034 294.666
22.064 294.628
22.107 294.587
22.146 294.541
22.147 294.486
22.137 294.411
22.12 294.33
22.109 294.271
22.077 294.235
22.029 294.197
21.975 294.163
21.928 294.137
21.887 294.146
21.827 294.147
21.777 294.137
21.72 294.139
21.663 294.163
21.596 294.19
21.554 294.22
21.499 294.251
21.466 294.305
21.444 294.34
21.447 294.392
21.422 294.46
21.4 294.493
21.408 294.518
21.427 294.56
21.424 294.598
21.429 294.599
21.46 294.615
21.469 294.631
21.475 294.636
21.477 294.626
21.496 294.613
21.506 294.611
21.491 294.605
21.485 294.576
21.497 294.552
21.488 294.548
21.453 294.526
21.435 294.469
21.453 294.442
21.442 294.455
21.407 294.456
21.36 294.419
21.366 294.379
21.398 294.366
21.401 294.404
21.362 294.401
21.347 294.396
21.351 294.383
21.349 294.399
21.336 294.405
21.322 294.429
21.294 294.435
21.291 294.441
21.286 294.445
21.299 294.467
21.279 294.507
21.251 294.517
21.246 294.506
21.274 294.525
21.263 294.574
21.228 294.584
21.227 294.569
21.251 294.573
21.257 294.621
21.238 294.645
21.231 294.65
21.252 294.658
21.264 294.71
21.243 294.744
21.235 294.748
21.253 294.749
21.277 294.789
21.275 294.836
21.266 294.865
21.277 294.866
21.303 294.889
21.317 294.931
21.304 294.975
21.291 294.993
21.297 295.015
21.306 295.05
21.316 295.094
21.318 295.143
21.31 295.176
21.316 295.192
21.33 295.209
21.35 295.238
21.335 295.284
21.322 295.334
21.323 295.377
21.381 295.392
21.463 295.41
21.518 295.413
21.576 295.408
21.637 295.405
21.71 295.408
21.773 295.415
21.831 295.41
21.897 295.396
21.983 295.378
22.052 295.381
22.118 295.377
22.184 295.363
22.265 295.358
22.335 295.358
22.403 295.345
22.491 295.335
22.567 295.349
22.631 295.355
22.701 295.36
22.777 295.352
22.874 295.345
22.953 295.334
23.023 295.329
23.079 295.302
23.161 295.268
23.228 295.238
23.284 295.222
23.329 295.201
23.375 295.18
23.412 295.15
23.438 295.125
23.477 295.098
23.494 295.096
23.513 295.07
23.529 295.042
23.562 295.013
23.593 295.011
23.608 294.992
23.617 294.967
23.623 294.925
23.626 294.899
23.622 294.874
23.618 294.858
23.611 294.831
23.615 294.797
23.626 294.764
23.628 294.736
23.625 294.709
23.612 294.668
23.598 294.625
23.592 294.59
23.578 294.566
23.558 294.538
23.538 294.498
23.524 294.467
23.498 294.434
23.479 294.393
23.478 294.347
23.477 294.326
23.472 294.313
23.465 294.302
23.465 294.28
23.473 294.264
23.481 294.25
23.497 294.258
23.505 294.25
23.528 294.255
23.539 294.253
23.563 294.248
23.588 294.251
23.617 294.269
23.627 294.281
23.64 294.278
23.666 294.265
23.708 294.257
23.739 294.277
23.751 294.288
23.758 294.281
23.795 294.266
23.834 294.287
23.839 294.342
23.815 294.375
23.829 294.387
23.855 294.413
23.875 294.435
23.883 294.472
23.892 294.482
23.908 294.499
23.924 294.497
23.956 294.509
23.985 294.543
23.997 294.582
24.0 294.599
24.021 294.614
24.041 294.621
24.076 294.66
24.08 294.701
24.081 294.724
24.103 294.737
24.141 294.758
24.164 294.811
24.176 294.856
24.185 294.897
24.208 294.924
24.236 294.977
24.244 295.04
24.234 295.092
24.236 295.137
24.238 295.197
24.248 295.282
24.223 295.376
24.206 295.446
24.196 295.522
24.18 295.605
24.162 295.664
24.174 295.721
24.195 295.791
24.205 295.887
24.187 295.955
24.189 295.984
24.23 296.007
24.268 296.048
24.302 296.071
24.336 296.063
24.402 296.043
24.441 296.018
24.484 295.985
24.506 295.966
24.524 295.938
24.513 295.911
24.517 295.862
24.535 295.84
24.541 295.836
24.529 295.824
24.526 295.791
24.545 295.771
24.556 295.774
24.536 295.787
24.517 295.774
24.53 295.762
24.541 295.776
24.525 295.8
24.488 295.797
24.495 295.785
24.518 295.799
24.524 295.838
24.509 295.841
24.525 295.829
24.556 295.819
24.597 295.834
24.606 295.846
24.632 295.827
24.657 295.803
24.708 295.775
24.741 295.756
24.766 295.736
24.761 295.679
24.785 295.608
24.797 295.567
24.785 295.532
24.759 295.486
24.746 295.431
24.75 295.406
24.726 295.405
24.678 295.405
24.633 295.372
24.628 295.362
24.609 295.394
24.564 295.415
24.52 295.394
24.518 295.373
24.527 295.405
24.507 295.417
24.487 295.4
24.494 295.371
24.505 295.372
24.474 295.359
24.44 295.337
24.411 295.296
24.372 295.296
24.312 295.286
24.237 295.297
24.16 295.289
24.093 295.307
24.02 295.325
23.948 295.35
23.869 295.367
23.797 295.365
23.748 295.377
23.684 295.402
23.616 295.413
23.572 295.39
23.551 295.395
23.527 295.414
23.485 295.433
23.479 295.418
23.474 295.433
23.471 295.455
23.47 295.473
23.471 295.492
23.473 295.507
23.493 295.527
23.505 295.558
23.518 295.583
23.54 295.608
23.57 295.638
23.596 295.665
23.628 295.68
23.667 295.692
23.708 295.698
23.742 295.696
23.783 295.688
23.822 295.687
23.849 295.671
23.888 295.667
23.909 295.661
23.946 295.661
23.965 295.669
23.986 295.673
23.993 295.657
24.03 295.652
24.039 295.654
24.059 295.635
24.076 295.622
24.096 295.611
24.103 295.611
24.106 295.591
24.121 295.576
24.125 295.553
24.135 295.552
24.122 295.536
24.131 295.512
24.134 295.487
24.129 295.477
24.117 295.445
24.125 295.426
24.116 295.411
24.103 295.39
24.101 295.363
24.096 295.348
24.094 295.332
24.079 295.32
24.074 295.291
24.077 295.274
24.089 295.264
24.079 295.266
24.071 295.239
24.065 295.236
24.056 295.214
24.058 295.187
24.081 295.167
24.09 295.18
24.082 295.173
24.084 295.161
24.11 295.142
24.13 295.162
24.115 295.177
24.103 295.158
24.132 295.127
24.159 295.15
24.155 295.169
24.166 295.169
24.183 295.17
24.211 295.175
24.227 295.194
24.259 295.205
24.278 295.238
24.296 295.248
24.329 295.278
24.361 295.29
24.412 295.33
24.438 295.368
24.475 295.392
24.518 295.413
24.549 295.414
24.617 295.431
24.639 295.464
24.656 295.454
24.693 295.434
24.754 295.431
24.78 295.467
24.785 295.463
24.806 295.441
24.838 295.417
24.873 295.418
24.898 295.41
24.916 295.405
24.925 295.384
24.944 295.359
24.962 295.337
24.979 295.322
25.003 295.308
25.022 295.304
25.021 295.279
25.052 295.248
25.085 295.24
25.09 295.24
25.095 295.212
25.118 295.179
25.144 295.159
25.139 295.14
25.154 295.07
25.216 295.049
25.228 295.052
25.228 295.037
25.23 295.002
25.256 294.965
25.297 294.954
25.307 294.967
25.302 294.959
25.317 294.928
25.35 294.909
25.384 294.922
25.383 294.939
25.379 294.927
25.398 294.903
25.426 294.91
25.431 294.931
25.426 294.937
25.425 294.93
25.438 294.919
25.453 294.928
25.468 294.938
25.478 294.958
25.478 294.971
25.488 294.969
25.526 294.989
25.541 295.04
25.539 295.083
25.526 295.099
25.556 295.107
25.582 295.151
25.595 295.217
25.576 295.249
25.599 295.263
25.623 295.298
25.666 295.351
25.684 295.427
25.71 295.502
25.718 295.575
25.739 295.636
25.783 295.699
25.826 295.793
25.868 295.886
25.891 295.969
25.938 296.032
25.982 296.138
26.006 296.261
26.023 296.353
26.039 296.436
26.084 296.516
26.109 296.625
26.116 296.725
26.116 296.806
26.136 296.873
26.158 296.967
26.166 297.078
26.137 297.161
26.129 297.219
26.128 297.281
26.131 297.371
26.084 297.447
26.05 297.493
26.029 297.527
26.018 297.587
25.97 297.65
25.922 297.676
25.882 297.698
25.854 297.723
25.819 297.763
25.777 297.781
25.731 297.802
25.698 297.801
25.664 297.818
25.625 297.83
25.579 297.837
25.546 297.845
25.5 297.855
25.454 297.861
25.41 297.86
25.364 297.865
25.319 297.867
25.261 297.862
25.21 297.862
25.161 297.855
25.112 297.853
25.064 297.842
25.022 297.845
24.969 297.839
24.925 297.827
24.879 297.818
24.842 297.817
24.786 297.805
24.747 297.79
24.703 297.769
24.669 297.757
24.634 297.743
24.594 297.723
24.565 297.711
24.536 297.688
24.512 297.676
24.483 297.658
24.461 297.646
24.426 297.624
24.413 297.599
24.383 297.578
24.36 297.554
24.34 297.52
24.332 297.49
24.314 297.474
24.285 297.454
24.26 297.415
24.25 297.381
24.236 297.361
24.203 297.333
24.189 297.287
24.187 297.246
24.163 297.227
24.14 297.185
24.13 297.15
24.119 297.104
24.112 297.068
24.1 297.024
24.097 296.992
24.071 296.958
24.061 296.912
24.05 296.875
24.042 296.827
24.04 296.781
24.024 296.748
24.005 296.701
23.994 296.639
24.002 296.591
23.986 296.547
23.978 296.497
23.966 296.448
23.966 296.39
23.953 296.335
23.952 296.281
23.939 296.225
23.936 296.168
23.918 296.108
23.918 296.04
23.912 295.966
23.924 295.904
23.92 295.842
23.913 295.776
23.912 295.704
23.914 295.638
23.917 295.572
23.912 295.508
23.918 295.435
23.924 295.386
23.912 295.318
23.917 295.255
23.912 295.193
23.911 295.136
23.901 295.072
23.906 295.015
23.905 294.972
23.894 294.944
23.866 294.894
23.86 294.85
23.86 294.829
23.833 294.822
23.801 294.791
23.772 294.767
23.76 294.734
23.744 294.74
23.697 294.728
23.65 294.709
23.627 294.674
23.613 294.668
23.552 294.669
23.486 294.671
23.417 294.66
23.343 294.651
23.267 294.619
23.2 294.59
23.133 294.556
23.046 294.526
22.952 294.466
22.89 294.39
22.84 294.34
22.797 294.307
22.733 294.279
22.685 294.222
22.665 294.169
22.663 294.127
22.662 294.101
22.666 294.085
22.653 294.068
22.643 294.033
22.643 293.995
22.667 293.969
22.678 293.956
22.686 293.937
22.698 293.898
22.736 293.868
22.781 293.855
22.808 293.849
22.833 293.835
22.863 293.805
22.924 293.79
22.977 293.792
23.013 293.789
23.053 293.77
23.116 293.736
23.191 293.728
23.278 293.722
23.347 293.721
23.425 293.7
23.509 293.705
23.588 293.725
23.654 293.76
23.697 293.8
23.746 293.835
23.804 293.871
23.862 293.92
23.899 293.987
23.91 294.038
23.935 294.065
23.974 294.081
24.012 294.119
24.038 294.167
24.044 294.192
24.07 294.193
24.109 294.198
24.153 294.223
24.175 294.261
24.189 294.277
24.211 294.268
24.275 294.27
24.321 294.304
24.35 294.339
24.363 294.344
24.382 294.334
24.437 294.336
24.469 294.359
24.493 294.372
24.514 294.379
24.539 294.377
24.572 294.375
24.61 294.384
24.644 294.402
24.667 294.412
24.703 294.402
24.749 294.403
24.787 294.436
24.792 294.445
24.824 294.423
24.872 294.412
24.925 294.427
24.959 294.439
24.996 294.43
25.043 294.429
25.092 294.439
25.139 294.454
25.172 294.46
25.209 294.455
25.249 294.456
25.289 294.461
25.326 294.472
25.354 294.471
25.388 294.469
25.439 294.464
25.472 294.477
25.509 294.466
25.553 294.467
25.604 294.462
25.649 294.459
25.718 294.464
25.755 294.482
25.806 294.473
25.869 294.48
25.928 294.497
25.968 294.535
26.006 294.544
26.066 294.571
26.103 294.616
26.131 294.664
26.159 294.703
26.191 294.747
26.222 294.802
26.251 294.857
26.267 294.92
26.291 294.971
26.319 295.04
26.356 295.096
26.395 295.17
26.448 295.234
26.537 295.308
26.716 295.41
26.887 295.678
26.889 295.954
26.818 296.084
26.842 296.079
26.98 296.153
27.054 296.341
27.034 296.469
27.056 296.511
27.144 296.566
27.226 296.701
27.223 296.839
27.23 296.906
27.277 296.963
27.334 297.066
27.349 297.173
27.352 297.256
27.372 297.318
27.403 297.386
27.428 297.483
27.424 297.56
27.441 297.62
27.465 297.657
27.498 297.724
27.504 297.781
27.509 297.816
27.526 297.836
27.557 297.862
27.574 297.901
27.573 297.926
27.571 297.915
27.605 297.908
27.625 297.921
27.614 297.923
27.621 297.893
27.639 297.888
27.652 297.914
27.643 297.917
27.664 297.916
27.674 297.912
27.697 297.92
27.691 297.928
27.695 297.923
27.685 297.899
27.71 297.906
27.697 297.938
27.681 297.939
27.679 297.923
27.71 297.929
27.691 297.961
27.664 297.951
27.653 297.956
27.651 297.97
27.637 298.023
27.621 298.045
27.624 298.077
27.609 298.118
27.595 298.145
27.586 298.174
27.595 298.22
27.574 298.275
27.557 298.323
27.545 298.347
27.558 298.408
27.513 298.461
27.463 298.464
27.462 298.445
27.475 298.491
27.434 298.543
27.382 298.547
27.377 298.529
27.398 298.571
27.364 298.627
27.322 298.624
27.312 298.601
27.337 298.629
27.304 298.673
27.262 298.663
27.265 298.629
27.288 298.669
27.242 298.716
27.21 298.684
27.225 298.675
27.242 298.703
27.205 298.737
27.185 298.699
27.196 298.677
27.203 298.69
27.163 298.712
27.135 298.688
27.138 298.663
27.134 298.672
27.109 298.68
27.066 298.678
27.041 298.671
27.011 298.668
26.995 298.678
26.965 298.711
26.921 298.723
26.9 298.713
26.9 298.738
26.88 298.797
26.832 298.823
26.822 298.821
26.841 298.845
26.834 298.886
26.8 298.898
26.795 298.867
26.815 298.862
26.804 298.894
26.774 298.899
26.761 298.868
26.776 298.873
26.764 298.913
26.736 298.929
26.703 298.9
26.728 298.888
26.711 298.916
26.677 298.904
26.649 298.866
26.645 298.841
26.622 298.837
26.603 298.803
26.58 298.79
26.554 298.776
26.506 298.753
26.496 298.707
26.471 298.705
26.422 298.687
26.369 298.643
26.366 298.592
26.337 298.581
26.282 298.551
26.24 298.489
26.228 298.439
26.185 298.415
26.121 298.371
26.082 298.295
26.055 298.244
26.004 298.193
25.941 298.132
25.906 298.051
25.879 297.991
25.827 297.932
25.782 297.854
25.761 297.777
25.712 297.704
25.661 297.624
25.615 297.522
25.593 297.451
25.545 297.383
25.493 297.293
25.467 297.184
25.456 297.125
25.398 297.099
25.343 297.041
25.314 296.94
25.316 296.892
25.26 296.88
25.203 296.803
25.201 296.714
25.201 296.696
25.158 296.663
25.115 296.589
25.098 296.538
25.108 296.524
25.08 296.492
25.031 296.443
25.023 296.412
25.03 296.408
25.02 296.389
24.981 296.34
24.96 296.303
24.95 296.273
24.935 296.28
24.895 296.269
24.893 296.247
24.895 296.24
24.901 296.238
24.894 296.244
24.899 296.237
24.909 296.231
24.915 296.245
24.908 296.259
24.917 296.264
24.915 296.255
24.925 296.25
24.93 296.266
24.917 296.278
24.9 296.264
24.918 296.233
24.948 296.237
24.924 296.242
24.886 296.213
24.879 296.159
24.912 296.173
24.899 296.227
24.845 296.263
24.797 296.249
24.848 296.261
24.856 296.326
24.829 296.372
24.788 296.354
24.815 296.321
24.837 296.334
24.846 296.369
24.798 296.344
24.796 296.289
24.796 296.265
24.802 296.305
24.761 296.361
24.744 296.356
24.758 296.334
24.766 296.337
24.75 296.371
24.738 296.403
24.75 296.405
24.765 296.394
24.766 296.4
24.768 296.432
24.785 296.442
24.803 296.442
24.82 296.423
24.839 296.405
24.847 296.382
24.835 296.358
24.811 296.317
24.799 296.301
24.787 296.305
24.775 296.336
24.749 296.327
24.756 296.332
24.78 296.348
24.781 296.398
24.764 296.398
24.789 296.396
24.835 296.421
24.863 296.456
24.88 296.434
24.946 296.405
25.021 296.394
25.091 296.399
25.103 296.412
25.108 296.392
25.13 296.334
25.211 296.306
25.249 296.323
25.252 296.327
25.238 296.262
25.291 296.179
25.345 296.164
25.359 296.155
25.352 296.099
25.368 296.004
25.417 295.913
25.435 295.864
25.424 295.818
25.396 295.727
25.411 295.63
25.422 295.564
25.418 295.514
25.408 295.448
25.405 295.357
25.411 295.28
25.423 295.202
25.419 295.137
25.391 295.059
25.354 295.003
25.341 294.933
25.35 294.876
25.346 294.816
25.309 294.745
25.277 294.655
25.262 294.55
25.249 294.493
25.193 294.436
25.12 294.358
25.082 294.254
25.062 294.198
25.025 294.159
24.965 294.121
24.908 294.077
24.863 294.017
24.842 293.981
24.819 293.98
24.753 293.968
24.704 293.919
24.69 293.883
24.672 293.893
24.62 293.88
24.6 293.866
24.566 293.842
24.549 293.801
24.551 293.782
24.539 293.786
24.489 293.758
24.464 293.688
24.473 293.655
24.449 293.654
24.395 293.631
24.377 293.558
24.394 293.52
24.408 293.521
24.366 293.503
24.344 293.442
24.325 293.398
24.321 293.374
24.287 293.351
24.291 293.329
24.253 293.321
24.239 293.301
24.208 293.287
24.208 293.276
24.166 293.296
24.129 293.3
24.089 293.293
24.077 293.302
24.064 293.343
24.046 293.393
24.006 293.438
23.951 293.478
23.94 293.493
23.918 293.536
23.895 293.567
23.858 293.586
23.879 293.589
23.892 293.644
23.872 293.702
23.845 293.761
23.815 293.822
23.811 293.887
23.809 293.985
23.768 294.086
23.72 294.159
23.685 294.203
23.69 294.254
23.687 294.343
23.659 294.435
23.606 294.492
23.586 294.544
23.563 294.617
23.518 294.682
23.47 294.738
23.447 294.767
23.423 294.804
23.417 294.844
23.393 294.909
23.348 294.927
23.329 294.935
23.323 294.962
23.306 295.034
23.235 295.078
23.176 295.072
23.145 295.048
23.128 295.041
23.067 295.038
23.03 295.001
22.99 294.994
22.962 294.98
22.896 294.981
22.854 294.945
22.812 294.918
22.729 294.909
22.641 294.932
22.553 294.899
22.491 294.864
22.428 294.831
22.357 294.801
22.276 294.791
22.22 294.768
22.159 294.746
22.109 294.711
22.065 294.685
22.015 294.668
21.953 294.642
21.903 294.597
21.868 294.563
21.829 294.564
21.758 294.56
21.682 294.547
21.637 294.506
21.604 294.484
21.567 294.477
21.531 294.453
21.508 294.438
21.486 294.426
21.461 294.411
21.442 294.402
21.433 294.403
21.421 294.409
21.408 294.412
21.395 294.41
21.388 294.418
21.37 294.407
21.369 294.4
21.37 294.39
21.389 294.373
21.364 294.357
21.341 294.35
21.324 294.331
21.333 294.341
21.334 294.343
21.31 294.32
21.27 294.293
21.237 294.278
21.239 294.258
21.225 294.259
21.229 294.303
21.243 294.341
21.229 294.354
21.228 294.356
21.243 294.369
21.268 294.381
21.271 294.362
21.29 294.286
21.313 294.204
21.29 294.123
21.231 294.076
21.161 294.07
21.108 294.076
21.11 294.122
21.117 294.151
21.116 294.137
21.1 294.105
21.087 294.064
21.087 294.065
21.072 294.08
21.053 294.072
21.067 294.093
21.031 294.095
21.036 294.089
21.056 294.07
21.053 294.013
21.045 293.953
21.02 293.892
21.016 293.822
20.998 293.747
20.995 293.688
21.012 293.644
21.084 293.624
21.143 293.618
21.165 293.595
21.209 293.525
21.26 293.444
21.279 293.328
21.292 293.233
21.319 293.165
21.361 293.11
21.367 293.045
21.373 292.966
21.391 292.863
21.418 292.751
21.415 292.638
21.464 292.507
21.516 292.393
21.554 292.28
21.54 292.169
21.558 292.103
21.56 292.031
21.593 291.963