1744193.2843394976 -5334789.507231689 3014540.047900454
1748914.3789294243 -5331581.701029319 3017478.427499228
1753826.9594358795 -5328026.089305184 3020905.491411343
1755284.3159825774 -5325879.932913669 3023842.0775981448
1757645.9448694037 -5323043.413187106 3027462.725420333
1760850.9031043695 -5322763.085454303 3026092.898964194
1758863.1561650038 -5323920.786209092 3025212.200830886
1760266.272300395 -5324735.6086389655 3022961.18875084
1766432.4250402248 -5324360.091963419 3020024.3540199823
1774446.0141790728 -5322083.662096526 3019338.9734193864
1778915.1247006336 -5319702.246467571 3020905.491411343
1777393.7884232407 -5317930.017794032 3024918.6181977945
1774195.7155795593 -5315766.751443692 3030593.078436119
1772993.5554006118 -5314326.810891668 3033820.26487165
1768349.3369810518 -5314925.065458765 3035482.3621554477
1764155.8421203145 -5314084.1803349005 3039392.1249202313
1763067.1212040528 -5311424.70275543 3044667.9544884115
1763730.2862290884 -5306606.876841441 3052674.226329659
1766179.3274198242 -5302532.248548799 3058333.424676727
1767431.6649886712 -5301045.573065822 3060186.6187987016
1768345.816737546 -5299163.457595022 3062917.028278172
1772614.4482362564 -5294407.969723736 3068667.995732002
1776822.2217488694 -5289491.020143201 3074707.878827492
1780766.4874106431 -5286861.582896947 3076947.5654621664
1781645.8245221986 -5287641.722149064 3075097.4251478743
1780083.5443292453 -5287884.696301755 3075584.3369717454
1782302.8716374696 -5285323.421873917 3078700.0178555585
1786573.8606066843 -5284278.255273112 3078018.544688235
1788203.0494266688 -5285144.448375582 3075584.3369717454
1785931.162501935 -5286025.902742263 3075389.575052619
1785865.6538252553 -5284007.209879661 3078894.716034808
1785221.4533065723 -5283317.1221511895 3080452.166393441
1782539.015062174 -5282065.270732437 3084150.1480154046
1785149.8476593534 -5277030.6279148385 3091250.357614294
1794335.6000706216 -5272032.6246133335 3094458.395152833
1800060.1344856732 -5271050.767185621 3092805.8978842003
1801955.6481869938 -5271486.6367118135 3090958.6669730414
1803581.361374549 -5270531.465255064 3091639.2652860787
1805867.8960154462 -5269406.185066621 3092222.5985401478
1808994.0358221373 -5267135.074211955 3094263.9978460404
1814205.7002827039 -5264656.663008648 3095430.325124502
1819085.5933493606 -5262114.883912161 3096888.0432748795
1824269.742956587 -5259862.159442951 3097665.4061717596
1829978.1631885949 -5257936.089978443 3097568.239111949
1834735.7924912244 -5257708.783553746 3095138.756032335
1836038.2489368662 -5257311.314994809 3095041.56444924
1837730.6418561875 -5256262.110035273 3095819.0707130115
1838497.1912340317 -5254333.227532207 3098637.0248668287
1839300.4325227006 -5252217.56369498 3101745.570245208
1838637.7424995403 -5247682.562610198 3109803.848144294
1839332.4946578627 -5240870.378264169 3120861.203630957
1841878.2647526027 -5232628.684249727 3133164.935109372
1852375.24381995 -5225728.330202049 3138488.549446483
1859894.4078291627 -5225787.716871817 3133939.458559698
1867899.0695525473 -5222583.315329857 3134520.3110528607
1881438.8791191536 -5217895.336857062 3134229.8891026136
1892678.0014638938 -5214527.319627898 3133068.1153828967
1900935.0193417943 -5215128.124939124 3127063.429594761
1904303.9010883158 -5216163.545547139 3123284.4120260524
1910723.652617361 -5215092.155586186 3121152.0200195294
1920505.1096537008 -5215846.855001076 3113879.0453338753
1924936.6113988683 -5218610.455256416 3106503.65497687
1927048.0089783755 -5219564.258327395 3103590.81134799
1930798.4342695044 -5217947.037473235 3103979.239677146
1934989.7806606612 -5218357.688561472 3100677.1168520874
1935307.9261619078 -5220892.7859747745 3096207.8012128742
1934567.7587840296 -5223931.1254018145 3091542.0397807094
1934908.5810824153 -5223171.8416612325 3092611.46853769
1938900.3288684732 -5221633.797250791 3092708.6836819923
1940688.1980308013 -5221142.32683328 3092417.035422927
1942837.4019298763 -5220227.785674828 3092611.46853769
1946924.3517952885 -5219223.318245587 3091736.4898496806
1949704.5688841045 -5219164.376017088 3090083.544208248
1951928.384013322 -5218448.252826353 3089889.0621277527
1953393.980698401 -5217093.461183224 3091250.357614294
1955841.0836474996 -5213927.921428161 3095041.56444924
1958089.605366871 -5209965.157468796 3100288.560007819
1960413.1883283213 -5206487.675729315 3104658.952849274
1964868.918184248 -5202895.408402061 3107862.6905933633
1968842.753668817 -5200232.613777265 3109803.848144294
1972359.9663822 -5199654.116782293 3108542.1388235614
1975555.4901133154 -5200413.114636674 3105241.527256459
1976531.8311673286 -5200795.689126387 3103979.239677146
1974573.1747354334 -5201655.532739656 3103785.0274035023
1971522.8610098523 -5201827.337808967 3105435.7111585503
1967149.1455686782 -5202613.528516308 3106891.9697967474
1960275.138114348 -5203642.297444196 3109512.6986620356
1954983.7296419898 -5203079.957819561 3113782.036265784
1954782.4430295213 -5200890.022309121 3117564.686781812
1957184.5260166244 -5199288.758299732 3118728.2887323024
1958827.4736253384 -5196225.286289846 3122799.8179026125
1962497.5109824971 -5193324.837716606 3125319.447567447
1966383.7406359448 -5194011.46955192 3121733.6271254313
1964065.6677092214 -5196926.012010232 3118340.436613255
1960354.8996109513 -5197803.325780815 3119213.082505463
1959217.2093425298 -5197533.98096596 3120376.4906370225
1957207.3795996043 -5198523.902567686 3119988.703132319
1951509.252461258 -5200723.803628614 3119891.753880062
1942421.676318348 -5202438.433396659 3122702.8962240294
1935510.3177145303 -5201929.213563572 3127838.433662212
1933042.9585973585 -5200573.910307005 3131615.7049758313
1931811.5943891513 -5200039.975370142 3133261.7538814307
1930581.2640590782 -5198395.6937925005 3136746.5937852915
1932138.01208508 -5195362.548013108 3140810.6751217367
1935859.0740627216 -5193157.979117875 3142164.993964093
1937066.8370216296 -5193351.344920951 3141100.9020913
1935365.1186467484 -5196266.005046007 3137327.2800791212
1934567.9573840296 -5197731.024311612 3135391.525339624
1934302.2491659003 -5201737.766232636 3128903.964684893
1927303.1575702222 -5206546.604789598 3125222.550631198
1919799.9011345848 -5209724.810198377 3124544.2454231833
1916742.5138353277 -5210676.12214337 3124834.953366523
1912340.3835871818 -5214151.361302809 3121733.6271254313
1906319.0355111426 -5216877.809812973 3120861.203630957
1899916.8137915796 -5220545.541045595 3118631.3271274953
1894750.796747275 -5221090.476700888 3120861.203630957
1879555.7035711322 -5224958.334305089 3123575.15708347
1881393.0370916543 -5223195.757335077 3125416.3435516697
1886028.9423746858 -5222625.208319663 3123575.15708347
1889141.2516151678 -5224107.203855281 3119213.082505463
1885323.687562934 -5228955.292692707 3113393.9905085946
1877854.5035781895 -5230545.042766684 3115237.072676811
1876608.4057305783 -5228795.859963847 3118922.20909183
1878927.3288689465 -5228367.885592397 3118243.4712086674
1881342.992317432 -5229926.800636279 3114170.0668467786
1879629.2115054547 -5231755.427625239 3112132.737009982
1878277.828386198 -5232298.4560939185 3112035.7108731926
1878643.971755536 -5232744.0144407805 3111065.3973712567
1878992.120403335 -5233426.528964804 3109706.7992641362
1879467.1603422365 -5233313.6156170955 3109609.749436707
1879704.8716385507 -5233401.233887801 3109318.594271089
1881038.644285088 -5233094.978557184 3109027.4305810975
1882847.892965856 -5232963.234931684 3108153.888372866
1880238.1475611567 -5237759.296251629 3101648.4428421976
1874378.0369979795 -5244739.408085445 3093389.163311842
1867127.237577512 -5251331.8920147065 3086582.2909174813
1858423.80192023 -5256188.786586907 3083566.3463292657
1848219.5828329974 -5259728.4980997965 3083663.6489587314
1837720.2370436667 -5264488.887679809 3081814.7384059248
1828085.559794584 -5269378.815959734 3079186.756269471
1820125.9027285152 -5274065.473820534 3075876.4728237865
1812955.6811638938 -5274773.931241841 3078894.716034808
1813229.7835019666 -5271380.83159852 3084539.3303501755
1821715.9261592557 -5270617.401113127 3080841.4914534683
1826178.512459825 -5276965.16353566 3067303.653611929
1824318.4156887194 -5282924.688112087 3058138.3320436655
1825045.8534685078 -5286227.342825194 3051991.0079658963
1829018.8535545322 -5288457.686139303 3045742.3290974875
1829015.65872181 -5292335.432842079 3039001.2152736424
1828778.6852402044 -5294043.957779478 3036166.67749149
1832618.5662615998 -5292884.172090912 3035873.4050389486
1839069.2886847244 -5293280.698465634 3031277.717179314
1842917.942716981 -5296306.007174768 3023646.330968005
1842339.7775949237 -5298517.402759061 3020122.261854784
1843050.7953437048 -5297879.412021279 3020807.590937231
1846807.008487717 -5297352.711934338 3019436.887693226
1851072.4913391238 -5297983.735454762 3015715.498959471
1851234.6241731595 -5299041.808382804 3013756.340395414
1852003.2223248906 -5298271.675745162 3014638.007206631
1854476.8427257792 -5297629.3471474135 3014246.1644723536
1857447.3062969812 -5296923.0423168475 3013658.3728257786
1859371.1814366747 -5296192.267126376 3013756.340395414
1863285.6894929425 -5294035.497569709 3015127.7899622503
1871142.111347414 -5290984.690276829 3015617.5497563593
1877477.721365433 -5289800.669827068 3013756.340395414
1877552.450659399 -5289718.330016929 3013854.3070470067
1879734.5495530188 -5286205.61290088 3018653.5477513717
1881667.4678551748 -5281710.6681539975 3025310.059865558
1880798.8745942106 -5276068.2680510655 3035677.885446639
1882650.2946233118 -5268756.695963749 3047207.204456554
1889887.2944760798 -5264638.821603293 3049843.453727646
1893934.892696774 -5265219.414674459 3046328.304296963
1894959.9378140648 -5265472.055275256 3045253.9909168654
1895151.9130827861 -5266871.0034238305 3042714.258623689
1895533.52560698 -5267354.401649221 3041639.567852599
1893137.9741504302 -5271090.334132977 3036655.446414609
1886028.934058417 -5274144.678413537 3035775.645705169
1879540.0407913593 -5275447.877927014 3037535.1721975794
1873535.3770470545 -5276063.764787786 3040173.8997706175
1866305.4367302798 -5276429.20808845 3043984.203122954
1856652.6023947953 -5278425.045639184 3046425.963582506
1849884.8234158552 -5278602.085843231 3050233.9515891545
1843868.6083415567 -5278844.776077409 3053454.9915223587
1838432.2763094362 -5279555.070837436 3055504.216887685
1834357.2145874416 -5277638.268969926 3061259.3668611497
1830752.251903835 -5276173.277418936 3065939.1283584475
1828672.991834804 -5273152.464415764 3072370.2862708294
1828261.677682961 -5269886.468276747 3078213.255996005
1825560.7185509135 -5266553.275205754 3085512.220410645
1823345.894344997 -5262241.212363669 3094166.7977787796
1823358.195188101 -5259605.924417231 3098637.0248668287
1817721.0323157636 -5264415.353020671 3093777.98808466
1809143.3460354274 -5268168.39447277 3092417.035422927
1801243.2876496566 -5270304.270438464 3093389.163311842
1794721.0578173667 -5271958.4698012145 3094361.1969707347
1787267.2403541864 -5275402.211165462 3092805.8978842003
1779047.4141572344 -5278407.731239273 3092417.035422927
1771759.9639628336 -5278693.650781954 3096110.620002573
1769235.847856536 -5276973.722840352 3100482.8403188754
1771532.2161287586 -5276488.641698026 3099997.1324582943
1769913.8562997633 -5277773.433314506 3098734.18154538
1767062.1361130036 -5275989.196626032 3103396.591510847
1768433.154900729 -5272442.271534073 3108639.199069019
1771348.5758436548 -5271062.805751485 3109318.594271089
1764332.9463706813 -5271812.211052375 3112035.7108731926
1761561.1348217833 -5272395.420160112 3112617.8534731916
1753512.648058135 -5275249.412825076 3112326.786439502
1743965.2609607845 -5276352.713443628 3115819.027462612
1735424.5688038121 -5277392.5029106615 3118825.24938709
1730086.495355183 -5278228.137857382 3120376.4906370225
1726670.0987404832 -5279633.208300242 3119891.753880062
1721006.583915844 -5281653.865997822 3119600.900421169
1715877.1915012097 -5283436.994366369 3119406.993363768
1711190.4009374327 -5285014.02987882 3119310.0384097137
1710359.4159308306 -5287170.338264969 3116109.9920426183
1706914.9554172107 -5291024.403631497 3111453.5341459033
1696914.1424676715 -5296064.199731778 3108348.015491928
1685629.2195725192 -5300292.865593453 3107280.269474011
1678666.8139207514 -5301136.2870661365 3109609.749436707
1678191.4538339511 -5299635.126392283 3112423.809732174
1679498.2530075822 -5299904.82396405 3111259.4676540676
1680339.07035506 -5301915.471119382 3107377.342027071
1677895.325894809 -5305133.677792476 3103202.367892309
1677040.283399133 -5305006.370025489 3103882.134013072
1678734.0751635213 -5305209.143965662 3102619.674350694
1680874.6533118624 -5305212.845583882 3101454.185201758
1682747.0991668815 -5303085.257508926 3104076.3443956943
1687711.276683627 -5298833.265594083 3108639.199069019
1694072.3012705871 -5293553.138755037 3114170.0668467786
1703290.0597984963 -5287050.644965225 3120182.598785595
1708993.4998005624 -5283262.806547336 3123478.243015786
1710971.148093039 -5281820.2586430395 3124834.953366523
1712461.3004359982 -5280132.892955761 3126869.6690517287
1710182.7520567123 -5281272.839266025 3126191.477148946
1705975.6574700286 -5282748.000716392 3125997.699462791
1701877.246922947 -5282349.365214793 3128903.964684893
1700804.658332073 -5279651.614872889 3134036.2696953616
1704848.181952674 -5276737.105718744 3136746.5937852915
1709018.0081329995 -5275790.855855973 3136069.082967339
1711158.48268848 -5274233.656181863 3137520.834531903
1711382.0382308643 -5273354.950377882 3138875.608644894
1711247.5409018209 -5270747.239650975 3143325.689372499
1715094.8251769873 -5267880.439054888 3146033.4423642093
1720372.4265298569 -5266910.036241896 3144776.3647309104
1725433.9281572378 -5264965.249310643 3145259.875290941
1731205.8638676938 -5262087.493358897 3146903.632008136
1737415.3601439989 -5259924.843396769 3147096.996940701
1742539.253541797 -5259097.355958096 3145646.666493325
1745318.6265188074 -5260719.125774388 3141391.1204493567
1745216.0195456056 -5265944.63336685 3132680.82693342
1741134.834298191 -5271494.265137929 3125610.1326639163
1736424.6633412705 -5276089.075171554 3120473.4351369697
1731198.893421674 -5279753.806483678 3117176.789073197
1726887.2819747648 -5282481.634482256 3114946.0824726135
1721566.340318822 -5286503.800165142 3111065.3973712567
1716204.7232300052 -5289787.476573464 3108445.077631188
1713911.4392013638 -5291842.12247591 3106212.4089257587
1715186.8476437947 -5291998.690010393 3105241.527256459
1719384.2839557978 -5291092.25740888 3104464.753814031
1721003.511606861 -5291989.672497231 3102036.946785047
1717847.927804894 -5296426.790643384 3096207.8012128742
1718656.821064381 -5298605.628108852 3092028.1578895873
1722891.2725507815 -5301254.782688365 3085123.075663607
1726898.7930464663 -5306338.292381524 3074123.5312492223
1728254.956748458 -5312711.032368757 3062332.0020895335
1729097.3039262958 -5317824.356521058 3052967.020251972
1732325.4070834187 -5320803.836668811 3045937.657875441
1735088.7208024191 -5323924.655408915 3038903.485547589
1734815.9895502469 -5327190.191024649 3033331.361894306
1735833.1419658947 -5327471.230258646 3032255.6940369033
1739574.0283356993 -5326640.568381297 3031571.1199334366
1746795.2293572156 -5323552.778568421 3032842.4358168235
1754206.7644448534 -5320111.608581325 3034602.461577817
1764415.7081263443 -5314556.761583619 3038414.8230323736
1775382.6610027312 -5310679.522530315 3038805.754895833
1782274.4575159668 -5311556.53421709 3033233.578526702
1786546.9295313577 -5313524.752439064 3027267.0469913064
1788932.1280229874 -5314783.693298427 3023646.330968005
1792110.86803542 -5314714.859190515 3021884.4455354135
1793999.6824736663 -5314801.084719995 3020611.7872284665
1793645.3231906875 -5313139.226377901 3023744.204743617
1796295.3289428647 -5308451.311951068 3030397.459057645
1804438.862262421 -5301717.555285217 3037339.68405538
1813212.4923540596 -5297770.575547463 3039001.2152736424
1816791.8642655034 -5295253.950722608 3041248.7434103913
1818613.8379798143 -5292438.24069203 3045058.649150946
1822879.2660437706 -5289227.140010677 3048086.0294293193
1829035.0263611018 -5287608.166785085 3047207.204456554
1835776.7785856961 -5287971.591561474 3042518.868642286
1840753.8672638205 -5291574.459293887 3033233.578526702
1845482.3601182876 -5294742.227505202 3024820.755477172
1849263.2498410172 -5297555.97883823 3017576.3592430884
1852008.7791200478 -5301554.961601992 3008856.8379329005
1849030.8987034154 -5308201.907715296 2998952.85767678
1846097.2995429602 -5311714.673796671 2994537.190417462
1846989.7066713672 -5312787.20511296 2992083.2436010255
1848615.645982292 -5315370.342219573 2986486.1155682686
1846674.588594916 -5317864.9175042175 2983244.3217101176
1844024.3977408318 -5318619.147057158 2983539.0711525055
1844997.1601845848 -5316627.423510958 2986486.1155682686
1849116.528661244 -5315913.403526001 2985209.163466507
1848027.4763914251 -5316071.445868335 2985602.0881768037
1843712.7971989065 -5316521.173350694 2987468.2817996135
1840240.9017095712 -5316399.179788382 2989825.109403653
1840365.5986534294 -5315858.954997263 2990708.784530585
1843021.7565853929 -5314828.144713073 2990905.1467605405
1847129.9349130583 -5313788.585864518 2990217.8630133355
1848655.0327637747 -5313092.418140134 2990512.418656542
1850358.2235151923 -5311117.170348045 2992966.7301030713
1847047.9452043888 -5309667.906042757 2997579.292638607
1835630.1711076342 -5312075.423646566 3000326.24366243
1827758.6886090562 -5313015.973891217 3003464.738829286
1825542.2637713167 -5317432.085490203 2996990.5671162866
1821409.422358509 -5325360.265239927 2985405.6276404685
1816091.7076619968 -5331683.887896921 2977347.616403182
1809691.9049188744 -5336381.744375099 2972824.597511812
1808013.4835976793 -5341545.739736576 2964560.229347858
1806776.6570731525 -5347416.937111861 2954713.3891707268
1801601.7575596594 -5352424.216047633 2948800.962870302
1800834.9686346268 -5354473.164604731 2945547.7496164497
1802104.798359005 -5356701.608524082 2940715.4185617752
1797931.70297547 -5360700.164721672 2935979.6210785867
1790272.5145714888 -5364558.893429114 2933610.949410382
1781084.896168234 -5366644.930403899 2935387.5014402308
1781568.7753500515 -5368102.922531964 2932426.4205264403
1784090.5474609905 -5369744.320391309 2927884.5353062707
1784174.5665048424 -5374071.973284001 2919882.282250546
1785484.9509717685 -5377391.241493537 2912962.053608311
1788872.686469954 -5379744.035424974 2906532.2335923244
1794434.8283587587 -5378907.060771881 2904652.040839226
1803147.9184339263 -5377809.418013972 2901286.688310485
1805183.6394441398 -5379208.156849678 2897425.173005354
1804529.0245606618 -5379747.791905847 2896830.974531015
1804341.3904404473 -5377943.128188091 2900296.684257996
1808309.4133187921 -5376076.042796924 2901286.688310485
1810427.142523071 -5377712.439303669 2896930.00981631
1809818.493178519 -5378077.338304 2896632.901313178
1807888.6710678954 -5376377.808019222 2900989.6963730818
1810816.7666379532 -5374216.443388637 2903167.4525032225
1813964.3763927831 -5375185.70641549 2899405.6050722804
1811251.2900639435 -5378608.206592656 2894751.0297460533
1803206.8146479765 -5379230.995999651 2898613.4746260503
1805974.798733599 -5374722.574159127 2905245.8204364455
1812838.3531211747 -5374016.060584093 2902276.603984728
1816412.6904450818 -5373771.159890731 2900494.6921373056
1819626.3390377872 -5372149.257663417 2901484.678516558
1827601.964440451 -5368852.6502365675 2902573.5614487343
1833794.3911366225 -5367382.997751757 2901385.683855428
1842372.4579960003 -5364016.2014028765 2902177.616395184
1847807.0507938818 -5361557.062291699 2903266.4312505694
1851158.2526856442 -5359435.682706896 2905047.8974436717
1850139.282725476 -5358607.027329119 2907224.855626932
1849043.324202901 -5357857.685096328 2909302.461325551
1846836.0270683118 -5357221.889202776 2911874.193533981
1844900.5719672206 -5354337.103844818 2918399.7426579036
1845585.7180596145 -5349352.525402417 2927094.449495123
1847561.4155729974 -5343581.5231541125 2936374.349617548
1847463.3466870962 -5339978.071847647 2942983.923645184
1842965.0029289348 -5338432.0238914825 2948603.826265755
1841627.6199887746 -5334859.940639628 2955895.485813567
1843323.3408813255 -5331324.015812122 2961213.3154143123
1845141.616175099 -5328451.0670750085 2965249.1703136773
1849190.200070623 -5326609.073299629 2966036.4772208775
1850601.6297357022 -5326173.672593166 2965938.0670194356
1852651.7726013034 -5323980.388115243 2968594.825239967
1854327.354681632 -5324603.597466141 2966430.108991285
1850982.4488657396 -5326370.120750167 2965347.586838825
1846975.789884765 -5327432.10319799 2965938.0670194356
1844666.668646934 -5326478.1780453 2969086.745177757
1843644.4661909 -5327435.163460619 2968004.4914735216
1839789.3386511612 -5329534.774269829 2966626.91945485
1834647.5947112946 -5330923.613774684 2967315.7276096395
1829091.1528123878 -5332011.160401846 2968791.59592815
1825893.1830386634 -5332997.579645968 2968988.36299895
1822619.46314081 -5336196.833938414 2965249.1703136773
1817729.7212638902 -5338629.684538888 2963871.244132261
1811908.349070673 -5340772.108597474 2963575.9512108457
1805423.6864283257 -5341875.38437774 2965544.417179201
1800426.0397676912 -5343070.230101452 2966430.108991285
1795696.0280536884 -5343514.355666214 2968496.4385394324
1789122.6947828105 -5344024.2626177 2971546.0056284578
1782589.0121806758 -5343087.99452582 2977151.0032927073
1778552.69890064 -5341857.005743122 2981770.4518333343
1772815.3152028106 -5343599.325330799 2982065.24216131
1758854.6634520432 -5346127.41347224 2985798.5450752727
1748714.2094008683 -5348301.181181088 2987861.122812851
1744266.8723243517 -5351452.717330547 2984816.224206663
1741493.0335391827 -5355311.611121807 2979510.121130393
1738841.5496495583 -5357648.641249269 2976856.076825379
1742248.2858679446 -5357634.107673703 2974889.691851046
1748067.5989003442 -5359938.249864009 2967315.7276096395
1751934.1812798418 -5362267.762685727 2960819.4922562805
1751585.1113136278 -5365640.226609027 2954910.414279839
1747031.1523499594 -5370429.658390049 2948899.5298252064
1745404.1251366525 -5373716.237882873 2943871.4704738557
1744731.6985805365 -5378034.76921416 2936374.349617548
1744099.4276123822 -5381845.415277533 2929760.760311047
1742522.0427735029 -5385309.60907291 2924328.6998686437
1740751.9168936545 -5389471.664922276 2917707.8223891756
1740341.6402987188 -5392384.3030179385 2912566.4805473736
1739255.4042990326 -5394816.41728488 2908708.8995652585
1738246.5901317848 -5396847.359368229 2905542.6982881185
1736686.3681127655 -5399106.590240108 2902276.603984728
1733694.4962103486 -5401769.518873992 2899108.5627781856
1728510.165178346 -5403111.900731871 2899702.6394174895
1724733.727401463 -5402351.698170611 2903365.4091135305
1723621.3483014593 -5402121.507952746 2904454.107228037
1722228.0400468062 -5401661.098936127 2906136.430093518
1720999.5775420773 -5399761.860947024 2910390.575019428
1721408.6129236228 -5396162.08864013 2916818.146624049
1720869.1394791144 -5393820.704260818 2921463.4372306867
1724043.719514809 -5390771.305549861 2925217.767015268
1729783.1927769908 -5387966.904817243 2926995.6847560154
1735988.532742252 -5386614.71548066 2925810.438349452
1743537.5547046612 -5382994.67183362 2927983.292019499
1753094.7734510242 -5377899.793658956 2931636.6631391514
1758056.883226816 -5374017.079192414 2935782.251442883
1757859.5529247255 -5369924.990086198 2943378.397868515
1757470.23588334 -5365884.8276352575 2950969.228327856
1754351.7831788796 -5363324.870109268 2957471.41296826
1749629.248420215 -5361551.966625305 2963477.518431487
1743841.575699525 -5359352.895036626 2970857.4697087607
1739402.5917679959 -5357466.520811735 2976856.076825379
1738568.8121287203 -5356808.2933704015 2978527.2188736848
1731714.0827096128 -5357333.692509473 2981573.9204064715
1725820.0073542765 -5356663.78806438 2986191.4479576577
1725618.1255183585 -5354756.3937436 2989726.918724275
1726485.9603885028 -5353928.295626771 2990708.784530585
1722382.8491852127 -5358809.796782404 2984325.029674475
1710491.14976176 -5364202.080009959 2981475.653330666
1700939.5314177985 -5367565.945179726 2980886.0318044834
1695269.710421609 -5368213.250889749 2982949.5640889956
1689975.2339243551 -5371028.130080427 2980886.0318044834
1677924.7344909022 -5374968.43074558 2980591.2087825853
1668799.3906323044 -5375737.503922945 2984325.029674475
1663722.4098435026 -5375947.29746555 2986780.7749912585
1657306.6927557967 -5378474.000529632 2985798.5450752727
1648442.8468420838 -5382069.087092393 2984226.7880406855
1640111.012716796 -5384722.8361761 2984030.3020459935
1635003.6311312139 -5387853.458078682 2981180.846654113
1631919.478074744 -5389875.346589293 2979215.2599819303
1628031.3086859656 -5392299.846847466 2976954.3865546635
1619847.436569894 -5395469.016056579 2975676.289351952
1609467.0570173853 -5395753.991048552 2980787.7583718407
1603827.6634129111 -5393683.738733414 2987566.49341805
1598570.9307252285 -5394264.856087334 2989334.146899835
1587993.2199714815 -5395538.099250057 2992672.242806701
1579085.2049117817 -5393410.350924973 3001209.0400643665
1573569.8747326736 -5390268.12851551 3009738.917587987
1566796.5259953495 -5388736.150600316 3016009.341056851
1557569.2604742183 -5388558.805173217 3021101.2895988747
1544893.1516773074 -5388747.570270952 3027267.0469913064
1534543.984595165 -5388129.257890993 3033624.7064529676
1527251.7614373993 -5388218.463731552 3037144.1922122748
1517339.5836004782 -5390522.471403434 3038023.876360049
1507234.8771951539 -5391042.643561575 3042128.0775580667
1502050.0537124996 -5389179.291452117 3047988.3859237274
1500203.0712633294 -5390190.63850728 3047109.5525957984
1492634.2314082647 -5393229.314231949 3045449.328972235
1484170.6706085417 -5393026.778308746 3049941.0795866507
1481713.827764516 -5390718.676594665 3055211.495531019
1478820.4978758146 -5390130.224795433 3057650.584159194
1472202.5963757336 -5390336.501187788 3060479.197639994
1466576.5067942243 -5387491.180921903 3068180.7517172075
1467554.2485515263 -5382556.46359073 3076363.347170816
1471139.9646866387 -5379795.404862133 3079478.7880623685
1467727.1673016737 -5381340.202244946 3078407.9635530664
1460414.4522300665 -5381156.851727306 3082204.0109028835
1458000.7004713977 -5378575.76536539 3087846.7730198363
1458623.902899363 -5376786.680135601 3090666.967857749
1456451.6543861006 -5378437.00737643 3088819.343393146
1447779.3740567092 -5377648.760907485 3094263.9978460404
1444511.7588984063 -5371860.351819783 3105824.0676108594
1448875.9258261903 -5367537.990223658 3111259.4676540676
1453904.826502272 -5369774.927731902 3105047.339570724
1450528.6098388522 -5373660.560186811 3099899.98805312
1451244.6413766504 -5371841.257672351 3102716.792303915
1456358.0465642288 -5370288.886106985 3103008.140492613
1458814.5270541192 -5368218.53313714 3105435.7111585503
1462139.255191967 -5363433.566816824 3112132.737009982
1470411.6786158194 -5359481.048027025 3115043.0801562527
1478866.1155471615 -5358394.733317306 3112908.9119734624
1484329.7176853886 -5355586.670995398 3115140.076890995
1489018.087641842 -5352534.774192589 3118146.504854209
1493461.1530310637 -5351861.69945099 3117176.789073197
1495849.2338982632 -5351759.536601614 3116206.9783375505
1501793.1739365489 -5353198.844859171 3110871.323297707
1501935.7477623164 -5355863.560643539 3106212.4089257587
1502668.9068804567 -5355601.599904042 3106309.491889042
1506408.714322507 -5353480.474570338 3108153.888372866
1509472.0367592992 -5352899.33855282 3107668.554006767
1508846.601760214 -5354258.670513121 3105629.891276763
1504279.612992218 -5356669.220898625 3103687.919848465
1498514.6895099531 -5357328.3250556765 3105338.6196804745
1495037.8116166156 -5357511.701581946 3106697.8142795167
1490479.8338103776 -5359963.027064407 3104658.952849274
1479927.6431574563 -5364066.21205876 3102619.674350694
1471674.9736159116 -5364819.5523647005 3105241.527256459
1468504.089698253 -5366474.861274761 3103882.134013072
1464006.9164852588 -5370284.540304005 3099414.251863589
1456115.7259615255 -5374222.125505195 3096304.981480017
1448587.1734698974 -5375416.564936184 3097762.572287968
1446134.1396218224 -5374900.872256766 3099802.8427036623
1443497.6443541416 -5375945.614256139 3099219.9507786203
1441108.255913107 -5377538.377248831 3097568.239111949
1439177.0272377285 -5376711.871426573 3099899.98805312
1440056.4870750185 -5374739.20136038 3102911.025374905
1441417.016256738 -5373813.700101631 3103882.134013072
1444750.7875627533 -5371627.66296547 3106115.32501627
1447262.8252353966 -5370502.174164363 3106891.9697967474
1446857.2240590078 -5368251.2079110015 3110968.360808309
1449013.1017811005 -5365812.783318316 3114170.0668467786
1451402.1586481342 -5363871.540657914 3116400.9480796326
1456859.7317585333 -5362504.5258853445 3116206.9783375505
1457405.2222307401 -5363032.502883534 3115043.0801562527
1455121.9536131725 -5363877.77727238 3114655.083728614
1448780.1358219178 -5366438.587650809 3113199.961939517
1441313.1361849597 -5367435.9192028735 3114946.0824726135
1435368.4444959473 -5367733.906799832 3117176.789073197
1431546.15623725 -5368078.755378408 3118340.436613255
1424205.0891702578 -5369524.244279776 3119213.082505463
1413793.4473985536 -5371486.721547224 3120570.378686366
1406429.7975360604 -5372067.775489916 3122896.738629937
1403603.0198132962 -5372750.708187294 3122993.658405973
1394356.5453768673 -5374932.548812743 3123381.3279966377
1381006.1184504 -5379053.462555493 3122218.273563256
1372810.203830756 -5381432.179776352 3121733.6271254313
1363670.2001994625 -5384429.876667834 3120570.378686366
1355065.4137339466 -5385590.63765205 3122315.199997693
1347610.502736404 -5387741.72525793 3121830.5583149837
1339323.069529447 -5391771.776609878 3118437.401067942
1328326.7705941584 -5395780.115857506 3116206.9783375505
1318633.706661537 -5398604.953996031 3115431.0614015483
1312482.290889191 -5401222.547537998 3113491.003370557
1307226.2480297287 -5403838.34436556 3111162.4329865198
1301292.751835173 -5406554.365108423 3108930.3741236
1296136.1551816969 -5410859.09472305 3103590.81134799
1295852.384315971 -5415932.841170927 3094847.178454669
1301138.3796958039 -5419214.717523939 3086874.1085853344
1302314.3637627824 -5422861.8721833555 3079965.488955544
1298355.020674405 -5425137.260615029 3077629.110821514
1298136.644684471 -5426735.291223056 3074902.653861021
1297740.6200173125 -5428429.491320106 3072078.049288986
1295643.7821829382 -5432234.56050002 3066231.542039812
1289891.6982076475 -5435856.90649013 3062234.4944596486
1284330.4223128422 -5444133.656889436 3049843.453727646
1280753.848923659 -5451960.951999711 3037339.68405538
1275397.4036158014 -5462121.052524099 3021297.0841052867
1267643.0134695773 -5472025.65941445 3006602.297130703
1258457.7775793527 -5480647.443194467 2994733.4815398846
1246442.6935999074 -5487567.950340957 2987075.4262258187
1230545.7942965594 -5494783.503036227 2980394.65556157
1213486.8251769503 -5501396.81248191 2975184.672711233
1197846.9579556328 -5507212.907852794 2970759.103814379
1178728.1695820426 -5513297.212980976 2967118.9297987306
1158106.5289293642 -5517559.935363788 2967315.7276096395
1135269.3490135644 -5518863.578986598 2973709.6868600934
1117441.0353567954 -5517037.457946755 2983833.812415352
1102782.5123867695 -5514879.786895457 2993261.209194054
1088081.799962367 -5510861.853588244 3006014.076357028
1078009.4847291165 -5507379.06862165 3016009.341056851
1075171.8834865866 -5506646.044447959 3018359.780100037
1079511.4511339583 -5505367.445893659 3019143.1421125084
1085032.1412270833 -5507554.967070717 3013168.5212080055
1091067.53825771 -5516357.145841018 2994831.6257327385
1083554.4531159094 -5526497.050498832 2978822.0990788285
1072549.1381792445 -5536356.703586309 2964461.805597417
1063904.1440019018 -5540919.524426903 2959047.109493244
1057278.9054920252 -5541924.616706178 2959539.4673407674
1050712.3119047182 -5541121.640758452 2963379.0847494015
1048596.3912212644 -5538941.03698579 2968201.2730124136
1049195.9430762227 -5538405.634603628 2968988.36299895
1049572.9454778414 -5538281.460140024 2969086.745177757
1052530.2237105689 -5536453.739971429 2971447.6460695295
1067942.5951991207 -5534821.38047256 2968988.36299895
1091672.1582299257 -5536673.2611752 2956880.467305569
1120053.650245937 -5539874.928201604 2940222.202564634
1145680.1785025091 -5541533.886961944 2927193.213342586
1165096.949214517 -5543164.138238376 2916422.712070223
1173107.3190523714 -5545682.936794362 2908412.1067231195
1175909.989680164 -5546023.067615311 2906631.1822536504
1176610.6357188143 -5545511.405179359 2907323.798089751
1175125.091765157 -5546137.572210252 2906730.130029566
1171530.3469312983 -5547312.768050411 2905938.5230324357
1170533.2710051716 -5546901.098057249 2907125.912278521
1168607.3548743401 -5545439.315894964 2910687.3146835947
1175047.1244301985 -5544337.962940298 2910192.744143822
1174986.230903598 -5545959.546133179 2907125.912278521
1173477.1500671213 -5546953.107995796 2905839.56817408
1170423.2394885425 -5549256.034285629 2902672.5455017607
1171561.8428759617 -5549378.165675614 2901979.638563965
1167702.9190969346 -5552673.767080778 2897227.110377344
1162794.6684992383 -5553393.678070838 2897821.2876698594
1155700.9178723155 -5556732.858133814 2894255.7474703393
1150762.996016497 -5555847.674293833 2897920.314129244
1148155.608748077 -5559379.606498064 2892175.3212683643
1146266.4211888502 -5557086.963308179 2897326.142132637
1146041.5928376177 -5555996.997941907 2899504.617403933
1149509.5342951212 -5553211.988503552 2903464.386092076
1148639.1733641424 -5555357.202950012 2899702.6394174895
1151189.5055399528 -5554002.095297324 2901286.688310485
1149889.3555679931 -5555046.8824153235 2899801.6490993327
1151831.2561119867 -5553196.59996135 2902573.5614487343
1149006.5053112307 -5555177.875196806 2899900.6578978463
1149302.018039174 -5554651.510224069 2900791.6973296367
1147245.5741496389 -5554973.210928319 2900989.6963730818
1148979.326228496 -5553580.433769984 2902969.492355493
1148501.2251146224 -5555178.991146394 2900098.672844762
1148562.7062158294 -5555476.368732338 2899504.617403933
1147526.186859588 -5554863.547983316 2901088.694569282
1149581.4291454556 -5553559.308236775 2902771.528670583
1149755.9594854768 -5554402.453898163 2901088.694569282
1150073.9601075447 -5555938.695933685 2898019.3397058714
1152211.697074256 -5555030.777881899 2898910.5301664774
1151030.2529363448 -5558114.858277843 2893463.24998545
1148334.310146217 -5559754.988717023 2891382.675741346
1147530.4738640252 -5563215.076731291 2885039.483539707
1144440.4253644296 -5562462.913441643 2887715.9571844996
1143624.3805913213 -5564893.006430172 2883353.9677087297
1140524.5046302734 -5564090.0977067975 2886129.976099316
1140912.4717434687 -5566476.688113558 2881370.682940416
1138695.6307481178 -5564053.2782054385 2886922.9947829326
1141115.2482457813 -5564997.036434724 2884147.1832577656
1139929.6388587125 -5562668.635697985 2889103.505912061
1143985.4603342947 -5562710.856972854 2887418.6028804462
1147313.0929563465 -5558728.646405613 2893760.443153608
1150892.282596993 -5557937.127627938 2893859.505780055
1155615.1628656741 -5554375.429347891 2898811.5125360205
1154783.8578417504 -5554755.009750449 2898415.4331842083
1161033.8486821533 -5550296.184999544 2904454.107228037
1164604.8530289591 -5551411.505073212 2900890.69729319
1165295.8273966894 -5549402.938484288 2904454.107228037
1163777.3055702127 -5549876.96617747 2904157.200175724
1164701.4553964816 -5546572.404256877 2910093.8273762604
1165415.1194703141 -5547563.861263135 2907917.4342675633
1163197.198417252 -5546628.564245748 2910588.402348812
1170284.9721746428 -5542851.305491925 2914939.705913085
1192889.8291722643 -5539798.859135151 2911577.4857939538
1217051.007541492 -5538230.6996543715 2904553.07447602
1241036.0993039324 -5536641.379668669 2897425.173005354
1265756.934162848 -5533685.577573199 2892373.4738406525
1277627.7283928832 -5530490.516360376 2893265.116799631
1288911.7688689367 -5527404.862612603 2894156.688370154
1297180.2729094827 -5524484.086008143 2896038.6604838776
1309081.0489701314 -5518868.445682143 2901385.683855428
1320381.015956136 -5514195.924894437 2905146.8593825377
1329109.1716332375 -5508600.045356807 2911775.29184094
1337231.7975277111 -5503073.516670581 2918498.584854838
1344154.204310403 -5499340.411064243 2922352.736797944
1347998.8365850658 -5496349.816467099 2926205.534747585
1352742.702971389 -5491656.1738826325 2932821.277782611
1356352.7240985164 -5489394.1837163605 2935387.5014402308
1353768.4871055097 -5488395.430806695 2938446.4396038004
1349787.2972651767 -5488319.27508437 2940419.49165063
1346697.373371124 -5488972.595529771 2940616.7771538133
1341493.2616660572 -5491778.197095944 2937755.7867879677
1336365.264552994 -5493239.353865993 2937361.1083477866
1336972.1377657307 -5491560.789282416 2940222.202564634
1341430.8942845692 -5491107.1271075085 2939038.392823071
1345711.2617332728 -5494068.393242683 2931537.9394468004
1346353.2050636506 -5495859.004298529 2927884.5353062707
1348833.2595731956 -5494777.221628951 2928773.3136138706
1358756.9444822243 -5494594.309264556 2924526.2765820534
1364524.971325193 -5493637.993024076 2923637.1533130417
1368121.6497422508 -5492953.719985406 2923241.9642590377
1374482.5141669428 -5492732.35269303 2920672.8882106273
1380980.6735624566 -5490208.362255166 2922352.736797944
1389119.6824532843 -5487733.734984187 2923143.1647692854
1394006.8487735621 -5485704.525666743 2924625.0636024815
1403708.56798527 -5482175.853201027 2926600.6168837487
1408090.7377075953 -5480577.223659522 2927489.499534811
1412044.0270697917 -5480087.55414563 2926501.8476868733
1414039.726169639 -5479520.187212541 2926600.6168837487
1415052.3644472065 -5477516.874981383 2929859.500072752
1419938.8466346096 -5475512.432511953 2931241.763011882
1424303.2658983688 -5474643.063888474 2930748.117762608
1424458.7954950982 -5473280.6733202385 2933216.120744567
1425999.637902279 -5470973.724881675 2936769.0638449765
1429212.8418839674 -5468439.0117576085 2939926.2622183943
1431820.054020659 -5467491.705162919 2940419.49165063
1433164.5562520744 -5466396.498011918 2941800.414920401
1433588.0254335413 -5463735.505598012 2946533.6750495825
1436446.8002464967 -5461814.330026404 2948702.3950171415
1439059.7982573023 -5461286.104077195 2948406.6860684236
1437620.4979419056 -5461239.4039232945 2949195.225300082
1437605.4165736707 -5458473.135735416 2954319.3281520572
1440031.8025443994 -5455698.981834697 2958259.2900671456
1444054.4374293077 -5453192.888452516 2960917.949398739
1444551.0298156948 -5451991.794150084 2962886.90279912
1445524.6270894932 -5447984.366269369 2969775.39510353
1447236.9917434421 -5444469.861970725 2975381.32208661
1449529.379751108 -5440470.800803029 2981573.9204064715
1448656.6831842684 -5437576.820019705 2987271.8558326666
1449383.2503962226 -5433060.750726504 2995126.0528375152
1448316.9599267887 -5429824.765979992 3001503.2890767837
1446504.9095207748 -5425693.158534823 3009836.921854856
1444420.921369456 -5422438.643093183 3016694.9404604984
1438632.6622530494 -5418575.654905528 3026386.4484172924
1432186.2127534037 -5415249.208245813 3035384.5991228456
1424353.7541003064 -5411992.687089983 3044863.303674716
1416851.1931656483 -5410717.53610766 3050624.434584193
1409662.3499059805 -5409841.683435767 3055504.216887685
1401383.2385619543 -5409787.306070887 3059406.3675412433
1394981.4033538278 -5409179.291159711 3063404.524444318
1389559.5561103453 -5410409.029374901 3063697.0109462463
1383531.8917515788 -5411235.9036287805 3064964.3553857384
1376713.248244629 -5413692.109570581 3063697.0109462463
1368942.3108492445 -5416765.050356996 3061746.942318667
1361810.7484486948 -5419994.348287188 3059211.295406799
1356996.7288436252 -5424061.326101057 3054138.112234372
1349417.3191312687 -5429573.311400815 3047695.4498362467
1342712.8936997908 -5434191.429795985 3042421.1722613634
1337667.8045911635 -5438222.1094734855 3037437.428589108
1334995.077308536 -5442096.352427399 3031668.9190045777
1331051.502282062 -5447794.504601931 3023156.9482747107
1324715.0308073417 -5451563.608230956 3019143.1421125084
1322749.901147827 -5454262.379938351 3015127.7899622503
1318223.7521142538 -5459305.399000211 3007974.6840372477
1312759.4692196695 -5462995.972172059 3003660.8636805112
1308136.438611723 -5466851.656498694 2998658.5373819615
1303254.6701260153 -5470490.507778395 2994144.597226597
1297886.8154576719 -5473376.952947141 2991199.6832722845
1289168.4079440148 -5476187.6913723955 2989825.109403653
1279000.7175743121 -5477552.899080974 2991690.559234696
1269274.920711652 -5478635.185734543 2993850.142756623
1260857.9997703093 -5477948.9848483885 2998658.5373819615
1251182.9333274392 -5476566.126048077 3005229.7307149256
1245627.0945651121 -5473361.740714523 3013364.464608914
1242373.6770850257 -5470537.840296806 3019828.5355905537
1236772.751443063 -5467965.810076307 3026777.8347814903
1232908.2193398313 -5464174.743757211 3035189.070283779
1231349.2751422657 -5458596.769670665 3045839.993950372
1235942.92728949 -5454121.0994786685 3051991.0079658963
1234807.377155046 -5451317.064563727 3057455.4784853016
1234684.9130255396 -5444601.544631092 3069447.537546104
1242029.7237605867 -5437812.812622062 3078505.315925007
1251201.5930721958 -5433392.523575578 3082593.2683775537
1256393.1593052445 -5429928.820034897 3086582.2909174813
1260597.675973636 -5425244.892104791 3093097.5348379724
1270571.4834584421 -5420087.648361056 3098054.0649746787
1283306.4938226263 -5417364.34504433 3097568.239111949
1293751.3897066475 -5418433.209379392 3091347.5859447876
1300311.5397211374 -5420354.804788445 3085220.3632601136
1312092.7046750311 -5421057.240603763 3078992.0637176195
1322737.9093208418 -5426912.2346834 3064086.9798831027
1322691.2899991777 -5435379.209445596 3049062.413412831
1322790.2176676318 -5440331.763706726 3040173.8997706175
1327112.1151023784 -5443206.930448095 3033135.7942351215
1331141.4510637752 -5447337.93874466 3023939.949531556
1329571.7963034087 -5450814.991939185 3018359.780100037
1329763.662417474 -5452014.897074436 3016107.2865852267
1333278.4870890055 -5452781.3947257055 3013168.5212080055
1334452.040338035 -5454280.016470512 3009934.9252048763
1333095.4340535838 -5455747.020139412 3007876.6623559254
1331409.0888197478 -5454212.278118163 3011404.865413025
1336571.584533559 -5451812.685031295 3013462.4349324987
1340193.1967225005 -5453413.050871147 3008954.850450065
1338107.6038020756 -5456842.535444936 3003660.8636805112
1333829.522261719 -5457512.004178289 3004347.2718367544
1334855.869633043 -5456343.114215748 3006014.076357028
1336696.7527795723 -5458914.540084331 3000522.4270390673
1329681.298857962 -5464933.804777668 2992672.242806701
1322259.1942871688 -5465981.842124407 2994046.4466486345
1322262.0682645666 -5466411.195323937 2993261.209194054
1322256.5477405174 -5469312.357097301 2987959.3307908485
1318936.4530523133 -5474399.757240668 2980099.818921021
1312380.5351077884 -5476563.34093434 2979018.681345301
1311843.3553766122 -5476852.425895838 2978723.8065844746
1312449.423397645 -5479804.916053986 2973021.2903734404
1309010.5738304078 -5483612.107956845 2967512.5218049646
1303075.9656681283 -5485876.904406723 2965938.0670194356
1305050.7170537245 -5485673.4894092595 2965446.002460676
1305182.4052264716 -5487503.116017619 2962000.918430674
1307289.4501146306 -5487851.6048454745 2960425.6546675726
1303624.2101833127 -5490315.816061901 2957471.41296826
1299560.3596456016 -5492816.655459588 2954614.8752660705
1298850.719793171 -5494096.892238311 2952545.8754082215
1296307.7144679944 -5498769.005551514 2944956.1512859208
1293522.2958098585 -5502431.699345613 2939334.3573468016
1289351.0560381603 -5506253.266279165 2934005.7637781342
1289648.786779491 -5508390.900852229 2929859.500072752
1288718.633773323 -5513955.918708163 2919783.4525027084
1284547.769427439 -5519578.780110877 2910984.046367947
1280893.5379295838 -5523085.554728109 2905938.5230324357
1280016.2886530715 -5524121.697319267 2904355.139095306
1279746.4639848282 -5525588.448162791 2901682.66518726
1278092.0929684092 -5528101.04888369 2897623.23210294
1278308.4696401963 -5529036.937708009 2895741.528159339
1280211.5099080827 -5530670.27338892 2891779.005551945
1282971.9133808175 -5531170.001825978 2889599.017229965
1288216.995180135 -5533157.874339585 2883453.122726796
1293538.4363903734 -5535014.002777708 2877502.2680504415
1300850.765473672 -5535774.302768343 2872739.3120114845
1311849.1786883378 -5535700.989110925 2867875.048102873
1322480.1716983023 -5536614.88140901 2861220.517615711
1333563.0621551613 -5535957.827289775 2857345.18280946
1346527.9060566535 -5533331.806791589 2856351.2938991273
1359860.564344478 -5530942.782433554 2854661.4830811196
1369066.5866417517 -5528003.804719957 2855953.7139706565
1378577.4596407793 -5521781.520212597 2863406.0192031856
1387277.1522178915 -5516868.606657068 2868669.3570043794
1390151.406658742 -5512836.8049528785 2875021.8135731877
1389353.0095690587 -5509670.651367095 2881469.8555191397
1386362.1637716633 -5506321.50910727 2889301.7130796476
1383772.955255699 -5503745.561424937 2895444.38789596
1380189.321399998 -5503707.251297798 2897227.110377344
1371780.0532770876 -5505183.780956881 2898415.4331842083
1360243.1234357886 -5506377.378805725 2901583.6722938456
1350990.6823654892 -5508133.249708148 2902573.5614487343
1341385.4785718233 -5512199.858884724 2899306.591857418
1330102.7636688347 -5518209.047037126 2893066.980088456
1319116.7936374429 -5523387.189230294 2888211.5300978813
1309171.6552400803 -5528702.77834649 2882560.6959472247
1304181.1489105134 -5533031.88825263 2876510.151973394
1303016.1144967235 -5538043.887831851 2867378.5766462954
1303186.8761403433 -5542674.734684836 2858338.9846800813
1310802.2077722382 -5546813.211422424 2846805.5377368303
1323502.5770455291 -5551184.462760781 2832372.325270308
1350224.1810130777 -5548099.5488332035 2825796.7119459193
1381273.158765122 -5544106.075014773 2818619.039504861
1410259.6228667758 -5537514.255702774 2817222.8637436917
1438816.295193408 -5530823.44169583 2815926.264211089
1461123.1565578473 -5527004.34914994 2811935.818230581
1478039.8382199663 -5528081.9595109895 2800955.030978509
1487555.4809369836 -5533857.344530973 2784464.505342986
1486226.1432938771 -5541641.737933545 2769653.353649636
1480386.0188043846 -5548497.959314672 2759034.0031992043
1472745.0576430934 -5552920.262476792 2754222.1322476016
1465502.7952023766 -5556127.97079042 2751614.894830734
1458663.6674341268 -5556933.990882993 2753620.512393972
1454671.817496425 -5555543.842020114 2758532.8569321125
1455865.2459625797 -5552191.7447187 2764645.405015956
1459081.94965699 -5546699.477135258 2773958.502669535
1467568.2342791934 -5539643.846816571 2783564.356748725
1480307.818663999 -5533081.319102833 2789863.953349248
1493594.5269165377 -5530517.89773859 2787864.446481947
1505895.0768237864 -5530405.09041895 2781463.7429716843
1514242.9974252332 -5534001.6934557725 2769753.4911210565
1516517.831991766 -5541175.635319104 2754121.8643692783
1507650.903120575 -5549459.989315718 2742284.372800111
1495746.968098519 -5554661.535400455 2738269.0215840293
1487573.210471858 -5555965.257056309 2740076.0949049694
1480836.1578721486 -5555634.832107284 2744391.8972724597
1476845.5408425012 -5553123.780273519 2751614.894830734
1478232.9518036887 -5549370.936661872 2758432.62515768
1482003.4805933582 -5545621.656975094 2763944.124109238
1485551.214066574 -5540671.155221881 2771956.3019783627
1493398.2704381887 -5534395.99311042 2780263.22446195
1505360.2888654517 -5527679.914239564 2787164.5388134895
1518843.40686037 -5524293.033496442 2786564.584842679
1531227.6485550073 -5524049.175288463 2780263.22446195
1541602.9023022107 -5526241.772439344 2770154.0325692836
1548007.8151468793 -5529062.6005014535 2760938.1673591128
1553049.0073316381 -5531447.41086732 2753319.6911429344
1554260.9948193673 -5535392.887006786 2744692.9421080593
1550068.3208509677 -5538656.114977163 2740477.6300346507
1543462.129398975 -5540004.091778497 2741481.4094187664
1537295.6360380994 -5539929.627929713 2745094.323516912
1532485.337396322 -5538724.6230124235 2750210.763032748
1530152.6331898158 -5535179.979519347 2758633.0878662476
1535036.1158601579 -5527667.961768379 2770955.0749596017
1549088.8177639984 -5521785.964775505 2774859.3827231657
1563533.6994550447 -5520629.634508424 2769052.5111048
1573061.633421016 -5523739.354102139 2757430.2612037333
1575666.862589264 -5527393.678298695 2748605.8399198903
1575937.777417483 -5529808.325185758 2743589.0742628947
1574992.8101900565 -5531620.10690623 2740477.6300346507
1570519.7612691848 -5534978.343725364 2736260.845379003
1562955.8621303858 -5536275.1204482615 2737967.8164174696
1557592.8899316876 -5535749.517194234 2742083.6369662485
1552715.160936907 -5535826.702719196 2744692.9421080593
1547038.8272608162 -5535275.230888909 2749007.0907975514
1540828.799740919 -5533166.839695552 2756728.556456456
1537143.183563837 -5529640.079894069 2765847.5048441035
1537952.7369750114 -5525450.8670498235 2773758.297806322
1542323.057626593 -5522119.9121951135 2777961.889812672
1546353.9714323715 -5520186.651807899 2779562.8656746065
1560410.457280671 -5520257.107618931 2771555.8213017844
1561268.748021362 -5524030.133739986 2763543.3736390686
1558206.2526575231 -5527198.087266816 2758933.775626564
1557387.8997270053 -5528728.813262552 2756327.5638400377
1555775.8305266318 -5530031.972482133 2754623.1953707477
1554701.100362779 -5530284.274128156 2754723.459053845
1556023.129252374 -5530911.000060061 2752718.0259965365
1557181.938528902 -5533177.780608012 2747502.330937166
1553856.4335763613 -5536550.922913198 2742585.470285721
1550055.1836028462 -5540099.389014772 2737566.197852408
1540831.0129793053 -5544406.493762844 2734051.4664800237
1528149.223939799 -5546776.360427543 2736361.262109659
1516168.3226539625 -5546741.996592668 2743087.28271921
1505094.006387611 -5544638.087760491 2753419.96573203
1493907.880710059 -5538974.914479312 2770854.947614776
1489582.576879911 -5527158.319351869 2796659.7325157784
1492508.4477866627 -5514640.666665147 2819715.916692394
1495627.1260311797 -5503303.816810528 2840138.658544401
1502066.186150034 -5490252.750655986 2861915.9502576357
1513597.1684738996 -5479760.801634126 2875914.840265947
1523772.8558336352 -5473027.240999531 2883353.9677087297
1533569.627945864 -5468669.149304206 2886427.364700244
1544271.2687171698 -5466441.847159412 2884940.3425788665
1552961.3230035354 -5468735.316395666 2875914.840265947
1559052.103295911 -5472732.405961689 2864995.2097595874
1561962.287695352 -5480043.988057876 2849391.636958359
1557890.8070719335 -5487187.761917511 2837849.132477528
1553615.599067562 -5492922.51008919 2829084.987851977
1546737.7926703433 -5500852.172888133 2817422.3277239045
1534281.299730205 -5509282.4776060255 2807744.3749817046
1516939.1585397425 -5515860.453902222 2804250.3530117124
1499698.7535572033 -5516763.893182254 2811736.259939673
1489864.1062631016 -5513264.053381654 2823803.3611706286
1481489.878217162 -5507075.062956019 2840238.1927768043
1478147.7853907302 -5498859.762416622 2857842.094626627
1477843.912632883 -5488939.203016606 2877006.220966745
1482721.6315682894 -5480376.028019059 2890788.1546030855
1489420.0411618587 -5474423.153694068 2898613.4746260503
1494683.044576016 -5471519.415096299 2901385.683855428
1497671.8206512197 -5470439.545458803 2901880.64832235
1500180.8642145863 -5469857.044310768 2901682.66518726
1504404.9112631998 -5469536.959444667 2900098.672844762
1509316.113157332 -5471331.002025554 2894156.688370154
1512266.6506064811 -5476061.085030469 2883651.430127848
1510784.9604984943 -5482253.995898614 2872640.062309452
1504944.0162312912 -5489102.005161842 2862611.340181877
1494857.9183527846 -5495167.50303535 2856251.900222075
1480920.4468196488 -5498836.704668345 2856450.6867060848
1468978.7430468106 -5498422.357519253 2863406.0192031856
1458779.3591825098 -5495231.114540391 2874724.122243775
1450183.3344217432 -5490275.570795047 2888508.863288557
1441976.280016913 -5485174.192478436 2902276.603984728
1435049.1972104711 -5479432.153189149 2916521.5720413444
1432374.894941026 -5473118.271234655 2929662.019656886
1431732.6296290557 -5469105.294492865 2937459.7793000643
1429564.7654564942 -5467445.151427485 2941603.1509191375
1426108.988351625 -5466701.897425652 2944660.340009604
1424835.6104566033 -5464163.303873604 2949983.707035661
1422950.5417922882 -5462791.265198557 2953432.6382166534
1418929.9967209788 -5460638.284381254 2959342.52690613
1414261.4454920166 -5457147.139521512 2968004.4914735216
1412507.0555362843 -5453905.129737214 2974791.363085204
1409796.3900173125 -5451278.162420909 2980886.0318044834
1408096.7319304112 -5447843.943347387 2987959.3307908485
1407169.08688334 -5444254.938887208 2994929.769013315
1409870.687929321 -5440204.720458918 3001012.869484935
1412880.0578346846 -5437745.479526905 3004053.1024031118
1414769.7799199305 -5436441.276564315 3005523.8671973757
1416835.0937936807 -5435035.812073999 3007092.4559227945
1422903.4252382158 -5433829.997293135 3006406.2272026134
1429013.4029049964 -5435478.530833644 3000522.4270390673
1437617.4599460778 -5437320.994648602 2993064.890711815
1447294.3524293955 -5440096.244822753 2983342.572433035
1455018.9248069823 -5445027.101722091 2970562.36931081
1457579.2912289996 -5452319.27593454 2955895.485813567
1455948.919848048 -5459202.679630762 2943970.082304781
1450380.3140451643 -5465515.124635497 2934992.737130856
1439524.9499692426 -5471189.158287044 2929760.760311047
1414700.8867272541 -5476551.028263258 2931834.1078447406
1400419.1390814027 -5477683.254407152 2936571.7085203235
1387770.8590664167 -5475976.605145583 2945744.9418821586
1378639.7120367144 -5474035.551410326 2953629.686722961
1369272.3798681193 -5473939.968641527 2958160.808583451
1354204.7834693152 -5474546.025031142 2963969.673300412
1337299.387864664 -5473366.164814871 2973808.0255921944
1324937.3853218113 -5469950.831227911 2985602.0881768037
1316306.9627557267 -5467257.043569562 2994340.8956462857
1308239.9030572355 -5466019.48398962 3000130.056629988
1298221.0229078308 -5465013.653891367 3006308.1908648475
1292127.9759527005 -5462678.990803096 3013168.5212080055
1286411.8299039903 -5461486.6503765555 3017772.21997316
1279518.4837522919 -5460398.737903491 3022667.542558759
1274044.745047674 -5458479.249775528 3028441.062227627
1271170.9309015502 -5456922.640922676 3032451.2783252387
1268501.2820712132 -5455804.139314457 3035580.124263388
1264248.6087618705 -5454342.069229511 3039978.461613965
1261543.7063750701 -5452188.654678424 3044960.9768766053
1259340.63270312 -5450897.0337492535 3048183.672006412
1256481.5888218319 -5448059.022456339 3054430.864299246
1255334.9069493844 -5445256.999166389 3059894.0315677333
1255886.474442323 -5442442.124291269 3064671.9052865645
1255381.0088372098 -5440251.665712702 3068765.4417307707
1256702.2799084291 -5437746.357603857 3072662.5148295956
1258802.4583608333 -5434726.548080392 3077142.2973945984
1264424.21699078 -5431821.516427991 3079965.488955544
1268164.0965132245 -5430287.03947754 3081133.475394573
1278241.3114339523 -5427647.531890665 3081620.096524681
1282763.170742418 -5426470.083390388 3081814.7384059248
1287762.0709803957 -5425617.623501053 3081230.801497847
1291036.1501817675 -5425502.70895219 3080062.8263196643
1293884.1217673363 -5424437.324758199 3080744.161596104
1295999.0388101581 -5423655.984601539 3081230.801497847
1296013.316676304 -5422878.315502854 3082593.2683775537
1295960.7630436919 -5420566.019087127 3086679.5644136984
1297714.796876694 -5419536.904982585 3087749.51080865
1295230.303094538 -5420020.396920651 3087944.03429041
1295050.2369648865 -5418011.969348694 3091542.0397807094
1295179.053037851 -5414371.364026748 3097859.7374605434
1297767.3635127477 -5411414.806642311 3101939.822216662
1298125.9053869487 -5410827.661083221 3102813.909311996
1302299.1005929064 -5409490.516526834 3103396.591510847
1306656.3433244538 -5409331.020131594 3101842.696703373
1307696.7762105872 -5409914.846721985 3100385.700635563
1309701.7017495087 -5410765.515426474 3098054.0649746787
1310822.353113171 -5413329.234265925 3093097.5348379724
1306238.3750817433 -5416712.558651467 3089111.0961587783
1302752.7478750623 -5417607.381125495 3089013.8461778583
1301668.4944107959 -5415593.146620315 3093000.3234622204
1303217.546836929 -5413720.785520368 3095624.699804719
1300880.0923822864 -5413560.421078215 3096888.0432748795
1298541.5599129666 -5410894.991596876 3102522.5554523603
1300422.3020448573 -5409161.922187597 3104756.0509483097
1304149.2000751516 -5408877.624806282 3103687.919848465
1304147.7495880292 -5411773.113811121 3098637.0248668287
1303197.349498186 -5412391.403394212 3097956.9016894563
1307632.6320257594 -5412544.8895201795 3095819.0707130115
1312897.2065889686 -5414048.064433407 3090958.6669730414
1316017.3106406606 -5417006.2547098575 3084442.036175816
1316411.0903180041 -5418627.135345622 3081425.4508885755
1320413.2818635714 -5420253.003651381 3076850.198089998
1321099.0509409471 -5423068.063112318 3071590.9689368056
1318519.451031172 -5427718.542715097 3064476.9338859706
1315075.4692576895 -5430479.046717508 3061064.330150344
1313971.6963926437 -5433382.595557205 3056382.3306934442
1310026.2400662522 -5436583.476092683 3052381.4240382668
1306754.088255446 -5442185.6149064675 3043788.8372442643
1300662.6487038878 -5446536.989208626 3038610.29081533
1297396.948795863 -5449277.285176542 3035091.304477373
1294800.5322400327 -5451037.792710062 3033038.009019595
1297490.7146375412 -5452627.632553265 3029028.020033147
1294430.4720264617 -5454984.190621255 3026092.898964194
1293160.6312087881 -5455990.833856505 3024820.755477172
1298097.3557077248 -5456445.606155691 3021884.4455354135
1300968.6735232787 -5460472.151191994 3013364.464608914
1301349.6019206755 -5465455.701282056 3004151.1597961197
1299728.9663708217 -5469663.319099139 2997186.8126091207
1299236.2327076802 -5473110.449857142 2991101.5053461683
1300355.2910142816 -5477399.1394832125 2982753.0544649065
1297464.964541022 -5482678.809366426 2974299.705663993
1298827.8458861243 -5485447.291726473 2968594.825239967
1296268.2937849702 -5492163.2740198495 2957274.4346839655
1288075.1224543352 -5496050.868816906 2953629.686722961
1279426.173151052 -5498441.144244999 2952940.0012072385
1272882.3071687424 -5499007.221303862 2954713.3891707268
1266454.476810346 -5500067.738746203 2955501.4680034025
1263570.8366680294 -5501154.2905627815 2954713.3891707268
1257763.379185536 -5502273.377880038 2955107.4357884824
1251535.683384585 -5501099.351167331 2959933.3373914757
1249582.8009629701 -5500059.240317352 2962690.0237009693
1247276.3602814686 -5499681.12046522 2964363.380943949
1242872.547840249 -5498501.781488527 2968398.0509346416
1238870.3015665004 -5496853.737295822 2973119.635445819
1232276.7776495877 -5493969.030019028 2981180.846654113
1226660.6829986717 -5489564.606197961 2991592.385864736
1221834.6409098587 -5484155.420197518 3003464.738829286
1217621.1715606276 -5479660.052046984 3013364.464608914
1211175.7932135114 -5473205.533311467 3027658.400160488
1206818.4536483756 -5466629.336313049 3041248.7434103913
1201164.8443576763 -5460030.2656618925 3055309.070247284
1194021.8841841652 -5454321.370512612 3068278.202389527
1187585.5693588718 -5448586.743420092 3080938.8203723542
1182006.1616919118 -5443073.9579519825 3092805.8978842003
1180464.7056315932 -5438264.057920143 3101842.696703373
1177935.1759399811 -5435763.268202309 3107183.195974419
1175716.8150230963 -5432855.696319451 3113102.9462324614
1173389.6727696084 -5432191.084377021 3115140.076890995
1167859.0192991714 -5429541.4425356705 3121830.5583149837
1168054.5205664125 -5424923.395638582 3129775.6770154503
1172693.0921823126 -5421629.733119262 3133745.833424442
1179531.501279086 -5419362.263897269 3135101.129172162
1181283.250219673 -5418308.536438382 3136262.662263702
1186348.084348806 -5413387.374263897 3142842.083039197
1199864.4849716802 -5408664.951501147 3145840.0563453226
1209020.4943483898 -5411064.79533067 3138198.24500917
1210122.4313450924 -5412445.351593299 3135391.525339624
1216136.8604121108 -5409189.119583532 3138682.080957883
1228678.94152022 -5408487.489003057 3135004.328539622
1235102.7690086635 -5409660.088196698 3130453.6221063603
1240597.5436445551 -5411091.257881432 3125803.917967702
1244357.9895570674 -5412745.039837112 3121442.827851287
1253460.497590743 -5413382.436984296 3116691.895572857
1264342.2458042826 -5417764.52717977 3104658.952849274
1275104.6983946674 -5420688.617605558 3095138.756032335
1283012.879388937 -5424143.452973495 3085804.0691020684
1289126.7140575629 -5426730.094187414 3078700.0178555585
1298475.892581427 -5427316.185424205 3073733.9474680163
1308414.4973432343 -5429062.639809607 3066426.4798239665
1313493.576281747 -5432235.476368365 3058626.056639082
1320387.4269130635 -5432101.513579872 3055894.498999131
1333734.174574912 -5429992.883870334 3053845.3517964054
1346889.2818267143 -5429926.939123014 3048183.672006412
1358223.888463251 -5428966.414589692 3044863.303674716
1369266.2126660936 -5427616.319582373 3042323.474953666
1380118.7966044045 -5426290.841825508 3039783.019753191
1389450.7882628532 -5426098.061735796 3035873.4050389486
1396049.3813941667 -5427028.233864204 3031179.9144144733
1400586.601047164 -5427388.2213805895 3028441.062227627
1406156.3840548196 -5429384.218755367 3022276.0014121896
1409806.569511215 -5431758.60967124 3016303.1748856707
1413007.9262470258 -5434730.075957868 3009444.8992865873
1414757.3252368965 -5438340.533722757 3002091.7624144373
1416924.7578765345 -5441994.123972524 2994439.043487953
1418288.7293193678 -5447622.664171235 2983539.0711525055
1417236.0756591568 -5452946.374826853 2974299.705663993
1415647.102198369 -5458178.6603708165 2965446.002460676
1413681.214267774 -5463545.925988858 2956486.4855156955
1409349.182455841 -5468443.950327433 2949490.9126895717
1402713.8825201178 -5473122.958447007 2943970.082304781
1396630.1391227813 -5476003.691341278 2941504.517574395
1392341.7759453987 -5479953.47417886 2936176.987136889
1383846.1550825043 -5483795.411788398 2933018.701050486
1374927.0001496004 -5485563.425809888 2933907.061526745
1367425.0875612854 -5484850.282129802 2938742.4202418006
1363174.693728448 -5484110.236964921 2942096.304201294
1359564.811305118 -5483894.912758628 2944167.3032762464
1353175.7904684565 -5485580.774593011 2943970.082304781
1345702.3634588462 -5486572.208921592 2945547.7496164497
1337963.9140126845 -5487299.883856462 2947716.667088055
1330664.2431227039 -5486478.517745657 2952545.8754082215
1326170.7546311563 -5485922.066926968 2955599.9738064646
1320146.610944427 -5485729.224668151 2958653.206990253
1314541.666400078 -5484736.91952043 2962985.3409943907
1310948.0622056592 -5482829.694230584 2968102.8826950355
1310487.3198342992 -5479634.1288948925 2974201.3714615605
1310467.5551212477 -5476593.658766524 2979804.9741103593
1309344.9301049681 -5473168.26493223 2986584.336285707
1307439.6092551611 -5468578.154551849 2995813.017481066
1309079.8203797783 -5462368.773793271 3006406.2272026134
1316787.8513136536 -5452941.616969864 3020122.261854784
1331726.3014879406 -5443550.723675718 3030495.2692084527
1346102.1831395782 -5436904.948580287 3036068.9209321393
1358312.3366899048 -5431735.788456774 3039880.7411465785
1363913.0885975135 -5428361.642889433 3043398.0943608293
1366553.5559053742 -5424846.802782736 3048476.594166391
1368967.1979408073 -5420447.631749357 3055211.495531019
1372733.7946404791 -5414261.173117971 3064476.9338859706
