829904.8172267393 6315677.56531485 -114524.6057515062
821495.643828123 6316534.369220751 -127198.54411279401
815727.0084142213 6317001.699809065 -140427.81901377338
811056.9540567999 6317292.388901333 -153767.6507116891
807817.8694872732 6317377.457741435 -166773.33766945984
802821.1716809063 6317736.171052131 -176999.54598940955
797932.6227116326 6318060.7165029915 -187225.297954742
791280.1176297343 6318606.8831783505 -196783.71704755013
786159.317785 6318857.193260003 -208897.8177151398
784466.4426201318 6318752.074871431 -218232.9413972963
781552.0399343238 6318727.712990995 -229123.32477093444
777745.5777381352 6318729.59583906 -241679.76948086254
773601.2089488262 6318709.8249266045 -255124.12251474516
770118.2748926856 6318601.782639399 -268011.8562722793
767182.1549697223 6318384.3855103655 -281231.7514698627
764704.4316029069 6318252.312916344 -290784.87342731986
762681.3003358815 6318176.149100281 -297671.602707269
760789.7722303864 6318262.19308534 -300670.55375953653
763199.9482096912 6317838.758207397 -303447.3007709089
762422.3528170454 6317884.553513045 -304446.91558000515
758895.5616491786 6318325.203485558 -304113.7114770803
758351.7543589715 6318454.506545679 -302780.88673706556
760015.3365028428 6318334.2380039925 -301114.8371418512
761365.449708127 6318397.5039869705 -296338.7143151677
761193.0398486308 6318823.732646976 -287563.54397479724
763551.1206104407 6318893.235679594 -279676.5315452925
770316.5790288905 6318392.3438076405 -272344.557107757
775203.9645525633 6318087.732746985 -265456.6153895016
776021.9223549465 6318368.025891728 -256235.17598801907
777390.2583988995 6318571.4164932845 -246902.08751758694
779093.4554059542 6318765.29675294 -236346.17046685575
780343.3183663527 6318913.285072271 -228123.21499167717
779509.5067090876 6319415.224812397 -216788.2500493088
782202.2365807155 6319457.588424302 -205563.73511551743
786212.8734596622 6319287.653921632 -195227.7249776332
789663.2381686415 6319112.749168031 -186780.7098901667
791893.6452307334 6319033.567697992 -179889.47981795957
798317.2687277766 6318445.010149091 -171997.65164992705
805724.3744076364 6317656.526966669 -166328.70997172312
817873.1144239164 6316261.747963904 -159881.5183518172
828037.8356788548 6315121.401107413 -152433.69692892846
838746.4971949484 6313850.119183777 -146430.8230059894
846799.6423961611 6312846.526547056 -143318.17016872688
856043.2983044026 6311520.506657695 -146764.31946323928
863087.5626854572 6310522.075166539 -148431.79569576224
872335.850187435 6309231.93074691 -149209.9477963446
881590.8154276677 6307989.807279089 -147320.1459973983
890182.4251820594 6306819.25823825 -145763.8288880586
896999.6811381127 6305804.0937788235 -147875.97140965023
904697.4728411707 6304664.958737044 -149543.44087263508
913487.4397225707 6303311.977118682 -153100.67465977717
922059.0687944717 6302003.92250287 -155546.24525302823
931074.5752677815 6300658.999230431 -156324.376558783
936801.6421973979 6299872.950526134 -153767.6507116891
940651.0283509076 6299307.469914353 -153434.16289605733
946145.8596193069 6298470.933465745 -153989.97568796517
951856.1283514766 6297572.252583326 -155546.24525302823
958006.7234259052 6296611.98046653 -156657.8606904968
966462.0573769767 6295280.802767562 -158214.11427828803
974265.6928443942 6294100.115055905 -157324.8276645509
983511.0520890236 6292785.143011965 -152322.5338110706
993080.2387622911 6291380.340873792 -148209.4661167251
1000999.8717196683 6290218.156222709 -144207.50307588748
1010225.5023053421 6288773.536765955 -142873.5026662899
1016593.8306257995 6287764.857237601 -142095.33286274123
1024824.8179621407 6286436.086989011 -141761.83086841524
1035036.4951339117 6284819.9998277575 -139204.969400997
1045346.4315141143 6283115.847463286 -139093.80099927814
1051480.0913184823 6282050.161032381 -140983.65803849226
1051590.1397052475 6282034.234190859 -140872.4903193052
1051591.3560467523 6282041.500423857 -140538.98690440616
1021583.3441245779 6286587.89540544 -157547.1496062057
987744.8652555177 6291083.407256603 -190448.53399805378
950298.3754585076 6296189.4927674 -211120.50768768764
914062.7396753812 6301083.236016504 -224678.34948859693
876836.6017131569 6306085.208030137 -232568.1039171553
847218.2195809224 6310116.2764953 -233012.5866111502
824078.4618543931 6313130.572697594 -234346.02787041906
780863.0045457842 6318588.3289626865 -235234.9830026716
743825.8860985582 6323315.890413159 -228123.21499167717
694281.0008025782 6329226.824900797 -220233.26470076139
675958.9360046092 6331381.8020940125 -215232.4161186795
677517.0750428848 6331320.274437214 -212120.7097989496
670708.65765993 6332456.881290105 -199451.104638741
649836.9605054584 6334835.825769799 -192893.71504665056
650167.9629936223 6334795.089767973 -193116.00282809278
656593.0058228509 6334256.408479863 -189003.64106624064
679414.5010056191 6332337.006816258 -171886.49722591107
679304.6203343363 6332354.825755969 -171664.18822083404
679304.9398050971 6332357.803804627 -171553.03363984072
679084.5365181349 6332387.462495133 -171330.72432111384
678753.2911458099 6332425.982887632 -171219.569583448
677981.5393285757 6332526.654448213 -170552.64006335227
677209.1346334518 6332621.26214129 -170108.0193437709
676436.71364415 6332715.744756188 -169663.39779510366
676876.9269315848 6332650.803931587 -170330.32980733275
675884.7054685912 6332780.635948792 -169441.08671054
634323.0229430826 6337190.118668098 -165217.13718545812
595162.6728904013 6341048.145251748 -162882.81799294447
597493.6209526581 6340902.51587517 -159992.67823502843
598502.0253825642 6340939.800501771 -154656.94948991708
585123.9173543408 6342344.826206153 -148098.30125946886
585120.3354468179 6342306.000767692 -149765.7693624508
584788.4921845193 6342339.230801901 -149654.60514033667
584454.9659927636 6342354.201112549 -150321.58978802545
601180.4856947687 6340925.084110763 -144541.00219219003
617464.7946602933 6339544.688624239 -136203.4077816312
635531.1644903959 6338097.575177253 -119416.35773087027
637075.4146368041 6337898.121779465 -121751.03288958101
634080.939644687 6338120.2632004395 -125753.29493616623
628544.613632122 6338620.444808062 -128310.26979666344
626327.984880071 6338799.0347704515 -130311.36615531423
623445.8401237812 6339025.4112578435 -133090.64527484574
619015.4317516703 6339410.138569183 -135425.2201754061
613367.3120738751 6339906.398582385 -137870.9457913747
606723.919198014 6340504.238753027 -139760.81077285018
599861.7894507203 6341149.77085684 -140094.31508535004
578389.4177887136 6343163.931184823 -139204.969400997
567652.6119899201 6344165.331702354 -137759.77688344612
556142.7505806136 6345260.906398519 -134202.3498574873
544074.635673926 6346356.016110695 -131867.7655526741
531120.4590773266 6347530.664866929 -128087.92497149023
517499.08889448165 6348735.183807128 -124085.69169271085
500220.36587357515 6350234.418326747 -118082.25041755413
484156.4610661496 6351590.099669007 -111967.52651800802
465652.1628145676 6353120.421525728 -103295.56069291508
448583.5599153663 6354476.834460917 -95068.13384735878
432953.9088158026 6355701.18169363 -85172.7765151905
419871.6329014564 6356702.39990089 -75388.40082486016
404011.57999455347 6357831.690151231 -66270.98112335631
389035.5168050482 6358853.130117425 -57264.61612605437
374500.1837182745 6359801.292814761 -48146.94493598684
359073.37544512347 6360747.896831178 -39918.71746673291
342643.85784581804 6361691.866853951 -33358.32556997414
327543.8877853014 6362514.393438352 -27687.449580743072
311442.2037902682 6363346.179688851 -21682.968836381384
297004.2607938698 6364054.026694414 -15678.468831811897
280787.2239414036 6364805.361963295 -7227.668681550796
264790.0235983267 6365495.047044302 222.38985324395492
248790.70928725318 6366133.756471706 9229.175683578924
232678.45889450744 6366728.716926844 16345.636284271637
215564.2783551186 6367306.8227707455 24018.047263460357
198448.66743468828 6367838.807519043 29800.131675071145
180998.26490759046 6368332.714975517 34915.03219242219
162768.53504387315 6368798.097879673 39473.94639409961
143426.2155688534 6369246.68104511 42031.37736779064
124638.46191220648 6369622.299144311 44922.37811717305
106183.49275940028 6369950.340019273 45811.91497588664
88394.89993239447 6370225.996010217 45255.95454275314
71495.28932579866 6370460.903396705 41920.18485461832
55817.96251078719 6370621.190762434 41364.22209788985
40140.33243605507 6370751.255642304 39473.94639409961
23795.160127287596 6370822.001744428 41253.029508607884
7005.133688493343 6370864.024159593 41030.644292378645
-10674.497253665631 6370865.29926645 40029.910204576074
-27909.3342826999 6370824.039592513 38250.82495886096
-43476.148970513794 6370744.697115837 36916.5090594737
-63490.43886559174 6370602.022920387 32246.391043422864
-80502.41242722234 6370446.098586742 24018.047263460357
