4003355.87814488 -453718.47149445955 4935273.271212808
4000885.646859597 -450256.14155995165 4937592.981174168
4002102.228989669 -447139.56029883266 4936890.211695181
4003238.7058850126 -444720.00593734137 4936187.2918299185
4004164.726761961 -444186.15387560613 4935484.221599792
4001617.712570073 -442136.17509279156 4937733.517021729
3999624.82921017 -442905.23281507404 4939279.014219641
3994513.8389976025 -438105.40789228305 4943841.000844603
3991156.330352746 -436256.79496868217 4946715.289515746
3986904.7226733007 -428188.6993690371 4950847.015416451
3985506.280745642 -425013.1620867119 4952246.409276309
3982446.5511007262 -416112.54446517554 4955462.724909213
3981954.575655286 -413321.3125061685 4956091.630513514
3980932.0931427553 -404649.1269254497 4957628.440480842
3981555.832163729 -404501.9013971785 4957139.53476489
3980396.1339608342 -397015.7013326648 4958675.846397401
3979272.47278588 -397815.49549281714 4959513.526433248
3975960.4107195404 -389075.67306014855 4962862.070723274
3975155.123853728 -390187.65138990607 4963419.822864301
3975147.852428806 -381292.77880452474 4964116.876964338
3971714.9877979225 -384391.68996288313 4966625.0195065895
3968966.521561671 -376715.4444179239 4969409.544871468
3960695.0129543664 -380255.2935957988 4975735.315111807
3958782.3399698045 -371914.76493619126 4977887.38245108
3950457.2195712663 -376837.09374049056 4984127.061092893
3951179.561345974 -365427.0015793056 4984404.09482604
3941397.857007995 -368130.3353602668 4991943.908835548
3946395.259080995 -355608.53859665047 4988902.487158895
