-4286700.923985471 124305.93685601154 4711516.127783546
-4287771.542996537 124262.08409046 4710542.976083182
-4288701.380579797 123390.05885042195 4709719.350618446
-4290843.7158048665 123226.84220684825 4707771.90950216
-4291673.567069103 122950.8124927803 4707022.635533818
-4292602.4628541265 122077.65108041301 4706198.268560875
-4292735.327806462 120281.85990087733 4706123.317506792
-4292379.497368908 121246.57043754905 4706423.11312149
-4291635.244141897 115453.61760775429 4707247.432780691
-4294966.890748296 116818.52041167664 4704174.086985381
-4292478.541942698 114651.61512982722 4706498.0584410755
-4297142.260543415 112224.42792228088 4702298.913343274
-4296198.300152388 113775.50344802722 4703124.100061881
-4293816.29446485 110637.73349477058 4705373.728123547
-4297932.481060219 106990.7339267915 4701698.668683623
-4298087.43351004 110597.6558796541 4701473.553304005
-4295403.77110095 102952.05983077447 4704099.097233001
-4299777.709537119 105384.6646747678 4700047.52327241
-4292628.74633381 108882.83629211853 4706498.0584410755
-4299590.87978207 99448.40174358926 4700347.783077917
-4303753.643948583 107135.64325062986 4696367.482016774
-4297492.786550197 101426.12482355064 4702223.887773985
-4303442.367392628 96005.52907981988 4696893.412556457
-4303243.440664606 101110.96284793025 4696968.539767858
-4300336.802652786 91731.16349861186 4699822.313385178
-4307422.814878905 90077.22233375572 4693360.820124245
-4303231.770735375 90590.68785365458 4697193.9128173
-4308422.374501327 80995.79977742648 4692608.797173995
-4308019.97421242 80612.15697547322 4692984.826518682
-4313466.505133117 78304.16031908484 4688018.362546313
-4311172.891771822 82778.74838480508 4690050.850051374
-4309994.542113253 75607.46771977229 4691254.795657444
-4315188.276501612 78109.39938053329 4686436.819169919
-4310090.646333963 79371.6332796427 4691104.322461291
-4313329.976657833 72051.39250475739 4688244.245909451
-4314813.02597769 76219.31250277055 4686813.434227445
-4311785.290334303 71423.38412783606 4689674.5420398265
-4315669.526654328 69076.76141856465 4686135.501427496
-4312670.383655849 72341.53998452736 4688846.538705482
-4309067.361878094 67316.11004482559 4692232.732093047
-4307444.557864635 66313.19542020305 4693736.777987822
-4305420.3658339055 64703.648795355155 4695616.03107571
-4304304.109187439 62582.93362861342 4696668.022337812
-4303189.7112449575 60238.006915502614 4697719.733185281
-4303074.696265546 56630.796484986866 4697869.9546974115
-4303437.366004928 53931.193658980046 4697569.505949123
-4302833.852249723 49567.28020856952 4698170.380548852
-4302377.853996219 46332.727734692264 4698620.976391217
-4302547.4833938675 45808.83887859452 4698470.783501978
-4301762.071047171 42421.525207211445 4699221.690695072
-4303595.304844374 39359.73702117001 4697569.505949123
-4304435.75524362 37038.31622281329 4696818.2839143
-4302981.262318725 34472.18396648333 4698170.380548852
-4306148.391951596 27207.003261818583 4695315.410647744
-4307535.508168087 28117.97265434493 4694037.51854253
-4305514.872918161 23445.59982618121 4695916.628617815
-4308233.384306751 20603.00001518483 4693436.014556412
-4307913.306722652 18947.314490506353 4693736.777987822
-4309078.297588543 14214.288716012903 4692684.005901924
-4310313.538878554 11961.4676296621 4691555.724901112
-4310233.872401414 11133.735108149493 4691630.953639262
-4310325.280386019 6469.730504485148 4691555.724901112
-4307950.562232312 6165.413758007272 4693736.777987822
-4309176.269401173 7972.196374114989 4692608.797173995
-4310239.418410022 8726.44477349663 4691630.953639262
-4312290.852841163 5945.833989082398 4689749.8064993415
-4313764.848036885 5270.260605027888 4688394.827677642
-4313193.66247275 3688.693002916976 4688921.818877857
