-27.281 356.989
-27.252 356.934
-27.23 356.864
-27.224 356.769
-27.256 356.723
-27.241 356.716
-27.199 356.683
-27.182 356.607
-27.197 356.569
-27.192 356.557
-27.154 356.539
-27.131 356.497
-27.128 356.475
-27.122 356.48
-27.091 356.479
-27.076 356.487
-27.033 356.483
-27.021 356.471
-27.001 356.477
-26.994 356.502
-26.944 356.528
-26.895 356.51
-26.868 356.493
-26.851 356.506
-26.806 356.523
-26.728 356.507
-26.703 356.471
-26.671 356.477
-26.622 356.501
-26.53 356.491
-26.479 356.448
-26.451 356.448
-26.394 356.471
-26.315 356.481
-26.236 356.442
-26.219 356.431
-26.168 356.463
-26.082 356.5
-25.99 356.471
-25.957 356.436
-25.93 356.454
-25.878 356.493
-25.811 356.495
-25.757 356.47
-25.737 356.458
-25.712 356.477
-25.651 356.514
-25.574 356.508
-25.539 356.465
-25.532 356.469
-25.517 356.476
-25.479 356.533
-25.4 356.529
-25.355 356.483
-25.361 356.483
-25.354 356.529
-25.305 356.574
-25.233 356.583
-25.194 356.56
-25.194 356.57
-25.175 356.653
-25.091 356.691
-25.027 356.672
-25.021 356.653
-25.03 356.692
-24.98 356.771
-24.887 356.79
-24.819 356.731
-24.832 356.692
-24.819 356.714
-24.793 356.737
-24.743 356.734
-24.74 356.7
-24.752 356.714
-24.754 356.74
-24.717 356.786
-24.674 356.784
-24.661 356.778
-24.657 356.782
-24.664 356.806
-24.64 356.837
-24.625 356.836
-24.631 356.841
-24.644 356.851
-24.651 356.877
-24.653 356.897
-24.643 356.916
-24.641 356.906
-24.652 356.898
-24.666 356.897
-24.673 356.907
-24.67 356.902
-24.667 356.885
-24.675 356.856
-24.705 356.858
-24.719 356.865
-24.712 356.874
-24.719 356.85
-24.742 356.84
-24.746 356.843
-24.749 356.866
-24.729 356.863
-24.719 356.851
-24.719 356.841
-24.732 356.856
-24.717 356.877
-24.697 356.894
-24.683 356.874
-24.697 356.873
-24.703 356.887
-24.694 356.927
-24.663 356.924
-24.665 356.915
-24.679 356.918
-24.684 356.961
-24.654 356.971
-24.639 356.974
-24.626 356.955
-24.64 356.967
-24.624 356.984
-24.608 356.991
-24.591 356.981
-24.613 356.982
-24.614 357.013
-24.6 357.035
-24.585 357.039
-24.588 357.043
-24.589 357.064
-24.588 357.101
-24.562 357.116
-24.556 357.123
-24.544 357.14
-24.543 357.161
-24.531 357.185
-24.517 357.202
-24.508 357.219
-24.497 357.243
-24.487 357.252
-24.493 357.257
-24.491 357.293
-24.493 357.328
-24.475 357.36
-24.48 357.354
-24.509 357.364
-24.526 357.417
-24.499 357.478
-24.462 357.466
-24.487 357.441
-24.514 357.457
-24.527 357.516
-24.494 357.535
-24.486 357.519
-24.504 357.515
-24.524 357.552
-24.511 357.588
-24.479 357.588
-24.483 357.575
-24.504 357.578
-24.51 357.611
-24.488 357.637
-24.466 357.626
-24.475 357.602
-24.497 357.62
-24.497 357.63
-24.503 357.634
-24.504 357.637
-24.519 357.649
-24.518 357.66
-24.554 357.679
-24.553 357.724
-24.543 357.743
-24.542 357.744
-24.565 357.745
-24.602 357.793
-24.588 357.825
-24.585 357.837
-24.598 357.818
-24.627 357.855
-24.614 357.873
-24.627 357.875
-24.615 357.879
-24.628 357.856
-24.642 357.847
-24.664 357.847
-24.652 357.847
-24.662 357.816
-24.685 357.801
-24.714 357.793
-24.712 357.805
-24.704 357.771
-24.711 357.763
-24.714 357.731
-24.729 357.727
-24.745 357.728
-24.738 357.74
-24.735 357.703
-24.759 357.703
-24.778 357.701
-24.789 357.706
-24.78 357.7
-24.792 357.679
-24.822 357.667
-24.849 357.683
-24.836 357.69
-24.844 357.674
-24.861 357.654
-24.892 357.654
-24.908 357.672
-24.917 357.671
-24.932 357.657
-24.953 357.66
-24.978 357.672
-24.993 357.671
-25.006 357.673
-25.023 357.664
-25.053 357.669
-25.075 357.658
-25.099 357.656
-25.124 357.648
-25.144 357.632
-25.187 357.611
-25.224 357.617
-25.239 357.616
-25.273 357.587
-25.335 357.591
-25.37 357.606
-25.376 357.614
-25.417 357.58
-25.474 357.589
-25.509 357.608
-25.527 357.619
-25.55 357.592
-25.586 357.576
-25.635 357.562
-25.679 357.577
-25.689 357.58
-25.697 357.533
-25.737 357.488
-25.808 357.494
-25.818 357.493
-25.827 357.456
-25.853 357.406
-25.91 357.389
-25.915 357.393
-25.903 357.364
-25.913 357.307
-25.962 357.262
-25.986 357.255
-25.971 357.235
-25.965 357.171
-26.015 357.097
-26.058 357.102
-26.068 357.102
-26.066 357.06
-26.105 356.995
-26.165 356.986
-26.168 356.986
-26.165 356.954
-26.159 356.886
-26.207 356.825
-26.248 356.821
-26.228 356.824
-26.203 356.741
-26.256 356.666
-26.3 356.653
-26.289 356.649
-26.258 356.581
-26.296 356.489
-26.339 356.458
-26.341 356.452
-26.325 356.392
-26.357 356.308
-26.398 356.263
-26.413 356.26
-26.396 356.225
-26.417 356.156
-26.446 356.117
-26.47 356.112
-26.457 356.097
-26.445 356.059
-26.446 356.02
-26.459 355.996
-26.446 355.97
-26.405 355.903
-26.391 355.792
-26.435 355.701
-26.461 355.697
-26.435 355.65
-26.423 355.574
-26.45 355.492
-26.496 355.46
-26.487 355.44
-26.464 355.38
-26.466 355.293
-26.506 355.244
-26.517 355.211
-26.512 355.152
-26.508 355.091
-26.528 355.047
-26.524 355.015
-26.514 354.983
-26.504 354.946
-26.521 354.872
-26.562 354.845
-26.55 354.845
-26.504 354.787
-26.495 354.697
-26.525 354.638
-26.54 354.632
-26.496 354.612
-26.466 354.536
-26.5 354.465
-26.512 354.444
-26.495 354.434
-26.457 354.371
-26.482 354.292
-26.514 354.256
-26.51 354.268
-26.464 354.22
-26.472 354.163
-26.491 354.134
-26.487 354.137
-26.463 354.115
-26.458 354.088
-26.457 354.055
-26.459 354.049
-26.429 354.035
-26.428 354.006
-26.418 353.989
-26.419 353.971
-26.403 353.97
-26.4 353.955
-26.388 353.95
-26.369 353.924
-26.361 353.919
-26.359 353.915
-26.343 353.923
-26.323 353.902
-26.327 353.91
-26.321 353.931
-26.299 353.982
-26.265 353.957
-26.25 353.97
-26.232 353.983
-26.205 354.003
-26.161 353.997
-26.128 353.979
-26.11 353.951
-26.091 353.931
-26.059 353.92
-26.017 353.902
-25.998 353.881
-25.981 353.876
-25.945 353.868
-25.915 353.863
-25.884 353.839
-25.873 353.828
-25.849 353.812
-25.831 353.824
-25.814 353.813
-25.788 353.81
-25.779 353.795
-25.757 353.808
-25.728 353.795
-25.7 353.794
-25.665 353.784
-25.649 353.788
-25.613 353.784
-25.587 353.784
-25.555 353.771
-25.536 353.762
-25.522 353.769
-25.494 353.793
-25.437 353.794
-25.417 353.782
-25.395 353.794
-25.355 353.81
-25.304 353.809
-25.272 353.783
-25.252 353.792
-25.224 353.8
-25.184 353.825
-25.138 353.811
-25.128 353.806
-25.119 353.819
-25.084 353.844
-25.047 353.852
-25.04 353.844
-25.029 353.849
-25.015 353.871
-24.979 353.872
-24.964 353.839
-24.965 353.845
-24.941 353.864
-24.907 353.863
-24.899 353.851
-24.896 353.847
-24.887 353.876
-24.851 353.885
-24.843 353.875
-24.827 353.863
-24.825 353.89
-24.79 353.88
-24.796 353.88
-24.769 353.872
-24.775 353.876
-24.752 353.87
-24.752 353.866
-24.722 353.864
-24.707 353.855
-24.692 353.85
-24.677 353.854
-24.644 353.856
-24.618 353.841
-24.605 353.831
-24.591 353.827
-24.574 353.825
-24.558 353.826
-24.541 353.807
-24.526 353.781
-24.525 353.767
-24.514 353.781
-24.477 353.77
-24.466 353.75
-24.463 353.736
-24.459 353.738
-24.451 353.734
-24.436 353.729
-24.434 353.721
-24.426 353.718
-24.426 353.714
-24.419 353.729
-24.41 353.733
-24.39 353.74
-24.384 353.732
-24.376 353.741
-24.366 353.753
-24.34 353.76
-24.326 353.756
-24.317 353.756
-24.313 353.759
-24.295 353.766
-24.28 353.769
-24.264 353.755
-24.254 353.743
-24.24 353.738
-24.22 353.743
-24.217 353.731
-24.194 353.722
-24.184 353.694
-24.177 353.668
-24.192 353.661
-24.168 353.671
-24.156 353.658
-24.144 353.639
-24.158 353.621
-24.148 353.627
-24.138 353.626
-24.111 353.626
-24.114 353.599
-24.108 353.603
-24.106 353.596
-24.091 353.598
-24.075 353.58
-24.061 353.569
-24.053 353.552
-24.035 353.552
-24.019 353.533
-23.996 353.523
-23.972 353.503
-23.963 353.491
-23.935 353.486
-23.903 353.466
-23.871 353.434
-23.862 353.403
-23.837 353.38
-23.817 353.379
-23.771 353.353
-23.759 353.337
-23.738 353.321
-23.734 353.317
-23.713 353.328
-23.69 353.333
-23.652 353.313
-23.653 353.291
-23.645 353.303
-23.62 353.304
-23.579 353.275
-23.575 353.235
-23.559 353.224
-23.557 353.225
-23.529 353.238
-23.505 353.231
-23.477 353.229
-23.467 353.217
-23.464 353.22
-23.447 353.226
-23.415 353.232
-23.383 353.22
-23.373 353.195
-23.365 353.173
-23.359 353.165
-23.342 353.154
-23.338 353.124
-23.339 353.101
-23.332 353.078
-23.342 353.063
-23.349 353.059
-23.34 353.063
-23.327 353.052
-23.332 353.041
-23.341 353.032
-23.343 353.038
-23.331 353.043
-23.324 353.036
-23.325 353.024
-23.331 353.021
-23.32 353.017
-23.315 353.013
-23.307 353.001
-23.316 353.0
-23.305 353.0
-23.298 352.999
-23.285 352.978
-23.298 352.976
-23.29 352.984
-23.281 352.976
-23.278 352.954
-23.29 352.935
-23.275 352.933
-23.271 352.92
-23.27 352.894
-23.27 352.884
-23.251 352.874
-23.247 352.871
-23.245 352.851
-23.255 352.858
-23.24 352.857
-23.223 352.844
-23.242 352.855
-23.251 352.867
-23.242 352.873
-23.236 352.878
-23.24 352.89
-23.24 352.9
-23.236 352.912
-23.214 352.903
-23.194 352.879
-23.179 352.852
-23.178 352.852
-23.158 352.838
-23.14 352.813
-23.116 352.774
-23.121 352.746
-23.125 352.725
-23.139 352.702
-23.145 352.68
-23.158 352.665
-23.168 352.66
-23.184 352.648
-23.198 352.632
-23.217 352.626
-23.231 352.616
-23.261 352.612
-23.279 352.622
-23.301 352.64
-23.301 352.656
-23.321 352.669
-23.332 352.685
-23.335 352.703
-23.34 352.723
-23.338 352.749
-23.338 352.767
-23.338 352.789
-23.344 352.826
-23.339 352.867
-23.327 352.897
-23.332 352.906
-23.341 352.931
-23.355 352.954
-23.37 352.976
-23.386 352.989
-23.38 352.994
-23.388 352.99
-23.399 352.997
-23.402 353.002
-23.386 353.013
-23.377 353.006
-23.383 353.009
-23.377 353.009
-23.37 353.01
-23.36 353.001
-23.365 353.003
-23.361 353.003
-23.363 353.002
-23.356 352.993
-23.357 352.977
-23.359 352.953
-23.384 352.924
-23.411 352.911
-23.432 352.925
-23.443 352.909
-23.48 352.893
-23.514 352.873
-23.545 352.878
-23.535 352.874
-23.545 352.875
-23.544 352.866
-23.577 352.874
-23.561 352.87
-23.559 352.842
-23.557 352.813
-23.583 352.778
-23.566 352.755
-23.562 352.742
-23.56 352.723
-23.571 352.703
-23.591 352.686
-23.619 352.69
-23.633 352.697
-23.642 352.682
-23.678 352.667
-23.724 352.673
-23.775 352.708
-23.816 352.737
-23.868 352.776
-23.928 352.816
-23.901 352.883
-23.876 352.907
-23.845 352.949
-23.797 352.964
-23.778 352.951
-23.764 352.949
-23.778 352.937
-23.805 352.91
-23.863 352.881
-23.906 352.863
-23.953 352.867
-24.001 352.877
-24.064 352.916
-24.106 352.981
-24.167 353.045
-24.207 353.121
-24.22 353.191
-24.219 353.228
-24.22 353.275
-24.213 353.338
-24.207 353.404
-24.194 353.458
-24.187 353.491
-24.175 353.52
-24.158 353.547
-24.133 353.577
-24.101 353.596
-24.065 353.603
-24.032 353.578
-24.035 353.554
-24.043 353.541
-24.056 353.541
-24.09 353.527
-24.164 353.522
-24.261 353.551
-24.348 353.614
-24.395 353.704
-24.414 353.762
-24.414 353.793
-24.441 353.835
-24.429 353.896
-24.409 353.954
-24.34 353.991
-24.321 353.995
-24.28 354.006
-24.254 354.017
-24.203 354.018
-24.162 353.984
-24.144 353.929
-24.113 353.878
-24.098 353.839
-24.07 353.786
-24.043 353.729
-24.032 353.662
-24.036 353.6
-24.039 353.545
-24.052 353.505
-24.053 353.457
-24.071 353.416
-24.082 353.366
-24.093 353.327
-24.094 353.288
-24.085 353.235
-24.084 353.171
-24.106 353.108
-24.118 353.07
-24.132 353.01
-24.161 352.959
-24.192 352.912
-24.225 352.87
-24.241 352.822
-24.257 352.744
-24.289 352.674
-24.327 352.634
-24.341 352.601
-24.35 352.548
-24.386 352.496
-24.42 352.462
-24.448 352.442
-24.464 352.412
-24.496 352.395
-24.521 352.385
-24.555 352.386
-24.594 352.391
-24.631 352.402
-24.656 352.415
-24.678 352.424
-24.712 352.442
-24.731 352.46
-24.764 352.463
-24.81 352.462
-24.825 352.529
-24.767 352.578
-24.741 352.587
-24.738 352.587
-24.744 352.615
-24.708 352.643
-24.679 352.641
-24.665 352.619
-24.669 352.607
-24.66 352.616
-24.647 352.609
-24.63 352.596
-24.615 352.569
-24.614 352.561
-24.595 352.563
-24.581 352.568
-24.568 352.562
-24.569 352.572
-24.565 352.589
-24.547 352.592
-24.528 352.563
-24.53 352.527
-24.507 352.513
-24.483 352.513
-24.463 352.502
-24.475 352.508
-24.468 352.535
-24.457 352.569
-24.449 352.574
-24.45 352.583
-24.461 352.59
-24.484 352.614
-24.492 352.659
-24.512 352.725
-24.529 352.801
-24.495 352.834
-24.43 352.797
-24.395 352.736
-24.395 352.654
-24.424 352.613
-24.423 352.56
-24.423 352.487
-24.413 352.426
-24.404 352.37
-24.366 352.326
-24.353 352.295
-24.324 352.273
-24.309 352.23
-24.304 352.198
-24.306 352.155
-24.288 352.125
-24.272 352.063
-24.263 352.013
-24.257 351.963
-24.235 351.926
-24.217 351.878
-24.215 351.838
-24.223 351.785
-24.231 351.747
-24.249 351.704
-24.275 351.662
-24.313 351.625
-24.337 351.605
-24.374 351.591
-24.384 351.586
-24.412 351.55
-24.485 351.542
-24.513 351.571
-24.538 351.597
-24.519 351.64
-24.491 351.638
-24.462 351.643
-24.451 351.628
-24.423 351.597
-24.421 351.535
-24.416 351.482
-24.375 351.44
-24.301 351.4
-24.245 351.366
-24.206 351.34
-24.183 351.321
-24.16 351.285
-24.147 351.225
-24.158 351.16
-24.153 351.095
-24.15 351.022
-24.126 350.944
-24.086 350.874
-24.047 350.808
-24.006 350.772
-23.957 350.733
-23.908 350.682
-23.863 350.631
-23.824 350.556
-23.79 350.483
-23.765 350.392
-23.754 350.323
-23.721 350.25
-23.715 350.193
-23.692 350.145
-23.68 350.1
-23.659 350.053
-23.643 350.002
-23.628 349.954
-23.602 349.908
-23.591 349.844
-23.572 349.8
-23.547 349.75
-23.535 349.7
-23.549 349.656
-23.527 349.634
-23.509 349.599
-23.505 349.581
-23.476 349.599
-23.435 349.62
-23.404 349.62
-23.389 349.621
-23.348 349.605
-23.322 349.555
-23.278 349.5
-23.244 349.448
-23.192 349.388
-23.159 349.317
-23.119 349.251
-23.082 349.182
-23.052 349.101
-23.03 349.014
-23.014 348.928
-23.022 348.845
-23.017 348.761
-23.025 348.686
-23.017 348.608
-23.018 348.547
-23.034 348.481
-23.048 348.422
-23.043 348.382
-23.041 348.332
-23.035 348.28
-23.045 348.225
-23.035 348.199
-23.033 348.146
-23.034 348.103
-23.042 348.054
-23.036 347.995
-23.062 347.937
-23.124 347.913
-23.164 347.916
-23.203 347.943
-23.203 347.981
-23.178 348.014
-23.096 348.013
-23.037 347.962
-23.006 347.915
-22.971 347.855
-22.947 347.811
-22.917 347.756
-22.907 347.708
-22.883 347.659
-22.878 347.615
-22.869 347.583
-22.854 347.55
-22.843 347.495
-22.844 347.442
-22.848 347.403
-22.851 347.352
-22.858 347.291
-22.865 347.24
-22.882 347.188
-22.899 347.165
-22.893 347.131
-22.902 347.1
-22.9 347.046
-22.914 347.007
-22.929 346.956
-22.949 346.931
-22.955 346.892
-22.963 346.869
-22.969 346.821
-23.002 346.77
-23.025 346.746
-23.051 346.715
-23.079 346.689
-23.127 346.66
-23.164 346.648
-23.22 346.66
-23.194 346.672
-23.166 346.651
-23.142 346.626
-23.139 346.598
-23.11 346.59
-23.078 346.545
-23.06 346.507
-23.027 346.439
-23.026 346.393
-23.012 346.33
-23.007 346.265
-22.991 346.181
-22.968 346.084
-22.956 345.998
-22.946 345.905
-22.935 345.811
-22.92 345.725
-22.918 345.649
-22.938 345.593
-22.947 345.515
-22.985 345.418
-23.006 345.32
-23.0 345.258
-22.947 345.212
-22.931 345.162
-22.916 345.117
-22.923 345.086
-22.921 345.077
-22.913 345.045
-22.893 345.03
-22.883 345.0
-22.888 345.019
-22.838 345.04
-22.787 345.055
-22.734 345.041
-22.713 345.034
-22.676 345.042
-22.636 345.032
-22.579 345.01
-22.555 344.949
-22.532 344.889
-22.532 344.833
-22.517 344.808
-22.497 344.774
-22.479 344.731
-22.459 344.705
-22.427 344.686
-22.397 344.636
-22.388 344.576
-22.378 344.545
-22.352 344.506
-22.32 344.468
-22.284 344.376
-22.271 344.291
-22.25 344.22
-22.251 344.17
-22.255 344.097
-22.279 344.041
-22.271 343.981
-22.3 343.906
-22.339 343.843
-22.384 343.795
-22.406 343.745
-22.421 343.685
-22.47 343.665
-22.501 343.666
-22.526 343.672
-22.538 343.693
-22.53 343.716
-22.497 343.687
-22.477 343.651
-22.457 343.632
-22.419 343.616
-22.368 343.591
-22.331 343.564
-22.315 343.536
-22.291 343.512
-22.274 343.488
-22.252 343.46
-22.223 343.435
-22.194 343.382
-22.185 343.332
-22.175 343.293
-22.164 343.251
-22.165 343.203
-22.173 343.159
-22.205 343.131
-22.223 343.114
-22.259 343.11
-22.263 343.111
-22.273 343.1
-22.285 343.09
-22.311 343.092
-22.335 343.096
-22.344 343.098
-22.334 343.113
-22.296 343.13
-22.24 343.096
-22.202 343.023
-22.182 342.975
-22.138 342.918
-22.098 342.864
-22.081 342.809
-22.06 342.764
-22.043 342.691
-22.036 342.639
-22.014 342.56
-22.007 342.497
-22.0 342.415
-22.013 342.36
-22.018 342.312
-22.043 342.247
-22.075 342.178
-22.117 342.128
-22.152 342.111
-22.164 342.084
-22.209 342.051
-22.243 342.04
-22.245 342.028
-22.256 341.984
-22.285 341.93
-22.309 341.896
-22.317 341.859
-22.32 341.82
-22.32 341.769
-22.325 341.725
-22.331 341.693
-22.337 341.663
-22.363 341.621
-22.385 341.596
-22.388 341.57
-22.4 341.55
-22.435 341.537
-22.456 341.548
-22.457 341.548
-22.467 341.527
-22.494 341.498
-22.542 341.471
-22.6 341.468
-22.64 341.457
-22.696 341.432
-22.753 341.42
-22.812 341.407
-22.868 341.389
-22.927 341.399
-22.96 341.403
-22.99 341.396
-23.024 341.364
-23.096 341.352
-23.121 341.351
-23.148 341.327
-23.191 341.282
-23.253 341.254
-23.295 341.234
-23.349 341.235
-23.381 341.249
-23.417 341.269
-23.427 341.272
-23.467 341.253
-23.514 341.239
-23.539 341.231
-23.577 341.265
-23.578 341.26
-23.616 341.219
-23.695 341.183
-23.778 341.196
-23.816 341.232
-23.836 341.265
-23.901 341.271
-23.984 341.323
-24.06 341.39
-24.1 341.463
-24.063 341.492
-24.049 341.474
-24.068 341.462
-24.104 341.474
-24.105 341.532
-24.063 341.542
-24.027 341.505
-24.044 341.436
-24.108 341.398
-24.163 341.406
-24.206 341.429
-24.251 341.429
-24.338 341.495
-24.387 341.605
-24.395 341.71
-24.384 341.778
-24.366 341.839
-24.346 341.883
-24.33 341.941
-24.294 341.989
-24.252 342.024
-24.22 342.01
-24.223 341.984
-24.237 341.952
-24.261 341.953
-24.263 341.939
-24.276 341.915
-24.3 341.857
-24.348 341.811
-24.383 341.809
-24.4 341.823
-24.417 341.818
-24.454 341.812
-24.501 341.826
-24.539 341.853
-24.58 341.887
-24.645 341.916
-24.714 341.958
-24.751 341.989
-24.818 342.017
-24.874 342.086
-24.912 342.166
-24.931 342.227
-24.957 342.279
-24.897 342.319
-24.87 342.34
-24.851 342.387
-24.839 342.437
-24.819 342.456
-24.807 342.494
-24.795 342.523
-24.788 342.559
-24.764 342.566
-24.763 342.579
-24.763 342.581
-24.768 342.6
-24.773 342.588
-24.795 342.606
-24.807 342.628
-24.825 342.667
-24.857 342.716
-24.874 342.807
-24.828 342.899
-24.743 342.914
-24.678 342.901
-24.675 342.868
-24.666 342.864
-24.66 342.86
-24.635 342.839
-24.62 342.802
-24.594 342.779
-24.597 342.738
-24.632 342.726
-24.652 342.739
-24.66 342.755
-24.678 342.774
-24.744 342.785
-24.789 342.84
-24.788 342.884
-24.801 342.884
-24.824 342.892
-24.852 342.938
-24.861 342.995
-24.856 343.003
-24.891 343.013
-24.91 343.037
-24.939 343.068
-24.942 343.112
-24.927 343.143
-24.928 343.132
-24.91 343.119
-24.9 343.078
-24.884 343.025
-24.871 342.995
-24.873 342.971
-24.864 342.942
-24.877 342.895
-24.877 342.87
-24.881 342.836
-24.894 342.789
-24.916 342.72
-24.954 342.671
-24.951 342.644
-24.932 342.595
-24.925 342.522
-24.952 342.481
-24.959 342.458
-24.952 342.42
-24.945 342.361
-24.952 342.303
-24.964 342.272
-24.936 342.242
-24.923 342.198
-24.934 342.153
-24.938 342.142
-24.93 342.123
-24.93 342.078
-24.943 342.052
-24.948 342.041
-24.931 342.033
-24.937 342.02
-24.969 342.013
-25.002 342.041
-25.019 342.061
-25.036 342.078
-25.053 342.1
-25.045 342.103
-25.0 342.113
-24.941 342.079
-24.91 342.058
-24.882 342.061
-24.829 342.077
-24.749 342.069
-24.706 342.041
-24.686 342.056
-24.65 342.064
-24.611 342.043
-24.576 342.001
-24.562 341.988
-24.546 341.973
-24.523 341.969
-24.51 341.972
-24.479 341.981
-24.454 341.984
-24.434 341.966
-24.42 341.981
-24.383 341.988
-24.352 341.967
-24.363 341.942
-24.371 341.956
-24.357 341.973
-24.332 341.973
-24.351 341.953
-24.36 341.978
-24.345 342.003
-24.319 342.016
-24.318 341.999
-24.326 341.997
-24.312 341.988
-24.31 341.992
-24.298 341.981
-24.291 341.977
-24.28 341.954
-24.276 341.943
-24.279 341.925
-24.29 341.929
-24.27 341.936
-24.255 341.93
-24.265 341.894
-24.281 341.89
-24.271 341.891
-24.259 341.886
-24.271 341.852
-24.29 341.839
-24.289 341.839
-24.276 341.843
-24.265 341.81
-24.284 341.791
-24.296 341.806
-24.287 341.809
-24.295 341.794
-24.299 341.799
-24.306 341.826
-24.296 341.835
-24.325 341.834
-24.351 341.868
-24.366 341.906
-24.391 341.941
-24.433 341.995
-24.462 342.052
-24.48 342.099
-24.539 342.154
-24.571 342.225
-24.571 342.285
-24.569 342.291
-24.591 342.28
-24.632 342.276
-24.667 342.291
-24.667 342.307
-24.669 342.29
-24.705 342.302
-24.708 342.342
-24.688 342.287
-24.694 342.212
-24.7 342.161
-24.675 342.137
-24.612 342.11
-24.558 342.076
-24.551 342.031
-24.544 342.009
-24.528 341.991
-24.511 341.966
-24.52 341.935
-24.519 341.942
-24.495 341.96
-24.473 341.962
-24.487 341.945
-24.489 341.961
-24.48 341.975
-24.45 341.994
-24.438 341.986
-24.424 342.012
-24.406 342.038
-24.371 342.085
-24.32 342.072
-24.299 342.079
-24.276 342.089
-24.253 342.086
-24.22 342.046
-24.208 342.049
-24.178 342.032
-24.144 342.02
-24.109 341.977
-24.104 341.939
-24.106 341.902
-24.096 341.884
-24.081 341.858
-24.075 341.845
-24.074 341.828
-24.065 341.82
-24.075 341.813
-24.091 341.824
-24.094 341.837
-24.08 341.838
-24.075 341.807
-24.077 341.794
-24.072 341.794
-24.062 341.799
-24.042 341.818
-24.025 341.817
-24.019 341.824
-24.022 341.834
-24.027 341.839
-24.019 341.84
-24.024 341.833
-24.029 341.822
-24.049 341.805
-24.08 341.804
-24.084 341.81
-24.07 341.79
-24.044 341.772
-24.042 341.748
-24.008 341.736
-23.99 341.69
-23.956 341.62
-23.956 341.545
-23.94 341.508
-23.893 341.481
-23.843 341.407
-23.814 341.312
-23.821 341.227
-23.823 341.167
-23.796 341.107
-23.761 341.035
-23.741 340.937
-23.746 340.849
-23.776 340.787
-23.776 340.746
-23.765 340.69
-23.766 340.624
-23.8 340.555
-23.832 340.521
-23.839 340.483
-23.829 340.425
-23.84 340.343
-23.853 340.276
-23.852 340.228
-23.837 340.21
-23.793 340.151
-23.791 340.093
-23.803 340.036
-23.808 339.998
-23.817 339.95
-23.817 339.91
-23.821 339.852
-23.837 339.793
-23.885 339.747
-23.942 339.75
-23.953 339.745
-23.953 339.697
-24.021 339.638
-24.09 339.635
-24.134 339.66
-24.16 339.673
-24.214 339.678
-24.272 339.707
-24.31 339.753
-24.35 339.779
-24.426 339.828
-24.471 339.869
-24.523 339.897
-24.584 339.909
-24.665 339.939
-24.747 339.943
-24.827 339.949
-24.921 339.966
-25.016 340.029
-25.058 340.105
-25.068 340.144
-25.107 340.142
-25.182 340.161
-25.208 340.227
-25.197 340.249
-25.196 340.212
-25.255 340.173
-25.305 340.207
-25.309 340.242
-25.315 340.223
-25.368 340.191
-25.432 340.218
-25.443 340.233
-25.444 340.21
-25.453 340.177
-25.47 340.205
-25.475 340.221
-25.493 340.256
-25.52 340.298
-25.543 340.359
-25.553 340.403
-25.529 340.456
-25.455 340.406
-25.434 340.337
-25.466 340.297
-25.449 340.302
-25.437 340.237
-25.436 340.188
-25.485 340.197
-25.521 340.248
-25.516 340.273
-25.531 340.284
-25.563 340.26
-25.659 340.279
-25.719 340.371
-25.722 340.423
-25.77 340.433
-25.811 340.474
-25.839 340.517
-25.876 340.539
-25.83 340.521
-25.806 340.463
-25.804 340.39
-25.811 340.385
-25.771 340.359
-25.742 340.302
-25.756 340.235
-25.776 340.212
-25.781 340.185
-25.77 340.145
-25.785 340.066
-25.815 340.018
-25.819 339.992
-25.815 339.959
-25.812 339.903
-25.835 339.849
-25.857 339.829
-25.833 339.804
-25.845 339.734
-25.841 339.689
-25.851 339.658
-25.83 339.628
-25.84 339.576
-25.828 339.545
-25.818 339.498
-25.798 339.47
-25.801 339.421