21.448 216.594
21.413 216.587
21.357 216.594
21.314 216.597
21.257 216.591
21.223 216.582
21.176 216.598
21.133 216.584
21.093 216.551
21.049 216.527
20.988 216.509
20.965 216.457
20.973 216.407
20.994 216.387
20.992 216.392
20.985 216.396
20.949 216.379
20.927 216.357
20.907 216.331
20.872 216.32
20.832 216.275
20.814 216.216
20.801 216.192
20.774 216.168
20.763 216.143
20.754 216.132
20.737 216.14
20.697 216.127
20.672 216.115
20.651 216.101
20.643 216.097
20.622 216.102
20.589 216.117
20.537 216.123
20.498 216.124
20.466 216.119
20.429 216.108
20.405 216.091
20.388 216.092
20.362 216.083
20.343 216.074
20.333 216.087
20.285 216.089
20.243 216.072
20.212 216.059
20.18 216.038
20.156 216.015
20.13 215.987
20.109 215.955
20.102 215.929
20.083 215.915
20.069 215.896
20.057 215.884
20.029 215.88
20.007 215.857
19.991 215.834
19.985 215.807
19.98 215.81
19.942 215.815
19.904 215.796
19.891 215.753
19.885 215.735
19.871 215.728
19.844 215.723
19.808 215.692
19.773 215.674
19.741 215.646
19.731 215.61
19.731 215.585
19.736 215.559
19.745 215.541
19.736 215.523
19.711 215.484
19.698 215.425
19.7 215.372
19.713 215.333
19.713 215.32
19.677 215.302
19.649 215.248
19.659 215.193
19.663 215.166
19.639 215.128
19.622 215.087
19.606 215.049
19.589 214.998
19.558 214.95
19.55 214.911
19.536 214.878
19.524 214.85
19.482 214.82
19.463 214.775
19.427 214.729
19.384 214.666
19.366 214.548
19.397 214.443
19.436 214.389
19.441 214.353
19.421 214.304
19.409 214.249
19.379 214.191
19.359 214.122
19.362 214.058
19.35 214.048
19.292 214.03
19.252 213.977
19.229 213.935
19.188 213.915
19.109 213.908
19.048 213.885
18.97 213.872
18.852 213.847
18.754 213.783
18.693 213.727
18.616 213.68
18.528 213.632
18.484 213.62
18.38 213.6
18.292 213.591
18.225 213.576
18.19 213.578
18.137 213.594
18.075 213.574
18.037 213.576
17.986 213.592
17.933 213.603
17.865 213.601
17.797 213.62
17.743 213.634
17.71 213.647
17.67 213.67
17.652 213.689
17.679 213.683
17.679 213.678
17.641 213.647
17.607 213.639
17.576 213.62
17.585 213.606
17.578 213.587
17.541 213.545
17.507 213.474
17.507 213.42
17.527 213.39
17.495 213.38
17.474 213.362
17.425 213.329
17.39 213.257
17.356 213.197
17.33 213.13
17.326 213.073
17.313 213.024
17.283 212.977
17.257 212.935
17.237 212.884
17.205 212.822
17.192 212.747
17.223 212.698
17.231 212.657
17.222 212.658
17.195 212.619
17.173 212.59
17.146 212.526
17.153 212.453
17.184 212.386
17.177 212.363
17.151 212.323
17.113 212.268
17.099 212.189
17.091 212.149
17.093 212.119
17.07 212.092
17.056 212.045
17.056 211.993
17.062 211.952
17.044 211.903
17.042 211.842
17.043 211.782
17.028 211.728
17.009 211.65
17.006 211.576
17.026 211.508
17.02 211.462
17.032 211.407
17.043 211.366
17.028 211.308
17.03 211.222
17.098 211.152
17.149 211.136
17.145 211.127
17.139 211.103
17.101 211.035
17.117 210.936
17.141 210.841
17.208 210.783
17.248 210.749
17.274 210.731
17.283 210.693
17.297 210.659
17.318 210.622
17.358 210.598
17.366 210.561
17.41 210.542
17.404 210.514
17.412 210.476
17.429 210.419
17.478 210.371
17.517 210.365
17.512 210.373
17.499 210.345
17.487 210.297
17.513 210.246
17.535 210.195
17.55 210.154
17.558 210.1
17.56 210.063
17.553 209.973
17.579 209.872
17.617 209.785
17.668 209.712
17.716 209.657
17.757 209.587
17.775 209.519
17.812 209.435
17.868 209.352
17.922 209.286
17.976 209.227
18.029 209.177
18.054 209.147
18.065 209.087
18.088 209.011
18.133 208.951
18.195 208.908
18.238 208.891
18.253 208.874
18.261 208.815
18.305 208.762
18.339 208.707
18.389 208.667
18.45 208.611
18.506 208.605
18.542 208.583
18.577 208.562
18.624 208.511
18.708 208.483
18.778 208.471
18.836 208.468
18.868 208.451
18.893 208.428
18.882 208.42
18.887 208.415
18.885 208.426
18.913 208.427
18.926 208.426
18.954 208.449
18.965 208.453
18.993 208.444
19.027 208.436
19.077 208.441
19.113 208.461
19.119 208.493
19.111 208.507
19.134 208.511
19.151 208.532
19.184 208.545
19.212 208.59
19.224 208.63
19.23 208.656
19.237 208.657
19.25 208.642
19.314 208.629
19.377 208.647
19.42 208.663
19.47 208.687
19.504 208.705
19.564 208.7
19.639 208.744
19.671 208.769
19.727 208.794
19.752 208.803
19.79 208.789
19.851 208.769
19.902 208.767
19.941 208.771
19.944 208.754
19.964 208.71
19.985 208.672
20.027 208.651
20.045 208.649
20.039 208.639
20.023 208.607
20.048 208.564
20.055 208.532
20.085 208.517
20.095 208.512
20.091 208.501
20.085 208.462
20.131 208.419
20.155 208.393
20.192 208.368
20.186 208.358
20.19 208.303
20.21 208.252
20.244 208.206
20.282 208.177
20.326 208.125
20.357 208.081
20.402 208.044
20.414 208.017
20.437 207.964
20.462 207.939
20.49 207.912
20.506 207.904
20.546 207.897
20.538 207.902
20.563 207.858
20.633 207.845
20.683 207.871
20.701 207.872
20.752 207.86
20.784 207.844
20.818 207.822
20.859 207.821
20.883 207.827
20.882 207.806
20.906 207.782
20.921 207.748
20.931 207.709
20.96 207.658
21.0 207.626
21.02 207.603
21.033 207.558
21.054 207.505
21.057 207.47
21.063 207.425
21.063 207.386
21.067 207.333
21.063 207.277
21.074 207.211
21.087 207.18
21.078 207.147
21.045 207.096
21.034 207.016
21.049 206.953
21.051 206.899
21.046 206.866
21.016 206.81
21.009 206.732
21.009 206.673
20.973 206.623
20.937 206.54
20.929 206.461
20.905 206.411
20.85 206.337
20.82 206.248
20.801 206.169
20.771 206.106
20.746 206.042
20.729 205.966
20.735 205.896
20.735 205.855
20.728 205.82
20.706 205.761
20.711 205.695
20.706 205.642
20.704 205.593
20.709 205.529
20.706 205.464
20.681 205.392
20.692 205.314
20.685 205.237
20.705 205.152
20.694 205.09
20.701 205.005
20.708 204.924
20.742 204.842
20.754 204.786
20.766 204.706
20.783 204.633
20.811 204.558
20.865 204.498
20.913 204.453
20.952 204.404
20.993 204.38
21.032 204.362
21.037 204.324
21.091 204.266
21.131 204.231
21.179 204.182
21.208 204.144
21.264 204.107
21.299 204.069
21.352 204.032
21.393 203.994
21.445 203.965
21.479 203.942
21.519 203.918
21.535 203.891
21.572 203.843
21.627 203.799
21.683 203.768
21.736 203.765
21.761 203.744
21.797 203.674
21.845 203.625
21.866 203.58
21.854 203.519
21.851 203.466
21.866 203.423
21.912 203.379
21.943 203.346
21.989 203.315
22.025 203.276
22.062 203.234
22.099 203.19
22.146 203.135
22.18 203.08
22.228 203.008
22.272 202.926
22.336 202.833
22.383 202.743
22.442 202.657
22.476 202.604
22.512 202.528
22.534 202.465
22.585 202.4
22.619 202.361
22.681 202.305
22.729 202.29
22.767 202.256
22.797 202.235
22.823 202.171
22.882 202.156
22.916 202.142
22.947 202.136
22.948 202.084
23.01 202.06
23.033 202.024
23.087 202.025
23.106 202.011
23.148 202.017
23.148 201.999
23.193 201.978
23.231 201.981
23.265 202.008
23.265 202.024
23.279 202.004
23.325 202.008
23.352 202.035
23.358 202.06
23.376 202.068
23.388 202.078
23.4 202.074
23.43 202.1
23.438 202.13
23.439 202.161
23.424 202.17
23.435 202.199
23.428 202.218
23.438 202.238
23.435 202.277
23.427 202.318
23.411 202.343
23.427 202.363
23.428 202.407
23.414 202.455
23.392 202.493
23.393 202.507
23.387 202.553
23.364 202.597
23.346 202.662
23.307 202.709
23.281 202.76
23.248 202.786
23.25 202.862
23.216 202.938
23.18 203.004
23.142 203.063
23.137 203.138
23.125 203.215
23.101 203.314
23.064 203.407
23.041 203.452
23.066 203.519
23.077 203.604
23.076 203.685
23.078 203.734
23.101 203.758
23.144 203.802
23.2 203.847
23.23 203.917
23.248 203.905
23.34 203.893
23.404 203.943
23.437 203.941
23.491 203.928
23.558 203.918
23.624 203.898
23.741 203.905
23.814 203.912
23.897 203.922
23.917 203.919
23.995 203.872
24.079 203.876
24.117 203.86
24.154 203.803
24.194 203.755
24.22 203.73
24.209 203.711
24.203 203.664
24.217 203.632
24.239 203.625
24.22 203.625
24.19 203.589
24.19 203.551
24.126 203.537
24.056 203.481
23.976 203.414
23.906 203.372
23.81 203.301
23.726 203.203
23.667 203.15
23.599 203.105
23.549 203.066
23.497 203.049
23.449 203.022
23.415 203.012
23.366 202.981
23.317 202.944
23.274 202.897
23.255 202.86
23.238 202.816
23.217 202.786
23.188 202.721
23.208 202.694
23.192 202.644
23.175 202.605
23.16 202.549
23.192 202.526
23.194 202.49
23.203 202.468
23.21 202.413
23.244 202.383
23.29 202.355
23.334 202.384
23.326 202.368
23.353 202.372
23.355 202.364
23.379 202.391
23.359 202.39
23.385 202.422
23.378 202.478
23.379 202.529
23.353 202.58
23.354 202.608
23.321 202.693
23.295 202.728
23.233 202.8
23.154 202.789
23.105 202.826
23.059 202.841
23.007 202.873
22.928 202.898
22.854 202.897
22.779 202.899
22.716 202.866
22.693 202.87
22.617 202.883
22.56 202.893
22.476 202.85
22.45 202.782
22.472 202.768
22.43 202.798
22.343 202.798
22.271 202.736
22.274 202.674
22.268 202.667
22.202 202.681
22.14 202.644
22.121 202.58
22.114 202.521
22.104 202.485
22.085 202.437
22.085 202.393
22.091 202.329
22.099 202.271
22.121 202.218
22.133 202.15
22.163 202.062
22.203 201.959
22.253 201.903
22.298 201.83
22.336 201.784
22.352 201.728
22.384 201.68
22.398 201.617
22.43 201.567
22.43 201.511
22.467 201.46
22.485 201.393
22.514 201.328
22.526 201.267
22.556 201.191
22.604 201.12
22.641 201.058
22.688 201.001
22.725 200.935
22.79 200.868
22.859 200.845
22.904 200.832
22.951 200.802
23.014 200.751
23.093 200.764
23.135 200.764
23.197 200.761
23.202 200.769
23.232 200.747
23.254 200.72
23.305 200.712
23.315 200.75
23.295 200.757
23.27 200.748
23.28 200.719
23.303 200.73
23.3 200.76
23.25 200.775
23.229 200.759
23.208 200.75
23.217 200.732
23.204 200.777
23.154 200.788
23.099 200.763
23.09 200.736
23.083 200.747
23.068 200.749
23.029 200.769
22.982 200.75
22.956 200.74
22.934 200.715
22.91 200.709
22.884 200.692
22.854 200.682
22.825 200.653
22.803 200.637
22.775 200.611
22.739 200.573
22.736 200.541
22.702 200.503
22.676 200.462
22.642 200.409
22.634 200.353
22.618 200.29
22.611 200.221
22.602 200.154
22.621 200.083
22.632 200.044
22.623 199.981
22.615 199.889
22.649 199.801
22.684 199.73
22.719 199.655
22.748 199.593
22.777 199.522
22.825 199.435
22.878 199.374
22.916 199.332
22.953 199.285
23.0 199.22
23.032 199.143
23.021 199.079
23.033 199.013
23.047 198.907
23.062 198.819
23.041 198.692
23.078 198.579
23.103 198.489
23.154 198.421
23.174 198.376
23.232 198.307
23.304 198.272
23.366 198.252
23.423 198.217
23.447 198.222
23.497 198.197
23.502 198.162
23.512 198.138
23.519 198.129
23.536 198.123
23.503 198.094
23.513 198.041
23.494 197.996
23.487 197.91
23.481 197.813
23.491 197.743
23.479 197.63
23.511 197.546
23.526 197.456
23.574 197.392
23.618 197.349
23.704 197.31
23.762 197.309
23.816 197.279
23.934 197.293
23.988 197.319
24.045 197.34
24.103 197.364
24.161 197.392
24.214 197.463
24.214 197.494
24.237 197.529
24.262 197.555
24.293 197.623
24.275 197.678
24.275 197.706
24.29 197.738
24.315 197.792
24.301 197.84
24.296 197.857
24.309 197.873
24.337 197.911
24.335 197.93
24.329 197.936
24.337 197.93
24.366 197.953
24.356 197.956
24.357 197.936
24.389 197.935
24.401 197.963
24.397 197.966
24.391 197.954
24.42 197.924
24.458 197.945
24.454 197.96
24.426 197.949
24.449 197.901
24.486 197.894
24.509 197.913
24.484 197.907
24.506 197.857
24.536 197.834
24.568 197.829
24.547 197.826
24.555 197.783
24.577 197.762
24.598 197.765
24.558 197.766
24.57 197.707
24.585 197.713
24.584 197.71
24.561 197.7
24.573 197.651
24.595 197.663
24.589 197.679
24.558 197.687
24.56 197.654
24.584 197.69
24.575 197.701
24.567 197.714
24.571 197.686
24.605 197.701
24.608 197.7
24.61 197.699
24.604 197.659
24.651 197.653
24.653 197.649
24.65 197.635
24.653 197.596
24.694 197.583
24.694 197.572
24.686 197.545
24.703 197.5
24.735 197.499
24.717 197.483
24.712 197.445
24.733 197.411
24.774 197.402
24.762 197.379
24.761 197.331
24.774 197.285
24.799 197.241
24.802 197.215
24.789 197.178
24.781 197.121
24.8 197.069
24.807 197.039
24.782 197.026
24.751 196.957
24.776 196.885
24.806 196.869
24.762 196.866
24.759 196.797
24.773 196.774
24.791 196.743
24.784 196.705
24.82 196.677
24.827 196.673
24.821 196.625
24.838 196.572
24.889 196.559
24.882 196.567
24.879 196.518
24.882 196.479
24.919 196.445
24.923 196.441
24.916 196.413
24.902 196.381
24.927 196.343
24.951 196.332
24.948 196.309
24.951 196.289
24.959 196.259
24.991 196.231
25.013 196.212
25.009 196.227
25.008 196.19
25.048 196.167
25.07 196.156
25.072 196.157
25.076 196.119
25.126 196.091
25.141 196.09
25.149 196.085
25.159 196.058
25.203 196.049
25.217 196.045
25.231 196.041
25.249 196.029
25.285 196.019
25.284 196.021
25.293 195.989
25.32 195.978
25.356 195.955
25.362 195.986
25.338 195.964
25.36 195.944
25.388 195.921
25.402 195.96
25.374 195.942
25.404 195.937
25.425 195.923
25.454 195.96
25.441 195.961
25.463 195.958
25.482 195.945
25.508 195.988
25.492 195.993
25.507 196.002
25.519 196.011
25.54 196.052
25.527 196.075
25.533 196.065
25.582 196.06
25.61 196.096
25.603 196.132
25.585 196.101
25.609 196.079
25.633 196.091
25.626 196.13
25.606 196.113
25.623 196.102
25.642 196.105
25.649 196.126
25.638 196.128
25.634 196.137
25.63 196.143
25.635 196.153
25.632 196.185
25.614 196.208
25.605 196.223
25.598 196.235
25.609 196.248
25.598 196.283
25.575 196.314
25.537 196.317
25.524 196.319
25.527 196.344
25.492 196.392
25.439 196.401
25.404 196.39
25.407 196.387
25.368 196.433
25.3 196.427
25.286 196.397
25.305 196.394
25.289 196.437
25.241 196.43
25.23 196.395
25.264 196.382
25.267 196.427
25.222 196.417
25.218 196.398
25.224 196.358
25.257 196.379
25.219 196.371
25.212 196.359
25.218 196.31
25.264 196.323
25.232 196.33
25.222 196.328
25.209 196.272
25.252 196.284
25.216 196.301
25.212 196.305
25.192 196.258
25.223 196.247
25.2 196.26
25.19 196.265
25.158 196.234
25.184 196.214
25.163 196.223
25.158 196.225
25.128 196.209
25.14 196.2
25.104 196.194
25.107 196.18
25.085 196.163
25.094 196.161
25.053 196.155
25.061 196.128
25.055 196.103
25.066 196.114
25.025 196.097
25.031 196.053
25.044 196.006
25.072 196.02
25.034 196.017
25.038 195.97
25.075 195.926
25.097 195.951
25.069 195.934
25.073 195.879
25.131 195.83
25.165 195.852
25.162 195.889
25.144 195.866
25.186 195.851
25.227 195.883
25.22 195.947
25.196 195.953
25.226 195.954
25.255 195.999
25.254 196.078
25.222 196.1
25.254 196.116
25.262 196.186
25.245 196.229
25.228 196.246
25.251 196.265
25.253 196.333
25.223 196.366
25.213 196.383
25.222 196.405
25.245 196.483
25.213 196.539
25.218 196.59
25.222 196.638
25.241 196.706
25.228 196.764
25.209 196.812
25.194 196.834
25.222 196.891
25.185 196.974
25.153 197.01
25.103 197.049
25.093 197.064
25.045 197.118
25.013 197.127
24.967 197.156
24.926 197.172
24.89 197.184
24.85 197.176
24.835 197.192
24.785 197.214
24.744 197.202
24.725 197.186
24.703 197.187
24.666 197.193
24.635 197.165
24.617 197.158
24.595 197.126
24.58 197.126
24.55 197.098
24.554 197.065
24.556 197.022
24.545 196.978
24.562 196.955
24.576 196.933
24.586 196.911
24.578 196.865
24.599 196.834
24.642 196.793
24.681 196.812
24.653 196.795
24.668 196.768
24.707 196.727
24.755 196.747
24.744 196.766
24.758 196.764
24.773 196.769
24.822 196.765
24.827 196.811
24.828 196.813
24.839 196.837
24.866 196.846
24.867 196.891
24.858 196.919
24.838 196.94
24.855 196.955
24.817 196.989
24.791 197.011
24.761 197.018
24.743 197.025
24.72 197.048
24.667 197.083
24.617 197.066
24.587 197.071
24.55 197.07
24.504 197.089
24.451 197.08
24.413 197.061
24.372 197.047
24.352 197.035
24.299 197.025
24.286 196.985
24.247 196.967
24.244 196.932
24.218 196.913
24.232 196.88
24.204 196.864
24.219 196.825
24.23 196.808
24.258 196.801
24.246 196.808
24.252 196.775
24.269 196.756
24.303 196.744
24.322 196.754
24.328 196.762
24.328 196.773
24.323 196.755
24.347 196.751
24.358 196.774
24.373 196.805
24.361 196.801
24.383 196.815
24.373 196.837
24.375 196.853
24.379 196.849
24.387 196.856
24.38 196.874
24.374 196.871
24.396 196.876
24.385 196.893
24.373 196.906
24.354 196.892
24.379 196.881
24.366 196.896
24.35 196.912
24.318 196.898
24.33 196.881
24.315 196.888
24.306 196.913
24.274 196.909
24.279 196.917
24.27 196.929
24.256 196.957
24.228 196.945
24.239 196.958
24.223 196.971
24.208 196.988
24.183 196.983
24.187 196.978
24.176 196.989
24.161 197.012
24.119 197.018
24.088 197.01
24.056 197.009
24.029 197.008
23.985 197.002
23.948 196.987
23.904 196.96
23.872 196.941
23.851 196.911
23.818 196.91
23.797 196.882
23.755 196.862
23.753 196.822
23.727 196.811
23.72 196.797
23.682 196.772
23.678 196.727
23.685 196.678
23.716 196.67
23.715 196.68
23.702 196.672
23.69 196.634
23.702 196.607
23.719 196.622
23.692 196.654
23.651 196.621
23.645 196.585
23.662 196.589
23.644 196.599
23.633 196.578
23.627 196.561
23.637 196.563
23.615 196.573
23.597 196.557
23.576 196.54
23.584 196.526
23.569 196.53
23.559 196.503
23.551 196.5
23.55 196.497
23.52 196.502
23.492 196.473
23.486 196.464
23.476 196.47
23.432 196.486
23.398 196.453
23.388 196.419
23.376 196.431
23.326 196.444
23.262 196.432
23.228 196.393
23.192 196.398
23.149 196.39
23.091 196.386
23.051 196.353
23.002 196.361
22.94 196.327
22.897 196.311
22.847 196.281
22.789 196.26
22.75 196.236
22.684 196.204
22.632 196.169
22.576 196.124
22.531 196.084
22.481 196.039
22.43 195.989
22.387 195.929
22.338 195.883
22.269 195.824
22.21 195.747
22.175 195.683
22.126 195.63
22.057 195.545
22.01 195.464
21.992 195.392
21.948 195.339
21.895 195.255
21.865 195.185
21.812 195.122
21.787 195.034
21.766 194.976
21.728 194.909
21.703 194.854
21.663 194.78
21.667 194.701
21.662 194.642
21.635 194.592
21.621 194.508
21.634 194.437
21.63 194.393
21.609 194.343
21.601 194.282
21.592 194.228
21.554 194.169
21.51 194.078
21.501 193.977
21.513 193.901
21.519 193.848
21.503 193.821
21.467 193.763
21.437 193.688
21.446 193.624
21.455 193.587
21.456 193.557
21.441 193.539
21.422 193.482
21.421 193.429
21.414 193.364
21.427 193.315
21.428 193.261
21.426 193.218
21.424 193.147
21.454 193.092
21.478 193.031
21.505 193.002
21.51 192.954
21.535 192.896
21.549 192.844
21.605 192.776
21.637 192.746
21.681 192.713
21.683 192.688
21.732 192.64
21.747 192.613
21.775 192.564
21.796 192.536
21.819 192.505
21.837 192.468
21.869 192.426
21.891 192.412
21.884 192.404
21.891 192.34
21.931 192.287
21.952 192.272
21.96 192.249
21.995 192.199
22.043 192.162
22.09 192.149
22.121 192.156
22.134 192.136
22.16 192.132
22.174 192.11
22.21 192.126
22.223 192.106
22.251 192.103
22.257 192.077
22.283 192.092
22.283 192.061
22.326 192.063
22.322 192.058
22.349 192.063
22.351 192.051
22.408 192.039
22.417 192.059
22.424 192.065
22.428 192.065
22.449 192.057
22.476 192.076
22.464 192.091
22.471 192.091
22.471 192.063
22.501 192.05
22.496 192.045
22.529 192.04
22.532 192.039
22.53 192.064
22.506 192.046
22.54 192.025
22.565 192.031
22.58 192.057
22.577 192.061
22.57 192.052
22.566 192.021
22.591 192.002
22.641 192.0
22.633 192.022
22.653 191.984
22.663 191.979
22.693 191.961
22.696 191.966
22.716 191.931
22.728 191.938
22.741 191.903
22.745 191.909
22.751 191.876
22.755 191.886
22.747 191.85
22.754 191.841
22.751 191.808
22.758 191.808
22.742 191.802
22.722 191.797
22.693 191.772
22.686 191.737
22.692 191.725
22.691 191.704
22.681 191.694
22.678 191.684
22.674 191.693
22.66 191.683
22.658 191.675
22.65 191.677
22.65 191.679
22.642 191.67
22.647 191.672
22.629 191.674
22.63 191.674
22.629 191.665
22.634 191.672
22.618 191.681
22.604 191.69
22.58 191.667
22.595 191.667
22.569 191.678
22.546 191.673
22.526 191.656
22.533 191.642
22.512 191.646
22.504 191.642
22.481 191.627
22.481 191.605
22.462 191.599
22.453 191.584
22.434 191.565
22.439 191.545
22.423 191.535
22.418 191.52
22.4 191.504
22.415 191.476
22.412 191.476
22.396 191.464
22.382 191.444
22.383 191.416
22.364 191.392
22.357 191.365
22.341 191.339
22.341 191.303
22.33 191.283
22.326 191.259
22.327 191.237
22.33 191.205
22.323 191.173
22.298 191.129
22.301 191.086
22.297 191.055
22.327 191.041
22.295 191.038
22.304 190.992
22.297 190.958
22.34 190.94
22.33 190.958
22.337 190.931
22.34 190.912
22.358 190.895
22.384 190.892
22.377 190.902
22.367 190.883
22.372 190.876
22.387 190.863
22.403 190.863
22.424 190.843
22.45 190.839
22.433 190.833
22.437 190.816
22.444 190.79
22.444 190.772
22.422 190.764
22.408 190.714
22.413 190.702
22.424 190.678
22.416 190.689
22.423 190.665
22.431 190.682
22.437 190.657
22.445 190.674
22.447 190.662
22.452 190.684
22.434 190.677
22.424 190.685
22.417 190.669
22.422 190.692
22.378 190.682
22.346 190.651
22.309 190.608
22.289 190.594
22.239 190.59
22.223 190.591
22.199 190.636
22.181 190.665
22.179 190.682
22.199 190.667
22.217 190.68
22.223 190.661
22.211 190.661
22.206 190.632
22.217 190.642
22.193 190.648
22.181 190.656
22.165 190.648
22.168 190.656
22.13 190.64
22.136 190.627
22.145 190.602
22.172 190.605
22.144 190.608
22.143 190.598
22.119 190.586
22.123 190.581
22.082 190.571
22.07 190.553
22.037 190.541
22.036 190.516
22.014 190.489
22.014 190.47
21.987 190.469
21.983 190.442
21.952 190.437
21.928 190.411
21.902 190.407
21.871 190.374
21.838 190.362
21.792 190.324
21.763 190.301
21.724 190.258
21.695 190.207
21.671 190.192
21.653 190.15
21.648 190.116
21.651 190.063
21.659 190.034
21.656 190.02
21.665 189.991
21.659 189.971
21.672 189.944
21.672 189.936
21.678 189.926
21.654 189.931
21.634 189.91
21.607 189.892
21.598 189.85
21.594 189.84
21.589 189.838
21.563 189.833
21.541 189.807
21.523 189.791
21.52 189.773
21.514 189.773
21.505 189.773
21.489 189.794
21.463 189.8
21.441 189.792
21.417 189.781
21.403 189.794
21.361 189.805
21.313 189.793
21.273 189.754
21.27 189.732
21.25 189.74
21.209 189.739
21.157 189.723
21.127 189.693
21.093 189.681
21.055 189.649
21.045 189.636
21.008 189.615
20.982 189.609
20.95 189.561
20.944 189.533
20.93 189.503
20.915 189.485
20.89 189.462
20.874 189.428
20.873 189.409
20.857 189.383
20.844 189.381
20.79 189.36
20.752 189.322
20.697 189.273
20.692 189.233
20.657 189.2
20.631 189.184
20.532 189.141
20.497 189.041
20.548 188.968
20.606 188.963
20.605 188.963
20.584 188.926