4234657.560099907 2771926.7966971067 -3869591.4748770595
4223006.6351635195 2790379.81263506 -3869061.4444078836
4208241.823684618 2807609.6975972666 -3872682.4733444583
4192431.7714644126 2822936.3300108514 -3878683.709497416
4173769.4721603505 2836490.804231127 -3888908.4986374485
4152550.276919723 2848636.435219366 -3902721.8268273533
4131669.273462582 2856211.753338466 -3919311.7297321972
4109658.7492216416 2862674.3804155295 -3937694.929353794
4089692.476093072 2867677.6238757726 -3954804.862001401
4070229.1615390033 2873465.5817277646 -3970651.221548353
4052247.649995905 2879995.4033551067 -3984288.701858353
4034462.5880667916 2887539.558684304 -3996857.255710124
4016877.7246273365 2897170.160745672 -4007585.2336634863
4001278.440066357 2906778.867904508 -4016223.1584118833
3989686.2414832534 2916374.7717688326 -4020796.2998776147
3978930.137614055 2925702.546422571 -4024676.4552996154
3968735.359980793 2934673.4896058505 -4028209.546664962
3958996.7307260903 2943320.6643800964 -4031482.2773681195
3949983.8650834886 2951526.1857169927 -4034322.94698962
3942127.0449511185 2959079.649989205 -4036474.0785101946
3937159.01538838 2965569.4872571873 -4036560.107789199
3932564.708233919 2970724.1537783286 -4037248.2977531995
3928140.5758318487 2976221.6148538254 -4037506.3486984535
3924705.5133254197 2980633.4129068865 -4037592.36322045
3921245.577993416 2984485.6288583563 -4038108.4245231734
3916380.346281059 2987264.831890008 -4040774.035678884
3914528.7834004466 2987365.809316916 -4042493.1571066016
3912011.684705748 2985660.9795322344 -4046187.599954346
3910525.5643513952 2982367.208961837 -4050051.436891065
3907735.975250842 2976573.7305648467 -4057000.046122951
3906341.896625013 2973142.339595702 -4060856.8818877987
3905739.7254707334 2967842.3692933274 -4065310.5499958023
3906031.786187942 2961939.36600654 -4069333.0998322335
3909411.7963200323 2955592.4657488763 -4070701.85388248
3912277.3401749018 2946720.948686616 -4074378.80714661
3915216.9935732773 2939734.9269089107 -4076600.968054991
3919295.398349097 2929661.1189670903 -4079932.6352884914
3913317.255376988 2931585.271541154 -4084286.5783942854
3918977.275404029 2919839.0261981967 -4087272.706335704
3920331.5932367193 2911919.8532025386 -4091621.19062786
3920140.2314953306 2905942.6772268983 -4096051.601491748
3920089.61485182 2899760.9119988238 -4100478.638497542
3919796.6965373103 2893409.6444786517 -4105242.43949771
3917673.4887912944 2886986.1748919985 -4111786.261614812
3917080.642998655 2883069.555991757 -4115097.832562275
3917912.3436954366 2875992.931914174 -4119255.821468078
3916089.556488357 2870449.918764971 -4124851.6154432744
3917583.233328056 2864508.385260958 -4127562.757937976
3916986.555399853 2857258.2859029784 -4133150.4221907496
3915135.733057531 2854652.090307041 -4136703.3535221866
3916719.022667988 2848797.460138166 -4139239.800806551
3915098.2849457692 2843650.2818761053 -4144309.290292008
3913892.341896756 2841000.841569688 -4147264.3940605302
3913391.3488456015 2838239.2253091084 -4149627.3628721354
3913512.644583598 2834368.28862449 -4152158.015432961
3912832.2732070647 2830857.339387174 -4155193.295839196
3911271.087263161 2830663.921094379 -4156794.5881115953
3912711.3666672017 2826194.9041386787 -4158479.6650908184
3910225.12540365 2826164.9384185355 -4160837.921562887
3912205.4964947295 2824167.3593633594 -4160332.664523717
3911886.4190514926 2821133.892676829 -4162690.1402855543
3912193.5774587127 2818346.5228758785 -4164289.2898409734
3913058.74743289 2815029.5657433653 -4165719.7197038666
3913761.6649187757 2810562.589951104 -4168074.922332798
3913482.3622352723 2808705.9140728116 -4169588.4555583955
3914746.356313391 2806819.0125768445 -4169672.528672746
3916246.088726941 2805101.047815213 -4169420.305519332
3917951.01775529 2803219.4892880544 -4169083.9902004735
3920028.1788919643 2801190.1514205043 -4168495.389499397
3922456.572845927 2798790.807777523 -4167822.6267966144
3925894.1438153265 2795973.312870668 -4166476.8576426236
3931409.068184464 2792358.2375461143 -4163700.182746751
3935567.1650437852 2787877.700201271 -4162774.31746542
3939639.23231274 2783127.757174987 -4162100.8645231575
3944443.668760283 2777449.994803211 -4161343.1329733627
3945171.166231365 2773638.64376677 -4163195.184343425
3947030.8127870453 2772887.7949123555 -4161932.4886085954
3949172.0179407233 2772745.2654579543 -4159995.801151066
3951484.3161907024 2772104.155500997 -4158226.935840924
3953874.983275561 2770590.4149088496 -4156963.118605083
3956138.841643165 2768369.2843864 -4156288.9662423856
3956520.796944188 2765037.7124160025 -4158142.690224255
3959164.2900336753 2762773.175397866 -4157131.644033436
3961032.321924876 2762124.022944701 -4155783.298794369
3962851.8521810807 2761542.885245969 -4154434.629478763
3964407.5665217694 2761085.3931433065 -4153254.278066252
3965475.910015423 2760185.2605939102 -4152832.663891899
3964481.3428455642 2760725.7691372307 -4153422.9148800974
3965990.677126492 2761982.3932867674 -4151145.890970305
3967830.0120312045 2759973.783583322 -4150724.1186999185
3966141.501403924 2760751.309155794 -4151820.660846998
3965680.0860981504 2763822.248289153 -4150217.950251103
3968092.2343219123 2762006.36352117 -4149121.0958204987
3966837.445312053 2762160.865678117 -4150217.950251103
3965624.7067646943 2764914.9488292118 -4149542.988190168
3968856.9278003494 2761921.695592984 -4148446.002307846
3966192.6647419496 2760170.3862303463 -4152158.015432961
3963545.409615169 2765110.4198334157 -4151398.939158606
3965732.3720082156 2764887.154818207 -4149458.6122441776
3963608.408072838 2764640.167890774 -4151651.975965612
3962975.59935067 2769342.7976992126 -4149121.0958204987
3969523.498187399 2768560.0078641633 -4143380.22394678
3971823.1510469085 2764500.3771886537 -4143887.0063421866
3970653.744397842 2766053.205186259 -4143971.465656854
3972796.041339193 2768163.5495413686 -4140507.5989436572
3972479.738335229 2768870.2042575153 -4140338.5755866664
3974246.778275893 2769998.7929447354 -4137887.1700964
3976894.1011774167 2769988.0343853678 -4135350.117871781
3977696.4715622547 2770856.2258250494 -4133996.559738259
3978880.504623691 2773950.762800718 -4130780.567336256
3982063.514356449 2773795.0762687144 -4127816.8615502566
3983703.302009869 2773078.9438115703 -4126715.664174669
3985717.197620364 2775100.505347014 -4123410.7976062763
3989931.1024929327 2773074.3560249205 -4120697.685261138
3991300.8577736197 2772993.373399613 -4119425.4713269663
3992740.1011626925 2773063.491518496 -4117983.2875540648
3993208.425815992 2771632.7957705804 -4118492.33499361
3993030.473799277 2772645.3575485884 -4117983.2875540648
3993181.393257491 2771923.853391871 -4118322.657531744
3992670.4327066913 2772911.8070832244 -4118152.975051827
3991966.789641184 2773042.8420334468 -4118746.8417771105
3991765.7887516427 2774969.481108743 -4117643.897505835
3993776.591215222 2772956.8196105566 -4117049.9166316437
3993181.393257491 2771923.853391871 -4118322.657531744
3993132.0465395753 2773129.090853315 -4117559.0468579475
3994319.533071591 2772300.702572005 -4116965.0572043383
3993944.6046550195 2770697.9598122463 -4118407.496889946
3993316.07336838 2768197.667230655 -4120697.685261138
3991839.199189775 2769443.793176658 -4121291.288449194
3993257.297650828 2769292.1287658876 -4120019.206303984
3993304.5396968205 2766951.596111416 -4121545.6709847646
3991274.8915392165 2768742.729708292 -4122308.7507919753
3992440.8781162393 2769964.4456687863 -4120358.455823624
3992445.877741607 2768316.6625064644 -4121460.8780617006
3990840.0448594107 2770505.0114254053 -4121545.6709847646
3989968.8397381646 2772894.0355327274 -4120782.4894824903
3991097.4260459905 2772025.8699078183 -4120273.645326349
3991317.288141315 2772591.6620562547 -4119679.9367038687
3991198.196228126 2773645.094570003 -4119086.1665900014
3990895.649352091 2775087.8554639015 -4118407.496889946
3990485.0764802275 2776559.21076849 -4117813.5950386655
3990084.407857702 2778141.224679492 -4117134.774804825
3989586.0281781945 2779862.4711777624 -4116455.8743053228
3989086.8552040723 2781583.6539874305 -4115776.8935533934
3988441.149964323 2783513.6108365864 -4115097.832562275
3988068.299506659 2785427.5936690476 -4114163.9927082546
3988383.10792083 2785854.6089808834 -4113569.6520262966
3986952.1810184936 2787651.4990098416 -4113739.4699154263
3986617.679257463 2790008.2856581802 -4112465.7135823695
3985368.015082159 2790792.054419892 -4113145.085375289
3983486.132424265 2793102.411036651 -4113399.829124908
3982110.7082319455 2794938.0299537573 -4113484.741202122
3980508.4525845526 2796095.402731785 -4114248.893507186
3978457.1474076035 2798389.3068764405 -4114673.3787022447
3977871.996480835 2801092.1486750054 -4113399.829124908
3978018.7285758774 2802753.605795672 -4112125.997619592
3977156.435986329 2805471.28705117 -4111106.7294858657
3975409.7592416033 2809437.806489751 -4110087.281018819
3973591.0493286476 2813251.0544827464 -4109237.602907256
3969453.065357399 2818962.8102213466 -4109322.576351694
3966637.0695543 2826137.879382263 -4107112.860046385
3963113.1638921206 2832186.9843742517 -4106347.7611773307
3958203.3374655643 2841011.495351637 -4104987.335249199
3953862.5756524317 2849622.9405003423 -4103201.2904352252
3948546.6252362393 2859426.529766492 -4101499.78290906
3943460.7871320313 2869721.47639177 -4099201.955050258
3937515.100391402 2881508.820821849 -4096647.7453786004
3933149.3331679073 2890242.429906736 -4094688.757325476
3926907.4365217076 2900882.5709523414 -4093155.175965778
3922709.3174901363 2910393.947140406 -4090427.811723923
3917558.552485089 2919951.7908067917 -4088552.0086229974
3914587.612086468 2928698.8092779913 -4085139.91337296
3911049.0924918284 2937459.5080448436 -4082238.066883874
3908518.307360061 2944852.0115920654 -4079334.782884755
3904931.550848531 2953383.6747772545 -4076600.968054991
3905128.347463365 2960073.6224567695 -4071557.1639697887
3902376.75791229 2965931.625777551 -4069931.9687825865
3900745.596735031 2975339.2441419717 -4064625.5881471965
3899790.4467984773 2980213.1153848236 -4061970.612639586
3896238.275261855 2990445.1398067838 -4057857.3370918934
3896294.9127815804 2996761.1442078846 -4053140.7077966374
3892108.207646176 3003933.462204817 -4051853.7059745197
3889390.397879758 3011379.229118416 -4048935.4738393794
3887717.2890898 3017688.086870145 -4045844.0269583133
3887351.914568709 3024368.9319293676 -4041203.862202378
3887250.7793688164 3031266.6349705327 -4036129.9490986355
3887301.253926301 3038294.6361359926 -4030793.4287495143
3887338.479869785 3045434.140148783 -4025366.0008674874
3887308.4313955014 3052752.973538088 -4019847.440109612
3887156.5499735978 3060318.9546696367 -4014237.5180956973
3886664.3265525866 3068181.0132732075 -4008708.8547926894
3885564.8434071788 3077011.598419374 -4003002.1822215873
3882770.650948174 3087720.794750258 -3997463.3664115453
3879678.854566116 3100545.2246317454 -3990532.833525597
3876541.5125828115 3112032.2517186766 -3984635.7632141183
3870970.834325775 3125711.3202148587 -3979340.968361456
3864158.071969434 3139196.397982434 -3975345.188751233
3856817.800180412 3151938.1397407968 -3972390.139381938
3850856.930881157 3163804.948311861 -3968737.85313693
3844928.1415943466 3174815.0142709557 -3965692.652127186
3841044.061222738 3184934.6183006135 -3961339.7982116938
3834054.899879007 3194640.855709768 -3960294.664257161
3827822.296143319 3207486.7817009254 -3955938.0700867814
3820961.340704739 3219942.4662221614 -3952450.6255055214
3811544.0179618183 3233110.6686812732 -3950793.414391446
3800620.424553988 3247642.9189413814 -3949397.531208142
3787522.27060455 3259738.7888560207 -3952014.5594496536
3776348.7480460415 3270253.0911158766 -3954020.2140578576
3765554.2263882803 3276578.481960115 -3959075.121753224
3752434.6344088893 3277727.07043073 -3970564.2629548516
3740625.2672089273 3277207.7835895517 -3982119.1284915367
3729177.527722722 3275585.9524000697 -3994172.33418479
3718079.4918796914 3273087.246482366 -4006547.86181048
3707372.344167747 3269983.6679189033 -4018984.711745465
3697335.3146981704 3266067.5813789214 -4031396.175588728
3687445.5704347617 3262146.7976822197 -4043610.321909455
3678159.430077948 3256106.6454266375 -4056914.3102285448
3666450.3548222524 3251566.8824361707 -4071129.5244278465
3655994.6028149608 3246514.4815190784 -4084542.5919525917
3645509.3540173536 3239821.890395229 -4099201.955050258
3632965.099008067 3235375.4936253866 -4113824.376980329
3621059.4230780522 3230897.338517433 -4127816.8615502566
3608562.4745745966 3227447.335827657 -4141437.1372207287
3595051.5164156146 3227014.606895233 -4153507.231389226
3582998.8412397755 3227392.437510007 -4163616.0195168857
3575145.9117338443 3229258.9791677115 -4168915.824921089
3568662.141774263 3228722.1868670075 -4174882.580133226
3558926.7337420704 3233381.6905052294 -4179584.2313992837
3551847.404930642 3239532.9065758623 -4180842.9244949655
3543136.3392221583 3244411.7361515113 -4184449.5896122037
3534944.5321664847 3252256.5116455634 -4185288.011232358
3526860.5903263 3263279.90252898 -4183527.178608222
3516737.503138987 3276543.1282232283 -4181681.8940360476
3506443.238149573 3291502.7695800276 -4178577.0706643835
3498196.366208567 3309815.0980655425 -4171017.5257438766
3492199.9905795488 3328483.897650445 -4161174.7342400677
3487245.9115051073 3347304.5750430976 -4150217.950251103
3483467.695678244 3365826.0851469925 -4138394.4444325487
3481281.977512196 3383625.965176022 -4125698.9857278
3482509.237758179 3399981.384827142 -4111191.6753853573
3485650.778022509 3415308.774037994 -4095796.0925380765
3489916.4546089447 3430010.3071598373 -4079847.231530491
3494810.2459597904 3444186.064870142 -4063683.636220812
3500096.5537664355 3458076.7531692726 -4047304.075987197
3505506.998088867 3471653.44307331 -4030965.64827179
3510691.346669073 3485172.155387531 -4014755.5735977646
3514600.604858474 3499787.2590846685 -3998588.842263865
3519476.0505519905 3511867.4017491755 -3983681.297759957
3524313.1921990328 3522837.240442257 -3969694.6105015483
3527549.4016892673 3533588.168038364 -3957245.3648138843
3527249.5719078607 3545766.727583744 -3946604.841003959
3524215.246692305 3557215.157339003 -3939005.993823714
3517648.4280391 3570847.9955338486 -3932535.4581371467
3511566.6791269216 3583265.6382106026 -3926671.3414881933
3501179.5995774036 3594563.4256871995 -3925620.4847405874
3488922.103526048 3605699.151511719 -3926321.0750415013
3477331.95817812 3612977.67933383 -3929910.3986310735
3463759.4155017836 3616394.4709606357 -3938743.802524872
3450522.2821427677 3616953.152620194 -3949833.7777920607
3437262.025193517 3616804.9205325125 -3961513.97031165
3424447.3774417765 3614548.168960567 -3974650.008918515
3409896.6643451927 3612047.398529394 -3989405.886753636
3395675.648196604 3608195.0032208585 -4004991.4745198395
3381133.3390603685 3605330.068348621 -4019847.440109612
3367764.4334716504 3601768.5198103935 -4034236.8857500446
3351621.8597883624 3602359.20765704 -4047132.3240039162
3337069.9991833526 3609010.9138269424 -4053226.4980418296
3322639.597557883 3617016.0673520975 -4057943.059390701
3308033.300163104 3625680.5659705754 -4062141.9372734
3293356.7001664317 3634615.198786994 -4066081.037339942
3278734.6286303583 3643705.0785655095 -4069760.8695666697
3264118.235156785 3652898.2653428344 -4073267.412038186
3249762.086272578 3661968.3136092825 -4076600.968054991
3235555.8252770226 3670921.6920126355 -4079847.231530491
3221850.956172287 3679642.7392343003 -4082835.6234132205
3208713.5154107134 3688081.434927366 -4085566.534198743
3197114.45494523 3697103.8834019257 -4086504.9904918335
3188174.446263718 3705286.4528567693 -4086078.4381197495
3177534.986423609 3707555.5923072305 -4092303.0117533207
3166917.230132876 3707983.664815402 -4100138.2170543536
3158385.879222613 3705845.9708944866 -4108642.7537487736
3149102.660059331 3699790.6006535166 -4121206.491759802
3140457.0077227354 3696555.433112343 -4130695.911414055
3134369.18369849 3689128.615869982 -4141944.09376207
3127338.0499280468 3684370.264688745 -4151483.2860255647
3121120.435397188 3680038.472917311 -4159995.801151066
3114490.8428484527 3675081.387226833 -4169336.2285946705
3106462.874459126 3672620.593765454 -4177485.7730286806
3100277.2325752424 3668293.061421381 -4185874.830510743
3090155.491744566 3664871.5707478444 -4196343.218418285
3079942.2902340735 3662735.8788302117 -4205705.930133201
3070209.0705709783 3659970.3917088322 -4215219.3293823255
3055775.708863941 3659466.4091259795 -4226130.785670941
3043251.027057106 3661060.788185759 -4233780.590857837
3031329.4536960167 3662685.6969922595 -4240921.624859781
3017647.3354843413 3665910.3230571747 -4247887.364555127
3006502.021692484 3672181.4581620255 -4250372.916802716
2997437.2011741893 3676138.0039989497 -4253354.041291609
2985885.4295828496 3682659.4172539283 -4255837.029059712
2974319.135463644 3691911.909463226 -4255919.775228194
2964997.694308512 3703968.231153098 -4251946.497235566
2956209.024468453 3716863.546102632 -4246809.930206982
2947954.285697307 3730213.6830413016 -4240838.644453515
2940064.712754271 3743679.1651738933 -4234445.275719129
2932649.7622685023 3757268.7300418406 -4227545.157903847
2925991.7959151454 3770670.875478165 -4220219.68137418
2920624.539059811 3783757.6689497754 -4212216.899033741
2920131.0928823915 3797760.0860512927 -4199939.729231501
2926122.302278498 3810779.600375265 -4183946.4754549763
2933352.804467818 3823786.9985357267 -4166981.5591564504
2942387.4511191593 3835425.54284946 -4149880.4793336424
2951313.2242695317 3847616.5408683037 -4132219.525471561
2959722.7929528574 3860393.507293036 -4114248.893507186
2967221.6425423315 3872973.4064681455 -4096988.3715747744
2974076.0621529496 3885430.6857500244 -4080188.839105477
2980089.1225212305 3897653.7787468224 -4064111.81475747
2984823.675781426 3908650.915985114 -4050051.436891065
2983051.2109379717 3918083.72656004 -4042235.3202883783
2976070.63828011 3931789.1692520445 -4034064.7595842257
2971061.247209512 3944736.523326049 -4025107.4304752876
2965329.107846792 3952032.7603335655 -4022176.194972915
2951962.423077582 3962814.725717059 -4021400.042569499
2943787.8938259496 3971773.306464431 -4018553.301652272
2928895.9081504615 3978324.392060083 -4022952.2481331117
2912666.978188216 3986220.014928797 -4026917.191444716
2899565.910199901 3989152.8641928886 -4033462.279296571
2884611.8979603807 3990504.3312727 -4042836.922290983
2870173.7931429422 3991769.6504853587 -4051853.7059745197
2859163.9624083387 3988341.226280416 -4062998.486194337
2845243.4638433154 3984763.7268772004 -4076259.151773917
2834017.5450166147 3980342.0285495617 -4088381.451173552
2821510.608577013 3970984.963185818 -4106092.7057044767
2808613.5997179854 3961467.1020464725 -4124088.8747555744
2798611.567020949 3949989.027373357 -4141859.6041593
2785419.5567842606 3937485.3014528607 -4162605.961837662
2770767.1192258988 3926794.1762031177 -4182436.8577127247
2754376.84661366 3916320.5849552853 -4203032.507927353
2736945.0522391503 3906005.16339836 -4223966.90855042
2718910.1413835185 3896161.9087744937 -4244654.4056844665
2700270.310369918 3887061.435158637 -4264848.725363798
2680789.1344659124 3879502.7767622443 -4283978.153728558
2659423.5588048333 3875568.3428147174 -4300822.869526972
2640819.751092676 3877544.8914529076 -4310493.8994280305
2624040.838620726 3880650.5178207834 -4317939.582229923
2609126.7639697543 3882790.2434279826 -4325047.7980106985
2592062.7717873557 3889574.77725844 -4329210.047945123
2579961.709208121 3899967.089964672 -4327088.544993319
2564916.643440664 3910510.4995499076 -4326517.218862189
2548885.3344760146 3924939.2233404294 -4322924.547661793
2538421.3822448114 3939160.9331848724 -4316140.524662332
2528029.083413312 3953881.072484482 -4308774.12010254
2518532.0672317315 3968571.5152028245 -4300822.869526972
2510288.4752735267 3982569.8621605416 -4292694.965161102
2504984.3113260474 3994216.263208239 -4284965.699131463
2502210.5881370027 4004062.9836803684 -4277389.717495442
2502408.6890322794 4013258.384499864 -4268647.196981415
2504443.683231646 4022774.4924073154 -4258484.263298172
2507104.2946262853 4032222.4563983856 -4247970.235063212
2509757.508476594 4041993.9151497963 -4237103.189507824
2512908.7029311545 4053854.663668416 -4223883.665134103
2514599.015975102 4065449.3386755195 -4211716.332271184
2515064.0681291986 4077327.556626796 -4199939.729231501
2514292.751672429 4089322.985442536 -4188724.206679025
2509792.1886969465 4100908.5127841756 -4180087.74301809
2502851.5809605974 4115982.1767843105 -4169420.305519332
2496654.8878875948 4126204.416724712 -4163026.8413965884
2484556.324677355 4134178.864755754 -4162353.418886074
2471314.8576464136 4143038.3111739126 -4161427.330438596
2458671.539561685 4149118.5117644477 -4162858.4933772306
2446184.098671371 4153625.3529028916 -4165719.7197038666
2434006.666233165 4156305.671159678 -4170176.9406847004
2423605.7315144627 4157659.401667047 -4174882.580133226
2412148.957623837 4158163.9810893675 -4181010.72859246
2403789.6128556947 4159461.071759519 -4184533.437510594
2398440.1982868607 4157571.1626958456 -4189478.206455023
2393784.0186345913 4156033.104829071 -4193665.211207787
2391516.9851374524 4151929.581435651 -4199019.916670871
2387029.95980742 4147318.867510881 -4206123.533869404
2383811.9658420244 4142898.442630486 -4212300.322336748
2381129.751527341 4137735.74124891 -4218886.706464477
2378657.392911056 4132271.5759329754 -4225631.506637319
2376249.305787352 4126588.840935095 -4232534.0842827335
2373834.5042054104 4120898.30565022 -4239427.77991712
2371449.993769309 4115264.1967296135 -4246229.682691094
2368989.5970351086 4109833.821794934 -4252857.303786464
2366348.127578553 4104754.514519669 -4259228.558628414
2363469.5069059636 4100918.9962786403 -4264518.293534062
2361653.284537978 4098098.268584184 -4268234.452869042
2360021.9246485527 4095597.8839352783 -4271535.495379034
2358504.3818874015 4093459.7760636737 -4274422.199826156
2357094.8625055435 4091343.540525291 -4277224.899692784
2355687.8655736083 4089396.340261074 -4279861.358998512
2354283.6111177886 4087618.353096572 -4282331.827153315
2352807.659337809 4085880.1339756725 -4284801.12128256
2351331.3839339064 4084140.568172888 -4287269.240709276
2349820.882474566 4082505.556493154 -4289653.9722323725
2348201.560977011 4080845.2835153546 -4292119.779437151
2346402.271420314 4079200.4923073053 -4294666.544009375
2344453.3213749463 4077293.9590326855 -4297540.412320697
2342100.0695784115 4075011.610854691 -4300986.937376148
2339492.08926644 4072612.554296801 -4304677.078114436
2336708.193670183 4070397.577678353 -4308282.648256127
2333655.793562259 4069027.0189562296 -4311230.770461898
2330079.899818259 4066738.233073444 -4315322.560843119
2326317.296288084 4064116.914997255 -4319819.734459309
2322446.8039384456 4061464.429940185 -4324394.585049652
2318506.0128494687 4058845.927067947 -4328965.304631674
2314461.7561612343 4056367.290097478 -4333450.378981431
2310247.774869945 4054240.556359237 -4337687.140617728
2305798.0086091366 4052677.8221416795 -4341513.447337819
2299294.4050514237 4053582.9110606844 -4344116.920854688
2299423.6449831133 4052986.5505128433 -4344604.921308102
2298991.280541077 4051400.6627355735 -4346312.547664038
2296608.074936568 4050658.922308931 -4348263.405689127
2293514.304611913 4050143.4563807514 -4350375.9742436875
2290030.4345375802 4049758.7630444844 -4352568.847248258
2286085.9564707256 4049543.663044408 -4354841.916846604
2281930.3889120035 4049443.5121458685 -4357113.946421375
2277347.80560147 4049404.5211452586 -4359547.109098663
2271244.7771904576 4050125.881731625 -4362060.1215724535
2266668.196165077 4050245.677673436 -4364328.841755786
2262888.939521348 4049128.9546473697 -4367325.194673308
2258932.391179902 4048019.7316206107 -4370400.6343227215
2255162.900272726 4047238.7338738106 -4373069.851290397
2249896.914764104 4046587.057939553 -4376384.130243948
2244353.9871883593 4046256.586619107 -4379534.657407475
2238139.2362895305 4044366.311681703 -4384458.33552053
2234388.3371458743 4042416.539727001 -4388167.986548381
2230991.1349269096 4040266.7259888323 -4391874.809092925
2226523.0180680184 4038002.2736498383 -4396222.684079142
2221651.959378385 4036829.6257451633 -4399762.509965322
2219106.1430276628 4036038.495598112 -4401772.618846528
2216731.575584643 4034888.3521291055 -4404022.945859717
2211620.058275257 4033921.956732859 -4407476.757150636
2206934.428170241 4034558.0674841227 -4409242.863560099
2201903.769328415 4035727.6493923333 -4410687.37619745
2196177.700091087 4037794.8842480704 -4411650.142788154
2190737.7535363855 4040048.2006755243 -4412291.879675325
2184903.504710784 4042243.41127697 -4413174.127438261
2178147.0656107073 4044750.721233308 -4414216.574167391
2170516.885581123 4048675.556968316 -4414376.930418892
2161742.4973135446 4052668.722155285 -4415018.301635096
2152872.174746803 4058870.4617162286 -4413655.284932032
2146010.6125007267 4064766.942304748 -4411569.919629606
2138807.435564735 4068822.688622067 -4411329.242091015
2127259.3432618896 4075306.381951385 -4410928.085985
2118821.890911183 4082214.4115231773 -4408600.718249276
2108946.680813933 4087584.6124121696 -4408359.8915985925
2097006.1898820067 4095970.111356345 -4406272.221103916
2084730.4580269612 4105853.1242742375 -4402897.913790664
2074757.8394122466 4118211.0497702183 -4396061.721285076
2066749.0426898932 4127382.3943231115 -4391230.3475873405
2057107.0862532214 4136218.146372542 -4387442.407747966
2049311.691759357 4144099.6585268644 -4383651.515599287
2040456.5531869815 4151875.8729635733 -4380422.9008235345
2032049.4489409118 4160419.7599937455 -4376222.510077901
2022297.3854925022 4170683.658594414 -4370966.953039533
2014404.435225447 4179834.2880275478 -4365867.736884993
2005946.916586537 4188797.7768061985 -4361168.553594371
1996885.0302982684 4197675.189854438 -4356789.434463317
1990640.856428435 4206861.632709768 -4350782.134737658
1984905.962680829 4215275.06022088 -4345255.514465626
1977500.004754236 4228040.018821123 -4336220.973433443
1973539.7775091697 4237482.013581763 -4328802.1358292755
1970015.2242594673 4245780.716614204 -4322271.060751846
1965481.33616904 4254276.336782294 -4315976.942415864
1962560.8580734676 4261426.508049152 -4310248.25211425
1956699.2664942187 4264948.736316019 -4309429.342395278
1944729.5086973386 4274632.5173417255 -4305250.861411743
1940415.325402931 4287961.962421617 -4293927.290228236
1936645.3475159495 4292789.270433785 -4290804.828653174
1922220.5334315298 4301809.890281304 -4288256.159411675
1915673.9095714046 4314219.709803532 -4278708.072272534
1912695.9737695928 4319296.306300344 -4274916.903321725
1902022.6174554676 4327591.694512134 -4271287.989386509
1895941.968723485 4337575.982119686 -4263857.367521966
1894027.374455241 4341658.933958192 -4260551.490827825
1887754.9718441977 4345686.856141574 -4259228.558628414
1884564.8360643412 4353304.62204288 -4252857.303786464
1886271.3883310123 4356203.973605936 -4249130.28629432
1881073.5096812272 4360469.791047975 -4247058.5883095125
1879948.3770489923 4369178.957446013 -4238597.685254149
1885257.9485309673 4372687.406926872 -4232617.193747144
1883633.1268808215 4375639.015342818 -4230289.641469827
1883148.0279890625 4382513.045381025 -4223384.177617048
1886667.5308351496 4386692.70862463 -4217470.060141732
1885471.4036742044 4389609.699043428 -4214969.190396378
1882625.3187934903 4399065.810140622 -4206374.080736228
1885587.5100007688 4407050.661871798 -4196677.877300621
1886361.636400846 4412053.491695569 -4191069.6442712643
1885214.485108596 4420251.054575432 -4182940.109499719
1886140.4163084468 4428418.052820066 -4173874.5644095647
1885140.4150837248 4432721.117763147 -4169756.6005169414
1878223.7010051813 4442051.898813533 -4162942.6680209623
1874270.3233045687 4452620.559325566 -4153422.9148800974
1869339.6172015197 4460269.965016629 -4147433.210400312
1860213.4311496993 4470195.124908486 -4140845.630522184
1852278.0223352737 4479975.29368279 -4133827.3423022307
1843071.6114736518 4485174.508827691 -4132304.1587402783
1826988.179034766 4491905.657592293 -4132134.8909440977
1811488.2044006416 4498956.213358551 -4131288.476444101
1795712.6663900765 4500304.69909811 -4136703.3535221866
1779580.1971516896 4502280.964600952 -4141521.6331316535
1767511.2734677554 4502059.912933126 -4146926.746221226
1759500.7648814407 4497339.797524917 -4155446.1618435346
1746630.747082466 4492381.944396726 -4166224.489751415
1737809.5050856913 4489168.953699959 -4173370.487887486
1736106.3098588807 4487327.979558938 -4176058.367017356
1735017.5425298137 4481491.9924135655 -4182772.364000568
1731949.3659206494 4477744.626734984 -4188053.8978901687
1733698.0797018195 4472518.61076788 -4192911.785951759
1733988.7488457563 4464941.705065475 -4200859.386987779
1733112.8592992362 4459457.048863711 -4207042.149333827
1734603.8989981217 4454541.348930143 -4211632.899986908
1736735.6497332219 4447156.102356417 -4218553.411327134
1734781.965209862 4442382.23300597 -4224383.1063310895
1735246.9666811004 4440141.9994953675 -4226546.816130318
1740101.1808613657 4438162.634273811 -4226630.018359854
1743674.8038396214 4434063.951108379 -4229458.127932703
1743440.6868987712 4430743.678891792 -4233032.721728757
1743096.574771641 4428734.853411025 -4235276.015704502
1741013.3630479386 4428203.7498656465 -4236687.977579223
1740603.3550413845 4430112.429187822 -4234860.661836969
1742099.3916820353 4429603.762923515 -4234777.587193324
1743033.6798268748 4426534.644085809 -4237601.40122892
1737752.1898665447 4425351.768581088 -4241004.603974189
1733997.9930330382 4430558.488680633 -4237103.189507824
1734896.7305495676 4431715.300900575 -4235525.212543558
1731804.9789533303 4434987.2906228155 -4233365.120904001
1731395.639242868 4437367.292029458 -4231037.893476957
1733739.9422989534 4434231.225995175 -4233365.120904001
1730228.518267736 4431634.951745008 -4237518.3691690415
1726567.020641384 4431157.3714048695 -4239510.782281114
1723657.2413097506 4428715.65912597 -4243244.551648289
1718601.1104954858 4428296.360122867 -4245732.277231602
1718432.173786579 4429236.157701574 -4244820.246300676
1720691.4796728713 4425894.152421608 -4247390.114333908
1715863.3094915773 4424904.990081774 -4250372.916802716
1716111.0605150524 4426002.218489531 -4249130.28629432
1717031.5590373084 4421506.393707299 -4253436.826341188
1711448.7765019557 4419927.282964337 -4257326.261718434
1710714.2982217788 4419175.688562676 -4258401.557330656
1709499.368111999 4415579.405646458 -4262617.907208615
1703356.9324729696 4414123.284722778 -4266583.151406341
1700345.8752750678 4412969.196419242 -4268977.368865988
1697081.6345741276 4410232.161290513 -4273102.761356205
1691731.2625887957 4409410.718992893 -4276071.029158696
1691092.0569501063 4409815.765212051 -4275906.169668309
1690541.1019089574 4407228.607200998 -4278790.458368532
1685397.601725302 4408078.676605174 -4279943.726844708
1683722.4856182202 4408079.034925696 -4280602.622677344
1679668.6220414613 4407386.132400152 -4282908.100818435
1676798.310270642 4408638.894489656 -4282743.457722694
1675967.4431831397 4408075.086982474 -4283648.93016627
1673584.4489805729 4406900.604643481 -4285788.51005545
1670144.1107864375 4407805.616527464 -4286199.866561791
1669186.7346380588 4407368.249506409 -4287022.481647505
1665546.346483032 4406344.950857906 -4289489.543263402
1661075.8350515151 4407071.979421004 -4290476.038671019
1657336.788527712 4409039.414772332 -4289900.605885491
1656192.3881239628 4410668.927916021 -4288667.320023363
1654530.5080913717 4412091.946471268 -4287844.966143048
1654003.7270798031 4413967.445283259 -4286117.597871725
1654208.5864150664 4413810.78621596 -4286199.866561791
1652357.9577412629 4414264.284037757 -4286446.664797982
1651718.5648474696 4414902.937861352 -4286035.327876033
1652131.6430812334 4415067.848018268 -4285706.234837504
1650175.8679814513 4415240.205577181 -4286282.133946206
1647968.4381654789 4416383.97602021 -4285953.0565747395
1646914.0775023426 4416617.592517935 -4286117.597871725
1643589.4135174528 4415939.8243222 -4288091.686022882
1638034.0058526874 4416806.052385653 -4289325.10906782
1633196.951650974 4417000.328974097 -4290969.215802029
1626561.6940731008 4417771.835603845 -4292694.965161102
1622913.6214195732 4420709.241323791 -4291051.407415813
1622166.81684454 4420105.70176076 -4291955.428891413
1615968.0062345492 4421338.785129574 -4293023.613950345
1613084.925515787 4424464.552908515 -4290887.022881141
1609894.4681647646 4424590.308467216 -4291955.428891413
1605103.6724846994 4427047.579636375 -4291215.786721968
1601668.767295954 4430600.42935047 -4288831.775123396
1597831.800295163 4431110.244978515 -4289736.184756815
1589836.6135049486 4434144.187087935 -4289571.758401227
1585229.5129437558 4437621.490771518 -4287680.479692356
1581331.2412118183 4438932.679363869 -4287762.723570766
1576752.2447653364 4441275.897810936 -4287022.481647505
1574784.1603344164 4442371.028006001 -4286611.190426854
1573958.988101406 4440043.266962061 -4289325.10906782
1569886.728158816 4440611.2279272545 -4290229.4324613
1569219.4403919273 4440449.97657765 -4290640.436276104
1565369.0113089937 4439664.396782024 -4292859.292171082
1559996.461675683 4441475.623544322 -4292941.453714565
1558926.642300533 4442645.216860105 -4292119.779437151
1557748.2291241307 4442264.639757486 -4292941.453714565
1554539.9903666673 4439814.605919839 -4296637.369317041
1551533.9288290408 4439674.273580775 -4297868.752323335
1549576.7948845325 4438053.043191638 -4300248.590787841
1543262.2414882262 4437629.769637969 -4302955.342740567
1541504.8876490658 4440068.625863024 -4301068.969335517
1543308.2249863904 4439760.016552117 -4300740.833637212
1539889.389138826 4438165.314719141 -4303611.310102436
1533474.2240250478 4439432.26058946 -4304595.103826646
1533478.113248271 4439192.454150223 -4304841.022756154
1530275.3473915507 4437196.91650004 -4308036.894615482
1524006.6414713797 4441896.921660519 -4305414.787693973
1525552.7492190213 4447161.789673739 -4299428.081247103
1524922.5588607942 4447853.856403666 -4298935.712656388
1520753.4429018397 4451896.773344139 -4296226.842869245
1520552.6248369147 4454104.139915364 -4294009.434769605
1515718.4845187622 4455197.326903605 -4294584.409932947
1512363.7120042234 4461162.531464127 -4289571.758401227
1515561.8180956042 4465213.212213074 -4284225.05769813
1515208.8321189685 4466990.828918001 -4282496.483294661
1512843.0011736518 4471814.994407148 -4278296.12224251
1514687.6614565807 4475209.122321375 -4274092.371454172
1513661.1300361527 4475005.157334281 -4274669.557433564
1508560.3278037491 4478458.894550197 -4272855.329542633
1507467.3166986085 4483230.748514647 -4268234.452869042
1508523.3237040367 4485075.666219098 -4265922.485246332
1504158.4744777859 4488425.566268063 -4263939.987819701
1503663.7511417142 4494237.916146129 -4257988.008035829
1504449.4075306705 4496325.321494371 -4255506.031422017
1500743.382924777 4499598.837456049 -4253354.041291609
1501560.1295275302 4505191.1720038345 -4247141.471756266
1505737.9901743236 4507233.970849465 -4243493.376566807
1503661.412162782 4510970.805692603 -4240257.745439734
1504011.0009070537 4517011.998249772 -4233697.499446336
1506869.660221516 4519018.035025851 -4230539.0704040285
1504682.5544933057 4521925.076379378 -4228210.616066193
1503463.286378808 4525906.154291705 -4224383.1063310895
1504109.329088007 4527322.71540894 -4222634.859503323
1501114.7675211788 4529403.332060873 -4221469.046463056
1500816.1336402218 4533536.1667435095 -4217136.67763256
1501288.4486130062 4534697.617101266 -4215719.572684746
1497544.1692963145 4537717.213063496 -4213801.7223492935
1496785.7757157485 4542610.9555061795 -4208795.439140544
1499370.8205784257 4544851.308940504 -4205455.352517701
1499477.6793845738 4545975.228823489 -4204202.291511516
1497820.732105608 4549224.393404488 -4201277.362056471
1498836.8689379557 4550973.607890252 -4199019.916670871
1497773.4599749006 4552557.934393144 -4197681.731216511
1495597.1933385818 4555046.53114023 -4195757.516161429
1494418.9004025946 4557898.614718033 -4193079.222727725
1493043.6987248892 4558272.269075122 -4193162.939199792
1488734.318583967 4562067.318429626 -4190567.1347428206
1488071.4800493934 4564898.274012783 -4187718.7128768247
1484880.4989290526 4567550.878533985 -4185958.6567360694
1479681.5518845434 4570543.010996431 -4184533.437510594
1477073.6826670915 4570925.928657962 -4185036.498131722
1473035.0357494035 4570693.901677059 -4186713.0353807267
1466772.7245157934 4573397.959801102 -4185958.6567360694
1461925.0597237214 4575026.5598189095 -4185874.830510743
1455660.5797065126 4575796.794861425 -4187215.897087755
1450987.3637058472 4580192.8845443055 -4184030.3310009204
1450002.8299956108 4581806.5695672175 -4182604.613404835
1445914.2863026804 4581950.072300922 -4183862.618634529
1440403.543560832 4584833.397149998 -4182604.613404835
1436430.3930369392 4588144.564442034 -4180339.481637917
1429887.1879190211 4592250.65886919 -4178073.421559334
1423934.0363920021 4599135.147030031 -4172530.2586509106
1421186.4225148654 4604479.099930547 -4167570.319834109
1420296.8547101468 4606732.117269287 -4165383.180959477
1417744.0307802763 4608735.206109359 -4164036.8229825986
1417348.418744497 4611745.033104791 -4160837.921562887
1416425.1439421163 4612180.618750158 -4160669.5076194117
1411877.2730440865 4612283.594858102 -4162100.8645231575
1407118.5382794552 4613130.000453119 -4162774.31746542
1400319.2745117792 4615653.988521434 -4162269.2353663268
1393346.5603612848 4619356.779296798 -4160501.0886062863
1390323.6966165127 4624511.454422876 -4155783.298794369
1388803.163393728 4628828.501813169 -4151483.2860255647
1385533.2456744288 4632907.865476443 -4148024.027791713
1382969.397141169 4637600.356104863 -4143633.620824487
1382126.9320231923 4643355.944365687 -4137464.406819714
1384440.9793846803 4648163.045655839 -4131288.476444101
1387282.8887377926 4652954.677194067 -4124936.3581264103
1388845.8442215123 4658493.779652434 -4118152.975051827
1389345.37634532 4663141.711093591 -4112720.4874008913
1391065.550996852 4668915.23458494 -4105582.5609882073
1394883.1803013366 4673679.1348875165 -4098861.458677214
1397885.93755463 4677781.163228093 -4093155.175965778
1398764.8796374868 4683403.889257523 -4086419.6825069534
1400214.8424509894 4685872.550656203 -4083091.700413632
1398248.565657875 4689135.822284566 -4080018.0378036737
1398608.270559884 4693632.586410738 -4074720.7326766266
1399498.9498478663 4697520.3521492295 -4069931.9687825865
1398973.773698038 4701454.580849008 -4065567.3902567336
1397746.2613357229 4705740.75289888 -4061028.2386889025
1396104.3869388679 4709848.773502499 -4056828.573098332
1394274.7466562074 4713638.167716852 -4053054.916316788
1391566.289304783 4716281.86572694 -4050909.7281333893
1388712.4007207868 4718744.025840687 -4049021.324552037
1386327.0915722563 4723420.298390343 -4044383.6217558417
1386558.1661315071 4726955.238769379 -4040172.2268493404
1384376.3112146119 4730826.011902951 -4036388.0480016097
1380634.2899008282 4733973.579203322 -4033978.6946580326
1376576.284223744 4737280.800309341 -4031482.2773681195
1371921.477089172 4738850.681097183 -4031223.96834587
1365493.2558160985 4740487.297270979 -4031482.2773681195
1360932.8674050905 4741139.641744648 -4032257.138116813
1355891.8387888663 4741046.280831522 -4034064.7595842257
1350421.6207907207 4741948.3718319535 -4034839.2886187253
1345749.2854713453 4744081.588923441 -4033892.62850302
1344225.230493477 4743123.012492512 -4035527.6752946093
1340052.043785104 4741960.8441337915 -4038280.4351170682
1338606.0220660735 4741270.53043353 -4039570.3577151615
1333290.1323645187 4739837.369185167 -4043008.7974941675
1328117.7260929386 4737623.246115624 -4047304.075987197
1324760.6795298697 4736141.702212014 -4050137.2715674522
1321355.3918489353 4733201.090279833 -4054684.743282213
1316636.1621215562 4732238.178791035 -4057342.977341985
1314231.2130757698 4730627.561583085 -4060000.023665994
1311225.1235347388 4728445.5169645 -4063512.356140884
1310687.6668289837 4726827.756043523 -4065567.3902567336
1309668.4288411792 4724753.246892248 -4068306.326037634
1310354.591306534 4722425.422028254 -4070787.3904716703
1309543.681308798 4719183.265131547 -4074806.2109561185
1307598.6579813121 4717286.351932328 -4077626.2976784
1304666.7459238202 4715660.507824788 -4080445.031736394
1300527.0370326804 4715104.324056435 -4082408.803538825
1294686.4017723722 4714789.79557394 -4084627.927316949
1288139.7647610917 4711553.593403845 -4090427.811723923
1280808.7908033968 4708961.870517367 -4095710.9203915163
1276623.464368665 4708172.076426805 -4097924.990648104
1273926.0744389333 4706679.115054471 -4100478.638497542
1273972.8981788694 4703922.073235239 -4103626.5892057023
1272056.2004378517 4701397.449457897 -4107112.860046385
1271494.3824129447 4703553.794910877 -4104817.259497895
1274256.645606423 4703993.619431278 -4103456.473447439
1273036.520776326 4704694.9209242035 -4103031.162177507
1271438.9508387744 4704978.550903361 -4103201.2904352252
1268128.2646474035 4704462.4528771145 -4104817.259497895
1267137.559677746 4707325.248875949 -4101840.124401354
1270662.5027735454 4706671.577117125 -4101499.78290906
1271176.497727901 4702377.865439727 -4106262.74393721
1267825.813058997 4701054.856636417 -4108812.7169094053
1268272.5052111386 4699448.515433524 -4110512.0731260614
1264698.857645954 4695653.416147165 -4115946.646264317
1257377.1036369996 4697842.38287139 -4115692.015317313
1256007.5915827637 4701924.453000632 -4111446.505569685
1258284.366349908 4702875.284110588 -4109662.4576114723
1256595.1434742426 4702807.181029758 -4110257.2016179096
1255840.276720376 4703602.774452681 -4109577.4891742747
1255568.239376144 4701596.129376842 -4111956.1321223495
1252472.0116353028 4700861.882009528 -4113739.4699154263
1249460.893895414 4700771.51516522 -4114758.271981157
1248499.2611009148 4699466.237840537 -4116540.7412568363
1245037.3249883216 4697335.925721325 -4120019.206303984
1241293.8496050646 4698772.7667421885 -4119510.2943741507
1241879.0078935174 4699659.138513568 -4118322.657531744
1240120.6832651303 4700643.749306705 -4117728.746899416
1236847.1056504794 4700539.955302429 -4118831.6748623606
1232936.0424544308 4700675.3985692775 -4119849.574013882
1229834.9758061047 4703568.133466044 -4117474.19495578
1230581.4710867656 4705080.956893928 -4115522.2550840434
1229577.0194641165 4705937.429336852 -4114843.1640066416
1228606.1315196215 4708268.655058019 -4112465.7135823695
1229864.2208712955 4709052.771679543 -4111191.6753853573
1231075.4850323782 4710664.021789252 -4108982.6750635747
1230428.2414705283 4714240.996109375 -4105072.3712491877
1232691.184968684 4715500.691802753 -4102946.096173853
1231922.4515015632 4715923.613582905 -4102690.8906640196
1230348.5005181418 4716630.484666925 -4102350.599154516
1228792.2465162664 4717406.089573444 -4101925.206650762
1226309.0619348094 4719013.698449608 -4100819.0399554963
1226104.3062572624 4721949.696304866 -4097499.2734280964
1227694.0629519261 4724343.381622485 -4094262.8030345603
1228861.109078828 4727139.665433223 -4090683.5563364513
1230498.0763753823 4729368.694004971 -4087613.881007134
1231302.517678226 4731443.890059847 -4084969.2563316314
1231503.4687332273 4733232.878137945 -4082835.6234132205
1228641.6218105762 4736478.698005786 -4079932.6352884914
1225232.8129411635 4741037.183425932 -4075660.925477607
1223087.7709789276 4745041.951811967 -4071642.6881574797
1223961.4740084428 4749803.440913501 -4065824.2193716816
1225454.466727362 4754910.385870214 -4059400.149322747
1226081.7486213457 4759062.750048644 -4054341.658863626
1225208.465369931 4762209.10827109 -4050909.7281333893
1225620.1509852463 4765532.658053563 -4046874.6867828565
1223739.020287022 4768567.353322196 -4043868.099611647
1221578.0874264664 4772252.754592399 -4040172.2268493404
1219133.51963219 4774842.2605694 -4037850.399406809
1216751.9714086694 4777340.008663392 -4035613.718097556
1214280.9629157402 4779494.468097229 -4033806.5611192132
1210993.2713196864 4782288.881287412 -4031482.2773681195
1208074.3747508682 4783389.911347292 -4031051.756191087
1205255.2523494582 4784536.30594321 -4030535.0902572926
1200259.3082884657 4785501.931243328 -4030879.5391245903
1196318.02328676 4786778.778402435 -4030535.0902572926
1194679.4986949994 4786970.464724803 -4030793.4287495143
1191019.9996041537 4787954.770467645 -4030707.317146589
1189303.609137397 4789975.715164596 -4028812.5512892976
1187920.959519126 4792274.252084722 -4026486.345033469
1187995.0172926527 4795440.046789772 -4022693.5747745866
1189156.2518641977 4798333.43990513 -4018898.4321752274
1190735.1400736372 4800398.148300135 -4015964.1985444115
1189211.485285691 4801786.618283894 -4014755.5735977646
1186865.1867553068 4803088.803149737 -4013892.1233045007
1183377.6497992268 4802650.2876230115 -4015446.245780196
1177945.5341315386 4803696.860269208 -4015791.552516056
1174467.1251128938 4808009.9507100945 -4011646.580383393
1172116.3187435274 4808943.892692506 -4011214.650485631
1165202.799445533 4809759.193159993 -4012251.230914789
1157205.696126187 4812337.668095204 -4011473.812090155
1153873.825166945 4811409.254124052 -4013546.708950081
1146642.0255164602 4807516.174729561 -4020278.7583739944
1137208.694661451 4805860.513549832 -4024935.0440831883
1135305.3649455057 4807176.562866244 -4023900.6227484583
1134520.036877209 4803101.7631809255 -4028984.827279997
1125709.0416862506 4802501.098182944 -4032171.0473909033
1122676.1751892373 4804656.102763016 -4030448.9749709745
1123349.6157434375 4802619.865946938 -4032687.5733214044
1117760.9516315854 4801393.433660441 -4035699.7596711842
1114954.1342205813 4804142.309412346 -4033204.0550285373
1116802.83924538 4803351.513531241 -4033634.422665322
1111048.8401939778 4802155.70850456 -4036646.135838597
1104676.823830502 4802468.64348113 -4038022.4173810957
1101228.6182506164 4801669.403158338 -4039914.290318409
1096860.0233166812 4801077.675138316 -4041805.5676316493
1090689.5534839213 4802627.89239849 -4041633.657950344
1089810.3890258095 4805358.148581877 -4038624.4415430822
1087610.6719308004 4804989.1424529115 -4039656.342711824
1082863.5844916077 4807000.59409525 -4038538.4417818664
1078807.13020311 4808562.666554454 -4037764.3885746547
1075335.162642798 4809195.8625932215 -4037936.409008966
1069115.190370755 4810149.2277467055 -4038452.4407904414
1064557.0623081515 4813036.4425461525 -4036215.983295804
1061685.5888453156 4813598.523344631 -4036302.01626347
1055521.597943638 4814809.671190523 -4036474.0785101946
1048193.3088385552 4818356.454468961 -4034150.8232815713
1041979.8707307966 4821792.314598455 -4031654.477242699
1034718.580859309 4825298.263375205 -4029329.3645335985
1028282.9769467358 4831056.954707957 -4024073.0385629744
1027072.8894933634 4834902.521608199 -4019761.1727830833
1024036.7337987608 4838055.5127372425 -4016741.045114005
1020293.4372105633 4841639.338360546 -4013373.9944371884
1018150.7799886649 4844880.72230107 -4010005.084271582
1014913.068252523 4846703.898506988 -4008622.4297241336
1011128.4796617795 4850994.9609730365 -4004386.106038112
1010089.6891644544 4854493.566213843 -4000406.4837753735
1007323.5943287787 4857776.8234865405 -3997117.0247449065
1005330.7338325877 4860966.831324009 -3993739.1728027826
1005541.22634839 4864124.770842771 -3989839.352127794
1004068.4045917895 4865566.466327323 -3988452.1559937946
1000483.0639448499 4868365.260558505 -3985937.0703194314
998893.1679074174 4870111.743309509 -3984201.9334851364
996159.0948930167 4870600.74301988 -3984288.701858353
991355.104957876 4874843.485137305 -3980296.100956352
991112.5904486361 4878010.441507489 -3976474.690677422
987981.0302638989 4877866.64283933 -3977430.2631867784
981089.4613450045 4882371.466026817 -3973607.093883958
980332.6560749675 4886552.892564272 -3968650.867940483
979462.5411228413 4887080.571510881 -3968215.92382497
974676.0088150592 4887543.05250241 -3968824.8371244315
970190.5209001186 4890412.151718545 -3966388.828579361
969399.6317047034 4891345.198330074 -3965431.5660245763
966498.8976461865 4894175.904790824 -3962645.9712941335
970234.0952917344 4899142.70062905 -3955589.4123640447
975011.11230228 4901711.870138801 -3951229.564708618
978193.6525723388 4903397.512439806 -3948350.4167014235
979395.4675109347 4905405.527457305 -3945557.264748588
981747.3250719704 4906480.02624343 -3943636.2588084
982202.5127350651 4906529.3118419675 -3943461.5930692824
981904.702627186 4907711.77151022 -3942064.094194644
981466.9604194809 4908641.188725999 -3941015.7682947125
979812.2112797317 4908831.47635092 -3941190.5012842966
976398.3790419641 4909581.78276166 -3941103.135389768
974301.2686996493 4912031.377314553 -3938569.00232655
974046.3727288777 4912992.827410354 -3937432.6840706915
971669.4318453077 4915844.328976436 -3934459.816606039
972459.3514758218 4918486.855752782 -3930960.5517626787
973709.9013274378 4919847.632893821 -3928947.6068237387
972192.6789385454 4922104.214938411 -3926496.210657005
972503.5271117777 4922322.215138915 -3926145.9346418944
970315.9082660377 4922544.383022701 -3926408.6434472795
967183.1570686601 4922951.342093279 -3926671.3414881933
965444.6682199793 4923641.747057592 -3926233.505439697
962794.6250291767 4923322.642045593 -3927284.261717776
959499.8384080447 4925641.359031258 -3925182.576937746
960769.6899557812 4928951.479008344 -3920714.2105034557
961302.7115225006 4930311.291978258 -3918873.39180678
959201.1914808458 4931904.897561415 -3917382.8196477625
957444.6952062359 4934822.058251852 -3914137.441252209
956321.6273229346 4935944.2967919335 -3912996.785595613
952380.1442013803 4937749.442306677 -3911680.394144064
950522.1890688853 4939706.089847494 -3909661.406568512
947655.0080906855 4940604.3266513385 -3909222.412848202
943618.0078228693 4941932.594641039 -3908519.960974599
940272.5552363707 4943611.625977949 -3907202.6583432974
940279.4631590031 4946940.447377603 -3902985.4907827806
941874.5929769615 4947330.348051193 -3902106.569323311
939428.7530555925 4947171.405028201 -3902897.6039865194
936461.7343802286 4948981.538690914 -3901315.4383794814
935652.7778613477 4950381.63010213 -3899732.8877280466
936607.457424973 4951170.728681637 -3898501.7488956028
934499.3579094674 4952330.625550887 -3897534.2622352345
933006.4507247979 4952958.189371039 -3897094.4480790137
931178.4672835714 4953232.974497823 -3897182.4132846105
926903.4065451974 4953342.681337142 -3898062.000042929
923050.1573231472 4954269.784166219 -3897798.1364820986
920973.672543901 4953687.330409959 -3899029.4083293164
917674.2460231243 4952291.897817998 -3901579.159390732
912944.5509379598 4950880.122136133 -3904479.3843930066
907957.3187944156 4951450.742749911 -3904918.699457008
903995.4535475577 4951274.826472858 -3906060.779442828
897894.375559867 4953077.638745811 -3905182.2742215483
894316.7762789564 4956009.570421305 -3902282.3631252586
889241.2491803034 4961071.606261219 -3897006.481686293
884704.5298406724 4965197.050558476 -3892782.6993045476
881531.6917340404 4969485.249728357 -3888027.6785538453
882802.5913283525 4973116.741954027 -3883092.8981471085
884353.5827434637 4974286.375365503 -3881241.3989008637
885790.1325980612 4974305.976394022 -3880888.6732554734
888646.4650460038 4973245.988215658 -3881594.105629556
888421.1295548058 4969981.097463567 -3885825.110245622
882213.6923321682 4969295.301356278 -3888115.7658922723
878364.7822893101 4972319.163954686 -3885120.1321198326
879199.7941082596 4974511.908078799 -3882123.13025002
880745.8106624229 4976164.4644391695 -3879653.984552414
882036.0571267395 4977379.710960986 -3877801.517205624
884195.6477359259 4978439.721199289 -3875948.528929401
883050.0336057608 4979055.246741512 -3875419.00806154
876862.8353761076 4980560.647088619 -3874889.4446949544
872758.8365245102 4980663.4396140855 -3875683.7738081743
870989.5360622366 4979255.906146378 -3877889.7417508527
866266.9155305991 4978361.742982179 -3880094.9713980635
866301.3335148849 4977530.782240893 -3881153.2192628896
865067.5373495301 4977126.505196172 -3881946.793439828
865849.725330529 4978021.868045828 -3880624.11660838
867499.7168094908 4976703.159144385 -3881946.793439828
866428.0104519381 4976202.054221923 -3882828.4301861464
867701.149603729 4975292.227567796 -3883709.9486547466
868673.1898432064 4974709.72126958 -3884238.8029514314
870102.4507934336 4974184.634470817 -3884591.348818777
871995.7617793715 4974266.047317884 -3884062.522918411
873464.6130977193 4973457.665428735 -3884767.6146526723
874168.2472971206 4972370.10268549 -3886001.3429407063
873743.505583974 4971480.523067866 -3887234.839214976
872533.3826166033 4971210.839186824 -3887851.500323935
872885.0380882215 4970666.808297279 -3888468.1034018346
872744.1600220548 4969864.574444073 -3889525.002212124
871712.4990059471 4969080.577635043 -3890757.835184167
867802.7970203324 4969213.337937882 -3891462.206875963
862770.2857610286 4968020.817598341 -3894102.924926015
859052.430953171 4966664.15374463 -3896654.6042447216
852308.7214929255 4966376.441342825 -3898501.7488956028
844855.4477980126 4969236.796223802 -3896478.658401895
841481.6912121065 4974082.577480923 -3891021.983458273
840560.2791605623 4976028.554286252 -3888732.3440969023
836408.7070380274 4977897.827354867 -3887234.839214976
833947.2727990143 4981336.025201226 -3883357.355462351
833484.0390280383 4982306.775285203 -3882211.296881286
828924.4877348635 4981762.025902178 -3883886.2381527773
820958.4000435936 4983836.582496853 -3882916.5873559467
814674.541682603 4986926.967630771 -3880271.357862901
808959.3930334633 4991354.214790271 -3875772.026695886
803358.4085590855 4993765.705622826 -3873830.1904888367
798558.8902664982 4996178.269106921 -3871711.1723474558
796159.1277341984 4999638.833453046 -3867736.1826207573
794818.846394508 5001901.937916234 -3865084.8638659827
792023.7453874468 5004598.2843758315 -3862167.1893853745
792413.4391289934 5007060.660840848 -3858894.333892517
793651.8100669514 5008091.706581064 -3857301.5519727543
793418.0228654613 5008878.438753728 -3856327.99782128
792767.9551686316 5009867.097630682 -3855177.250572957
791127.5652021432 5010262.635108047 -3855000.1949179587
787873.7086528802 5011796.798619573 -3853672.127797091
785561.6328365839 5014201.416040935 -3851015.201266831
784096.0162262941 5015723.087594152 -3849331.9350132747
781825.4237563955 5016689.405297732 -3848534.4506112486
778606.1101014359 5018481.273216305 -3846850.560613183
775261.6907401253 5019474.5275794035 -3846230.073442342
769833.8862918016 5017999.857658804 -3849243.3303252063
762456.3770380759 5017222.827509885 -3851723.8182699042
756956.5711469532 5017579.598031553 -3852343.796549701
753883.680579483 5018586.089098979 -3851635.2452507946
750061.0514481005 5019974.357976672 -3850572.277513729
746530.479004131 5022130.812327739 -3848445.835371233
742501.4201155688 5025781.879807381 -3844456.936646078
739402.2762443742 5029695.556064741 -3839933.318065203
737801.3799141588 5032232.768770216 -3836915.881891603
735759.0158104593 5034831.947414766 -3833897.094595167
732374.6866762715 5038096.364511217 -3830254.9967612713
730433.3759994337 5040808.93729933 -3827055.440004661
728110.9237104537 5042764.174716041 -3824921.5627217703
726438.416967009 5045499.815775997 -3821630.520518545
726301.9829283482 5047675.046458939 -3818782.9284930686
727675.3595604437 5049092.931023266 -3816646.4527094285
729635.2810076448 5050828.5156509 -3813974.9163040677
731724.9237062647 5052207.246507464 -3811747.8371954947
733376.7694365048 5053043.123952659 -3810322.1256903755
733460.4531842895 5054240.312863395 -3808717.8450813643
733520.1530402257 5056514.546521681 -3805686.51177399
732661.0127644433 5058048.174098889 -3803813.548121132
727414.3293766711 5058537.0808774615 -3804170.3425063943
721164.0528886811 5059566.0556195425 -3803991.947631288
716734.7044957815 5063278.255442785 -3799887.5866703745
715347.2305256586 5066219.273007955 -3796227.287397583
713618.1707049827 5068670.300081131 -3793279.780811737
713800.95595136 5071250.832991483 -3789794.741693291
715922.1553763367 5073489.075247848 -3786397.37359697
718689.7309613073 5073898.596261527 -3785324.1744223256
720021.3932041264 5075644.246087574 -3782729.9243385703
725024.056926201 5077132.011050104 -3779776.667906266
731590.1981880218 5076256.670705947 -3779687.1557086026
735007.5068607429 5075496.356912184 -3780045.1975908326
737759.814491905 5075763.616701579 -3779150.058345047
739803.8263228153 5076132.576554905 -3778254.803979767
740041.0692204732 5075898.067252717 -3778523.392375275
740063.5884450206 5077293.975318709 -3776643.056108191
739161.5447301044 5078557.508232622 -3775120.5075290333
737265.6587462223 5077967.424175003 -3776284.839289931
736098.0831468444 5077404.13800819 -3777269.891247493
735945.677465406 5078225.492279637 -3776195.2822094928
735372.4701476719 5078641.48181331 -3775747.4795534224
733347.0025895148 5078401.639112918 -3776463.949999815
731961.0318375748 5078202.001814127 -3777001.254519552
731610.5177059782 5077653.031808313 -3777807.1336358394
734070.8377223201 5075898.542147692 -3779687.1557086026
736345.7158977437 5075369.048357878 -3779955.6888474086
741068.8379500377 5074881.573238019 -3779687.1557086026
745401.3238635226 5073580.185610685 -3780582.2258696035
748746.8159714787 5072954.144965158 -3780761.2260831017
753122.4071687297 5073173.4941444965 -3779597.6423595804
758601.9097793957 5072290.325627119 -3779687.1557086026
763657.4613654425 5071598.361815612 -3779597.6423595804
