4124486.7491632476 -1925734.1998170833 4457555.142410651
4125002.091437082 -1919840.0376762038 4459620.272554058
4125215.2350371806 -1914948.6708990205 4461525.731455464
4127190.300816406 -1909390.2981211022 4462081.342858733
4133108.232510334 -1906788.649712245 4457714.031169323
4135113.754955694 -1908939.4769301107 4454932.693879226
4136725.332703918 -1909157.9566209274 4453342.611840757
4135836.70531631 -1911638.0521765214 4453104.052728734
4132417.214333214 -1911808.4608978797 4456204.368688874
4125509.889276899 -1909312.2421666288 4463668.436991164
4123026.290016397 -1907813.3336707645 4466603.127176363
4119607.3953775917 -1905358.453081315 4470803.627226523
4118283.963706204 -1902827.1205168096 4473100.394995179
4115951.23702962 -1899309.0069062926 4476741.193176011
4115038.030535652 -1891574.9484789807 4480853.403262821
4112627.8911543023 -1885947.7745127229 4485435.744797847
4108885.3086239523 -1879633.3720428708 4491512.095862261
4108856.0036175745 -1871387.7877945933 4494980.655045033
4113154.0652265637 -1865722.873776886 4493404.365731613
4113539.1175508522 -1863733.7929120173 4493877.310022688
4112857.026599537 -1859532.82343059 4496241.292161161
4112898.912717809 -1856008.1480606026 4497659.089804085
4112380.380646615 -1850852.0865960775 4500257.232471911
4112988.3772847885 -1843361.8596836543 4502775.217861077
4114984.0668357913 -1837360.9025147203 4503404.494779241
4115403.234469969 -1834878.1409121829 4504033.683901217
4115326.3309336836 -1831572.8630576136 4505449.038357314
4115222.210807589 -1827741.568387333 4507099.7231994895
4118843.3519593477 -1823844.244350378 4505370.419218633
4121269.450982972 -1819329.1654877926 4504977.302939494
4129110.0764630144 -1809115.518740056 4501909.81876642
4137856.8698042654 -1805377.6211225106 4495374.641802803
4143254.823912046 -1804376.691017217 4490802.291466785
4146184.512825874 -1801177.6976861213 4489382.350275034
4147369.0730198687 -1798251.5060898962 4489461.247522216
4145939.9148413846 -1794452.062730483 4492300.6374337105
4146638.6606679317 -1788485.0325012049 4494034.947168661
4147664.1287342585 -1784121.3573057493 4494823.050757012
4147130.158553904 -1778404.7849181732 4497580.334912631
4152598.0049491767 -1775003.5300684273 4493877.310022688
4154505.9164719875 -1772732.5974821548 4493010.207847676
4159489.424817467 -1765427.1572791492 4491275.506709972
4166564.714601723 -1759768.7604759336 4486935.857429751
4170113.363424729 -1755181.3910465967 4485435.744797847
4172525.245984488 -1746603.1838018177 4486541.138778897
4175551.2796193366 -1738541.780552295 4486856.916433082
4175087.1408665148 -1729036.2422546742 4490960.035353343
4178109.408055474 -1714504.6879875397 4493719.667401059
4185010.590997173 -1712133.0368663063 4488198.727475473
4185733.7835496217 -1706632.5285933295 4489619.037913852
4187399.7137510385 -1696496.883842311 4491906.383751897
4194377.592583195 -1693872.196762813 4486383.241751636
4195912.684263785 -1695088.3946443128 4484488.051090832
4205268.962587861 -1686927.5571438996 4478797.759359506
4208040.817078674 -1687783.6933181009 4475870.829946877
4207019.349252061 -1682347.0065137965 4478876.839643263
4207246.623195982 -1673756.4446550545 4481880.879227121
4210510.548372309 -1667229.0739140313 4481248.613627823
4210692.545324226 -1659315.0895823298 4484014.130467853
4214117.852597343 -1651240.1939655833 4483777.1517162705
4216684.360752339 -1645966.8287077367 4483303.157336166
4218775.337077043 -1640168.1845894733 4483461.160925893
4218006.284808368 -1636310.901850261 4485593.674621353
4213555.054455612 -1635007.1683115591 4490250.144773828
4204411.121830687 -1634499.2181627434 4498997.713319246
4195888.707807048 -1631691.8796882841 4507964.126017044
4194067.4261636254 -1625508.4772464065 4511891.135122089
4192166.0601222585 -1621910.8525403268 4514951.817104024
4188093.474307113 -1619326.8394945974 4519656.473379212
4184718.7657004506 -1617770.1449680482 4523338.325843487
4176775.7222254477 -1617716.7363228444 4530692.897035624
4168381.7569452384 -1615720.7609592006 4539127.774250417
4160576.762803493 -1613697.8320825496 4547001.353370338
4152552.625582766 -1612420.2316219904 4554783.056131408
4144226.8087966926 -1609020.8793252879 4563559.681558471
4137751.2496671868 -1607420.912764592 4569994.923967058
4129114.4773924416 -1607384.3278047189 4577812.824408171
4122976.897585954 -1605077.9515963406 4584149.5690336935
4117873.8159130043 -1607810.62634749 4587777.373197414
4110519.835424625 -1607916.4664590855 4594330.453882311
4107792.4762359215 -1608503.1247694837 4596563.898151136
4101480.895204781 -1612722.7743123192 4600719.587139011
4097994.7345227594 -1611930.0986228173 4604102.682714361
4094867.8938971944 -1614167.2890559996 4606100.508507337
4092000.258362576 -1616833.8497831803 4607713.444622604
4090122.7118724617 -1619394.1410499997 4608481.291896278
4087697.479664396 -1622892.0767493676 4609402.523317904
4085219.8853879906 -1626945.4477811276 4610170.061719501
4083353.5467399717 -1629671.1864096576 4610860.726210697
4082011.4280851292 -1633679.8748313328 4610630.517353727
4078264.0693197516 -1636971.7112920415 4612778.641700152
4075560.623989909 -1637869.1249082666 4614849.004014672
4072156.6861678106 -1639638.9414862471 4617224.822862827
4068341.037408972 -1635297.651944126 4622125.462693556
4066428.8915026416 -1631397.182777241 4625185.4343776405
4061423.592157725 -1627167.5985053657 4631069.532131743
4062401.590849688 -1623200.040906566 4631604.0355219105
4061967.1112127095 -1618835.0493910245 4633512.411798357
4063434.5438626665 -1613833.9602415962 4633970.290853679
4063702.3518262906 -1608769.496543098 4635496.187330321
4064944.6008802378 -1601879.9382649842 4636792.755252144
4066507.4441099274 -1595694.0481907788 4637555.251591842
4066950.1432478083 -1590791.4207357774 4638851.171146804
4067868.738314842 -1582643.291285612 4640832.375812496
4071826.891310679 -1574454.0430653554 4640146.682323131
4076120.505820978 -1567370.2714292067 4638774.951888232
4079112.8882759134 -1560925.630648835 4638317.606663527
4081349.917976969 -1553702.2857560967 4638774.951888232
4082390.635640322 -1548227.740673086 4639689.489723048
4082746.8903330364 -1542252.9197434906 4641365.613805768
4080098.674995418 -1541008.4465666052 4644106.886141942
4077766.4219323033 -1539151.7832628437 4646770.254299241
4075692.2368701966 -1540970.027263109 4647987.21656942
4073993.3095025853 -1537890.094677993 4650496.056424464
4078169.4093089015 -1532558.1789613103 4648595.561788085
4079560.1439978937 -1527233.0628577922 4649127.789512554
4080072.233962485 -1520527.3892309202 4650876.049116659
4079240.7470107228 -1512276.3196175392 4654294.38916915
4079710.6232389454 -1504680.2458453155 4656344.015254261
4080265.9877458694 -1497284.9532490752 4658240.895232677
4080496.8153323876 -1490504.6934356082 4660212.709620524
4079899.098085537 -1483591.0838617992 4662941.329818185
4078915.5521738473 -1480815.7724318954 4664683.651262028
4075120.6705082785 -1477184.5174071838 4669149.646598261
4071086.3617826453 -1474677.140184791 4673459.5501751965
4067101.4828395667 -1466492.2082830837 4679500.73526324
4066938.9002686515 -1458978.4075929723 4681990.067018414
4066843.11174011 -1452698.1547801627 4684025.637802416
4062409.6787975775 -1447597.7050547325 4689448.740090037
4061768.1619527237 -1443295.8626410465 4691330.030111975
4062056.8078414025 -1440524.5449048253 4691931.854300109
4063647.014908549 -1440449.7621001268 4690577.621262708
4065622.8119946844 -1444425.8121820984 4687641.861713682
4064772.6099508842 -1448279.8092456365 4687190.013592846
4063613.5400400045 -1452744.241065401 4686813.434227445
4058956.655946879 -1455555.1580395354 4689975.591306316
4055529.038338803 -1458801.1152294492 4691931.854300109
4049225.792986981 -1463481.6344866252 4695916.628617815
4043082.945680817 -1461899.7651150932 4701698.668683623
4039753.488774406 -1457826.4459865359 4705823.498955022
4033384.8985944567 -1460940.837348205 4710318.368174121
4026794.328670431 -1461018.6828039803 4715929.690218608
4020553.8360310323 -1459866.3113148077 4721607.586899217
4013863.6015676414 -1457754.2553069452 4727948.02415857
4010112.249006727 -1452115.3537540033 4732864.011331627
4007691.756010276 -1446414.438632735 4736658.427681061
4003474.484257614 -1440550.2475543325 4742008.861038683
4000265.931302849 -1429625.0052435736 4748019.147311862
4008488.689981584 -1415387.4145651227 4745349.07978121
4015560.142662713 -1408511.2786809192 4741414.738080529
4015350.14211933 -1400336.257313844 4744013.3434292255
4017092.3098028745 -1392299.351326274 4744903.886362615
4015876.757906346 -1384659.1375695015 4748167.429446111
4018846.372002484 -1376272.1228832186 4748093.289102163
4019434.1680189855 -1369423.0493764703 4749575.821144239
4020042.6485633934 -1358598.2606905762 4752168.859560859
4024789.191062922 -1349175.6167830217 4750835.518367397
4032190.47326395 -1342191.0869595378 4746536.007806727
4039599.5001678583 -1340899.1862171222 4740597.668084252
4043896.426978228 -1336607.93176404 4738145.409822094
4049158.697986938 -1332000.4734880081 4734947.684731527
4051930.7916927943 -1329386.5307171503 4733310.607944467
4054645.3456393327 -1330120.374158448 4730779.207628896
4056951.9524097545 -1331033.9091569248 4728544.235651509
4057947.2036358397 -1333557.3397074756 4726978.98389832
4059764.340538159 -1333840.4759988224 4725338.515268721
4061554.9514030335 -1336313.9914487822 4723100.3898913395
4061823.0471874066 -1337345.0601913917 4722577.974297396
4060393.1536083138 -1338524.010272705 4723473.500725308
4063161.2982616597 -1331421.785655056 4723100.3898913395
4069277.0246839076 -1325172.6698673142 4719591.390302387
4073855.8477738076 -1318803.9789373754 4717424.678433997
4074131.675239673 -1313396.3248315149 4718694.966484679
4069372.249090729 -1307472.70122127 4724443.420540817
4063079.8741937666 -1304668.6840787767 4730630.249840471
4063808.3817289877 -1298333.545061685 4731747.292740472
4066191.1982393116 -1292215.5111379933 4731374.981137674
4066347.7672673305 -1284611.8185507916 4733310.607944467
4060936.298370155 -1279784.9416411184 4739260.267565851
4056850.5535608088 -1271806.4692610712 4744903.886362615
4056801.871220842 -1263630.7503501358 4747129.333021023
4059339.6542021614 -1256575.5294024567 4746832.6819816185
4060990.3203907865 -1247849.773391478 4747722.565687592
4061973.4286042005 -1238692.220137518 4749279.361027758
4062127.1701651197 -1232774.7755254707 4750687.34039975
4060885.3477275292 -1226285.5847805103 4753427.695586773
4061911.1774399527 -1219713.6807704745 4754242.013563225
4063748.0757117774 -1214159.4265725436 4754093.968782471
4066826.935953399 -1207892.4372616017 4753057.493131143
4069430.9023447167 -1202021.820157501 4752316.979632894
4071755.355923333 -1198537.215358792 4751205.937960345
4071787.6845515543 -1192834.3557505587 4752613.202405119
4073671.6689686207 -1190530.384169522 4751576.321370791
4073586.1691375477 -1185491.01171675 4752909.402013685
4073450.133899084 -1180902.922115138 4754167.991896949
4069976.706539287 -1175584.9368235487 4758458.853929619
4068942.071192235 -1168671.9947510876 4761045.808429736
4066157.664908118 -1160577.6167422624 4765402.6524131
4068238.8250585683 -1152345.980305068 4765624.051890878
4074285.593060868 -1145306.7593663232 4762153.959410223
4079701.938863517 -1141069.1309759964 4758532.791561591
4081376.948353584 -1138158.8834540471 4757793.350016646
4082345.462140775 -1133439.1140355302 4758089.144027567
4082919.903351182 -1126693.7866656268 4759198.165017701
4086401.988336638 -1119983.1374872348 4757793.350016646
4084571.461573174 -1112816.1507345343 4761045.808429736
4084373.613535817 -1104343.171795029 4763187.939181286
4090236.5539559023 -1095669.5330906094 4760159.052693508
4095129.026921561 -1090548.0391090298 4757127.728709827
4097857.3430449534 -1081552.984378642 4756831.859340227
4096150.030216863 -1069410.4637546968 4761045.808429736
4097844.7029003184 -1057257.0270917718 4762301.68821515
4099718.8389514834 -1044929.0260775278 4763409.469277963
4100695.1142191472 -1032610.7357211553 4765255.045503087
4099037.6898946776 -1023828.8087086455 4768574.796234316
4098314.5086768256 -1013623.0462401566 4771375.850643068
4100467.718567479 -1007323.2423981029 4770860.024598352
4103001.561436001 -1004681.209707359 4769238.393466475
4105218.410328736 -1000516.6563506991 4768206.080263606
4109059.9397602165 -995984.2717935775 4765845.438303427
4113484.005562485 -991129.6376512743 4763040.24519538
4118749.809864669 -983427.8811709724 4760085.146956441
4121700.356340617 -982155.5941290607 4757793.350016646
4125586.2241126597 -979810.1118915465 4754908.143386886
4126791.276568377 -977966.0710420541 4754242.013563225
4126690.960675605 -974063.5866925463 4755130.160590551
4129051.589304719 -966559.7497153222 4754612.100170783
4133897.510423029 -960391.0189432913 4751650.3937107315
4134795.0423535164 -959458.6918806474 4751057.774464909
4132780.471559081 -956027.123203732 4753501.731734059
4131944.3193649584 -949681.7188510168 4755500.160293113
4129997.0623545335 -942937.3980153586 4758532.791561591
4127162.728675898 -935168.9198058274 4762523.270542383
4125690.3732806793 -928856.557049505 4765033.624251278
4128832.9595157714 -923206.1635459695 4763409.469277963
4130763.819779454 -916449.0645148751 4763040.24519538
4129988.0710010296 -909170.3291405829 4765107.432786756
4133198.882636919 -900729.7012123219 4763926.322050214
4133020.777365495 -894496.8446967779 4765255.045503087
4133378.696118306 -889289.2888657434 4765919.230870788
4131508.9385607988 -882928.5241668652 4768722.272454619
4132453.036756703 -876495.5950007985 4769090.93758386
4134936.3202434513 -872799.9425723441 4767616.059182751
4138585.7558871014 -869195.0846437123 4765107.432786756
4140630.5334618795 -863891.5233271618 4764295.459067023
4143996.168251146 -857501.5189853036 4762523.270542383
4145024.912037198 -853339.6716121002 4762375.550441604
4144966.305978478 -852799.753661675 4762523.270542383
4146877.063179516 -851759.6098132832 4761045.808429736
4145508.53313161 -850573.6930616118 4762449.411217355
4142279.0486866715 -845617.5643621079 4766140.599862087
4144412.797841577 -840554.1697423711 4765181.239870701
4145066.7617890937 -835641.4958766513 4765476.453690682
4145442.441637394 -832931.785388558 4765624.051890878
4149043.7940657833 -833580.0570312603 4762375.550441604
4151977.88620127 -837110.1830630114 4759198.165017701
4156073.893056772 -834011.4653665426 4756166.068493517
4157910.6361339674 -830757.0630251182 4755130.160590551
4166589.815349203 -825384.8652957438 4748463.976357936
4173956.530231983 -824421.7927332207 4742157.377333688
4181453.8574936814 -819307.6326495449 4736435.330576509
4184427.210316739 -814431.3854663051 4734650.086324047
4186638.8810843555 -810843.1217646918 4733310.607944467
4183520.8594464073 -807815.3432003523 4736584.063422383
4181412.9585954472 -803018.546461866 4739260.267565851
4176023.7713050926 -796392.5284775543 4745126.489576429
4174855.281661819 -789224.4333126293 4747351.806117046
4174851.396476703 -784771.9001847144 4748093.289102163
4177653.5540288165 -779261.001914367 4746536.007806727
4180109.3716203477 -774662.0161152991 4745126.489576429
4182616.886839666 -772031.3115909635 4743345.299664236
4181623.615501533 -770112.299365288 4744532.85209895
4180596.6875977977 -766076.3668840806 4746090.953168513
4179195.8311181967 -761297.1319710144 4748093.289102163
4177777.741672102 -757046.6931328439 4750020.467914405
4176822.5548728616 -751604.2559727957 4751724.464603237
4176858.4992295974 -745290.5061297904 4752687.254478909
4177628.5055546486 -738583.4662156503 4753057.493131143
4178583.837759711 -733639.1831373306 4752983.448296335
4180527.388642034 -731197.8451571553 4751650.3937107315
4180432.934007817 -731256.5191188874 4751724.464603237
4180991.746674699 -724662.8460877358 4752242.920320684
4184363.320079836 -719757.0145296778 4750020.467914405
4185643.288638334 -711781.4483414966 4750094.570645278
4187017.1338172304 -706151.5708484906 4749724.04252175
4191918.1699913065 -702990.8433830666 4745868.406331585
4192746.9363968153 -700045.5526877341 4745571.656976348
4193500.59043218 -697538.5786152488 4745274.884491769
4190223.586479751 -694513.5554114005 4748612.24113515
4189078.8706613686 -687189.2091295017 4750687.34039975
4191935.711768195 -678419.8684800026 4749427.593979515
4192937.7978139487 -671674.8816640695 4749501.708285267
4191057.0605415455 -661324.0231606709 4752613.202405119
4190150.210702016 -655335.8591013759 4754242.013563225
4190252.403630896 -657899.4471821646 4753797.861842982
4192148.306110745 -651676.2384757486 4752983.448296335
4195382.900169612 -656229.2617368937 4749501.708285267
4199966.014360299 -653191.8156270514 4745868.406331585
4203430.245799324 -649223.0255102158 4743345.299664236
4206265.690050914 -644400.4398824046 4741489.008505648
4210529.536870338 -637835.1196153351 4738591.39189356
4208422.617289035 -634060.0976788522 4740969.085199945
4206842.2515074285 -628416.5373344551 4743122.592400125
4204926.611292779 -624979.5710688862 4745274.884491769
4202801.842276304 -625188.5876519757 4747129.333021023
4200166.45356527 -618653.6959041712 4750316.870156038
4202434.626850667 -618613.098106013 4748315.705794864
4198009.472127056 -617362.858167944 4752391.037497465
4198107.405173722 -614982.0834383053 4752613.202405119
4197308.073350178 -614715.3320425162 4753353.657991511
4198157.270569138 -615213.9220598252 4752539.148883599
4194487.461837387 -615648.3035158516 4755722.142731532
4196730.007413922 -613508.44723753 4754019.944219812
4197067.965726917 -619769.0758006943 4752909.402013685
4199050.854003934 -622233.7204841968 4750835.518367397
4199819.555869706 -632239.1788290053 4748834.6274520885
4199162.075483518 -636038.1406445222 4748908.753331276
4197684.174170096 -643535.6553099167 4749205.242381798
4197142.8171943175 -644877.2713233721 4749501.708285267
4197148.233788863 -650277.9529116908 4748760.500126324
4198112.383590283 -646751.3626116884 4748389.8417996215
4199634.536580067 -647210.9749756048 4746981.010393348
4201440.451784143 -644186.5727446701 4745794.2211612305
4203270.095076245 -647545.9475648075 4743716.449539341
4202767.802178266 -647543.6587571241 4744161.7817036025
4205195.893519986 -649721.1690074358 4741711.81111487
4206631.468831305 -649642.2860692083 4740449.091129336
4210230.222566827 -650724.7062687759 4737104.5829321
4211003.897479254 -651672.0756943914 4736286.591959434
4211389.58587924 -651882.2894014069 4735914.72016892
4209185.95931457 -649359.8537040275 4738219.743775774
4208594.957504238 -647764.7189380679 4738963.003924908
4206987.51973378 -644060.1368691312 4740894.804665079
4207154.165045141 -644611.7066499447 4740671.954395618
4204712.791249845 -642510.2462711843 4743122.592400125
4203641.972491132 -641295.5293820439 4744235.99867307
4202654.002284555 -643922.2007551036 4744755.476993131
4202243.001929617 -640031.4464826132 4745645.846483589
4203501.199949811 -644953.0824051503 4743864.8993744105
4201294.554321947 -647316.6673190906 4745497.4660235215
4203068.971714547 -649392.550280316 4743642.222454267
4203765.761521322 -654083.3441232159 4742380.140942062
4203587.824143498 -656836.2149822422 4742157.377333688
4202366.808982213 -658749.3907809103 4742974.113666491
4199223.24103497 -664340.3555461223 4744978.088879297
4198653.336661446 -667405.3672068436 4745052.289950575
4196652.59056133 -674674.1765678799 4745794.2211612305
4195562.329370556 -681937.7494191 4745720.034545224
4195838.122771653 -691532.0956708262 4744087.563288979
4196544.463004412 -701432.4856018729 4742008.861038683
4198126.4617866585 -713451.9182633655 4738814.363442922
4197368.143008375 -723276.2865560551 4737996.737584791
4200059.42835674 -730988.364071782 4734426.872374661
4202196.62968856 -740809.4000605332 4731002.633503395
4206112.635709087 -745209.2249879777 4726829.879181307
4208197.418026105 -752322.4183980059 4723846.575587971
4209884.261888843 -757857.0177559061 4721458.274954758
4210809.581200389 -764778.284819749 4719516.696224219
4211385.561317571 -773085.8467080861 4717648.8770939205
4207140.317325051 -780658.8128088828 4720188.891169705
4207164.601755118 -787273.4539356538 4719068.501565423
4205941.330005064 -795557.2071650759 4718769.676375712
4208154.480708387 -800236.754438657 4716004.453278157
4212366.243572599 -805380.6626971175 4711366.427923392
4217359.773924389 -807708.8356423995 4706498.0584410755
4220433.350522007 -811734.3090554033 4703049.090250274
4222988.775375663 -815818.6575655361 4700047.523272411
4222994.59459643 -820102.1205861433 4699296.773541702
4223582.364507029 -822664.3859100813 4698320.584887795
4223316.821264752 -826591.7468578599 4697869.9546974115
4220124.652699403 -831780.7032418614 4699822.313385178
4217816.76923321 -834997.2089197191 4701323.46922347
4213543.962744407 -837132.2006013377 4704773.953415459
4210702.997660435 -837942.9000840557 4707172.501798946
4207142.239343242 -838150.3733671098 4710318.368174121
4203446.695924638 -837337.8686776616 4713760.936682999
4197877.276519083 -837066.3728771922 4718769.676375712
4195578.2653920585 -836379.5324414313 4720935.637845831
4195718.061617981 -832296.6555224535 4721532.931646118
4197409.197966139 -830119.7459158549 4720412.930271022
4198792.743795457 -828642.0799115081 4719442.000708404
4201000.617230391 -828087.5523627141 4717574.145644326
4200531.256397441 -830889.5562342234 4717499.412757677
4199890.475765259 -833276.7031609261 4717648.8770939205
4199151.833705969 -834882.2948986541 4718022.5127852615
4199395.259974626 -835768.8214794326 4717648.8770939205
4198852.357507209 -835965.5227137834 4718097.235612046
4200776.454108693 -837263.3193161805 4716153.975087503
4200315.610765927 -839992.0289702745 4716079.21490113
4200396.007543916 -842524.4053015865 4715555.853372999
4198105.845398559 -843894.4419716299 4717349.942673305
4197407.434309598 -845278.5324099765 4717723.607106435
4195798.88846571 -846173.8754073001 4718993.797424204
4195832.907055045 -848086.141676179 4718620.25515625
4195920.322202974 -848484.9399191646 4718470.8281872915
4196851.624844445 -852181.065543984 4716976.2423155
4199245.2818185985 -854040.8153077404 4714508.919167799
4200938.182225714 -856446.844532335 4712563.866050911
4204001.860434232 -858294.2804294425 4709494.695362509
4207912.435196936 -860087.2549094991 4705673.581078189
4211216.510052556 -863596.0749680634 4702073.832338292
4214038.608830166 -866167.6780883634 4699071.52070744
4215629.39282342 -870636.4512536637 4696818.2839143
4215475.625506905 -874210.7734726762 4696292.34335997
4215034.553998005 -871894.3641216774 4697118.789898303
4222105.971459928 -874509.8141723119 4690276.617714432
4225365.544671357 -879338.9300108672 4686436.819169919
4226805.860836114 -888031.3767340119 4683497.997089075
4223201.188858359 -894819.0736318368 4685457.453001788
4224029.10216602 -897613.942767191 4684176.379450764
4220020.206163749 -909702.6523428767 4685457.453001788
4215292.541499467 -915691.9715229378 4688545.403733167
4213391.694405818 -927068.0999477087 4688018.362546314
4211689.2608816875 -937411.5094043842 4687491.251384908
4212570.262861565 -945095.4788768548 4685156.061035853
4214647.222514663 -954837.2565895664 4681311.312354472
4214561.628027788 -964411.9260200575 4679425.276730684
4212894.149182773 -971306.7262468422 4679500.73526324
4213379.924677847 -974284.6646933642 4678444.186101298
4210919.026297124 -979834.0791377259 4679500.73526324
4210851.317311807 -979043.6310077031 4679727.102308068
4207725.740488801 -983814.5203043297 4681537.5767440265
4202834.369172517 -983908.756246163 4685909.498132073
4199709.961346191 -987198.59855966 4688018.362546314
4195422.043129506 -991833.0614542301 4690878.601949679
4190699.514659452 -997901.704833449 4693811.965271248
4186018.5546720307 -1000570.7539658874 4697419.272989118
4184429.507167445 -1005442.3390039974 4697794.844656861
4182523.492719656 -1009154.8286267177 4698696.070688926
4181691.90006992 -1009803.7864209932 4699296.773541702
4180002.9310742496 -1012948.2374193365 4700122.590371419
4175085.391678338 -1013376.8167443087 4704399.047644588
4172435.2633607527 -1015587.2039822465 4706273.218181368
4166304.8856509356 -1018178.2286611316 4711141.867369483
4162771.0345376506 -1019470.6797832187 4713985.34650636
4158657.1089876997 -1021387.1966601415 4717200.466840985
4155747.4864426237 -1024595.6795043072 4719068.501565423
4150045.2335018 -1026033.1363088791 4723771.963493279
4150986.4195165345 -1027034.6305627527 4722727.243088905
4149398.146556078 -1029331.9575676572 4723622.73498709
4150513.2504373435 -1027916.9858269437 4722951.135486422
4150878.4973827596 -1031237.4117933157 4721906.193528549
4150816.512787656 -1031145.095913424 4721980.841590001
4151076.4042537957 -1030440.4813302468 4721906.193528549
4151673.8490062384 -1032819.9052693323 4720860.969649199
4152963.3034350267 -1035142.0967176385 4719217.905535306
4153982.4608182795 -1037860.6275241172 4717723.607106435
4155278.56540579 -1038107.4054246075 4716527.7544695735
4156929.9690049174 -1038288.7350716032 4715032.421459284
4156269.6479525035 -1038894.4997882999 4715481.081694464
4159063.2330263234 -1037896.1998106348 4713237.263506608
4160151.3528077803 -1040327.6457269401 4711740.666809649
4162551.202743897 -1041236.5543567572 4709419.807407979
4162610.961001428 -1045730.0755650287 4708371.225424937
4163209.6217118357 -1048739.092431406 4707172.501798946
4160993.202675902 -1050807.0248109635 4708670.848965011
4161269.669332684 -1053735.9190965449 4707771.90950216
4157708.0432166206 -1056077.8201362705 4710393.238912017
4156382.016004898 -1058289.73115818 4711067.0109812915
4154293.269078022 -1061155.6579634869 4712264.540968082
4156229.4280539607 -1061882.044386384 4710393.238912017
4158923.7712509227 -1062957.0607632229 4707771.90950216
4159730.4742752593 -1063782.0121123851 4706872.763533326
4161605.2908874014 -1065731.884725923 4704773.953415459
4165273.0977853886 -1067290.9057748204 4701173.379414514
4165919.2897025393 -1062111.8139979446 4701773.704279087
4166929.730489923 -1058807.275859775 4701623.631655939
4164322.968404199 -1058067.5300910175 4704099.097233001
4161962.0213472475 -1053679.3493141013 4707172.501798946
4165880.070121994 -1048561.2927698618 4704848.930270256
4166559.0910373917 -1047881.6447549589 4704399.047644588
4166480.436268315 -1039747.1663929545 4706273.218181368
4171389.7543831803 -1032932.7265454251 4703424.1249815505
4170557.0599911474 -1030486.4690000508 4704698.975127506
4174712.097296982 -1024944.1028319221 4702223.887773986
4176972.5732157463 -1024339.7096266123 4700347.783077917
4178428.792093538 -1022532.3149330263 4699446.934940476
4180959.72011039 -1023229.0177400869 4697043.665548481
4182586.339950251 -1027264.3366816767 4694714.101140081
4181370.1436032997 -1028435.9893261865 4695540.878114212
4184511.2715552836 -1028356.642974469 4692759.213200381
4183873.107689457 -1033001.907156663 4692307.9479680015
4184318.7295917063 -1030168.0949772359 4692533.587016615
4186814.055025215 -1033728.0296103057 4689524.008835153
4186235.7471060753 -1032655.0822866795 4690276.617714432
4188264.8640830233 -1031604.8133721609 4688695.974075842
4190449.874755546 -1034703.3125874123 4686060.168423136
4189428.0663988935 -1035769.9197125717 4686738.114071217
4192782.9305576268 -1037531.2153049137 4683347.229759129
4191595.0617046906 -1046713.9777367589 4682367.103026346
4189752.9895403925 -1050372.2361037594 4683196.456722666
4192157.2479570936 -1054552.9199001684 4680104.352205283
4191893.917414383 -1055264.6324022817 4680179.797907894
4194562.537367081 -1055702.886998878 4677689.337108533
4195146.002119186 -1056394.752364038 4677009.851184957
4195639.366625965 -1056441.1174942649 4676556.796456763
4197181.823191165 -1060335.6512883715 4674290.753652425
4196271.311178398 -1061274.400652209 4674895.157059827
4198948.571524296 -1060002.3928470544 4672779.346475991
4201698.420338355 -1058434.6666176883 4670662.419938747
4202278.333987855 -1057800.807405187 4670284.279950118
4203725.682856082 -1052705.568941867 4670133.013995956
4207357.801144739 -1052288.5963436468 4666955.114756475
4207611.384392398 -1048919.3409227093 4667484.938826236
4210537.487119344 -1046605.1741171033 4665365.224617899
4211583.292744026 -1045772.5273413378 4664607.913784127
4212391.792860224 -1044880.6070997703 4664077.711654324
4213333.394524304 -1042772.6407433761 4663698.953224082
4215533.166344539 -1043707.4865168355 4661501.454042238
4216110.134646219 -1043069.4127738179 4661122.454159419
4221404.529472291 -1043675.5951568796 4656192.226554308
4226148.398694007 -1043439.7132538513 4651939.840219433
4229785.50951144 -1039874.3471533258 4649431.888484817
4235040.175582733 -1035132.6944555093 4645705.115057287
4235905.038181555 -1034325.6276693599 4645096.339523488
4238977.181522591 -1029589.7448657453 4643345.605465747
4241154.723706573 -1031608.1504049422 4640908.556909898
4242119.448488722 -1030039.3368156056 4640375.259541647
4242897.273604094 -1031639.8432782625 4639308.457022852
4242900.691289028 -1033680.0935536136 4638851.171146804
4245042.155167623 -1034123.3222836852 4636792.755252144
4245648.642279334 -1036076.6978674545 4635801.298853059
4246223.563484745 -1040536.8311400216 4634275.515325776
4244220.994466333 -1043266.1440769887 4635496.187330321
4244602.130694756 -1047131.414939662 4634275.515325776
4241866.361074785 -1053134.877680881 4635419.905919446
4240433.046097357 -1056551.2377589433 4635953.846141647
4239351.623303325 -1061548.4593497145 4635801.298853059
4238956.360852527 -1064123.0525310058 4635572.467329144
4234771.374792652 -1073764.1740467835 4637174.021079043
4231143.512518911 -1080471.3120329522 4638927.388992301
4230493.298726954 -1086599.5887161186 4638088.914976544
4230297.9252480315 -1091902.8785128728 4637021.518985813
4232453.5552436495 -1095847.980149555 4634122.905912997
4236138.64470832 -1098064.45336399 4630229.458576239
4242765.46515939 -1095989.799923441 4624650.102020108
4247666.9817659445 -1093460.804866577 4620747.740380978
4253613.462295255 -1087474.6541906965 4616688.465759131
4255835.582216827 -1082346.9892088263 4615845.479658928
4259936.227793034 -1074686.6398393598 4613852.290796405
4259505.22801057 -1074419.761949326 4614312.341799521
4257272.439130684 -1067773.2339058842 4617914.3235851005
4254215.052155887 -1066375.0610095551 4621053.94031136
4249716.519623324 -1065405.109720682 4625414.841397653
4246267.852848965 -1062886.5246058044 4629160.027226629
4245124.919715308 -1062128.0466915532 4630382.211917639
4244194.913290983 -1059849.0728668356 4631756.738078787
4244171.961170613 -1055594.8647591157 4632749.167126079
4245140.763880908 -1055049.1061429493 4631985.781332191
4243259.5102922795 -1052222.8642760227 4634351.817914656
4242513.912654861 -1048501.7058638239 4635877.573203438
4239893.633731758 -1046283.8622358841 4638774.951888232
4238064.558214548 -1038459.0577894843 4642203.419250465
4240010.0106235575 -1031172.9536416049 4642051.103713752
4242500.765781699 -1027779.8888494615 4640527.637286334
4242175.133955629 -1022920.7328430073 4641898.782520841
4242105.431385563 -1018361.1020462103 4642964.912084553
4237570.540411348 -1016412.0549357994 4647530.898188743
4235750.59068037 -1008316.9261189484 4650952.043404977
4239813.272794582 -1003499.6102707493 4648291.400506358
4240622.627585232 -997596.7298269826 4648823.667881008
4243352.063734379 -988786.2567014027 4648215.35664599
4244821.842352801 -979214.0226647839 4648899.700413122
4245183.766005361 -967833.0862248942 4650952.043404977
4246123.0149084795 -954491.392613611 4652851.440105418
4245776.452760062 -943754.1209441469 4655357.2872969825
4247247.662251716 -932574.6485635669 4656268.121613475
4248527.331383897 -922523.3540464436 4657102.873646116
4249780.296990913 -915962.7473162067 4657254.628301611
4246936.250301723 -909456.4053345361 4661122.454159419
4244668.009077436 -902928.9356058498 4664456.434565584
4240183.280120894 -899345.2397317126 4669225.298778707
4236861.83863403 -893773.6422893124 4673308.403762325
4233230.007624457 -891618.5027615303 4677009.851184957
4231283.704158149 -884192.4418250365 4680179.797907894
4230961.749578069 -881736.3033848205 4680934.176518674
4229730.734326749 -879631.2258972133 4682442.505949033
4228363.676323236 -878577.0492068013 4683874.890446724
4227305.665025793 -880050.5952664084 4684553.208600803
4224090.828516471 -879842.8499641152 4687491.251384908
4224005.139777602 -881055.8139981695 4687340.635344569
4219580.877533193 -883822.4176208689 4690803.358921263
4218548.32268454 -882760.7398267084 4691931.854300109
4214619.046487873 -885931.8316067426 4694864.437098005
4212719.079347947 -884611.1950377501 4696818.2839143
4208943.050132375 -887423.7601213291 4699672.166302081
4204514.273272348 -886949.8650660686 4703724.126977302
4202734.24412676 -887034.0693226041 4705298.761301481
4201485.319389941 -887383.2587293069 4706348.166368247
4201612.408549385 -885188.8455181494 4706647.94477918
4202941.388028312 -886847.9231846236 4705148.823357427
4202196.673595577 -886001.337731154 4705973.41109795
4202230.64318417 -886238.3120342903 4705898.455743236
4200728.129358841 -885002.5470213625 4707472.217122378
4199385.747667747 -887782.0371386474 4708146.492710157
4197821.022405573 -886838.9381730969 4709719.350618447
4197379.971149034 -890113.527674595 4709494.695362509
4196173.706586742 -889857.7222883228 4710617.842516406
4195419.231448583 -892223.0897559535 4710842.43320637
4192804.9690580196 -895415.7134167702 4712563.866050911
4189676.324361456 -896276.8471603516 4715181.980616377
4189908.669244591 -897550.2137051699 4714733.285909906
4184400.338953724 -902024.1375268261 4718769.676375712
4183911.6741230446 -900772.6156396836 4719442.000708404
4182455.835004093 -906342.2387590604 4719666.082942884
4181752.5377795356 -907641.7791075058 4720039.5245795315
4182230.6525521576 -911644.3608216388 4718844.384829326
4184162.3886453197 -912447.9354335958 4716976.2423155
4185581.452637238 -914823.8131427605 4715256.758040445
4189289.725548177 -912493.8043187275 4712414.206380464
4191592.1143262554 -916597.4582801058 4709569.581882446
4192443.58170399 -917320.3640692515 4708670.848965011
4194096.2714910847 -916301.3780410086 4707397.2904424295
4197001.6375792045 -919162.0595148214 4704249.075304788
4196937.014621123 -917152.2494860545 4704698.975127506
4201297.170240463 -914494.7922531164 4701323.46922347
4204775.754092324 -915482.5697468661 4698020.17048533
4206009.682923826 -916366.3535916494 4696743.153841411
4209514.817539091 -913359.8118597714 4694187.880240661
4212365.288237813 -916826.9826638126 4690953.8435491705
4212908.384824238 -919332.8526864488 4689975.591306316
4214905.736184264 -921310.1691037883 4687792.466330707
4217311.862140927 -925615.8334378202 4684779.288967052
4218569.214738132 -927512.5961891474 4683271.8439542
4222875.659236263 -929232.1182061727 4679047.962686852
4225172.076988568 -933603.875339274 4676103.690444386
4229536.8311384795 -934645.7454187135 4671947.829825775
4234122.952154077 -938062.2272040086 4667106.500170645
4236668.407039935 -940876.0445758312 4664229.205081268
4242288.435238629 -940337.3427842407 4659226.922355902
4247081.341638596 -943499.6713247275 4654218.457240209
4250168.834791989 -942706.7083466158 4651559.9467061795
4256049.080005156 -941673.1483818835 4646389.879272274
4258458.121993266 -939789.6109468789 4644563.586644702
4262918.52743809 -934221.9351979947 4641594.1231671665
4265884.942873877 -930893.2963962439 4639537.080882798
4271011.650458961 -925220.1997839675 4635953.846141647
4275289.44126843 -919586.9277255357 4633130.807103872
4282577.143579755 -914118.5513528074 4627478.933864627
4287021.758949672 -911078.1997398532 4623961.716131616
4294316.368592265 -908947.3439100272 4617607.892885606
4301695.094163859 -907528.7544980895 4611014.191759307
4307961.149885889 -907437.1752279114 4605178.552899793
4311909.685824755 -907011.4375037947 4601565.615475668
4316865.034531639 -902547.8012260604 4597795.6392319305
4322739.131475707 -899524.5902442388 4592866.524596005
4323898.602603494 -895121.5473255313 4592635.331693241
4328739.636748856 -884311.8136384301 4590168.490752697
4332553.490125278 -880838.0091211501 4587237.257532114
4333428.105553369 -873693.6694162177 4587777.373197414
4337689.689911155 -868330.6349791856 4584767.285522255
4341285.187497861 -865031.9979571394 4581986.85761122
4342864.576208754 -860776.8342574395 4581291.467950592
4346766.256555707 -855874.68162821 4578508.779091342
4348999.711824676 -850717.6641787185 4577348.791866662
4352065.121125325 -845009.8681041042 4575492.159789055
4356023.229662037 -838837.8570676572 4572860.556828171
4361247.96218925 -830217.1334740237 4569452.562789802
4364620.451131669 -823125.765162074 4567515.001868033
4368087.343454673 -816755.1793762675 4565343.901275471
4372698.374660325 -812010.6337334295 4561774.726457542
4375991.794848526 -812148.1760659527 4558591.0270094555
4382471.569407368 -810344.4588058622 4552683.362745399
4385311.85949708 -810711.3360064654 4549882.1989832735
4388603.517207634 -809498.0913227232 4546923.466355868
4392071.168769355 -809503.6182262638 4543573.014769717
4395682.632328288 -806520.8230010866 4540610.020461249
4397028.149660604 -806212.4281567198 4539361.846314732
4398763.230503589 -802008.2129542732 4538425.483394381
4402899.806039248 -800063.1216215783 4534756.1455276385
4405973.367492901 -798635.8367497837 4532021.677485914
4407424.013830463 -799057.6878531934 4530536.543699131
4410556.171556361 -794617.4751769996 4528268.800070223
4409247.565132947 -794302.2596632009 4529598.307760095
4415723.823474962 -788627.7503351945 4524277.885607481
4417869.309180898 -791875.6137793371 4521615.284309259
4417324.902318665 -786845.4078780584 4523025.095161049
4417615.950129931 -782045.7213551662 4523573.234387579
4418997.543983144 -776484.9612966315 4523181.713257947
4418921.2481494425 -770509.9716788011 4524277.885607481
4422564.2716345135 -763830.0035674592 4521850.283778978
4422297.426262201 -762591.6801086576 4522320.245527042
4425818.757182828 -752782.9803666108 4520518.456221477
4425666.090693166 -751326.5022723817 4520910.211525088
4425141.502055902 -744485.110090485 4522555.2078041015
4425205.993705633 -741240.1107705501 4523025.095161049
4422554.501366723 -737463.5217181935 4526234.664329273
4422422.006819126 -735854.8797573395 4526625.916677807
4422953.786301495 -735546.7075333885 4526156.409723162
4423515.863531903 -737941.2397404549 4525217.246914441
4424422.11020713 -736346.3989074104 4524591.028095951
4428081.120226249 -736478.816409339 4520988.558454461
4430874.701466511 -732652.5972960523 4518872.708052242
4434597.971915068 -734779.10468859 4514873.364204116
4437769.429734389 -728621.4814425921 4512754.616118112
4444519.51494449 -727340.0807492379 4506313.758296606
4449475.6402250705 -725280.880150653 4501752.455647865
4453017.1525229225 -722587.3621160552 4498682.778708319
4459907.654592111 -719791.4249443181 4492300.6374337105
4459821.100849312 -724250.6612585103 4491669.815122861
4460988.455011259 -716531.1336897709 4491748.672700813
4462768.649653982 -714340.4014602558 4490329.026976439
4465099.12810265 -709678.8931429791 4488751.123068009
4466321.52664386 -703960.2209015216 4488435.476647285
4470378.927304551 -699323.2508727337 4485119.868754926
4472294.558049665 -696184.7680877642 4483698.15606737
4474359.404177954 -694106.851075834 4481959.906283622
4473278.715063147 -686745.2438785508 4484172.109472738
4475874.279257013 -685304.7543999191 4481801.850805363
4474333.107009066 -678276.905648252 4484409.067735327
4479699.495572977 -680450.1710500335 4478718.677711428
4476189.055828291 -677519.3356212707 4482671.088351492
4480885.140176136 -675750.4061236556 4478244.159173594
4478824.945377393 -673680.9581219262 4480616.260664275
4482231.326993523 -668354.4723133157 4478006.88148831
4482132.401818486 -663702.315292872 4478797.759359506
4484891.841577168 -662671.1280858718 4476187.344756244
4483346.476426491 -658685.2432814981 4478323.249007084
4485875.547368443 -654898.2339102933 4476345.5939798765
4486611.339078596 -650927.4511767111 4476187.344756244
4488874.772324127 -648376.2868957872 4474287.928708125
4490668.380730504 -643035.4928260411 4473258.750538944
4494599.599382283 -642557.7498556015 4469377.471117552
4493765.710311601 -640117.7171421023 4470565.965180298
4499175.895260522 -636963.0320884668 4465572.232005585
4499039.767842501 -639587.1734235666 4465334.300471103
4503295.653483526 -638428.2029843082 4461208.209325206
4504011.711158164 -638369.3390908263 4460493.705035223
4506080.191913784 -639304.3312555784 4458270.099049641
4504748.001491432 -639275.7368176993 4459620.272554058
4509473.655362987 -636975.8961621466 4455171.159371503
4508259.07707322 -643868.2143853719 4455409.612649674
4507579.215588711 -638152.717604317 4456919.533063939
4506487.689821454 -639201.6737204406 4457872.914496407
4507266.217515651 -630326.658148297 4458349.531886184
4508190.0917400615 -633263.8541156624 4456998.988984326
4509082.31386377 -630259.6867222269 4456522.233097659
4509928.311151749 -633748.8216764724 4455171.159371503
4511644.555407848 -633267.3277514739 4453501.644465985
4513490.710825048 -640757.5151349341 4450558.662695517
4513475.420756533 -645818.9834042547 4449842.521584481
4513739.091818871 -653254.5301037979 4448489.511045858
4512315.440725775 -661412.7471888715 4448728.306071727
4512614.745357887 -670550.35676576 4447056.48480204
4509258.356515492 -675683.381858098 4449683.364204246
4508874.184259928 -689632.5583410499 4447932.275225235
4505895.026394437 -692155.0411719688 4450558.662695517
4506516.144316267 -705379.2697857402 4447852.664688139
4504469.923574375 -712390.3153154879 4448807.901703395
4505183.832825399 -719274.9437756843 4446976.859362451
4506269.971548708 -726709.0375348488 4444667.132450256
4505365.899859243 -729871.4410460879 4445065.442480102
4508286.888763312 -733655.7547868518 4441479.433935605
4506603.009667612 -733866.165429965 4443153.24566821
4509854.902662014 -734153.316430526 4439805.025551173
4509954.422536844 -736432.0826161179 4439326.513597986
4511834.604367852 -739811.5809759513 4436853.426414112
4511660.133211394 -743260.401258473 4436454.419726641
4513689.978560369 -745698.7965951086 4433979.824288819
4513941.881765992 -752216.5861145573 4432622.236962344
4512962.840809839 -751972.4826939761 4433660.427089635
4514727.725711265 -761096.6846515812 4430305.452145074
4512860.370412564 -762402.0339712463 4431983.237305427
4517155.597185874 -766209.4105683494 4426948.096597567
4517622.506549569 -772211.3567694209 4425428.511318777
4518164.120537555 -772709.7470474779 4424788.540337823
4520968.067361059 -775544.6871478317 4421427.277716822
4520887.285379189 -778292.8056019786 4421026.96911532
4521560.5388386315 -779383.8043978214 4420146.171684788
4523905.188861899 -780763.6239795715 4417502.801997829
4523839.184272968 -787014.3791816478 4416461.072147904
4522817.881416044 -787487.3359105352 4417422.677005656
4523895.84294638 -789383.4944253288 4415980.197068518
4523385.323228237 -791409.7254879607 4416140.494142645
4524785.304172809 -793689.5664554355 4414296.752965477
4525289.254638405 -798826.4264338036 4412853.328888827
4523071.16026837 -805600.2383142532 4413895.845528818
4523096.47465104 -804138.7790340194 4414136.394024658
4525418.606705978 -811723.816803276 4410366.411004152
4522785.937189484 -814185.1055945432 4412612.715862229
4525096.3202559855 -816558.0586518277 4409804.670193057
4524033.950436038 -821993.1763640704 4409884.922910462
4524269.968805255 -824564.9854760907 4409162.600096951
4525332.694892459 -828594.7018833602 4407316.16979633
4524738.143469943 -836078.6865386856 4406513.152475994
4525311.975409164 -838471.9179504575 4405469.029289263
4526705.879649451 -845269.342017691 4402737.1734628985
4526577.165769351 -851378.6875391415 4401692.230579012
4529151.06281325 -855137.0280440508 4398314.712874193
4530998.343825982 -862695.0984326499 4394934.831756494
4533255.3989055725 -868045.1289946128 4391552.589042081
4536754.628149599 -872573.7566687146 4387039.261636058
4538907.99098443 -880794.6114524077 4383167.35954881
4542051.101478582 -883461.1939203392 4379373.141260522
4542959.414908362 -889975.8089052736 4377111.354998738
4546935.008893948 -894298.5560897699 4372099.394738223
4548791.39535127 -898292.5736130361 4369348.726500314
4552405.174359925 -901235.3600067087 4364976.85610526
4554127.539018818 -907029.1581953712 4361979.076581386
4556942.782527511 -911973.1613535486 4358006.24480292
4557652.3060067985 -916169.7182299537 4356383.764654965
4560816.71033256 -919704.7999181192 4352325.242414548
4562921.84818386 -925766.2567861266 4348832.262247256
4566033.306696799 -929882.9122297893 4344686.250085101
4566562.401741749 -932979.3024030683 4343466.179479946
4570664.829074599 -935230.2921390485 4338664.347575873
4572799.332017968 -935750.1973643472 4336302.438394791
4577297.747807043 -939417.7811662322 4330759.813283264
4579487.588092493 -934371.120466403 4329536.353900399
4586558.583066064 -939733.503684931 4320882.121298271
4586550.4352315925 -940148.8960899867 4320800.407130335
4591653.045766387 -940025.7921406118 4315404.363140802
4591824.63993433 -941814.5830761571 4314831.71945292
4594136.513702049 -940283.5922346406 4312704.193385387
4597485.238798684 -942306.6944307146 4308692.211409312
4600407.419738121 -941901.6884197734 4305660.667280972
4601930.630684539 -939703.2506507828 4304513.1282276
4606804.059242249 -935339.1989948499 4300248.590787841
4607840.626026125 -932870.3701021817 4299674.247862109
4612889.012320029 -927189.5221360807 4295487.812816867
4614990.518695461 -930042.3991671712 4292612.7996946545
4615582.683802146 -927479.5169835422 4292530.632920602
4620214.001947188 -923042.143445044 4288502.859697721
4623705.123185064 -921222.2793031959 4285130.271759263
4629872.177490905 -920098.8274992415 4278708.072272534
4634124.090890756 -917076.9791864646 4274752.007365123
4637960.050886544 -917667.8677808467 4270462.884843169
4639522.211709149 -913602.2016894164 4269637.650214089
4640196.762905021 -916343.2503149435 4268317.004291974
4641820.282933189 -916579.6878772317 4266500.572684941
4644078.823807652 -922416.6043456467 4262783.185465663
4647395.868769701 -929737.9433660321 4257574.426314568
4649071.216553787 -936488.3817740295 4254264.605570903
4652964.710804134 -943443.1028320444 4248467.430936719
4655174.043876463 -951167.8945519865 4244322.708936302
4656852.819484152 -955152.3066639188 4241585.421600878
4658900.215152322 -958792.5680700461 4238514.668686107
4660722.471636539 -958743.6417986798 4236521.883773622
4661456.634294455 -954062.0258165562 4236771.022546182
4664579.495292083 -952071.9723718975 4233780.590857837
4661798.540960531 -950911.1025542235 4237103.189507824
4662330.7535015205 -942716.1934105394 4238348.631676669
4665492.134184347 -940135.0727099924 4235442.148220721
4668016.763273096 -939202.6240573177 4232866.514404302
4667269.152416871 -938797.9374569206 4233780.590857837
4670829.4167107 -938326.6501126371 4229957.051516999
4670801.421859158 -941459.4337628308 4229291.8097640695
4673227.366049123 -943985.6317692758 4226047.575716906
4670720.892960901 -950778.2791720479 4227295.589843838
4671013.317406953 -948970.0916850612 4227378.780484916
4673262.647508216 -953079.630920477 4223966.90855042
4672223.079043464 -952273.0712101539 4225298.628203881
4674189.5347520895 -951484.3605990626 4223300.925194585
4675592.912217351 -949390.6638005015 4222218.526641096
4679114.451015541 -952401.8335709503 4217636.74368813
4678454.21505899 -954903.8957699056 4217803.422095466
4680400.516788519 -956407.3897766987 4215302.706476283
4679761.643458286 -961723.7033364265 4214802.424652605
4680859.116468612 -961864.0953132297 4213551.51789081
4682724.492962182 -967018.4500518639 4210297.808976388
4681353.931154377 -969291.3766869379 4211299.158020694
4681502.164137869 -969662.9159196225 4211048.838076175
4684045.475248938 -970786.5330456997 4207960.609732113
4682778.222386765 -974360.3394588076 4208545.003778618
4683247.55858874 -974628.5507389714 4207960.609732113
4682575.757216339 -977132.2832538302 4208127.585869158
4684428.162638773 -979395.9978759841 4205538.879670623
4682908.956049956 -979846.1391651973 4207125.652141872
4684961.764795842 -978995.5182161288 4205037.697537771
4683719.614570246 -982063.7460635506 4205705.930133201
4683691.8150364915 -982911.3456151264 4205538.879670623
4684307.129027485 -983552.6286785057 4204703.550496977
4685540.1005206965 -985177.7273056639 4202948.942353851
4685359.579730851 -987103.9101037072 4202698.237951699
4687001.0791796995 -988560.4399376027 4200524.983898882
4687561.060304908 -991584.3099979392 4199187.166831104
4689407.540205644 -992060.4138245692 4197012.515728858
4690790.9247724805 -992951.8258126968 4195255.435809286
4692518.522028759 -994686.7223623011 4192911.785951759
4696053.201765402 -994237.0201054036 4189059.330451269
4698947.6503228815 -997849.3026570112 4184952.657881805
4700049.810298621 -1000741.3055475536 4183023.9803380133
4702444.699490379 -1002109.2003868007 4180003.827598125
4705007.623983264 -1006519.1371870103 4176058.367017356
4706438.840411043 -1009230.8189141633 4173790.554834323
4708775.050402422 -1012224.975080346 4170429.129541858
4710074.656044936 -1013450.4406569451 4168663.5674776416
4713879.079651519 -1016851.7663200441 4163531.8550187116
4715439.076207144 -1021667.8963503062 4160585.298746542
4717426.813035432 -1021064.2186858365 4158479.6650908184
4719408.282741398 -1024252.7309271496 4155446.1618435346
4719784.328230579 -1021833.1992567331 4155614.7328506974
4722142.958655213 -1020532.1061815643 4153254.278066252
4721453.873783847 -1018227.0433640673 4154603.2308625556
4724767.719118359 -1016266.7792971169 4151314.59102706
4724767.786130506 -1013506.2319049436 4151989.340669516
4728556.2130032405 -1012419.8604478621 4147939.6290977024
4728573.412912394 -1011301.5352873635 4148192.8213890274
4731206.396594757 -1007634.1693530411 4146082.5382007365
4732895.27471528 -1002468.6791226367 4145407.0808493444
4734076.769941982 -1001078.7365810476 4144393.743294788
4735798.984468772 -997471.4325246784 4143295.755796552
4736232.4736257475 -995059.433189634 4143380.22394678
4739078.848694254 -990994.7379197528 4141099.1409617453
4738319.433415076 -991094.8849986776 4141944.09376207
4737561.6066309875 -984810.4029585456 4144309.290292008
4738318.806921891 -981517.3928305891 4144224.836026799
4739352.274100791 -980092.5169505188 4143380.22394678
4737857.338027889 -978748.6799681495 4145407.0808493444
4738758.490019445 -970055.7690486569 4146420.236566
4742472.24085621 -966332.335384749 4143042.3437732495
4743048.421810365 -963863.4503939772 4142957.8705746955
4745540.209713242 -957385.9202650067 4141606.1277809986
4748148.892127019 -952480.0544519341 4139746.9541101423
4747990.648248776 -945898.6428741436 4141437.1372207287
4748919.396556563 -939363.9254528704 4141859.6041593
4748875.866397571 -936599.570605894 4142535.485652183
4745888.8335505 -930418.2322907262 4147348.8028620994
4745109.694530576 -924590.707304458 4149542.988190168
4747887.215940027 -923583.7815336587 4146589.0781703037
4745894.811814944 -925861.430469619 4148361.6099318955
4744405.300556026 -920242.6366897573 4151314.59102706
4746495.683638085 -915921.2479523595 4149880.4793336424
4747247.559527537 -915464.7676328913 4149121.0958204987
4745618.8362927735 -909739.6989637306 4152242.3509174665
4750347.7598472275 -905060.3066144668 4147855.229140158
4752417.340205437 -904251.2823344785 4145660.386827548
4754342.574773269 -901092.7745878109 4144140.380499185
4757585.845493959 -894827.8234649309 4141775.1132948482
4760328.280537899 -898612.897608021 4137802.6199619053
4759950.658973622 -893982.4358204833 4139239.800806551
4764878.350420499 -891206.3028187021 4134165.772137137
4768000.893963702 -889809.5261520757 4130865.2220001505
4768107.4322815295 -888451.6004754228 4131034.527552912
4772935.529573961 -880992.8752093591 4127054.5167662706
4779704.395359093 -881983.4899602921 4119001.3372688317
4780304.421530015 -885459.2780805109 4117559.0468579475
4785428.425024395 -883817.0378929926 4111956.1321223495
4788371.061704163 -885656.9266675315 4108132.8342301636
4792457.874279863 -886412.8233637186 4103201.2904352252
4793636.989040341 -890265.5371113293 4100989.233189491
4794506.8725348925 -893024.3277596174 4099372.195744755
4797498.906025413 -895314.4773294736 4095370.2193292873
4797729.676811965 -900297.6550697609 4094007.215493599
4799386.022111497 -898440.7795765398 4092473.454569338
4801438.353750265 -902989.032355065 4089063.6510798424
4803108.71845166 -905299.6085848088 4086590.2972318926
4804684.197473735 -907333.405146357 4084286.5783942854
4807192.913123557 -909023.723884016 4080957.38343721
4807358.7450643685 -910445.626729529 4080445.031736394
4811850.0277156755 -909295.4829219272 4075404.5241559073
4812656.880411397 -909621.9474613615 4074378.80714661
4815219.047683679 -909845.0845219658 4071300.5839652163
4817172.450845176 -915178.5222361843 4067792.8722165623
4817212.795326434 -917625.5165277905 4067193.786379054
4820666.113041356 -920724.8679383693 4062398.9149435596
4821028.1726902 -925242.6033979225 4060942.560906867
4823481.141742453 -928244.9242891636 4057342.977341985
4824804.098991892 -927364.3123756164 4055971.133832578
4830184.067541399 -930846.2917250931 4048763.76871396
4830985.06258571 -932662.2736361757 4047389.950129533
4832286.380187307 -935975.7622087689 4045070.9156223675
4835893.272290819 -935536.0450389328 4040860.003445468
4837656.27273065 -942360.6132931344 4037162.278311781
4837511.109134958 -945312.2463055227 4036646.135838597
4839234.883695416 -947139.83943345 4034150.8232815713
4840704.74594716 -952077.6646883476 4031223.96834587
4840045.737070146 -956511.4769420652 4030965.64827179
4842464.749701772 -957692.0948228568 4027778.792263743
4841865.767774659 -961437.9406346536 4027606.4819145496
4844129.304790779 -959778.4712479243 4025279.8119629147
4846070.568131501 -962624.5420538726 4022262.428003076
4847480.28210107 -966686.6733273925 4019588.634456586
4846615.295296949 -965282.8898017907 4020968.8039139984
4850089.846308006 -966150.9205624346 4016568.421107294
4850948.486036139 -966145.9157743382 4015532.5742989895
4853222.23325943 -963692.9673768724 4013373.9944371884
4855018.111247796 -966868.3513598851 4010437.0996930622
4854772.362321049 -965233.8499720384 4011128.260840316
4857423.356512808 -963381.6563735016 4008363.147191993
4860450.518623049 -966803.7191909972 4003867.1711952914
4861381.635155667 -969282.4458442054 4002137.071309464
4863419.847942625 -970130.1264430686 3999454.452847949
4866587.838079644 -973146.8627078709 3994865.329126519
4868043.004315851 -977945.0451566062 3991919.5629152074
4869885.876021233 -980791.4245043612 3988972.3909984147
4872954.092205674 -982825.4218731934 3984722.525518652
4873694.709419123 -987933.0212924184 3982553.1038292604
4875626.8369666785 -991337.1798588012 3979340.968361456
4876065.281889979 -996833.4205037268 3977430.2631867784
4877778.435778541 -1001264.1173591582 3974215.4821729073
4877494.299738696 -1006086.0973106271 3973346.337888858
4879010.600610366 -1010394.5220447845 3970390.342139368
4879636.936269181 -1014877.0923682471 3968476.8939208523
4880539.60968183 -1018353.3216809583 3966475.8451991216
4882415.684446264 -1020879.143793079 3963516.602468246
4883946.69067584 -1023690.616240966 3960904.3468451374
4886576.45821737 -1024954.1150267918 3957332.508153115
4886975.6162990155 -1027086.0750772331 3956286.7085287557
4888265.288405365 -1029673.5487488584 3954020.2140578576
4890290.54485774 -1031437.3073055395 3951055.1081924033
4891540.399378542 -1032860.2038353799 3949135.7688209144
4895158.855847958 -1031393.3083242512 3945033.4117162153
4895711.149639299 -1031777.3962004791 3944247.551052952
4898688.5907931365 -1028655.0531373306 3941365.2294716598
4899711.71127204 -1027798.4987922548 3940316.788318421
4901209.339792558 -1025344.4709072072 3939093.388523584
4902268.308220729 -1026994.9785537773 3937345.2665774683
4902392.293513607 -1023716.6317149522 3938044.572938273
4904643.216066169 -1024365.3400723201 3935071.99084777
4904211.415122154 -1022399.403822076 3936121.2957491307
4903798.20761929 -1021688.1266555429 3936820.7364319917
4905823.806550251 -1018358.4657036992 3935159.439516321
4907931.476943473 -1019689.5179794307 3932185.5124790748
4907976.510897157 -1017107.7663953232 3932797.9048026465
4909438.815404564 -1012407.3356355611 3932185.5124790748
4909031.426999237 -1007232.998520448 3934022.5133348354
4909033.86577937 -1002770.0086345043 3935159.439516321
4908216.864116405 -999212.4957034916 3937083.0069015976
4906972.7816082295 -996016.2259255545 3939442.955323633
4904196.918547584 -991353.885738481 3944072.9021329703
4905588.356813725 -985843.8619522904 3943723.589876021
4905869.342301644 -982693.796911445 3944160.2271936913
4904174.950497604 -978170.746440182 3947390.409589668
4902510.153472732 -970634.2313062042 3951316.7911613183
4902881.426061835 -965906.6434577561 3952014.5594496536
4900863.368305494 -962221.814133418 3955415.0762729216
4903357.680215516 -957024.5491133939 3953584.2563762073
4902865.928643653 -956662.0802917564 3954281.7742135
4903683.524444791 -952824.2475864231 3954194.5886994596
4902650.529324398 -952712.3268545428 3955502.24492094
4902576.122539559 -950922.0422313655 3956025.231504913
4896351.204964498 -946345.5108667975 3964822.322841841
4895218.071799086 -941252.7984275995 3967432.948265648
4888810.401702778 -943737.43564324 3974736.9106354993
4889350.797185503 -943133.6508250847 3974215.4821729073
4892727.680763151 -937320.8938950199 3971433.794457852
4895953.240554413 -937052.9918874303 3967519.9503845675
4889279.760980564 -933564.4182496716 3976561.566962593
4891991.506747845 -921875.5876244244 3975953.407529957
4892926.722833329 -920283.3352787904 3975171.4010582804
4891978.927305573 -916304.33834238 3977256.5336338505
4890347.872173726 -909904.2449400987 3980730.203639264
4889874.4878878975 -910169.3667758071 3981251.0868426766
4890336.245022875 -904251.5884222023 3982032.329784817
4890719.409508279 -905999.8150679703 3981164.276007184
4887668.116329341 -908346.5784083107 3984375.4690178856
4882625.900471618 -904236.0779485445 3991486.2434160984
4887089.272358244 -900387.7467396889 3986891.188573121
4886722.625281672 -905435.8493684508 3986197.29896033
4883115.77008618 -903886.058972198 3990966.219893542
4887112.267311182 -897570.1464794452 3987498.27822476
4887893.599182545 -899477.5083889231 3986110.5572942602
4889919.153525741 -893057.8106898749 3985069.5625983644
4896115.59982345 -895867.3528049316 3976822.1885500173
4894710.061750678 -897376.0662439665 3978211.9861979666
4898356.710389833 -892478.6877902336 3974823.8111417103
4901196.545017312 -893526.4050522073 3971085.9963723836
4903298.035465342 -893202.1571719693 3968563.8815351147
4906613.976485103 -893540.7683928058 3964387.1129067396
4909534.925545198 -890620.4863579292 3961426.884865032
4913959.377366526 -891777.462761596 3955676.578602208
4916265.12856571 -895298.3343817566 3952014.5594496536
4919202.385762197 -894946.2288249095 3948437.682859333
4924782.272371876 -897737.457186018 3940841.03050312
4927640.762174694 -900835.7497285284 3936558.4551693685
4932289.383296895 -902130.3926377966 3930435.4967479
4938764.75801568 -903671.087759721 3921941.1303752996
4944695.979102957 -907343.1203120428 3913611.009830367
4952665.8218022445 -910771.4312368744 3902721.8268273533
4960773.072281662 -913694.5459946939 3891726.3267019056
4969108.510329063 -914871.126452979 3880800.488888593
4977322.997053917 -918808.7345379033 3869326.4649464604
4982327.633788436 -921800.9279791359 3862167.1893853745
4987523.498841153 -922222.076387935 3855354.301530539
4994116.782804162 -927949.1376819634 3845432.2198667214
4995940.386077377 -931716.2302707699 3842151.1585322944
4999451.798535179 -934086.7386587322 3837004.6493046186
5002794.511002378 -938778.2285483349 3831498.8605359304
5005602.749097403 -941928.2230399748 3827055.440004661
5006764.585925381 -945856.9820933902 3824565.85125013
5011055.264022609 -947935.7483400623 3818426.8957163845
5011892.395711311 -953531.4429460095 3815934.145281394
5015225.9100386705 -954528.4637035343 3811302.334275852
5017469.94297826 -957315.0982469795 3807648.1158292596
5021546.003918312 -958274.4630946163 3802029.298139714
5023052.323759897 -960288.3946778234 3799530.5699279993
5028487.775297704 -957962.0014350526 3792922.4217597824
5031039.485902838 -958357.1253904846 3789437.202474768
5034491.913730269 -953643.4717088029 3786039.6589908726
5039405.490146449 -951112.462621783 3780134.705182789
5043247.823340058 -951017.2597893472 3775030.93549689
5046030.464149921 -951541.9889977208 3771178.2506327108
5048073.326812305 -950649.9364202222 3768668.383595243
5051376.842000043 -949446.376386182 3764543.0769846197
5053234.005067951 -949521.5135404273 3762030.832588804
5055123.161820153 -945857.9494222207 3760415.343860863
5057867.704728384 -941164.5273864773 3757901.6237595975
5062198.095250023 -942610.2168186246 3751703.2696624873
5065199.034867548 -944724.0782238013 3747118.379928909
5068657.2601080425 -944362.1532910187 3742530.521316504
5073714.483367662 -944296.5246285683 3735688.211673938
5077532.035832377 -949408.8058768349 3729199.9603694407
5079365.357290998 -950577.3889783855 3726404.593534515
5082952.956919211 -949779.7255531242 3721713.1419111923
5087935.906747579 -955950.1939632909 3713315.0196946985
5087434.509948137 -962108.4183050029 3712411.412871073
5089379.71593987 -963672.3788931184 3709338.303948332
5094008.405788289 -967035.6024413522 3702102.3088738574
5095578.529059887 -975352.1413980433 3697757.2465555565
5095464.465157681 -978004.1058513708 3697213.931226214
5099930.854017671 -978676.7894281833 3690872.2581624435
5101775.325255728 -982724.1121699942 3687245.970907217
5103413.191082642 -985441.59739009 3684252.930950447
5105317.9834673405 -985070.0071038865 3681712.42342328
5109006.678684962 -989666.816305359 3675357.3091410412
5108712.105395163 -994883.8197402622 3674358.14931097
5109556.070944792 -996251.5173569571 3672813.7268360322
5112117.809212126 -998510.8036339037 3668633.080557742
5112948.45119019 -1001267.278218801 3666723.7383037386
5113131.6850531185 -1003990.6634692476 3665723.4100477956
5113651.400149313 -1004000.0214898562 3664995.8137219395
5115709.129623671 -1008113.6510194015 3660992.7571238587
5115256.9613180505 -1009415.7934145612 3661265.7614126396
5116608.394213034 -1009496.9205053853 3659354.520644162
5118178.24762016 -1008136.2390442742 3657533.8343087817
5119802.019801722 -1010127.0166449832 3654710.889834941
5120124.572795654 -1010469.1834758723 3654164.3898844686
5121617.76586862 -1011135.3563975086 3651886.875490779
5123725.244718738 -1011644.3371114734 3648788.340233261
5124701.080393136 -1013602.7897154414 3646873.89709303
5125066.330911513 -1013396.1890539508 3646418.005079523
5124480.265393255 -1015046.2039003929 3646782.7209120207
5125364.789276987 -1016801.8932646294 3645050.1624385267
5125606.905891829 -1019174.6160660482 3644046.919050386
5127717.954567074 -1019315.2775401302 3641036.3831447437
5130120.904848463 -1019606.7989154209 3637568.209290684
5132752.890897651 -1018081.3739543699 3634281.094933218
5134121.227958493 -1017048.9887292596 3632636.9996396233
5136767.468017753 -1017386.856262966 3628799.383297158
5138958.948415854 -1016422.8204989955 3625965.606078674
5141244.9854845125 -1012027.2578383791 3623953.8943842114
5143792.234060127 -1007587.0674173685 3621575.7281045485
5146648.446470741 -1005162.1558660604 3618190.128898011
5148044.357105715 -1003942.423635254 3616542.5349769318
5150981.547381288 -1000409.7255485642 3613337.8584856023
5152989.714805697 -995014.5570744167 3611964.012876749
5155819.013684797 -990987.9150032129 3609032.3149625454
5156598.85485268 -987591.9248530922 3608849.0464546983
5157699.420155279 -983510.6110481826 3608390.855947498
5158533.502585061 -981150.592870159 3607840.9910662696
5159428.3044957435 -978801.7308448023 3607199.4320335807
5158374.2942838995 -976922.9979115932 3609215.579072895
5158795.305200797 -974018.4914116893 3609398.838785527
5158752.49888499 -971865.893386381 3610040.2131444677
5158049.994380692 -969123.6255671649 3611780.8147556386
5157071.945568032 -962697.8206860913 3614894.584117414
5156805.027789085 -955850.4139377114 3617091.7726184824
5155873.674749674 -949070.7092055611 3620203.369833157
5155485.670326027 -941372.906887879 3622764.904494971
5154182.0330259325 -935465.6052806248 3626148.4624556703
5149880.164820953 -928280.0492798027 3634098.435388452
5148832.838047117 -916126.9825426971 3638663.5950173917
5151596.976581567 -907067.6872377133 3637020.4565887284
5151429.515682046 -904720.959040777 3637842.0706831375
5148915.984825159 -898814.9011826259 3642861.094610118
5150382.058152107 -889255.167716811 3643134.763051433
5150847.72078215 -886928.6967735478 3643043.541347387
5150228.426860935 -883397.9568658742 3644776.5639279913
5149279.445696188 -876482.984787013 3647785.5977989733
5150662.289264504 -870614.5211288828 3647238.5907077785
5150324.767595094 -866489.8285904229 3648697.187387011
5149224.077903261 -861499.817783232 3651431.2891660384
5150014.865771635 -854426.5018909337 3651977.989418554
5152390.361743021 -853342.2603579288 3648879.491968028
5151032.438964248 -854133.4463284592 3650611.1637095935
5151228.381890755 -849824.7648976621 3651340.1685641115
5152610.659356202 -843772.3543231912 3650793.4215960167
5150900.069712501 -842384.5412301129 3653526.755962283
5151165.907679208 -834399.088662722 3654984.124781155
5153378.648969664 -829497.0667852792 3652980.16919586
5152122.527457194 -827265.4770271054 3655257.3497070223
5151022.719163088 -817961.6092953947 3658899.3908530194
5155666.39479797 -812703.6784822779 3653526.755962283
5157443.603697059 -815751.5861196159 3650337.7685397295
5156420.026367706 -816512.1927220066 3651613.527032998
5157662.5544595355 -811911.3160562633 3650884.5488710986
5161529.456726592 -811504.5699067389 3645506.1377488007
5162023.917663037 -814906.2064030042 3644046.919050386
5161211.408667974 -813116.1702533014 3645597.329479512
5164183.98299877 -810998.3448699028 3641857.5582190547
5166186.049660337 -813807.4887893132 3638389.7635472417
5165334.176276796 -818385.8057293022 3638572.3189690383
5165180.4104537135 -816513.2976532793 3639211.228030131
5168622.210544811 -818721.8087587137 3633824.4377687997
5167723.916455463 -824775.2780891333 3633733.1030150256
5167209.426824723 -827190.3684100439 3633915.771415647
5167411.784647608 -828332.7953452796 3633367.752931225
5169300.483276166 -833355.748398485 3629530.5082354657
5167132.646468909 -837633.2830639543 3631632.0982305887
5167862.677200926 -835900.4018419873 3630992.545819131
5169522.023722374 -836353.9732208509 3628525.193205502
5170546.934368672 -840317.0400040125 3626148.4624556703
5169102.719053187 -840915.7543437704 3628068.187613539
5171101.466048984 -839666.0867306578 3625508.445807356
5172262.044650225 -843561.084607272 3622947.838157055
5171992.076938401 -846390.0590887108 3622673.4360085796
5172840.776319225 -845509.2690685029 3621667.209831455
5176284.17912415 -845979.3422922752 3616634.0773381745
5177927.376985883 -851166.2868042071 3613063.1091731596
5178910.656369099 -851792.0861186534 3611506.009322457
5181282.519933617 -851346.3253166412 3608207.572050173
5184720.434480374 -852933.5167486108 3602890.4274607757
5185567.374894246 -857070.3877168555 3600689.149445044
5188080.278072447 -855346.3410434386 3597477.819964888
5191311.8171092495 -858112.9097823655 3592153.233313788
5194029.133808724 -861263.0685126344 3587468.227589257
5196838.782112831 -861915.3513084776 3583240.09799885
5200155.761918868 -863304.814541775 3578089.692695109
5203814.157243743 -862605.6402806534 3572935.8693133024
5206707.291123531 -864205.7114037818 3568331.3569423663
5209572.74979203 -862906.2633887508 3564461.466368906
5212057.665654579 -863504.7891513163 3560681.868547664
5211780.168725907 -862898.0679018416 3561235.0943579427
5210522.198613199 -862502.923479693 3563171.0771092735
5208300.264999459 -858773.3348416535 3567317.9994179816
5207905.562555729 -856187.5600768127 3568515.5896353894
5204476.396424443 -855530.5099090445 3573672.3388799387
5203724.105596602 -852795.318516421 3575421.174847702
5201044.1095783245 -849839.5507078257 3580021.4955043686
5199660.013373215 -843558.1930179569 3583515.9160132026
5201242.411670875 -837294.4348718266 3582688.432499931
5201518.563951236 -837152.6183613401 3582320.6336732917
5199354.477246678 -834849.4118549912 3585997.8359530964
5199866.63464078 -830463.705235314 3586273.555689304
5200680.690377592 -830128.3023018764 3585170.6177602005
5199710.185057094 -830252.5861952876 3586549.2655935376
5199096.813577815 -824944.3874665903 3588662.7148051118
5201007.927349492 -822083.879612166 3586549.2655935376
5202577.463297957 -821773.5494090758 3584343.311106765
5203840.363074012 -822997.0540373946 3582228.6812384687
5206157.13222706 -823549.7310049057 3578733.680385153
5209282.159584441 -826560.5035582599 3573488.2280193367
5210952.044362499 -832327.4094442329 3569712.9961443874
5210999.377319901 -835972.8740885385 3568791.9305221136
5212299.717892383 -839261.0962954035 3566120.2255538176
5214350.463052004 -845287.6665353439 3561696.0860343752
5212917.879092058 -852153.350516275 3562157.05058694
5215849.743471827 -853473.8401187767 3557546.1849086056
5216468.020439546 -858904.3676698396 3555332.0068495995
5215875.601229466 -860209.4175680209 3555885.6098623956
5216745.379700391 -859511.1518657522 3554778.364848226
5217616.0677671125 -859186.9301520213 3553578.673455028
5216923.976222652 -858044.2590497567 3554870.6412224034
5216422.545122755 -854969.8499759851 3556346.91591907
5216915.8730275845 -852339.4800271105 3556254.656874273
5217092.427927894 -850872.6180165632 3556346.91591907
5216139.825517856 -850156.5021993098 3557915.153908927
5214835.586756157 -849663.6307466947 3559944.1733948453
5214631.592263698 -851685.9510731627 3559759.7387618693
5212178.179389619 -858198.034725795 3561788.28111491
5209738.319891707 -861906.0813239237 3564461.466368906
5208366.584302976 -864854.7538733977 3565751.642812317
5207100.541966509 -867913.399966105 3566857.33889251
5204717.753745455 -866675.9932856917 3570633.953026986
5204623.0266025765 -865726.6810663322 3571002.3053266318
5204195.666922202 -866775.7556317633 3571370.6402216447
5203383.034385313 -867480.4496678665 3572383.4714256423
5202635.021444249 -869689.0866374011 3572935.8693133024
5203393.405836012 -872710.0990253686 3571094.3906821394
5202645.691724592 -878280.5241979284 3570818.131352275
5201355.156955327 -882171.3831162661 3571738.9577102307
5201367.517757129 -886189.8628205629 3570726.0427334835
5200882.965022244 -891245.5601229123 3570173.4881798993
5200058.559698932 -895308.9027059638 3570357.677381541
5198699.14383941 -897690.9433755209 3571738.9577102307
5199604.737077278 -897940.77406375 3570357.677381541
5201380.64353108 -903016.1157928291 3566488.7909144806
5202231.951000447 -907560.5777193934 3564092.8054358684
5202991.046249408 -913682.8543802232 3561419.494283156
5204028.279931895 -920326.726257316 3558191.8692793366
5204874.411763748 -929753.8580063413 3554501.529228719
5203933.074327159 -937460.5846041894 3553855.541554475
5203272.059224647 -943906.2482124338 3553117.2049733503
5204240.94752262 -946896.8852394549 3550901.779668467
5205318.0109979585 -953758.2429187202 3547485.1118003097
5205238.230659453 -956936.5230880054 3546746.1782402038
5206490.636784239 -959703.4099003264 3544159.3663524413
5208838.856255324 -960606.2620757037 3540462.4526784173
5210980.556768929 -965327.8026085147 3536023.8786647352
5212206.528861337 -968189.7271425943 3533433.5642191996
5213702.051832901 -967902.7215643506 3531305.1746205273
5217630.39123262 -969008.8200919487 3525194.463723916
5219098.37435038 -971543.2018887743 3522322.666326429
5221019.9481518045 -970958.1199036579 3519635.2126881112
5222304.815613802 -971102.7695214717 3517688.562656538
5224459.80686715 -971597.833749641 3514350.3490521065
5225522.165112893 -972927.7275696013 3512402.416984722
5226556.330795512 -970383.4313081374 3511567.444498824
5228590.9459259985 -969156.4433874006 3508876.3883074247
5229396.371279226 -965813.1311009647 3508597.951866903
5231749.334234382 -961149.5859278941 3506370.114122116
5233617.787694816 -953657.5021778834 3505627.3648042334
5237934.409566892 -943208.2034377567 3502005.48343986
5243715.551956911 -935181.1326015256 3495500.6021157205
5245707.158614527 -926753.4367441722 3494756.854710091
5247180.3696022 -919082.8816409744 3494570.907212478
5248200.041011154 -913598.0041712988 3494477.9318668973
5249811.516111655 -908592.8523203976 3493362.1446986753
5248983.21220696 -905147.3794792456 3495500.6021157205
5249598.782764286 -899405.0855369489 3496058.367949541
5249007.562293786 -897795.0392242526 3497359.672456778
5249010.866367347 -892327.5757819929 3498753.6955688302
5249262.832196971 -887186.6998079055 3499682.9110934315
5250429.950678545 -881729.6608942559 3499311.2376747793
5250086.697303985 -875266.6368930035 3501448.1268660463
5249072.43195294 -865684.2848012451 3505348.81618931
5249973.138955691 -857552.2253580323 3505998.7480070805
5251646.458787053 -849546.4628869812 3505441.666795446
5249487.544467458 -845248.9131496615 3509711.6399072343
5244861.095864846 -834176.6930100068 3519264.4586507417
5241440.293834709 -830631.4700853681 3525194.463723916
5235639.989552258 -831023.7607741336 3533711.1382836667
5232083.795923329 -829803.9950571752 3539260.5841084486
5233951.2684600605 -831036.6751685892 3536208.8688184223
5232468.612006303 -836419.7654023747 3537133.754950903
5229478.046227306 -840248.0480861113 3540647.339359587
5227155.537458448 -841840.3073704409 3543697.3465723516
5225656.782983317 -843751.1928114035 3545452.8781369794
5224296.486019146 -849052.4145626003 3546191.932692507
5222151.267219383 -854130.631529966 3548131.6219330444
5221829.269765339 -858008.6384292665 3547669.834384642
5221858.332777973 -863162.1844874241 3546376.6855296325
5221468.425705642 -867030.3284298703 3546007.1755344532
5222141.284315315 -868265.9762909275 3544713.754461022
5223377.394962791 -869127.3105485775 3542680.808067575
5226105.064687465 -869299.9607138134 3538613.348636862
5227505.207420506 -868407.7581596331 3536763.8134260043
5229479.3107750295 -864421.916099555 3534821.3376552276
5232561.701645481 -861648.0336759966 3530934.9618104305
5234598.338102462 -855322.240316396 3529453.9384946055
5239708.455055325 -849210.6929445729 3523341.809278563
5244729.016715863 -846642.8090657436 3516483.2567603556
5247235.582404509 -845356.0983321744 3513051.7801137823
5250838.064863816 -843022.0162957186 3508226.6883167513
5254411.797965694 -838892.90444023 3503863.0612908877
5258321.280875719 -836882.076698048 3498474.910127427
5259999.755859733 -838372.9429326779 3495593.565750165
5260498.024298665 -838734.7988528155 3494756.854710091
5262434.372986795 -837819.2133416957 3492060.1993325627
5262855.66303745 -837886.2858928784 3491409.1484595845
5262866.849400133 -837040.444721384 3491595.168312866
5262644.1869625095 -834556.6862352459 3492525.2037587008
5264919.130793904 -832656.775010851 3489548.715984475
5267351.217815441 -832476.0312198794 3485919.649909129
