-2.945 95.804
-2.975 95.762
-3.013 95.73
-3.043 95.677
-3.083 95.624
-3.154 95.568
-3.23 95.527
-3.308 95.488
-3.393 95.436
-3.486 95.383
-3.608 95.354
-3.725 95.333
-3.854 95.332
-3.965 95.347
-4.095 95.385
-4.198 95.443
-4.294 95.527
-4.407 95.634
-4.513 95.76
-4.581 95.911
-4.641 96.08
-4.681 96.264
-4.699 96.461
-4.693 96.675
-4.654 96.852
-4.595 97.018
-4.509 97.154
-4.429 97.281
-4.333 97.385
-4.248 97.473
-4.151 97.54
-4.061 97.596
-3.951 97.636
-3.835 97.659
-3.732 97.684
-3.607 97.689
-3.5 97.672
-3.405 97.649
-3.352 97.615
-3.31 97.585
-3.286 97.559
-3.258 97.536
-3.217 97.515
-3.17 97.497
-3.14 97.478
-3.096 97.469
-3.03 97.457
-2.973 97.426
-2.943 97.407
-2.928 97.401
-2.928 97.365
-2.891 97.318
-2.834 97.27
-2.789 97.239
-2.731 97.171
-2.697 97.099
-2.659 97.033
-2.636 96.98
-2.617 96.942
-2.612 96.924
-2.61 96.916
-2.588 96.918
-2.558 96.914
-2.536 96.904
-2.522 96.875
-2.506 96.841
-2.492 96.825
-2.505 96.785
-2.522 96.745
-2.554 96.725
-2.604 96.732
-2.682 96.73
-2.754 96.765
-2.795 96.845
-2.824 96.926
-2.84 97.02
-2.863 97.084
-2.858 97.134
-2.859 97.199
-2.849 97.241
-2.835 97.268
-2.809 97.276
-2.79 97.285
-2.781 97.269
-2.763 97.26
-2.749 97.239
-2.758 97.189
-2.759 97.136
-2.752 97.074
-2.744 97.02
-2.744 96.985
-2.758 96.948
-2.787 96.878
-2.798 96.815
-2.805 96.763
-2.807 96.706
-2.801 96.648
-2.814 96.585
-2.8 96.536
-2.798 96.478
-2.777 96.432
-2.784 96.36
-2.794 96.259
-2.816 96.165
-2.836 96.1
-2.852 96.03
-2.856 95.929
-2.847 95.841
-2.831 95.748
-2.839 95.649
-2.847 95.552
-2.86 95.469
-2.892 95.393
-2.915 95.323
-2.954 95.295
-2.982 95.283
-3.017 95.269
-3.047 95.266
-3.073 95.295
-3.109 95.323
-3.172 95.361
-3.216 95.406
-3.248 95.479
-3.246 95.561
-3.232 95.628
-3.237 95.701
-3.215 95.796
-3.17 95.879
-3.122 95.955
-3.095 96.01
-3.081 96.069
-3.044 96.117
-3.013 96.152
-2.991 96.186
-2.961 96.223
-2.94 96.244
-2.914 96.274
-2.896 96.311
-2.884 96.342
-2.87 96.364
-2.857 96.394
-2.849 96.434
-2.831 96.482
-2.787 96.491
-2.754 96.48
-2.728 96.45
-2.702 96.445
-2.662 96.415
-2.638 96.394
-2.643 96.383
-2.654 96.401
-2.686 96.398
-2.725 96.4
-2.769 96.403
-2.797 96.441
-2.819 96.462
-2.858 96.503
-2.904 96.545
-2.943 96.61
-2.964 96.654
-2.994 96.723
-3.027 96.762
-3.07 96.808
-3.086 96.845
-3.102 96.885
-3.114 96.924
-3.136 96.965
-3.166 97.006
-3.2 97.028
-3.265 97.05
-3.353 97.089
-3.411 97.151
-3.464 97.224
-3.514 97.289
-3.558 97.397
-3.567 97.499
-3.572 97.619
-3.588 97.726
-3.611 97.843
-3.595 97.952
-3.549 98.027
-3.517 98.076
-3.489 98.098
-3.442 98.126
-3.385 98.172
-3.351 98.21
-3.316 98.254
-3.277 98.28
-3.231 98.296
-3.199 98.312
-3.175 98.32
-3.148 98.291
-3.091 98.266
-3.023 98.235
-2.954 98.183
-2.917 98.129
-2.877 98.081
-2.852 98.033
-2.836 97.982
-2.854 97.942
-2.85 97.906
-2.871 97.888
-2.919 97.863
-2.967 97.843
-3.017 97.827
-3.071 97.822
-3.158 97.826
-3.225 97.837
-3.284 97.833
-3.337 97.832
-3.38 97.873
-3.428 97.926
-3.471 97.98
-3.522 98.031
-3.541 98.089
-3.554 98.125
-3.565 98.164
-3.598 98.203
-3.625 98.241
-3.652 98.273
-3.66 98.319
-3.682 98.358
-3.673 98.39
-3.673 98.408
-3.662 98.425
-3.653 98.414
-3.616 98.384
-3.582 98.331
-3.546 98.279
-3.519 98.222
-3.489 98.134
-3.48 98.046
-3.491 97.942
-3.52 97.87
-3.547 97.83
-3.57 97.803
-3.579 97.787
-3.58 97.778
-3.58 97.762
-3.597 97.739
-3.618 97.721
-3.661 97.704
-3.699 97.7
-3.749 97.721
-3.773 97.754
-3.793 97.782
-3.795 97.815
-3.812 97.845
-3.817 97.867
-3.821 97.892
-3.808 97.927
-3.789 97.959
-3.765 97.977
-3.752 97.981
-3.729 97.991
-3.709 97.995
-3.685 98.002
-3.679 97.985
-3.644 97.991
-3.616 97.989
-3.577 97.978
-3.539 97.962
-3.491 97.955
-3.445 97.922
-3.396 97.892
-3.352 97.855
-3.295 97.848
-3.242 97.827
-3.191 97.816
-3.147 97.79
-3.1 97.788
-3.074 97.785
-3.038 97.805
-3.015 97.819
-2.988 97.839
-2.95 97.896
-2.899 97.954
-2.85 97.983
-2.807 98.032
-2.755 98.06
-2.725 98.088
-2.702 98.131
-2.688 98.17
-2.665 98.211
-2.638 98.255
-2.608 98.308
-2.601 98.384
-2.584 98.455
-2.572 98.5
-2.572 98.532
-2.594 98.58
-2.619 98.629
-2.684 98.66
-2.769 98.696
-2.873 98.741
-2.978 98.785
-3.083 98.825
-3.185 98.836
-3.315 98.882
-3.425 98.942
-3.503 98.997
-3.556 99.025
-3.607 99.066
-3.652 99.119
-3.713 99.198
-3.758 99.261
-3.817 99.332
-3.884 99.413
-3.938 99.517
-4.01 99.597
-4.06 99.707
-4.106 99.822
-4.151 99.925
-4.211 100.012
-4.276 100.114
-4.322 100.195
-4.374 100.274
-4.448 100.337
-4.545 100.388
-4.64 100.445
-4.719 100.526
-4.818 100.622
-4.907 100.739
-5.022 100.852
-5.125 100.992
-5.223 101.158
-5.299 101.332
-5.373 101.498
-5.458 101.676
-5.545 101.86
-5.619 102.078
-5.698 102.265
-5.773 102.44
-5.863 102.627
-5.903 102.804
-5.919 102.929
-5.935 103.017
-5.954 103.076
-5.994 103.154
-6.011 103.22
-6.052 103.281
-6.089 103.338
-6.164 103.403
-6.24 103.485
-6.312 103.566
-6.413 103.661
-6.495 103.791
-6.57 103.911
-6.662 104.055
-6.735 104.206
-6.797 104.37
-6.863 104.504
-6.971 104.607
-7.104 104.698
-7.243 104.767
-7.363 104.824
-7.47 104.88
-7.567 104.942
-7.653 105.038
-7.711 105.121
-7.759 105.2
-7.767 105.294
-7.774 105.37
-7.78 105.452
-7.809 105.476
-7.832 105.526
-7.843 105.578
-7.866 105.638
-7.922 105.678
-7.967 105.727
-8.057 105.787
-8.123 105.844
-8.196 105.884
-8.285 105.921
-8.371 105.946
-8.475 105.977
-8.566 105.977
-8.661 105.992
-8.778 105.966
-8.89 105.982
-8.967 105.951
-9.053 105.923
-9.145 105.855
-9.235 105.815
-9.32 105.762
-9.404 105.722
-9.481 105.667
-9.568 105.639
-9.666 105.591
-9.748 105.577
-9.804 105.525
-9.889 105.484
-9.977 105.437
-10.063 105.383
-10.159 105.31
-10.267 105.266
-10.369 105.224
-10.457 105.188
-10.521 105.122
-10.616 105.082
-10.673 105.023
-10.756 104.949
-10.853 104.875
-10.953 104.8
-11.045 104.755
-11.131 104.669
-11.228 104.642
-11.301 104.594
-11.352 104.559
-11.404 104.478
-11.444 104.385
-11.484 104.273
-11.543 104.176
-11.572 104.086
-11.613 103.967
-11.666 103.879
-11.693 103.794
-11.723 103.692
-11.766 103.592
-11.8 103.529
-11.82 103.449
-11.826 103.359
-11.878 103.263
-11.926 103.185
-11.974 103.123
-12.014 103.011
-12.063 102.945
-12.12 102.886
-12.16 102.863
-12.191 102.778
-12.228 102.699
-12.263 102.643
-12.32 102.558
-12.389 102.481
-12.448 102.384
-12.517 102.315
-12.566 102.232
-12.595 102.158
-12.603 102.049
-12.603 101.941
-12.621 101.822
-12.63 101.736
-12.629 101.636
-12.612 101.528
-12.597 101.463
-12.57 101.382
-12.541 101.278
-12.508 101.197
-12.461 101.137
-12.427 101.053
-12.421 100.949
-12.432 100.874
-12.447 100.815
-12.483 100.782
-12.539 100.748
-12.584 100.798
-12.588 100.876
-12.516 100.951
-12.397 100.951
-12.308 100.926
-12.213 100.875
-12.139 100.79
-12.07 100.697
-12.041 100.581
-12.016 100.505
-11.994 100.438
-11.961 100.406
-11.878 100.338
-11.8 100.246
-11.759 100.157
-11.726 100.029
-11.727 99.908
-11.74 99.796
-11.762 99.694
-11.78 99.597
-11.796 99.512
-11.802 99.447
-11.786 99.35
-11.79 99.249
-11.798 99.165
-11.797 99.067
-11.811 98.957
-11.808 98.875
-11.792 98.8
-11.79 98.703
-11.784 98.615
-11.771 98.517
-11.755 98.427
-11.756 98.338
-11.733 98.257
-11.715 98.145
-11.694 98.06
-11.677 97.957
-11.671 97.857
-11.653 97.757
-11.648 97.62
-11.665 97.516
-11.669 97.406
-11.678 97.307
-11.642 97.214
-11.618 97.102
-11.584 96.973
-11.575 96.819
-11.61 96.689
-11.653 96.543
-11.688 96.395
-11.718 96.242
-11.767 96.139
-11.819 96.061
-11.85 95.99
-11.879 95.912
-11.897 95.821
-11.937 95.737
-12.002 95.658
-12.098 95.617
-12.168 95.612
-12.202 95.636
-12.218 95.645
-12.216 95.662
-12.181 95.646
-12.141 95.627
-12.107 95.591
-12.067 95.552
-12.018 95.489
-11.989 95.419
-11.98 95.349
-11.968 95.293
-11.946 95.229
-11.927 95.178
-11.89 95.095
-11.863 94.99
-11.853 94.869
-11.864 94.741
-11.906 94.624
-11.966 94.544
-12.025 94.484
-12.06 94.448
-12.064 94.398
-12.069 94.356
-12.066 94.294
-12.081 94.225
-12.106 94.149
-12.12 94.073
-12.148 94.001
-12.183 93.943
-12.233 93.88
-12.301 93.836
-12.35 93.815
-12.405 93.786
-12.471 93.756
-12.538 93.736
-12.571 93.726
-12.597 93.691
-12.619 93.637
-12.656 93.56
-12.725 93.467
-12.814 93.415
-12.895 93.365
-12.96 93.333
-13.01 93.309
-13.062 93.264
-13.12 93.241
-13.17 93.221
-13.185 93.204
-13.218 93.143
-13.283 93.073
-13.346 93.042
-13.421 93.013
-13.485 92.996
-13.538 92.974
-13.594 92.963
-13.646 92.966
-13.705 92.945
-13.735 92.93
-13.774 92.91
-13.796 92.907
-13.826 92.868
-13.857 92.841
-13.895 92.807
-13.942 92.789
-13.978 92.785
-14.002 92.788
-13.991 92.781
-13.99 92.748
-13.975 92.711
-13.985 92.677
-14.018 92.644
-14.064 92.631
-14.064 92.639
-14.058 92.633
-14.025 92.614
-14.028 92.544
-14.05 92.513
-14.072 92.496
-14.075 92.473
-14.076 92.445
-14.067 92.431
-14.08 92.401
-14.095 92.356
-14.132 92.333
-14.148 92.349
-14.154 92.337
-14.143 92.306
-14.169 92.242
-14.177 92.213
-14.188 92.154
-14.211 92.09
-14.258 92.045
-14.299 92.029
-14.315 92.018
-14.309 91.965
-14.308 91.899
-14.35 91.835
-14.389 91.821
-14.428 91.785
-14.447 91.764
-14.466 91.732
-14.486 91.694
-14.492 91.637
-14.521 91.555
-14.571 91.519
-14.614 91.531
-14.613 91.515
-14.601 91.494
-14.6 91.463
-14.6 91.419
-14.611 91.363
-14.646 91.322
-14.664 91.314
-14.66 91.287
-14.638 91.234
-14.63 91.162
-14.637 91.098
-14.646 91.045
-14.652 91.02
-14.642 90.984
-14.644 90.95
-14.644 90.911
-14.65 90.879
-14.653 90.863
-14.651 90.816
-14.661 90.787
-14.676 90.75
-14.684 90.746
-14.684 90.732
-14.655 90.691
-14.638 90.641
-14.634 90.59
-14.626 90.561
-14.617 90.526
-14.603 90.503
-14.583 90.475
-14.553 90.45
-14.519 90.409
-14.485 90.375
-14.461 90.327
-14.454 90.295
-14.433 90.274
-14.409 90.264
-14.37 90.227
-14.351 90.18
-14.321 90.154
-14.303 90.097
-14.292 90.039
-14.288 89.979
-14.272 89.946
-14.232 89.914
-14.205 89.849
-14.191 89.79
-14.176 89.741
-14.166 89.678
-14.149 89.601
-14.146 89.548
-14.133 89.502
-14.129 89.423
-14.129 89.364
-14.125 89.315
-14.122 89.263
-14.125 89.193
-14.122 89.155
-14.104 89.122
-14.098 89.068
-14.087 89.004
-14.093 88.959
-14.086 88.925
-14.073 88.885
-14.054 88.816
-14.046 88.761
-14.042 88.707
-14.027 88.633
-14.036 88.559
-14.04 88.481
-14.046 88.401
-14.06 88.33
-14.083 88.222
-14.118 88.152
-14.147 88.075
-14.184 87.972
-14.218 87.912
-14.239 87.844
-14.266 87.766
-14.294 87.705
-14.313 87.647
-14.301 87.61
-14.271 87.507
-14.285 87.403
-14.304 87.29
-14.334 87.178
-14.352 87.104
-14.359 87.012
-14.372 86.915
-14.39 86.797
-14.398 86.724
-14.416 86.608
-14.433 86.476
-14.449 86.366
-14.465 86.256
-14.483 86.163
-14.477 86.073
-14.468 85.958
-14.463 85.84
-14.453 85.672
-14.466 85.52
-14.478 85.401
-14.5 85.302
-14.505 85.205
-14.521 85.115
-14.511 85.02
-14.481 84.917
-14.427 84.8
-14.395 84.639
-14.383 84.507
-14.395 84.406
-14.402 84.321
-14.365 84.244
-14.318 84.163
-14.266 84.064
-14.219 83.927
-14.198 83.79
-14.212 83.659
-14.224 83.574
-14.22 83.501
-14.194 83.425
-14.149 83.347
-14.095 83.243
-14.046 83.135
-14.01 82.983
-14.01 82.862
-14.021 82.766
-14.024 82.693
-13.997 82.624
-13.948 82.561
-13.883 82.452
-13.811 82.316
-13.765 82.173
-13.747 82.021
-13.765 81.894
-13.774 81.826
-13.767 81.742
-13.74 81.675
-13.71 81.58
-13.681 81.484
-13.663 81.371
-13.664 81.26
-13.679 81.173
-13.673 81.102
-13.653 81.011
-13.639 80.917
-13.617 80.83
-13.594 80.73
-13.567 80.637
-13.553 80.549
-13.535 80.466
-13.526 80.356
-13.503 80.258
-13.476 80.159
-13.462 80.069
-13.474 79.987
-13.459 79.929
-13.427 79.86
-13.386 79.798
-13.346 79.699
-13.324 79.583
-13.311 79.466
-13.324 79.353
-13.352 79.267
-13.376 79.195
-13.374 79.148
-13.366 79.096
-13.339 79.03
-13.313 78.941
-13.299 78.857
-13.3 78.794
-13.302 78.714
-13.292 78.633
-13.287 78.572
-13.261 78.507
-13.209 78.404
-13.173 78.312
-13.164 78.196
-13.17 78.098
-13.197 78.021
-13.227 77.958
-13.206 77.901
-13.183 77.832
-13.177 77.783
-13.202 77.722
-13.22 77.681
-13.228 77.634
-13.231 77.583
-13.231 77.527
-13.225 77.469
-13.228 77.412
-13.23 77.33
-13.236 77.259
-13.249 77.199
-13.243 77.159
-13.238 77.1
-13.224 77.053
-13.22 77.02
-13.191 76.993
-13.181 76.947
-13.177 76.89
-13.185 76.825
-13.19 76.776
-13.19 76.737
-13.196 76.687
-13.191 76.67
-13.173 76.633
-13.158 76.578
-13.159 76.511
-13.165 76.46
-13.172 76.415
-13.195 76.373
-13.211 76.339
-13.227 76.315
-13.207 76.293
-13.189 76.234
-13.168 76.149
-13.176 76.073
-13.188 76.007
-13.212 75.945
-13.228 75.9
-13.234 75.865
-13.218 75.802
-13.179 75.719
-13.165 75.618
-13.157 75.532
-13.162 75.435
-13.186 75.348
-13.23 75.267
-13.271 75.204
-13.313 75.161
-13.334 75.109
-13.31 75.063
-13.293 74.991
-13.292 74.927
-13.287 74.851
-13.299 74.784
-13.311 74.732
-13.303 74.683
-13.287 74.628
-13.27 74.541
-13.267 74.444
-13.287 74.343
-13.319 74.252
-13.364 74.187
-13.407 74.136
-13.447 74.077
-13.483 74.033
-13.519 73.988
-13.539 73.909
-13.564 73.831
-13.599 73.772
-13.603 73.729
-13.611 73.697
-13.608 73.681
-13.595 73.649
-13.576 73.599
-13.578 73.534
-13.584 73.49
-13.607 73.445
-13.616 73.413
-13.613 73.389
-13.589 73.353
-13.566 73.308
-13.546 73.24
-13.553 73.2
-13.547 73.152
-13.54 73.106
-13.522 73.055
-13.52 73.009
-13.501 72.962
-13.489 72.909
-13.476 72.854
-13.471 72.818
-13.451 72.761
-13.429 72.715
-13.415 72.662
-13.386 72.624
-13.373 72.563
-13.361 72.498
-13.369 72.434
-13.385 72.368
-13.406 72.315
-13.425 72.238
-13.45 72.175
-13.467 72.122
-13.49 72.058
-13.504 71.972
-13.539 71.904
-13.562 71.848
-13.579 71.793
-13.581 71.722
-13.591 71.674
-13.587 71.618
-13.598 71.559
-13.596 71.489
-13.607 71.439
-13.616 71.364
-13.636 71.314
-13.626 71.254
-13.62 71.178
-13.626 71.081
-13.646 70.988
-13.664 70.927
-13.677 70.834
-13.696 70.765
-13.717 70.692
-13.726 70.613
-13.708 70.518
-13.671 70.426
-13.666 70.333
-13.654 70.255
-13.644 70.166
-13.643 70.058
-13.637 69.937
-13.664 69.832
-13.704 69.741
-13.724 69.662
-13.731 69.568
-13.737 69.48
-13.747 69.374
-13.753 69.28
-13.754 69.212
-13.751 69.14
-13.745 69.059
-13.731 68.979
-13.723 68.902
-13.727 68.833
-13.744 68.736
-13.761 68.652
-13.773 68.572
-13.791 68.478
-13.806 68.398
-13.817 68.332
-13.779 68.285
-13.728 68.205
-13.679 68.1
-13.656 68.0
-13.643 67.916
-13.621 67.834
-13.606 67.746
-13.587 67.656
-13.558 67.569
-13.534 67.448
-13.506 67.337
-13.484 67.212
-13.461 67.103
-13.442 67.011
-13.415 66.915
-13.384 66.828
-13.363 66.743
-13.341 66.682
-13.323 66.591
-13.303 66.501
-13.295 66.447
-13.271 66.372
-13.225 66.324
-13.184 66.222
-13.157 66.12
-13.164 66.021
-13.175 65.934
-13.188 65.863
-13.176 65.774
-13.171 65.697
-13.167 65.607
-13.16 65.534
-13.156 65.44
-13.159 65.348
-13.164 65.264
-13.168 65.171
-13.185 65.115
-13.184 65.061
-13.156 65.005
-13.141 64.916
-13.137 64.837
-13.135 64.774
-13.12 64.678
-13.132 64.585
-13.15 64.535
-13.152 64.495
-13.108 64.432
-13.102 64.346
-13.086 64.312
-13.056 64.261
-13.031 64.163
-13.038 64.086
-13.038 64.028
-13.02 63.983
-13.017 63.915
-13.005 63.894
-12.985 63.86
-12.941 63.82
-12.918 63.763
-12.891 63.721
-12.877 63.682
-12.858 63.637
-12.845 63.603
-12.827 63.547
-12.81 63.515
-12.809 63.469
-12.793 63.414
-12.799 63.354
-12.801 63.31
-12.803 63.29
-12.786 63.26
-12.786 63.221
-12.772 63.191
-12.757 63.145
-12.734 63.096
-12.737 63.033
-12.713 62.992
-12.704 62.93
-12.694 62.881
-12.719 62.824
-12.702 62.817
-12.683 62.799
-12.625 62.771
-12.615 62.712
-12.589 62.682
-12.577 62.665
-12.541 62.62
-12.549 62.571
-12.535 62.555
-12.502 62.542
-12.472 62.507
-12.446 62.446
-12.436 62.433
-12.398 62.405
-12.377 62.367
-12.377 62.301
-12.385 62.263
-12.36 62.232
-12.332 62.166
-12.329 62.096
-12.331 62.051
-12.324 62.008
-12.335 61.952
-12.346 61.884
-12.358 61.851
-12.336 61.788
-12.332 61.702
-12.335 61.621
-12.343 61.533
-12.351 61.449
-12.37 61.347
-12.407 61.3
-12.394 61.234
-12.411 61.194
-12.343 61.106
-12.377 61.05
-12.344 60.972
-12.361 60.908
-12.364 60.825
-12.371 60.75
-12.378 60.708
-12.365 60.606
-12.393 60.594
-12.342 60.474
-12.354 60.424
-12.316 60.335
-12.309 60.213
-12.309 60.212
-12.28 60.075
-12.284 60.05
-12.228 59.93
-12.2 59.842
-12.162 59.797
-12.133 59.675
-12.118 59.616
-12.087 59.463
-12.102 59.4
-12.077 59.287
-12.08 59.201
-12.064 59.121
-12.055 58.989
-12.059 58.932
-12.018 58.764
-12.05 58.649
-12.062 58.589
-12.063 58.48
-12.067 58.433
-12.04 58.318
-12.059 58.25
-12.039 58.168
-12.022 58.058
-12.031 57.988
-12.021 57.876
-12.04 57.789
-12.045 57.698
-12.049 57.617
-12.03 57.536
-12.018 57.448
-12.014 57.358
-12.003 57.276
-12.004 57.179
-11.99 57.1
-11.973 57.0
-11.969 56.932
-11.944 56.852
-11.946 56.786
-11.933 56.736
-11.924 56.656
-11.899 56.608
-11.869 56.522
-11.859 56.448
-11.845 56.359
-11.858 56.284
-11.852 56.239
-11.841 56.157
-11.844 56.106
-11.835 56.032
-11.829 56.009
-11.79 55.921
-11.786 55.869
-11.759 55.789
-11.753 55.743
-11.719 55.684
-11.706 55.586
-11.702 55.564
-11.684 55.466
-11.687 55.459
-11.658 55.38
-11.655 55.344
-11.628 55.265
-11.625 55.193
-11.625 55.176
-11.602 55.086
-11.603 55.073
-11.593 55.0
-11.576 54.973
-11.552 54.916
-11.534 54.864
-11.521 54.796
-11.516 54.722
-11.513 54.682
-11.504 54.626
-11.494 54.547
-11.506 54.497
-11.495 54.442
-11.487 54.393
-11.448 54.321
-11.429 54.267
-11.409 54.213
-11.378 54.132
-11.369 54.052
-11.341 53.977
-11.32 53.907
-11.305 53.835
-11.284 53.736
-11.285 53.64
-11.285 53.574
-11.283 53.502
-11.286 53.429
-11.274 53.332
-11.279 53.249
-11.29 53.181
-11.305 53.109
-11.318 53.058
-11.325 52.972
-11.339 52.908
-11.351 52.828
-11.364 52.78
-11.36 52.705
-11.356 52.651
-11.347 52.57
-11.363 52.51
-11.361 52.447
-11.365 52.384
-11.372 52.318
-11.369 52.223
-11.393 52.174
-11.372 52.097
-11.408 52.029
-11.43 51.933
-11.48 51.886
-11.49 51.833
-11.51 51.775
-11.504 51.717
-11.52 51.674
-11.506 51.635
-11.512 51.566
-11.521 51.517
-11.535 51.454
-11.534 51.449
-11.548 51.375
-11.56 51.37
-11.551 51.343
-11.525 51.323
-11.512 51.263
-11.516 51.203
-11.51 51.171
-11.498 51.123
-11.489 51.069
-11.493 51.019
-11.489 50.982
-11.475 50.929
-11.465 50.888
-11.462 50.839
-11.439 50.814
-11.431 50.755
-11.414 50.701
-11.411 50.625
-11.399 50.578
-11.401 50.528
-11.389 50.472
-11.37 50.422
-11.358 50.361
-11.351 50.342
-11.32 50.261
-11.292 50.189
-11.284 50.124
-11.274 50.079
-11.249 50.007
-11.217 49.945
-11.184 49.846
-11.168 49.774
-11.126 49.685
-11.116 49.599
-11.077 49.476
-11.081 49.411
-11.065 49.282
-11.054 49.192
-11.05 49.104
-10.98 48.981
-11.001 48.848
-10.968 48.729
-10.927 48.582
-10.919 48.437
-10.909 48.272
-10.918 48.132
-10.912 47.947
-10.915 47.8
-10.883 47.664
-10.867 47.487
-10.82 47.341
-10.796 47.174
-10.756 46.98
-10.758 46.775
-10.749 46.591
-10.743 46.415
-10.746 46.245
-10.743 46.075
-10.734 45.905
-10.717 45.714
-10.707 45.486
-10.753 45.269
-10.796 45.081
-10.858 44.875
-10.947 44.704
-11.026 44.574
-11.08 44.464
-11.132 44.352
-11.182 44.224
-11.217 44.111
-11.221 44.006
-11.231 43.863
-11.227 43.726
-11.233 43.58
-11.229 43.431
-11.214 43.252