-5014029.483809333 1729014.25976346 3529824.2201312697
-5012096.4879424395 1726488.1935122807 3533803.660819
-5011710.839728815 1724007.29576877 3535561.3844311563
-5009802.015921341 1724621.9635337323 3537966.0603470355
-5006634.847777237 1724900.1108524422 3542311.125325363
-5003450.584598159 1726734.348910574 3545914.795335149
-4999904.954899808 1729222.577021028 3549701.497462723
-4997043.472663229 1733507.5832362783 3551640.324015951
-4993901.07159283 1736128.988281386 3554778.364848226
-4990397.604048086 1739207.685960922 3558191.8692793366
-4987511.729873402 1742010.0659074862 3560866.2814899725
-4983272.504612103 1744336.1243438383 3565659.494411396
-4981231.471810088 1744890.4715644745 3568239.2389653767
-4977568.917296676 1747802.6119486766 3571923.1099265534
-4973932.928170113 1750622.573235789 3575605.239975798
-4971094.01282204 1753232.0673593467 3578273.694628142
-4969221.015924827 1756473.140404472 3579285.627318485
-4967816.894964815 1759879.2997420607 3579561.586066308
-4967635.131699199 1760205.2482960273 3579653.5701348265
-4969316.774283439 1760508.2571451424 3577169.6176375262
-4971292.291604024 1762966.1289147004 3573212.053564401
-4972427.371505077 1766104.7222561468 3570081.3919477593
-4975472.441571559 1767577.451730065 3565106.5811974537
-4978653.514589346 1772916.6844004076 3558007.3934495714
-4980771.129638947 1776218.0046983897 3553394.089309606
-4987917.445477116 1780140.3837210182 3541386.8429402965
-4995947.746974259 1786447.6403592092 3526861.485479382
-5005740.483473787 1789161.0589456758 3511567.444498824
-5017072.207228764 1789064.8159703985 3495407.637416486
-5027605.550314881 1786888.7887497165 3481357.764879039
-5035365.0966002615 1783709.7480645296 3471760.1988903857
-5045682.6837769365 1774292.1681132219 3461591.3330151564
-5057592.074475673 1759062.7161357226 3451970.7080017463
-5061586.741184893 1737904.803068108 3456829.1188506987
-5060162.381669264 1723211.1187488493 3466257.5079413205
-5054503.63880684 1715379.2640045155 3478377.2000620826
-5047951.408684039 1706280.882952644 3492339.2051796983
-5035575.023667891 1703958.3415207863 3511289.101081518
-5019714.654224709 1706895.2142289702 3532508.2473794664
-5004422.548164052 1714958.270179202 3550255.4965764345
-4989754.326262316 1729320.4422605778 3563908.46845513
-4978287.800625288 1741225.934032547 3574132.5969804064
-4969922.310290851 1749600.9546558876 3581676.9437151174
-4962978.167253283 1758555.1244359794 3586916.863503698
-4956576.023811674 1765347.2509432924 3592428.733289252
-4952491.873737249 1771006.2084165781 3595274.9895267333
-4952086.429317583 1778273.4238342051 3592245.0677332133
-4954654.536596677 1787595.9880956989 3584067.522567917
-4954630.334338527 1795018.3759204717 3580389.4034253214
-4958961.639725259 1797175.0535625317 3573304.1128045465
-4963623.0679837745 1802589.668565649 3564092.8054358684
-4967624.675593027 1806496.6826609557 3556531.4307586597
-4972555.900483939 1805637.25215679 3550070.8345307754
-4978179.675969856 1806106.0471008995 3541941.425318355
-4984417.650511135 1805022.7911145608 3533711.1382836667
-4989681.4439668795 1803875.868782205 3526861.485479382
-4995807.402068571 1800670.0039144177 3519820.5832740567
-5001794.065047995 1801249.7489281201 3511010.748037813
-5005733.030769516 1799707.905479166 3506184.4332006886
-5010917.086819964 1795944.3133971698 3500704.9250389677
-5016928.089810925 1791283.7646116714 3494477.9318668973
-5019124.609580849 1790389.1524413857 3491781.183911745
-5021644.678315612 1785856.1468745878 3490478.9853850645
-5025670.486428145 1783435.2683017387 3485919.649909129
-5028136.782285716 1781939.4121944122 3483126.96149504
-5030821.254179523 1776173.0065071026 3482195.853114969
-5033150.800118032 1769194.4634033444 3482382.0832777913
-5034685.708962679 1762431.3529411415 3483592.475898555
-5038393.213609865 1753469.6184219827 3482754.5308736768
-5041468.420211515 1751285.1408100887 3479401.891645717
-5038790.471278259 1747694.318887848 3485081.943696959
-5040383.582882563 1735444.8484521697 3488897.4641552255
-5043276.125107965 1729650.0822679368 3487594.804277944
-5039518.528230294 1727083.5463960408 3494291.977982327
-5034539.8060303815 1718801.238156459 3505534.516333763
-5032684.814966425 1712285.5553053424 3511381.8832902573
-5024346.684981412 1716202.5455137158 3521396.0600717054
-5014430.236564271 1717605.4592039725 3534821.3376552276
-5006425.850612977 1725316.8717820016 3542403.5476295603
-4996978.757492398 1736905.6874176243 3550070.8345307754
-4991477.671776549 1751903.6397351413 3550440.1542962147
-4983930.234031664 1773815.63766142 3550163.166094326
-4979446.849318589 1788196.550757166 3549239.8017985974
-4980841.090227568 1804022.6028730853 3539260.5841084486
-4979126.057216374 1823875.3101448035 3531490.2745715044
-4980615.620297428 1836952.3302268859 3522600.6272813943
-4985492.82852626 1847652.767117904 3510082.835044607
-4991539.025268485 1859113.9307509488 3495407.637416486
-4996802.6608495 1865743.3211079102 3484337.243762231
-5005554.428107174 1866423.4295386132 3471387.2513630614
-5015051.319406471 1860499.0213555524 3460844.500299666
-5022423.609537872 1851177.077745501 3455147.6832671287
-5025367.994153764 1837730.725367205 3458043.2768223565
-5028036.649223327 1823697.8634799717 3461591.3330151564
-5028216.560384187 1814136.5223806743 3466350.8045266806
-5026537.245896383 1804315.133180269 3473904.318744699
-5024881.604361448 1797782.995445855 3479681.3307306813
-5022998.278853429 1791672.119798977 3485547.3466545437
-5021766.951774505 1787874.5033828192 3489269.6144349515
-5019306.627877031 1785518.0921634822 3494013.039172376
-5017592.545522444 1780864.4988915303 3498846.621917774
-5015360.75352176 1778199.9361472954 3503398.7068444537
-5012138.514617318 1775383.5918243297 3509433.2323283534
-5008303.179873968 1772254.4296427604 3516483.2567603556
-5004546.417941127 1769057.888179835 3523434.4521987843
-4998910.092253827 1768930.5611497918 3531490.2745715044
-4993509.79930807 1768098.4000862816 3539537.9545678855
-4989008.042184826 1770621.1269856454 3544621.359142216
-4982041.27865595 1777455.087729188 3550994.1014980315
-4976604.424864547 1783450.4102161434 3555608.8132299487
-4973021.182767489 1791770.5540145843 3556439.173880541
-4969226.405715644 1800993.2238564831 3557084.9492753767
-4967714.5394038195 1806431.1936754717 3556439.173880541
-4969359.127443603 1813513.1540924036 3550532.481533829
-4968889.421554416 1821109.2486995996 3547300.384893475
-4971264.402661271 1823259.2450717022 3542865.64296382
-4975642.829784102 1823879.9124715896 3536393.8546633464
-4977446.583522812 1830061.638942063 3530657.2909091255
-4978625.531160913 1828818.4095419392 3529639.0814633165
-4982835.480315788 1829673.9861035885 3523249.16528507
-4984554.7754988065 1831588.859873394 3519820.5832740567
-4985387.90563787 1832882.657830683 3517966.68445612
-4987807.0317207575 1831993.4890107005 3514999.554841987
-4990344.900582581 1834507.3628510325 3510082.835044607
-4989518.5339188995 1836576.3904936817 3510175.6311559393
-4992052.281946521 1832168.5255159193 3508876.3883074247
-4992534.300696708 1836004.6232915656 3506184.4332006886
-4991993.74628191 1833926.7781697793 3508041.0501295603
-4992478.9143642 1834203.9120097228 3507205.6253942535
-4993584.388549487 1833324.2236404878 3506091.591137893
-4993518.421682723 1835278.2710467177 3505163.111773696
-4993366.016250824 1834628.74213719 3505720.2122068284
-4992368.635612906 1835745.8681304276 3506555.790771137
-4993071.128536366 1835608.4780018604 3505627.3648042334
-4991668.549596959 1838357.0957095812 3506184.4332006886
-4991158.39456678 1837971.3607456314 3507112.795081506
-4989771.346457014 1838548.535731852 3508783.577229412
-4990317.756633748 1836178.3180837084 3509247.621930548
-4991904.984501056 1838246.2890907056 3505905.903808281
-4992640.478911071 1840496.4728674116 3503677.322714129
-4995409.28942479 1840229.8291393649 3499868.7414064854
-4998145.3405143665 1843219.449271151 3494384.955456837
-4998249.066393505 1844347.8776391728 3493641.105858519
-5002198.098326003 1841739.255823352 3489362.6493477235
-5002618.555498081 1844472.3485633386 3487315.6357822744
-5003108.796206709 1841380.4872490438 3488246.1602498083
-5003561.836600356 1839266.9289596085 3488711.3826385755
-5003390.377920932 1839203.9022020618 3488990.5033193966
-5000646.598325561 1839780.611251915 3492618.2014523894
-4997687.659582234 1836513.5797104419 3498567.839673629
-4996881.5497781485 1834633.697852147 3500704.9250389677
-4995005.5612933 1835132.1854708865 3503120.081370013
-4992711.935093557 1836762.4473423215 3505534.516333763
-4990010.485755094 1836658.5801077902 3509433.2323283534
-4991268.019914751 1837319.2709667177 3507298.4546386437
-4991765.975534656 1840569.9543069191 3504884.547142341
-4991580.801406236 1844956.3423492352 3502841.4462915687
-4992233.264128556 1847772.823582838 3500426.2067578365
-4992654.173802421 1850505.0192350964 3498381.979515528
-4992351.3628852 1852375.1029110681 3497824.373466097
-4993547.836996516 1851431.0359027274 3496616.095444791
-4995092.251563762 1852003.65023535 3494106.0198400677
-4995721.139505235 1852236.8196553604 3493083.173961581
-4996648.248574049 1851489.4791412496 3492153.202345388
-4999586.892519313 1850395.4056471048 3488525.2968710377
-4999849.832549533 1851088.049432005 3487780.9112965264
-5001736.686811709 1847916.3550169442 3486757.27010968
-5004586.876529509 1845991.8758363475 3483685.5755958837
-5004809.576043862 1844684.85455094 3484057.9637729963
-5004768.847303037 1841098.878298474 3486012.723068167
-5006337.418541319 1836122.612472078 3486385.005085032
-5005016.156625306 1835836.2378987314 3488432.2523932555
-5003420.974738952 1832576.5585680949 3492432.2050011274
-5001617.145373394 1829342.1704628838 3496709.046299542
-4998921.623883305 1828356.2831008795 3501076.5344844186
-4994466.871062419 1827715.3285719266 3507762.584834267
-4991890.526319246 1826377.3603025158 3512124.1024511894
-4988478.157367426 1830165.2392417241 3514999.554841987
-4982614.776136692 1833837.7193022761 3521396.0600717054
-4979063.70552649 1835294.0865993327 3525657.560229345
-4976228.404527492 1839775.4866568556 3527324.485310403
-4971612.436792788 1847444.655003757 3529824.2201312697
-4966946.571858929 1852027.7000543107 3533988.7026602635
-4966941.447414118 1856272.8900776417 3531767.9164297506
-4963027.841446887 1867061.4370676097 3531582.822933378
-4960320.129461326 1871974.7126861862 3532785.8537313356
-4961063.591769666 1876806.9359931208 3529176.215978111
-4961159.399599455 1884369.5039900965 3525009.217604698
-4960162.339378545 1888548.9697179075 3524175.556919405
-4963094.757009287 1892244.58364637 3518059.389579417
-4963804.276049263 1898471.1621572745 3513701.09080614
-4966072.755715465 1900431.7332569363 3509433.2323283534
-4968486.225900084 1903542.795255201 3504327.3890538765
-4970403.854832147 1905371.8810825543 3500612.020011595
-4974109.371055545 1905597.5962690297 3495221.704823758
-4975902.585334797 1906882.1590529552 3491967.195255995
-4978868.754797046 1903734.7392706464 3489455.6831975738
-4982821.973178178 1901060.8613396538 3485268.108065041
-4985043.048275612 1897623.672688233 3483964.868320605
-4987091.72143326 1891032.7630646045 3484616.5141989575
-4989059.54682888 1884113.9913564331 3485547.3466545437
-4989873.641846419 1878850.9077181902 3487222.5774924196
-4989763.367830419 1869964.8511152524 3492153.202345388
-4989851.3559506275 1859973.0554475004 3497359.672456778
-4987362.169288764 1851415.2189721353 3505441.666795446
-4984099.638664228 1842586.7042863672 3514721.330212996
-4979916.602339724 1835114.8571446782 3524546.08351601
-4973390.781491215 1829654.4127035376 3536578.836199283
-4965594.05231493 1826490.903041044 3549147.4594221795
-4957494.878820629 1828916.4184691512 3559206.408839084
-4948790.965496166 1836310.6036571371 3567502.256021696
-4940333.275723767 1844560.1165408369 3574960.9929680806
-4936090.224525781 1856239.2950620898 3574776.9125930676
-4930875.8619349925 1871980.8492124933 3573764.3926773504
-4928912.204982174 1884140.2098692441 3570081.3919477593
-4931259.692562082 1895402.376768664 3560866.2814899725
-4933176.75569763 1907512.351455596 3551732.6371911694
-4937160.546004201 1915394.9155704866 3541941.425318355
-4943261.609757984 1921336.1389009552 3530194.484563998
-4948585.590531137 1929870.4061619523 3518059.389579417
-4953190.753865182 1933758.1916190607 3509433.2323283534
-4960920.966462197 1935479.07449895 3497545.5560567738
-4967834.829435111 1937377.3060270378 3486664.2054466377
-4974904.640192146 1935134.4207581612 3477818.2233394003
-4983435.408758534 1930746.1526850683 3468029.9624748724
-4990836.045430246 1923001.7492320712 3461684.682359817
-4996609.18326912 1912517.4302019605 3459163.8800213537
-4999564.540154294 1901553.1944559955 3460937.858079219
-4998817.45584871 1889194.8281519369 3468776.14503822
-4996560.333797096 1881269.0966776714 3476327.4323071227
-4990400.907163457 1876066.6018492412 3487967.014065355
-4984679.294998142 1870838.1466739275 3498939.5472009066
-4977770.591122343 1871318.4233889657 3508505.1375824646
-4970019.679933295 1872761.947690384 3518708.2954343734
-4963219.750091501 1873365.8916782176 3527972.639944695
-4956727.706485021 1877639.3569109724 3534821.3376552276
-4950363.5139168445 1881356.5550292884 3541756.5688411165
-4944444.609072165 1886122.4481386011 3547485.1118003097
-4940524.10250662 1889962.7360608124 3550901.779668467
-4936747.938819317 1895138.8430990425 3553394.089309606
-4934637.937568867 1898381.489369747 3554593.8088513548
-4932252.273157945 1901813.2676700084 3556070.135534816
-4932459.18774494 1901794.1650004326 3555793.345401394
-4931168.109459524 1907032.4729947187 3554778.364848226
-4929661.727801645 1907142.2899701125 3556808.194892614
-4930126.276839216 1906629.564678829 3556439.173880541
-4930913.449754923 1906142.5755455783 3555608.8132299487
-4931717.014492824 1911797.7768411303 3551455.6944198664
-4930112.247573656 1919692.700308698 3549424.4833079255
-4930394.652372615 1922379.6816520442 3547577.4736328027
-4933175.89477236 1927333.518182139 3541017.099779185
-4934549.896267844 1932636.8405194331 3536208.8688184223
-4938619.4138217885 1934926.6354839408 3529268.791225362
-4943647.285839807 1938787.801812323 3520098.631111413
-4947711.656978416 1942374.7374180362 3512402.416984722
-4954243.600088616 1941147.8559610639 3503863.0612908877
-4959703.583487215 1943786.4387140102 3494663.8814935526
-4964565.779736573 1940895.648922332 3489362.6493477235
-4971684.574726837 1937379.2601759771 3481171.5113828005
-4975739.570662487 1934159.5295177845 3477166.0356271504
-4980491.815200086 1927106.7821150543 3474277.1520204204
-4984752.852028941 1921457.2302214096 3471294.0118375467
-4985648.797314852 1914909.5628078538 3473624.6826765845
-4987404.365318094 1906599.3589274525 3475675.12597818
-4986400.572785235 1901229.910219237 3480053.9013375686
-4983569.230871252 1896365.5925086287 3486757.27010968
-4980209.533896471 1890113.4456820267 3494942.7979494478
-4975978.571319174 1888010.923518451 3502098.372468625
-4968625.802863786 1885816.3419548399 3513701.09080614
-4962860.138357131 1883528.918352369 3523063.874078384
-4954206.77327325 1882718.207826984 3535653.885431972
-4945046.8016561745 1881410.492345341 3549147.4594221795
-4932768.870713165 1883641.265284325 3565014.425193989
-4921321.655025315 1887738.8207049877 3578641.685413928
-4908981.47933438 1894021.438341828 3592245.0677332133
-4899045.83005476 1897952.5265960635 3603715.7437581955
-4891931.579080675 1900795.6460211372 3611872.4143663133
-4889176.847137204 1906308.7021679345 3612696.761348274
-4880895.076479908 1916045.53986173 3618739.247523945
-4876989.255680659 1915789.4611841745 3624136.7993483725
-4875859.654963572 1918489.8268522515 3624228.2501745042
-4872621.152242127 1924290.159020238 3625508.445807356
-4871436.39676244 1926771.3710511334 3625782.745283549
-4872887.139314481 1931181.9667583122 3621484.2452744474
-4874040.695954187 1937350.3154614752 3616634.0773381745
-4876821.569005534 1944174.7061053696 3609215.579072895
-4880458.828552054 1952538.3149741674 3599771.763788109
-4888778.411162426 1959926.1894291115 3584435.2384360447
-4902481.217066803 1967306.9531666937 3561603.8898688853
-4914252.608245275 1974919.1244185471 3541109.537187517
-4929001.726357149 1971260.4602753462 3522600.6272813943
-4944140.654380996 1965413.7387317838 3504605.9729021476
-4957641.282786317 1954366.288160051 3491688.17664412
-4968031.206409406 1939552.0017307212 3485175.0264118225
-4975066.839191594 1918222.2751623874 3486943.3962493553
-4978050.746602783 1897847.2374593166 3493827.074644008
-4970943.696292473 1886100.5658043418 3510268.4261980117
-4959418.465424971 1876976.183045779 3531397.7251338786
-4944671.097635182 1875243.6121690413 3552932.610004094
-4928949.361785777 1877748.3841950558 3573396.1709562005
-4913768.078299419 1884546.257448641 3590683.733806412
-4898300.673996207 1894125.0849098605 3606741.1426166296
-4886148.86782132 1908862.319025855 3615443.9407203738
-4879567.975763158 1930086.096276175 3613063.1091731596
-4878547.61528119 1950884.7702738673 3603257.2456803164
-4882299.104805009 1967820.63377794 3588938.339467257
-4889492.063351751 1981540.9823823473 3571554.8011418544
-4898488.888514632 1989966.453940714 3554501.529228719
-4911380.305624328 1991110.1483941781 3536023.8786647352
-4926504.962955573 1984738.3853645425 3518522.899120405
-4941767.946569704 1968067.1029287034 3506462.952980691
-4955973.925509931 1949612.6013115132 3496709.046299542
-4963237.791525979 1932391.6475116105 3495965.4096394735
-4967399.032995197 1913871.747150003 3500240.389238914
-4967915.302366703 1900242.2594516645 3506927.1312510595
-4964657.152555686 1890557.9784687227 3516761.420344849
-4959145.280193841 1882911.2431620648 3528620.7419195715
-4951647.686492501 1880064.52206815 3540647.339359587
-4942820.548715534 1880464.7286301823 3552748.010705696
-4932834.619191948 1883469.078020713 3565014.425193989
-4923769.606355706 1888677.814959277 3574776.9125930676
-4915071.599134379 1899624.190239458 3580941.2325867205
-4905358.862688572 1908575.4195506938 3589489.5592729566
-4900506.93737798 1919797.0403634445 3590132.5992951924
-4893813.394288835 1932363.179129856 3592520.564425811
-4890241.602339079 1943592.2384080505 3591326.6743018674
-4888883.8695568945 1955117.1126812843 3586916.863503698
-4888244.995959117 1965953.874045113 3581860.860587365
-4889735.235710103 1974787.1336961207 3574960.9929680806
-4893197.895045229 1983341.1200275035 3565475.1943510966
-4897636.186147363 1990416.7906764105 3555424.2767261025
-4903506.236678976 1992104.4127209417 3546376.6855296325
-4911791.085043738 1993872.3905422622 3533896.182277875
-4919900.52186338 1992065.2146354038 3523619.734819301
-4929064.296584147 1983969.8499520256 3515370.5060236207
-4939557.838629355 1972782.6679415328 3506927.1312510595
-4946845.150166712 1959593.3502485228 3504048.7955982946
-4952234.197822018 1942753.779685391 3505813.0585415205
-4953664.222995619 1928664.2653788154 3511567.444498824
-4950149.043374504 1915664.2223444192 3523619.734819301
-4942923.243841039 1908207.4350519239 3537781.1111356993
-4931071.131523082 1905906.7633009506 3555516.545519562
-4917036.166113752 1909760.0585050883 3572843.805719475
-4902669.637764532 1917881.2184309347 3588203.3185051917
-4889491.453660495 1931347.1589902684 3598946.022940772
-4877187.524172611 1947675.5344359716 3606832.802697484
-4869634.3731329255 1964297.0345206808 3608024.283756355
-4862748.219244883 1984450.7897792677 3606282.8257327736
-4861106.686578619 2001221.8670204112 3599221.2797576054
-4862473.813491907 2017782.380782283 3588111.4359660083
-4867801.663622143 2029061.8792427666 3574500.7838635733
-4876990.364923376 2035490.163204883 3558284.1055684024
-4886980.058959019 2036655.6300733492 3543882.1577230003
-4897943.117910627 2032000.0788954704 3531397.7251338786
-4907892.436606197 2023889.469223523 3522230.010528815
-4917353.160649982 2013145.071824359 3515185.032574378
-4924791.055427929 1999449.904641924 3512587.9546574294
-4931255.339698805 1985751.9037679853 3511289.101081518
-4933247.956711264 1971560.5754143621 3516483.2567603556
-4935138.234921521 1957347.9006510575 3521766.7154473187
-4933021.166625061 1947645.6565699533 3530101.9200687837
-4929172.423121065 1939069.2555278614 3540185.1145680854
-4924392.487291008 1931434.8351000801 3550994.1014980315
-4917204.611585117 1926635.4179535247 3563539.781466331
-4911632.192071906 1923957.6540364553 3572659.675266797
-4902888.9636604665 1930508.5726071105 3581125.1669142824
-4894782.921001458 1931956.0504205495 3591418.518568377
-4888224.756567414 1938642.594626192 3596743.613267767
-4879266.785741377 1948407.1356406582 3603624.046338017
-4871436.309035752 1958304.840138824 3608849.0464546983
-4864540.762210292 1968661.9316412006 3612513.5808327766
-4861129.733690895 1981415.3668177463 3610131.8336543874
-4856606.183075787 1999269.9695044102 3606374.4913067287
-4854861.516716349 2010254.6200271584 3602615.3022722397
-4858540.843739713 2020226.9140240557 3592061.3978001317
-4861494.928450988 2032012.4277355403 3581401.060224007
-4867565.715864713 2036745.796396553 3570449.7703509876
-4875447.48343773 2039343.8792011344 3558191.8692793366
-4883672.6897120895 2039280.0498933352 3546930.9181131967
-4891242.166439495 2036227.927618702 3538243.476081024
-4899280.870267398 2032955.984946947 3528991.0622584913
-4907041.439215439 2024340.2500235732 3523156.520218334
-4914123.871676066 2016330.8872544263 3517873.9782611886
-4920146.446613791 2002567.3547659921 3517317.7185888714
-4924691.90502114 1988904.8675742582 3518708.2954343734
-4925051.93842002 1975166.808627621 3525935.4052451076
-4923668.937446247 1960859.1431789529 3535838.8842025097
-4918089.393550751 1950288.069577897 3549424.4833079255
-4909069.0102592 1944232.6055586315 3565198.7361149252
-4895517.371273517 1943710.5394664903 3584067.522567917
-4881664.504139392 1947487.8923836534 3600872.6134153344
-4866926.202753055 1959551.2552333686 3614253.6179782753
-4854129.2256816225 1976685.0605421518 3622124.6019170852
-4844276.5548412595 1997062.3725422877 3624136.7993483725
-4839995.73752775 2014993.1137428416 3619928.868400889
-4841643.407553782 2031660.7848766195 3608390.855947498
-4844334.849707008 2047622.5530993291 3595733.964568732
-4852151.157692579 2053422.245495287 3581860.860587365
-4863767.328570118 2055736.2954916717 3564737.9506679126
-4874131.07736701 2052901.2883331955 3552194.186837907
-4887176.062997991 2042446.0618339938 3540277.5616833027
-4896652.21474933 2029962.1051902676 3534358.7734243926
-4904461.678746426 2015567.4204018211 3531767.9164297506
-4908932.4854142275 2000899.9541523182 3533896.182277875
-4910803.629104208 1985788.5712679182 3539815.315323478
-4908614.719406086 1976336.1378745013 3548131.6219330444
-4902548.447025759 1966638.5548931442 3561880.4751104615
-4894456.190309759 1963392.377068337 3574776.9125930676
-4883302.099207912 1964659.0828296707 3589305.823711109
-4870848.911774319 1970027.690190989 3603257.2456803164
-4859119.196549247 1977827.2812178251 3614803.0208293647
-4847937.775969214 1990656.8682448063 3622764.904494971
-4838091.117372019 2002420.286408838 3629439.121487549
-4834248.386457433 2013986.47480227 3628159.590942388
-4830375.171141543 2029312.4204147544 3624776.9319462567
-4830672.866018554 2037079.5719447015 3620020.369981042
-4835357.950673126 2051093.4396811759 3605824.481385503
-4836880.460547187 2061009.3364645266 3598120.193293002
-4846408.75271506 2061672.1498936024 3584894.8587036626
-4856262.061705018 2065463.3950429494 3569344.582942669
-4863283.635370849 2062939.1374074696 3561235.0943579427
-4874990.371155151 2055968.5577540365 3549239.8017985974
-4883001.57743943 2052725.1419042354 3540092.666374467
-4887452.940046066 2044666.3120626977 3538613.348636862
-4894143.637548136 2032626.805438544 3536301.3622794943
-4897838.02245536 2025646.97953135 3535191.3696582387
-4898691.575329808 2014995.2266133258 3540092.666374467
-4898897.706897461 2004391.594807518 3545822.414055697
-4895812.230152148 1998841.1268212951 3553209.500834482
-4891798.831840561 1994214.9050860421 3561327.29486297
-4886708.51524769 1989057.0751341267 3571186.4749498293
-4880222.496359788 1987608.597300306 3580849.2637867006
-4870350.710669123 1991421.6287562184 3592153.233313788
-4860580.113604121 1992577.3186454233 3604724.3429222116
-4852565.6496321205 2000479.5678906252 3611139.5866765585
-4840841.461857207 2010984.7710210488 3621026.8145769914
-4834589.371535784 2020072.6030453495 3624319.699896633
-4828972.394225467 2034278.1594415605 3623862.4402462374
-4825371.081496684 2046857.1448588034 3621575.7281045485
-4826932.889529656 2057865.6966539624 3613246.276482104
-4830871.737837323 2069316.7420420402 3601422.978999985
-4836527.930381958 2077936.3860476995 3588846.465673091
-4848311.873418188 2079792.3069474385 3571831.034362413
-4858996.1249974705 2080761.7284093222 3556715.9412647244
-4870305.730893887 2073845.9828366057 3545268.1036974667
-4882277.994418128 2063660.5110969478 3534728.826962484
-4890999.147900526 2051367.6682182068 3529824.2201312697
-4895264.770873581 2037000.3902910964 3532230.631343025
-4896819.006288321 2021323.3428882516 3539075.6650781753
-4893603.91640177 2012403.218873428 3548593.382460878
-4885883.699293446 2006537.161901936 3562525.8026974495
-4876310.790865197 2004097.8426837735 3576985.589549094
-4865250.748765117 2007795.6065058012 3589948.8790422184
-4851218.972387859 2015097.2413807914 3604816.0271674916
-4839719.888566245 2022216.3253134107 3616267.9012833447
-4829228.3054410275 2034485.2103543873 3623405.1529985503
-4819651.803079773 2044133.3470138328 3630718.435336996
-4816399.768301783 2053077.0963145557 3629987.425390221
-4810683.85636487 2064346.8496343445 3631175.280610283
-4810123.833682307 2072064.2384809675 3627519.744432788
-4814322.027714405 2078456.7121853002 3618281.6514245723
-4820206.228232438 2084391.4292957352 3607016.119563052
-4829571.166934543 2084740.125035569 3594265.14806312
-4840683.497122137 2085528.9674090466 3578825.6742662336
-4852110.751047749 2081522.1904848195 3565659.494411396
-4863028.493722119 2074959.6919753386 3554593.8088513548
-4873380.623491591 2065817.2331803455 3545730.031696126
-4882495.484661376 2055521.3023241523 3539168.1251323586
-4888347.942648902 2046845.4702658884 3536116.37428016
-4892907.717353797 2035117.9830189175 3536578.836199283
-4895303.204408343 2025799.3745083502 3538613.348636862
-4894939.810107014 2018748.0616001836 3543142.8872139775
-4891925.6157799065 2012411.8169061972 3550901.779668467
-4888739.077729915 2008906.4968000434 3557269.446779515
-4881461.936817457 2009601.7225786329 3566857.33889251
-4873256.593787453 2010203.6667901392 3577721.675749888
-4864153.443817996 2015693.5354575429 3587008.7602497144
-4852743.197988048 2025171.3220665026 3597110.725382268
-4842675.191177002 2034082.1004691594 3605641.135957621
-4833902.580707741 2046296.3695440963 3610498.304696693
-4825833.259640439 2058193.222843277 3614528.324358538
-4821628.946475017 2069143.2254523518 3613887.32739122
-4819066.485524598 2078609.3597483062 3611872.4143663133
-4820563.261905759 2085944.1115846687 3605641.135957621
-4823370.46288578 2091958.0180730415 3598395.479707716
-4830723.165637868 2094545.9772612907 3587008.7602497144
-4837231.389923665 2096665.8227994503 3576985.589549094
-4847818.352123257 2091813.7735668463 3565475.1943510966
-4858762.44413954 2089799.9390683824 3551732.6371911694
-4870101.539500527 2079685.896798209 3542126.2774798456
-4882679.0929276915 2068251.028307176 3531490.2745715044
-4891484.258554041 2054985.2565181013 3527046.688635018
-4898015.312715154 2039850.0551066408 3526768.8822900346
-4898804.8285648255 2028149.7737970145 3532415.709776678
-4895722.821558879 2018471.1348144372 3542218.7019421156
-4889436.339329496 2013084.2292675364 3553947.828755862
-4878133.375855496 2014407.4504707714 3568699.817980285
-4865576.508642827 2022056.8657877638 3581493.022478705
-4854548.082394161 2028014.0306490196 3593071.5282629556
-4842335.366817588 2040405.098662535 3602523.5916811842
-4832432.165975275 2053635.1037944455 3608299.214548411
-4824870.897668768 2068141.669340908 3610131.8336543874
-4820614.079394928 2079476.4641954317 3609307.2094789403
-4820992.437023319 2089227.3676041279 3603165.5427717837
-4823463.918073062 2098202.777306109 3594632.378471016
-4831058.320215528 2099902.164921824 3583423.9777666493
-4841472.006283041 2100210.4815704506 3569160.3698179885
-4850977.852423813 2095788.7584503242 3558837.5005395934
-4862583.881896227 2085613.1564975064 3548962.7714259736
-4871386.655259443 2076516.2466428545 3542218.7019421156
-4878526.723832266 2063178.945085708 3540185.1145680854
-4883874.069542723 2051286.700415653 3539722.8628165326
-4884930.059377444 2041407.2648941216 3543974.5616790466
-4884421.169463372 2031688.1523321648 3550255.4965764345
-4880579.481136784 2027193.1180166982 3558099.631906383
-4873249.8711346295 2026841.8834601212 3568331.3569423663
-4865138.070996756 2028150.94052581 3578641.685413928
-4855648.6014901055 2032854.8164276131 3588846.465673091
-4847838.965183078 2039636.2048374673 3595550.3778377064
-4839267.299511841 2047671.0612927743 3602523.5916811842
-4834721.734652168 2055006.5962061982 3604449.283598112
-4829194.642607984 2067002.536249851 3604999.392363754
-4825167.352526088 2075749.5600434428 3605366.1095783096
-4824603.954207739 2083095.4657868121 3601881.586818405
-4825808.959202357 2092015.003190789 3595091.391843455
-4826344.387951114 2098654.42779929 3590500.026677512
-4831488.309153127 2098284.679458371 3583791.724203144
-4836091.319206124 2101487.753743532 3575697.2709060726
-4841250.779152901 2099311.3941462156 3569989.2946281093
-4846208.239430843 2094129.613735564 3566304.510406866
-4851803.166788453 2087910.5764633887 3562341.4288124973
-4855295.299054898 2080881.916328462 3561696.0860343752
-4858348.207516329 2070256.9985924505 3563724.1271318756
-4860756.4065364385 2062367.6453226602 3565014.425193989
-4859242.946149314 2055723.522016693 3570910.2188833347
-4856179.246276256 2046937.1364203496 3580113.4741204823
-4853377.89637173 2043761.4760013965 3585722.106385674
-4843719.19316678 2045369.7648051905 3597844.897013838
-4836249.9638942275 2045598.1922879233 3607749.3430726957
-4828074.797856228 2053574.309455101 3614162.0469828886
-4817507.6657144 2063691.7161154035 3622490.495725235
-4810744.622945175 2074621.5628747717 3625234.1363916253
-4805918.730934984 2088476.1969504345 3623679.5286586424
-4803164.178543398 2100647.5053967712 3620294.868105062
-4806755.992454882 2109117.8868673015 3610589.9197077877
-4811677.46503778 2118090.96785 3598762.5129146622
-4818012.4681257615 2120980.0092336577 3588570.837731354
-4827243.377467425 2118006.910731667 3577905.686402283
-4835900.649792066 2114562.5171293616 3568239.2389653767
-4843090.15515374 2106639.652219826 3563171.0771092735
-4849723.065460463 2095246.6474590886 3560866.2814899725
-4853981.437020827 2084732.551616778 3561235.0943579427
-4852814.895931108 2075609.4807473316 3568147.11990144
-4851428.4891784545 2067108.2490146293 3574960.9929680806
-4845012.137302153 2063674.9983450007 3585630.1943452815
-4838677.42386031 2061276.1261547874 3595550.3778377064
-4830752.223804481 2063680.0533232975 3604816.0271674916
-4822027.080476855 2069015.1091060182 3613429.4393884153
-4813219.284883083 2074792.1490784346 3621850.169975571
-4808118.45848761 2082452.2755126432 3624228.2501745042
-4800667.2207234055 2092771.6594326731 3628159.590942388
-4797401.489002881 2098825.470276634 3628982.1711646654
-4796037.162663776 2106511.2704294124 3626331.3144143145
-4796406.842739971 2113367.867921984 3621850.169975571
-4798720.766857784 2116888.23547837 3616725.6185977263
-4802822.748605847 2120400.3275918616 3609215.579072895
-4806458.987551481 2119800.7954828274 3604724.3429222116
-4813093.707746197 2118614.1136645637 3596560.05063662
-4817749.682666013 2118154.6073846435 3590591.8807888404
-4821444.704846581 2112854.0993692437 3588754.5907856994
-4827158.609729389 2105723.9395907135 3585262.53526154
-4829230.360332507 2100811.4105572477 3585354.4516707454
-4830347.168852658 2094783.580722068 3587376.3363068467
-4829772.2520050965 2088227.8767485677 3591969.5611922713
-4827362.803971333 2082887.3486272679 3598303.7186655737
-4823359.074111579 2081059.983212768 3604724.3429222116
-4816726.468929849 2079893.7252757724 3614253.6179782753
-4811863.853713715 2077295.825026022 3622216.077024236
-4806794.293464618 2085665.8600851963 3624136.7993483725
-4793918.6318625845 2099196.018250859 3633367.752931225
-4787367.854037957 2101806.5376104424 3640488.883183412
-4786334.405165022 2112821.428916439 3635468.274025382
-4779385.843186339 2126620.437810461 3636563.965536266
-4779665.816688236 2128644.0996253532 3635011.6888274434
-4784609.589989015 2137153.3331648875 3623496.612655704
-4785668.318402773 2144844.0019817855 3617549.4403530606
-4792694.008896359 2142269.6587976865 3609765.345016735
-4800932.3326586615 2144645.275833328 3597386.0479629445
-4806614.1231935555 2141148.311119728 3591877.7234902335
-4815997.355419645 2133754.0376653625 3583699.7892314787
-4823265.34172704 2127514.60542484 3577629.6687889216
-4826819.298832962 2117419.0066272924 3578825.6742662336
-4832704.613261458 2103325.9415271725 3579193.638888548
-4832832.9396906905 2099269.687978893 3581401.060224007
-4827009.197046968 2090033.7976386377 3594632.378471016
-4824105.834462286 2082980.2883706887 3602615.3022722397
-4815214.912772016 2086723.6171957839 3612330.3959155413
-4804404.483469434 2086721.6854659976 3626697.0050756563
-4796667.251991616 2094017.4368124197 3632728.347674342
-4785678.766989654 2103755.4164617 3641583.843177643
-4778474.131615361 2111743.759482832 3646418.005079523
-4773945.731975443 2120707.1585794175 3647147.41897054
-4770802.119976047 2129487.9041825375 3646144.456542048
-4769950.082957726 2134201.3527287766 3644502.955425094
-4771959.592108093 2139200.114528087 3638937.416511938
-4775571.360640485 2142621.259753775 3632180.2428681226
-4779433.572339168 2143452.2773340507 3626605.5840673847
-4786673.480716542 2140280.2463715766 3618922.2782475725
-4792497.633466967 2139773.7679112954 3611506.009322457
-4797096.021315456 2134099.5089421226 3608757.4105517836
-4804496.284579696 2127354.4648627355 3602890.4274607757
-4808842.328253871 2121252.957820594 3600689.149445044
-4811133.987109026 2114644.7937899963 3601514.702757893
-4812805.923375066 2105664.866809778 3604540.9711374943
-4812790.384980038 2100356.082503537 3607657.6939801387
-4807873.977524653 2097910.8288785233 3615627.050777707
-4803694.8574676765 2092794.5852251083 3624136.7993483725
-4798407.561622293 2095574.9002013756 3629530.5082354657
-4788808.132128956 2099947.0798256174 3639667.5583887394
-4782694.354032616 2102642.698589617 3646144.456542048
-4776189.809224288 2112029.709539962 3649244.087791689
-4768251.295996152 2120968.1935367137 3654437.644869129
-4765094.465586045 2127738.1849196143 3654619.8092929213
-4762310.839164716 2139568.0509402994 3651340.1685641115
-4760403.362726983 2145204.958060081 3650520.0330983084
-4764275.114855643 2150552.100854103 3642313.727766906
-4767786.201932799 2156044.754227918 3634463.750049723
-4772935.034291898 2157269.4840669367 3626971.2614718317
-4779352.506884909 2157960.402204214 3618098.605269287
-4785609.4693564745 2156362.745880834 3610773.146430403
-4790611.617502028 2151077.020155697 3607291.086620636
-4796409.576649196 2143830.0295438236 3603899.1353052603
-4799719.820379607 2136872.5695533575 3603624.046338017
-4800546.492612444 2128813.1408495386 3607291.086620636
-4801109.611085689 2119443.7408281052 3612055.6102869175
-4798562.183195825 2114117.5255338727 3618556.2123909937
-4793668.682132233 2107966.6034844085 3628616.5910080695
-4788353.686428249 2104931.2948546167 3637385.629488669
-4780369.343399596 2104608.002272179 3648059.086344028
-4772531.928833857 2105633.9223352354 3657715.923000653
-4764327.977419292 2109966.4144113343 3665905.2979633817
-4756438.0781564005 2117006.409301648 3672086.8279003957
-4749602.973986615 2122411.8228855655 3677809.2179411743
-4746371.926164495 2127431.0809755726 3679080.256560959
-4745637.211461181 2133769.567294762 3676356.3335021916
-4747606.898089994 2138142.607535136 3671268.9810270173
-4755015.091869242 2141478.9778590268 3659718.604412586
-4763845.7315090075 2148256.82501834 3644229.3369305846
-4775748.415862836 2152420.822379768 3626148.4624556703
-4788960.9339833865 2158275.1189422184 3605182.753167434
-4803242.030803355 2159569.5055748546 3585354.4516707454
-4818113.186308629 2155851.721360449 3567594.3826934826
-4830271.345298072 2145223.7349597304 3557546.1849086056
-4837678.759576475 2131855.368846406 3555516.545519562
-4837919.067857901 2117557.658850191 3563724.1271318756
-4832391.862916495 2109512.8423619047 3575973.357161466
-4823184.298685544 2105593.632373369 3590683.733806412
-4813440.645736843 2104841.6525427215 3604174.2143922104
-4802513.207362209 2106856.4117454235 3617549.4403530606
-4792477.776282917 2107842.2028919295 3630261.562414208
-4782387.790930434 2110281.4689577078 3642131.263276107
-4773576.302615573 2110376.0068480046 3653617.849861601
-4764585.722889132 2109384.32619688 3665905.2979633817
-4754794.903949622 2105843.7891489756 3680623.365284389
-4742902.428632949 2101368.929523961 3698481.6039151787
-4729732.3894612165 2096422.7166059949 3718102.24676243
-4712285.561041332 2095778.5017268383 3740550.529387484
-4693850.418470221 2096122.3892237975 3763466.5108675617
-4674879.041448361 2100287.4816226107 3784698.0648878976
-4655309.827171778 2104692.4051885814 3806310.7193947495
-4635741.040336448 2107354.68750356 3828655.407319537
-4618372.40652078 2105395.027173205 3850660.8646103605
-4603582.168263959 2098846.6391759245 3871887.783144294
-4591879.4367487645 2086448.731380192 3892430.59407433
-4586555.7945874445 2066670.5276897962 3909222.412848202
-4587182.825639432 2042537.245531647 3921152.4230479267
-4593198.1537210485 2017420.4973747535 3927109.1476333765
-4605231.442811102 1991525.751504783 3926233.505439697
-4620051.031820851 1968808.2175012769 3920275.9681010386
-4636956.420570805 1946911.8597819633 3911241.537410792
-4654951.923725712 1926240.8232317872 3900084.5989180314
-4672645.9157030685 1905349.4924317573 3889172.721563479
-4690979.290498565 1882623.8821140532 3878154.4082987965
-4709629.236577033 1861917.2450602013 3865526.8239305057
-4729378.298585426 1842005.9948347583 3850926.618862275
-4750075.047494006 1821385.7237639471 3835229.079004759
-4771262.518129599 1801197.1089143276 3818426.8957163845
-4791196.543539728 1782115.5910156628 3802386.1852042144
-4809586.953021414 1763867.2445842808 3787649.2293781447
-4825340.860651435 1746463.249859271 3775657.9155716244
-4841695.256370099 1734626.6614243293 3760146.0596523597
-4856585.519612394 1729925.401983271 3743070.42336425
-4871932.024144517 1729357.557847611 3723337.453042694
-4882819.992614606 1739366.2080867807 3704364.3333086055
-4891556.9093609955 1752105.20012466 3686792.558604136
-4895041.396105209 1772753.3270177948 3672268.5593463485
-4894772.546863999 1794429.787309494 3662084.7140505803
-4894316.789553331 1815222.681123918 3652433.542370028
-4894036.251444394 1836915.6618906108 3641948.7943474827
-4892944.151605506 1859925.6035431204 3631723.4584359857
-4893472.491845613 1877350.2624269594 3622033.1257065707
-4895939.990808758 1894292.8155437536 3609856.968825615
-4897919.721239734 1908142.0631550478 3599863.507288752
-4900417.210556793 1918479.4934116742 3590959.286296304
-4903440.025976516 1930132.4801400024 3580573.3508420163
-4904273.032965604 1939759.0579272108 3574224.645334383
-4907127.133447615 1945247.178949421 3567317.9994179816
-4910406.506193036 1952996.139317093 3558560.807931996
-4913118.193222399 1959936.608809904 3550994.1014980315
-4915693.725370222 1965341.0984268521 3544436.5652653687
-4920101.376670932 1968298.6002430122 3536671.3253513095
-4925617.989022386 1971602.613364194 3527139.288601251
-4931941.800351657 1977630.1889487882 3514906.814369682
-4936853.848347824 1984302.2626084564 3504234.5256361244
-4941031.297232643 1988486.000547105 3495965.4096394735
-4946283.548044964 1993710.0482691014 3485547.3466545437
-4950469.449898661 2000219.9946733532 3475861.5045092027
-4954579.962006613 2002987.4183686064 3468403.0622088346
-4959665.2220910955 2008468.1894669519 3457949.8863747907
-4962633.792542222 2013502.4733408804 3450755.660861568
-4966885.511092214 2015025.6190045062 3443742.30662774
-4970451.683431802 2019807.11332807 3435786.7057806854
-4973842.749094184 2021488.5578070602 3429885.321397547
-4977095.869243725 2024126.6249757234 3423604.695992434
-4979324.0823805 2024830.257282167 3419946.6533588255
-4983544.438315279 2025532.9034020882 3413376.962565424
-4985959.828627249 2027021.6282761458 3408963.0249998393
-4988131.693466436 2026890.1785328882 3405862.506444232
-4991975.910664222 2026422.290808166 3400504.4047411405
-4994841.885556107 2026773.4052500443 3396083.7890230925
-4996303.107891502 2028686.7306556248 3392790.356467005
-4999466.358301153 2025297.077055104 3390154.6988134724
-5002271.390351338 2027348.16494322 3384786.7518314715
-5004353.882838888 2026768.6638683972 3382054.4050142746
-5005534.3954589935 2028568.901393652 3379226.927593873
-5008640.403878698 2025452.6776314175 3376492.8187854257
-5010448.557137288 2026794.4030615457 3373003.21731232
-5012326.833580184 2026230.9605112672 3370550.223337079
-5013231.702439001 2026189.5807503327 3369229.0929112174
-5015959.499451433 2023830.1472376608 3366586.228658775
-5017433.054744066 2024730.1813939523 3363848.128812306
-5018700.1388354115 2023000.9969813868 3362998.1984333172
-5021410.648726649 2021139.6589420892 3360070.025446802
-5022927.5547518935 2021139.0291504276 3357802.3772341083
-5024019.279953454 2020152.0982977455 3356762.841548266
-5025939.923581257 2017256.842992539 3355628.661510656
-5028510.236429071 2016352.5952984835 3352319.7958370736
-5028822.930488114 2016987.4075875191 3351468.742421793
-5029724.744603427 2015209.374747291 3351185.039572512
-5031321.780989123 2014524.538469283 3349198.862422112
-5032688.091907943 2014256.3001428817 3347306.8468401134
-5034084.516488065 2015324.8938178956 3344562.6998477723
-5036105.5122463945 2012157.6891167918 3343426.9400795423
-5040321.3315695 2011190.2333167149 3337651.2280250182
-5041840.422091585 2010368.4181480978 3335851.4627417196
-5045523.464592674 2006939.6460931445 3332345.604102951
-5048776.464200892 2002214.5269194043 3330260.380619517
-5052850.178440575 1997607.117536446 3326847.137786885
-5054703.173523341 1993546.777313384 3326467.8074853644
-5056444.479747006 1988015.436059512 3327131.624872263
-5058233.737543658 1982503.8112526222 3327700.5716776783
-5059795.772507221 1976598.8316897918 3328838.35580531
-5061080.57246517 1971706.6172928673 3329786.397704685
-5060849.119600157 1964600.0575088717 3334335.586391756
-5063004.130313074 1957103.2823665417 3335472.5180374137
-5063827.004050121 1952546.7977172532 3336893.47683993
-5064896.762202811 1948797.2050153962 3337461.79632841
-5063345.656239989 1945360.185648473 3341817.6960345064
-5064187.125345461 1939093.1558605102 3344184.129556895
-5063315.902860414 1936631.9702260143 3346928.3947732337
-5063794.816586382 1931447.6527887888 3349198.862422112
-5063666.249155476 1928665.7565453947 3350995.8992354632
-5063800.540298268 1925681.4670736901 3352508.907586061
-5060760.198111221 1924120.8832487355 3357991.3704265794
-5060489.253489529 1916237.9390746376 3362903.7566020186
-5061847.326436784 1912813.6770803854 3362809.3137463196
-5062361.765582448 1910787.0173999933 3363187.0790226036
-5061123.478958299 1909411.4186798031 3365830.9768840466
-5060670.9534664 1906113.526131408 3368379.6885506203
-5061882.288386661 1900720.9683195485 3369606.579277145
-5062157.5551255485 1900824.3301191076 3369134.7187538487
-5060351.766767425 1899440.8856520762 3372625.8788201003
-5060816.1709957905 1894175.3997455854 3374889.6631425084
-5062126.501007407 1890839.1336287884 3374795.3506155657
-5062204.3233643295 1891472.3012617712 3374323.7725611012
-5059674.928851477 1889822.7778527227 3379038.396150719
-5059949.073889341 1884191.2178964624 3381771.698983869
-5060748.249005582 1881874.3197820964 3381865.935357522
-5059717.452678569 1881088.9420755382 3383844.6611895505
-5057462.333766099 1878844.0898207393 3388459.91988733
-5057314.727703349 1873969.218009499 3391378.497736233
-5057047.529563053 1871963.2054659044 3392884.4721154366
-5056749.997533811 1870548.6230770154 3394107.881483216
-5055468.1278620325 1866664.718414117 3398153.2980722184
-5056492.19330644 1861829.797563539 3399281.9100415236
-5057642.615398426 1859046.3653766015 3399093.818400107
-5057586.315548263 1857823.3899759233 3399846.160113324
-5057271.219136233 1854202.265372744 3402290.8128469707
-5058652.529408858 1850603.284352373 3402196.8006935716
-5059905.668636179 1848558.8461172674 3401444.6661595213
-5058451.603382255 1846826.8751595719 3404546.7935435725
-5059912.353294653 1841257.4498758547 3405392.6323190453
-5063572.431466641 1833787.3264198112 3403982.8543565106
-5068089.5460717715 1831421.9786880214 3398529.5186266187
-5070131.457007943 1829259.0501962136 3396648.250251085
-5076526.485406143 1822159.1464921564 3390907.8265008815
-5082090.510031 1822053.8985367103 3382619.7892580284
-5087738.5384109095 1821674.1318626227 3374323.7725611012
-5091166.21297329 1822400.1864050194 3368757.211861692
-5097284.225330675 1818370.0222659535 3361675.919585286
-5103075.256959358 1818528.5042553332 3352792.5675502256
-5107433.541880006 1817269.1791900166 3346833.77920761
-5112947.626055962 1816215.6420323665 3338977.136017205
-5117813.028846803 1813820.6403366828 3332819.450023438
-5123437.233652193 1811688.2101208186 3325329.7193113924
-5128031.238826696 1810695.1118690686 3318782.8831472234
-5133085.762609535 1807846.248270415 3312516.1880826894
-5137430.173514401 1805245.0911785203 3307195.545025973
-5142824.080398373 1801192.91590897 3301015.8372467654
-5147857.361865147 1797611.4659524173 3295117.387797772
-5152479.917400013 1793779.1947456119 3289976.8846129216
-5157153.249841767 1788546.537023305 3285500.364107184
-5163143.704152545 1781744.9886937418 3279782.4448482366
-5170092.327624714 1775261.2626071398 3272343.773707551
-5176042.050511058 1772155.294279545 3264612.581042085
-5180674.012380741 1767581.2543877314 3259741.44474373
-5187410.50983031 1762605.2520295489 3251712.7683760603
-5194346.297216295 1756269.5787310556 3244059.9118110007
-5198855.901720465 1754761.5601485053 3237645.777439445
-5204534.952611156 1748688.512771339 3231802.192639637
-5209859.561597479 1744509.1426054134 3225475.4997980464
-5216413.423056017 1738910.8115959372 3217897.01343529
-5220775.69620594 1736822.1243600184 3211945.0552957677
-5225203.401716723 1731308.895606624 3207718.802931665
-5229503.244352716 1726860.6090699143 3203106.1883969917
-5234189.494978016 1719598.0640038482 3199356.783626357
-5239396.576341656 1715535.706552048 3193008.261086133
-5241176.765488627 1710448.56152545 3192815.815432781
-5244835.07974589 1704251.4252145456 3190121.16790587
-5246699.509885857 1698683.6920722611 3190024.916399755
-5249778.429708995 1691686.8972083835 3188677.29329508
-5251469.987201576 1688792.7662925888 3187425.7585140546
-5251321.6647799155 1682881.359825877 3190794.9012375735
-5253249.312924325 1676121.6219177186 3191179.870330101
-5252843.963298519 1672255.5948257116 3193874.218376862
-5252944.323322749 1666231.1874223077 3196856.356818767
-5251503.248949349 1663756.7418788997 3200510.6045952947
-5249842.887647202 1658997.0955915912 3205701.0608974057
-5249279.884280212 1654084.3935195927 3209159.783433359
-5246504.029352893 1653008.3829505148 3214249.4856310044
-5243022.07757363 1650603.729124637 3221159.391193696
-5241485.546780296 1646299.9736048486 3225859.057646808
-5238804.537187246 1646562.9620942015 3230077.155890537
-5234468.454484979 1646806.404478849 3236975.38840954
-5231068.761099551 1644231.91674122 3243772.8065661285
-5229007.102075101 1645690.0172692395 3246356.433527984
-5223133.05874455 1648852.2177810853 3254198.582534293
-5219037.693729737 1647659.5498128296 3261365.444003289
-5214591.838642648 1650760.825976242 3266903.9857001794
-5209703.436257288 1653716.1816031307 3273202.3916881415
-5203143.672484448 1657733.68398447 3281593.50871925
-5198625.153050366 1656993.702904018 3289119.849839542
-5194634.467709111 1660616.8989327573 3293594.5806773845
-5189644.495470797 1664314.4144627282 3299589.1472183694
-5184119.103607175 1668132.1748586595 3306340.146871834
-5180998.376239511 1669722.8675850162 3310426.3125566193
-5176153.558547791 1673248.8743545366 3316219.7669642325
-5172610.136867898 1677988.454236133 3319352.364456312
-5166423.985030581 1682761.1828598636 3326562.6415807665
-5163063.852069177 1684258.6132110362 3331018.700530069
-5159137.605193686 1689156.8133023875 3334619.8330170237
-5154344.532747831 1693864.8134377783 3339640.0152606177
-5149617.541087845 1697590.9626736846 3345035.889787881
-5146905.359647535 1699286.6734548628 3348347.505897528
-5144655.508646947 1702926.4461142032 3349955.554402697
-5141386.94298608 1707023.512106005 3352887.1188290142
-5138524.471530876 1712846.590260477 3354305.265432977
-5134899.78718197 1716120.5809857033 3358180.3595274403
-5133047.26523984 1717593.2086912396 3360258.9695247486
-5132912.113177816 1721134.9484767276 3358652.814377284
-5129914.846299923 1729497.548460948 3358936.2750101713
-5125907.809113046 1732930.3403858368 3363281.5177805326
-5125519.410280039 1733895.6014458302 3363375.9555139476
-5121233.362185035 1739221.9679824915 3367152.6244187513
-5116969.3965485245 1737873.49157378 3374323.7725611012
-5117590.164952774 1735494.561267 3374606.7224776438
-5117133.025526005 1741416.2317470328 3372248.5238901116
-5112917.658812304 1748848.2940692354 3374795.3506155657
-5109304.90372404 1750302.3947951274 3379509.7170382454
-5110490.857061153 1751206.9954469264 3377247.142125093
-5108995.900094179 1759367.8485579954 3375266.9029694935
-5104665.518191183 1765952.8966758086 3378378.5036778008
-5102746.570205119 1766086.8250502574 3381206.259109875
-5103883.561756744 1770371.5228835954 3377247.142125093
-5100526.8980111005 1778587.3346019145 3378001.3996235877
-5097400.892978344 1782887.4075740937 3380452.2816003934
-5097417.149836408 1784091.3867585282 3379792.4972175
-5096516.900377744 1791468.175874728 3377247.142125093
-5093789.8727085935 1796904.9576868592 3378472.777118643
-5092311.769731004 1800382.0315277367 3378849.86059031
-5090985.090623225 1805012.6018783853 3378378.5036778008
-5089806.486523881 1810797.1619343532 3377058.567462211
-5088066.103305726 1817083.9525585412 3376304.2276645494
-5085817.7551485365 1823891.0928900873 3376021.333269698
-5085315.285449522 1825814.7502868194 3375738.429619293
-5084585.396460181 1832368.0003961176 3373286.210393092
-5081585.248771938 1837903.3437390015 3374795.3506155657
-5079513.17857442 1842067.7514564057 3375644.1263458356
-5078621.373575673 1844352.460526948 3375738.429619293
-5078757.3740348425 1850524.4404036745 3372154.182589429
-5075013.207839601 1856488.0705666186 3374512.406866722
-5074433.460642597 1858585.9264964964 3374229.453866461
-5075367.593136314 1866969.393427748 3368190.9207385667
-5069962.56288702 1883286.5199967364 3367247.0201223213
-5063515.432447122 1890149.5675807782 3373097.5493667577
-5062081.552551714 1890117.6389405914 3375266.9029694935
-5061797.117407912 1897766.2989277057 3371399.4152065683
-5055108.406755305 1908855.66581584 3375172.5945549235
-5050027.716616427 1909455.2484803111 3382431.331964757
-5049626.5795209445 1911016.2207211165 3382148.638297316
-5046431.309323959 1918773.7929730485 3382525.5611265805
-5041201.191559167 1924039.4539475504 3387329.881466472
-5038796.66583309 1921711.3107299088 3392225.6408738596
-5039160.287394997 1922252.9706137816 3391378.497736233
-5038968.132343416 1925908.1191437119 3389589.809673705
-5035928.147632477 1929381.3662756137 3392131.51799151
-5035730.576491206 1926584.8092147417 3394013.7792729335
-5037351.198529315 1928313.569543613 3390625.4113642876
-5036786.394020711 1934248.0877964315 3388083.256926205
-5032995.946895965 1936522.8739428204 3392413.883538538
-5035085.816840169 1931578.5207191524 3392131.51799151
-5037349.681311326 1936078.7219085263 3386199.6944606984
-5034747.331391211 1942343.4929682116 3386482.255139266
-5032365.944793322 1941122.079022745 3390719.550776034
-5036066.717676493 1937603.4926234458 3387235.7048904253
-5035993.354867024 1945349.0240370042 3382902.467469827
-5034068.129038013 1946726.0348379423 3384975.157587995
-5033784.764649118 1945000.7165649969 3386388.069277954
-5035845.515891425 1941959.416512086 3385069.3589195865
-5038642.39896669 1941926.850225235 3380923.5252678376
-5043170.942054883 1941650.5677238326 3374323.7725611012
-5044015.858502477 1947638.703678815 3369606.579277145
-5044197.991733807 1949125.458698004 3368474.0709175607
-5046227.930562485 1947784.4491142062 3366208.610974657
-5050372.887262786 1947966.5926735676 3359881.0772747127
-5049840.754063565 1954548.0528713348 3356857.349905651
-5050618.472232697 1953024.8915406766 3356573.821765938
-5052830.085467681 1953474.6105754434 3352981.6690864544
-5056347.225642142 1955240.1445968435 3346644.5450178795
-5056953.068547244 1960142.9371084978 3342859.0051951455
-5058709.080823674 1959808.096172969 3340397.530499474
-5062268.368163663 1962711.3748864527 3333293.270563052
-5065189.720147524 1963538.9495786885 3328364.2968279873
-5067151.578213221 1967148.4115667797 3323242.845517245
-5069470.303087467 1968863.1313683256 3318687.966057184
-5070649.2779726675 1973497.9661901668 3314130.7574141584
-5071685.534955512 1977367.561910884 3310236.2996658767
-5072244.104328906 1980543.4689492765 3307480.6596113336
-5072580.981565545 1983328.2952700446 3305294.549452552
-5074077.219993355 1986466.18773068 3301110.9418720314
-5073514.012933347 1992477.6909658716 3298352.499593133
-5074028.066731018 1996360.287446458 3295212.554712152
-5075688.359557401 2002335.0703496034 3289024.618743608
-5077982.889689848 2006518.4242891618 3282927.7459312566
-5081607.663083544 2009181.2857645506 3275682.389888267
-5087791.027571572 2008135.767741304 3266713.0571998893
-5092481.03706586 2007111.102102161 3260028.0537048867
-5099510.694271221 2001659.912956208 3252382.091925487
-5106330.020367532 1995599.1677118542 3245399.6186788883
-5111141.166603899 1986997.9406523667 3243102.8597456156
-5119231.836849825 1975347.1662843348 3237454.2426473936
-5121918.753603269 1971045.188580486 3235826.0376696466
-5124519.390002402 1967426.5533232787 3233910.137707587
-5128254.572131821 1959725.9203359662 3232664.591412542
-5131085.173167603 1955472.5870361556 3230748.0414061574
-5133527.449681073 1951274.5515771222 3229406.2221619673
-5135546.085351231 1948657.3722972018 3227776.6110165394
-5136096.034796763 1944662.7090564761 3229310.370551289
-5140215.074815796 1939660.2686839355 3225763.169658523
-5143245.885929665 1937523.0777005462 3222214.6235540225
-5146549.994352582 1932410.9385120962 3220008.0932116057
-5150409.569645507 1926274.0004153615 3217513.1297677383
-5156967.027797971 1915912.4499543437 3213193.3583764452
-5162948.270247269 1911061.9400458178 3206469.775322862
-5167312.60206597 1900688.892690066 3205604.9671996105
-5172970.273400932 1889967.599820799 3202817.8253122517
-5176950.401824434 1881493.5619259912 3201375.87819376
-5179624.9549167575 1874282.3557124706 3201279.740583209
-5180751.034174098 1868863.057215789 3202625.5783775393
-5182275.807380357 1859504.033473832 3205604.9671996105
-5183887.458450279 1853344.8686423674 3206565.860230991
-5184495.252568537 1847645.2579414789 3208871.6049260474
-5185522.9399494305 1841078.497442069 3210984.709635763
-5184415.679288174 1833454.2751697816 3217129.230418417
-5184575.3606792865 1824048.3132833568 3222214.6235540225
-5183042.562189889 1818732.4767036138 3227680.742686861
-5180058.400057288 1815654.7561749336 3234197.547827787
-5175985.479000121 1811894.4494029605 3242815.724860513
-5175565.223552973 1804855.008257248 3247408.8156432966
-5174046.805667439 1803008.881912968 3250852.138210154
-5170770.101601536 1802575.51460363 3256301.4403668307
-5165736.814732343 1799203.1687680248 3266140.247817604
-5164142.405687363 1793192.117290128 3271962.139797782
-5160214.285710521 1794048.7015772017 3277684.9729524376
-5154680.09086907 1791822.1146533554 3287596.032093543
-5149306.771331656 1789954.291120855 3297020.535334288
-5146222.703738809 1787774.9224977258 3303012.823167884
-5141937.99960694 1789907.9029781374 3308526.0021729595
-5138202.577423937 1789210.8963367937 3314700.5357624246
-5135914.734848913 1790324.0984138865 3317643.811351714
-5134664.385935077 1792501.8237525325 3318403.208721599
-5133456.514006751 1797710.9044025561 3317453.951902543
-5129846.808553153 1805196.0676187798 3318972.7142943987
-5125295.973775369 1810433.569890102 3323147.9759735325
-5122824.7860401515 1814288.6474256292 3324855.472852189
-5120614.5807490945 1821556.3731739456 3324286.3436787687
-5115870.203904572 1829329.4319750213 3327321.277861719
-5112762.13920548 1834561.1413628685 3329217.584734943
-5111127.842415586 1840824.6613224894 3328269.4819907737
-5109589.607336194 1850553.4551413395 3325234.8720453433
-5106178.022695217 1859607.0712074095 3325424.565564489
-5104295.100560391 1866290.645105481 3324570.912822728
-5103643.802807845 1874640.7767416197 3320870.803304256
-5100943.195698566 1886491.352426832 3318308.287588012
-5095564.683301518 1901302.595915694 3318118.442288422
-5094318.434150609 1908438.1640795527 3315934.930808799
-5092232.922784002 1918102.9010403638 3313560.9427223816
-5089779.2535191905 1925094.8428959472 3313276.0217496296
-5088335.411565173 1931353.1096821507 3311851.280648478
-5086347.750241353 1940151.5489727617 3309761.2497933013
-5082626.530668715 1947781.2690758852 3310996.327025997
-5081952.458345097 1951796.5088978445 3309666.236794038
-5081909.393366617 1958500.3722913158 3305769.8361118427
-5079071.602080144 1966167.680062686 3305579.7244689097
-5078136.403128225 1973044.8760409425 3302917.738659639
-5078881.927012681 1978437.5159921627 3298542.7641276247
-5078532.057729451 1985348.5506280398 3294927.0509577906
-5077293.281670067 1993552.7713660472 3291881.1156672635
-5074576.786449824 2000770.7775062995 3291690.710607759
-5073269.068224612 2004553.4312468097 3291405.095498278
-5072153.572682163 2011895.0898518953 3288643.684341221
-5069664.91638081 2015517.5567804647 3290262.5448324424
-5069093.676758421 2019902.4170641445 3288453.2111292426
-5069224.419552243 2022518.0306320263 3286643.5158050787
-5068683.729642754 2030202.7080327696 3282737.1526138415
-5066395.427199042 2035445.4271557606 3283023.041089924
-5065786.759569185 2040028.6959984133 3281116.9479426597
-5065134.818102631 2045624.678443906 3278638.4291936937
-5063501.57731973 2051340.792581976 3277589.6218364127
-5062328.310292358 2055907.1383522577 3276540.6936714146
-5061466.384715478 2060910.3508099217 3274728.6242251825
-5058918.140318808 2065948.3862887372 3275491.6447373596
-5057729.888432947 2068553.6628833064 3275682.389888267
-5057422.781655654 2071416.6508987711 3274347.090027218
-5056256.39680431 2075165.3135030179 3273774.758808159
-5054685.892000479 2076582.6678761216 3275300.895595365
-5055132.884297025 2077900.70761079 3273774.758808159
-5053588.510916152 2081803.9210857279 3273679.366781108
-5052828.595175802 2083347.8897615038 3273870.14983796
-5051638.553899866 2085333.4021663838 3274442.475072916
-5051006.807160215 2086414.0700497122 3274728.6242251825
-5050123.418979214 2087803.4528979107 3275205.5195277827
-5049199.396816358 2089588.7003056551 3275491.6447373596
-5047282.116083247 2090033.497445887 3278161.71355538
-5048005.671683242 2090229.9042894477 3276922.1360703628
-5048320.07012546 2094696.5022004652 3273583.973756838
-5045323.870755256 2102645.630419447 3273106.9936782084
-5040594.887143638 2105219.478721267 3278733.769325282
-5039885.164936686 2104096.6592522017 3280545.042028053
-5039025.787996841 2110454.0415744176 3277780.3230700223
-5032347.538274781 2116747.8108731383 3283975.937668169
-5029777.789032698 2112051.698960776 3290929.0502638076
-5033721.950825901 2111847.907937246 3285024.0083619733
-5030817.879372095 2124066.031958926 3281593.50871925
-5023803.693100862 2129167.562801152 3289024.618743608
-5022558.607346828 2125331.6762221833 3293404.211725747
-5024785.1019154005 2126997.689050661 3288929.3866457804
-5022353.472546227 2137865.275951007 3285595.632253881
-5015032.438500047 2144784.8684762255 3292261.9137528683
-5014475.403829947 2145064.293028584 3292928.271790667
-5009352.573447122 2154673.7904105154 3294451.191293731
-5004251.765691124 2155896.1171517293 3301396.2497142577
-5002810.575151404 2153412.103245961 3305199.4891000283
-5004208.266243413 2153082.089578635 3303298.0706555685
-5003567.069240209 2157775.759624679 3301206.045491722
-4999695.633709742 2164701.215913945 3302537.3905656897
-4998395.710032149 2165381.611428824 3304058.6863459493
-4998002.155093759 2167594.397031823 3303202.989165877
-4995869.1463974435 2174961.9274408924 3301586.449914144
-4991549.3149669925 2179820.6102056988 3304914.3020016416
-4989764.294265553 2179870.7081573033 3307575.6957914587
-4989755.888133026 2182771.4998288946 3305674.780793859
-4985731.783510615 2188790.813653125 3307765.765129047
-4980796.459588351 2192121.724383184 3312991.091693343
-4979737.6829724265 2191655.741233729 3314890.453801098
-4979963.415749099 2193726.6770817735 3313181.046073444
-4977092.988982134 2201803.7742105224 3312136.2470310894
-4973747.239093563 2204788.4201180157 3315175.3232857343
-4972793.818071322 2207793.5871851314 3314605.5752285
-4971875.32705189 2211854.1398454844 3313276.0217496296
-4969933.109952118 2218059.6429436454 3312041.259245782
-4969929.396704386 2219202.290761275 3311281.3206451507
-4968628.689472787 2222679.092473488 3310901.3271357333
-4967705.702200357 2226013.1766083175 3310046.282741711
-4965905.337544088 2232704.0082004704 3308240.920839456
-4964248.686127395 2238211.528433326 3307005.4635985387
-4960869.182333692 2245132.134275599 3307385.6224236907
-4959800.286082351 2249030.225532991 3306340.146871834
-4957862.7348220805 2256920.641765239 3303868.5384616177
-4954918.392208079 2262683.3876988306 3304343.900623821
-4952021.768887996 2267630.777225131 3305294.549452552
-4949475.688910013 2272214.83477304 3305959.9437267953
-4946229.320771926 2276789.5910382015 3307670.730964041
-4947012.22623192 2277987.1108360966 3305674.780793859
-4947061.277030069 2285863.2249752204 3300159.850373237
-4944007.857867819 2294512.52632695 3298733.024642942
-4942184.377677129 2299120.032940073 3298257.36581877
-4942521.617874692 2299486.785286961 3297496.2594568566
-4941987.522399001 2305536.80626021 3294070.4854984595
-4939204.099329927 2309593.835981986 3295402.885529545
-4940386.542160057 2308150.5473013 3294641.5381702
-4943206.955521695 2314725.743840299 3285786.165544696
-4940508.18569111 2323984.165018069 3283308.9205654114
-4939561.331287987 2324381.1273613623 3284452.3484457466
-4942375.826638578 2321492.451369383 3282260.651821181
-4944484.186040533 2324273.7562442864 3277112.8512807074
-4943000.609708775 2330110.4646075116 3275205.5195277827
-4943255.8141238345 2328227.5707219313 3276159.235303004
-4945087.462327754 2329301.1714168945 3272629.988673444
-4946505.145698352 2332184.571250425 3268431.2703805184
-4946958.392685183 2334298.1583346967 3266235.718535462
-4948028.016521892 2332163.722661939 3266140.247817604
-4950808.660596152 2330940.3390009194 3262798.1460985923
-4953695.285572085 2330820.8592350623 3258499.369319507
-4951999.975041241 2335620.4667644794 3257639.3726780782
-4952248.192311127 2331090.157265559 3260505.7154452004
-4957379.452871614 2326322.3618174866 3256110.2913068286
-4961875.226102294 2327164.1364254523 3248652.385640465
-4961441.481429024 2331822.042732411 3245973.7194534745
-4961409.097965294 2328424.6577750626 3248461.0780633166
-4967533.698876004 2323897.539900813 3242337.1469627023
-4968710.901804283 2326985.537828662 3238316.1181434286
-4967401.333520143 2330179.017635941 3238028.8351883944
-4965899.479119189 2327254.2796993917 3242432.864517726
-4969655.617230521 2322564.799095627 3240039.6294074906
-4970937.908445736 2323692.6423790515 3237262.703910603
-4970016.339063871 2323261.8496329896 3238986.4105114834
-4970021.237270591 2319777.0468357066 3241475.6445257324
-4973993.677575373 2314868.291010648 3238890.6574186264
-4974539.796077493 2319983.1132739396 3234389.149648672
-4970556.197274971 2322774.286624519 3238507.6351812617
-4969797.236547634 2319989.4102265346 3241667.0964243445
-4973028.976539604 2318010.5460860427 3238124.5971598043
-4972299.915733267 2324646.5671507563 3234484.949081253
-4968414.349725191 2326952.389618056 3238794.9033391457
-4967909.269826055 2325764.376453756 3240422.5884898137
-4971193.812876114 2323812.2663319097 3236783.83981192
-4970193.169491618 2331806.163481376 3232568.773265178
-4965529.792505362 2334695.8473364753 3237645.777439445
-4964217.276772677 2332703.5284823487 3241092.7288798243
-4966675.760785143 2330261.70870167 3239082.16261769
-4964777.039396629 2337622.793613008 3236688.064034125
-4961119.175064258 2339815.7063333276 3240709.797437222
-4960269.402132223 2339097.445408682 3242528.5810850486
-4961017.873381057 2341355.8141430826 3239752.399732435
-4955974.0685541285 2348713.1017106697 3242145.7088896674
-4952104.181118392 2347620.0421086503 3248843.689259229
-4952206.367436707 2346610.003546244 3249417.5763628827
-4951509.86704802 2349137.8660688726 3248652.385640465
-4946516.329329374 2351318.306540731 3254676.546909736
-4948673.229234766 2342926.6227789633 3257448.251396899
-4951375.840770778 2346110.6365356706 3251043.3962907433
-4947520.968405865 2353172.2139333226 3251808.388997796
-4942718.195006169 2353215.516970064 3259072.655748298
-4944389.976852453 2349038.1352569116 3259550.3671380403
-4944658.77252818 2352975.0429456346 3256301.4403668307
-4939634.686953244 2358625.237264495 3259836.982057128
-4937158.20030711 2356278.8702471172 3265280.9665888213
-4938266.60005814 2352364.9549505617 3266426.6569862934
-4938361.347252197 2356006.553928972 3263657.6600203025
-4932599.698900002 2360131.0122634606 3269385.693882547
-4930845.362877166 2355591.019405732 3275300.895595365
-4932334.986810918 2352603.10777991 3275205.5195277827
-4933892.622381323 2353451.7665070277 3272248.3667252553
-4929880.592749245 2360522.07028051 3273202.3916881415
-4926570.538517473 2359888.509999139 3278638.4291936937
-4927411.707195523 2356274.8842531117 3279973.100138245
-4928095.6062696725 2358293.0283162757 3277494.2697219774
-4922867.816212102 2362975.936057962 3281974.7393473466
-4920342.327051186 2355638.277847331 3291024.2613157667
-4922903.1557272505 2348948.1581473514 3291976.316692883
-4924550.959783661 2349628.8859716305 3289024.618743608
-4923562.888176402 2353695.3532551397 3287596.032093543
-4924134.093288338 2351434.939050389 3288357.973020659
-4925448.023377116 2351745.685751501 3286167.2201152
-4923941.670279443 2356093.9672864587 3285309.824811359
-4920217.930959896 2359485.535042436 3288453.2111292426
-4919115.981643883 2357267.7456823466 3291690.710607759
-4920316.459008557 2357420.651047139 3289786.4394556046
-4917410.816261674 2362680.1849232754 3290357.762901112
-4912405.090343492 2365131.349001542 3296069.011768032
-4909868.249138341 2361904.686743652 3302157.0263755745
-4910613.458184392 2361418.909611542 3301396.2497142577
-4908061.041789212 2364728.384390357 3302822.6531452695
-4905261.141756371 2365489.4697531178 3306435.195140244
-4903885.886195315 2364087.8675235626 3309476.207770994
-4902733.905975727 2364481.6872132514 3310901.3271357333
-4899430.284933706 2368266.1547853034 3313086.0693880054
-4894986.490376288 2368015.537069468 3319826.9044080046
-4895638.401359683 2364536.1683545876 3321345.2623410616
-4892896.722338888 2369007.1707003894 3322199.2248652847
-4889125.569193434 2369604.4569817227 3327321.277861719
-4889405.161112998 2366895.3021629383 3328838.35580531
-4888981.018879739 2367637.9754797816 3328933.1645588246
-4885455.037562187 2370247.7654112107 3332250.8318734667
-4882028.559368358 2368374.836564797 3338598.325501045
-4883306.692989587 2362260.103058571 3341060.302912956
-4884144.887563087 2365611.649307575 3337461.79632841
-4879344.738585769 2370966.572986628 3340681.5819253745
-4875538.266339046 2369853.284182518 3347023.0093193245
-4875865.862763563 2365700.573310965 3349482.629567306
-4875757.139212102 2366594.0690970207 3349009.6792241465
-4873525.4360270025 2369716.208455568 3350050.1363085266
-4871698.975231045 2367987.119639406 3353927.1154803974
-4873050.646110312 2365070.2191650663 3354021.6545011112
-4873146.081302683 2369426.589318243 3350806.7548153275
-4869562.475422565 2373045.690919347 3353454.405052434
-4868984.172773738 2371291.791723465 3355534.139862647
-4870574.951292534 2370699.4686112166 3353643.492288383
-4869188.030984706 2375282.4947635387 3352414.352222169
-4865690.694894307 2378309.139944411 3355345.093500194
-4865933.645174623 2376744.649905764 3356101.2544173836
-4866811.804761637 2378015.2987477016 3353927.1154803974
-4865833.819516835 2381746.8923846916 3352698.015250118
-4862921.601610336 2385162.941579387 3354494.3342787037
-4862380.340620702 2383739.4886661693 3356290.284423988
-4863175.529376921 2385708.692875703 3353738.0343740038
-4860631.337528392 2390357.414246955 3354116.1925001307
-4856797.72311742 2393105.654860877 3357707.8791035903
-4855903.852031125 2392665.214868668 3359314.208195885
-4854589.518510442 2396125.657432939 3358747.302278056
-4850868.840752627 2400609.843297231 3360920.2415528568
-4846167.874651317 2400179.04670146 3368002.1488224748
-4848578.416570324 2393579.6744309673 3369229.0929112174
-4850357.905640906 2397406.8569038296 3363942.5603980315
-4845396.695980483 2404116.4399345047 3366303.0169338677
-4840607.542924674 2404372.872784397 3373003.21731232
-4841226.049531934 2402994.852218664 3373097.5493667577
-4839191.932635574 2408409.975058111 3372154.182589429
-4833450.7981552705 2410817.7161244373 3378661.320912875
-4831938.325832591 2408694.406794428 3382337.101772586
-4832216.115894823 2410517.8512727427 3380640.782156806
-4828602.646451572 2416297.7938412847 3381677.461580069
-4824093.335674688 2416463.2056350284 3387989.0886056796
-4822695.846352861 2415026.182417689 3391001.9628139264
-4820911.521171552 2416869.5261501647 3392225.6408738596
-4816693.287080494 2419595.7598049375 3396271.9469040874
-4813784.809778803 2416661.8689882345 3402478.834044549
-4812300.152119139 2413393.243821559 3406896.138215922
-4812025.581644824 2411153.738915944 3408869.0865017767
-4810076.162589653 2409861.8668778036 3412531.9181884616
-4807086.89196194 2404377.131589504 3420603.3418414844
-4816523.317360539 2395345.2617884204 3413658.6253095083
-4813566.310073881 2399011.6346806055 3415254.537393781
-4812741.716371628 2394512.424151972 3419571.37987762
-4817609.229529264 2385511.184140463 3419008.438406553
-4825297.268471533 2385020.030084646 3408493.322125803
-4827672.62791205 2388396.2277044635 3402760.858067438
-4829147.983764279 2389965.4998826324 3399564.039737473
-4831732.908829533 2391559.7518134983 3394766.568004265
-4835769.114512749 2398603.3714204063 3384033.087565078
-4835142.373497341 2407026.340089164 3378944.128885157
-4834431.213917267 2410569.1951620313 3377435.712672901
-4836551.324578487 2413312.9912583153 3372437.2034097123
-4837724.295678798 2419912.2653661454 3366019.7959800484
-4835138.270060287 2427170.6232489957 3364509.128392357
-4833669.040702438 2429179.8930403143 3365170.0777528933
-4834880.9925586935 2430951.741476373 3362148.185075674
-4834290.029462413 2437211.844841469 3358463.8355064574
-4830665.403672967 2442049.8160672127 3360164.4979975577
-4829601.280651122 2442464.4538183473 3361392.548002521
-4829756.372005148 2444236.799830774 3359881.0772747127
-4827840.274933842 2448667.503039284 3359408.688934122
-4824874.635973535 2451399.755001146 3361675.919585286
-4822900.598530658 2451138.173523541 3364697.9761916683
-4822510.480048994 2451257.639990993 3365170.0777528933
-4819684.317589099 2454480.4567049365 3366869.431153995
-4816084.128482781 2455717.644885086 3371116.36049192
-4814601.856205511 2455385.3640224715 3373474.867309179
-4814607.177308451 2457188.413014877 3372154.182589429
-4813333.7961317375 2460457.754533664 3371588.11321478
-4812027.943234387 2460425.856059222 3373474.867309179
-4812876.979563437 2458635.205019028 3373569.194225808
-4814921.439651502 2458514.0897507826 3370738.939829246
-4815004.303571278 2461841.6841958677 3368190.9207385667
-4814389.441674168 2462269.309280796 3368757.211861692
-4816891.320610529 2460473.8959010798 3366491.8257759544
-4819331.22929463 2463311.314524782 3360920.2415528568
-4818407.429673583 2468463.3898969754 3358463.8355064574
-4818654.538079488 2469651.8159832554 3357235.3731093328
-4820422.868208569 2469283.4745443077 3354966.9885103605
-4821674.907885466 2470562.2909562974 3352225.2384308022
-4819978.400688126 2476175.405497168 3350523.030529841
-4819390.746647985 2477574.7720503984 3350333.8759029964
-4819703.537949433 2479011.9239333095 3348820.4919455135
-4819824.80446743 2481840.7371130683 3346549.9263938307
-4818686.482272982 2486470.5478519006 3344751.9788804534
-4818310.227235475 2492029.484100431 3341154.980615561
-4817416.567296674 2497431.5884765014 3338408.914140878
-4815967.563691295 2503509.6165878857 3335946.1963774716
-4814312.990516392 2508202.182968357 3334809.3256883346
-4813832.266863746 2511264.1457102173 3333198.5084857726
-4813549.656937622 2515072.457944542 3330734.3381729657
-4812565.032396799 2518836.6009977018 3329312.3894320796
-4810879.615478466 2523305.2595701744 3328364.2968279873
-4807624.792316786 2528128.2797229164 3329407.1931150495
-4806285.902225807 2530423.2832776387 3329596.797438373
-4805905.491220837 2534509.72809558 3327036.796857268
-4804136.709496183 2541834.71924291 3324001.765421088
-4802340.310827968 2546465.5107759945 3323053.10541753
-4802134.522068794 2547967.2961518965 3322199.2248652847
-4802234.761862148 2552103.5335122216 3318877.7992263054
-4801365.524211128 2555834.3198757037 3317264.088411155
-4799712.05283783 2556351.925630804 3319257.45343246
-4802080.081481118 2555354.265011189 3316599.53436218
-4804505.819879579 2557075.4981954223 3311756.28983654
-4804913.882454871 2558153.6745540076 3310331.30661544
-4805850.976088898 2558114.3444995745 3309001.11757172
-4806315.474173782 2559330.5584278684 3307385.6224236907
-4805431.75159337 2562952.205377212 3305864.8904228318
-4801897.8227143325 2565159.510449303 3309286.174715454
-4800194.683506182 2565649.798970228 3311376.3165008924
-4798414.572778033 2569222.39538714 3311186.323780735
-4795997.006669875 2573854.685780174 3311091.325907673
-4792269.075234584 2578105.7903992105 3313181.046073444
-4789459.279516758 2580152.189302007 3315650.0855625407
-4785926.45905137 2583532.2586523797 3318118.442288422
-4780282.226025871 2589219.3314292724 3321819.696084375
-4776253.83846988 2592754.588299205 3324855.472852189
-4773677.286798399 2594700.813940367 3327036.796857268
-4771416.462998264 2596061.6730194925 3329217.584734943
-4769193.484903921 2596254.7827647007 3332250.8318734667
-4766935.456522053 2596751.493481853 3335093.55707642
-4764721.545848159 2597163.2736420613 3337935.367944559
-4762602.964194897 2597518.156553782 3340681.5819253745
-4760579.83711274 2597816.358875201 3343332.2868114733
-4758748.883014001 2598003.0150757525 3345792.9407048333
-4757064.970423318 2598161.52583471 3348063.7020289265
-4755772.913612448 2598210.2428266406 3349860.971476414
-4755317.056804899 2598068.964737115 3350617.6063123355
-4755015.0986166755 2598011.754087425 3351090.4699143874
-4754350.318435657 2598618.371766584 3351563.3079964262
-4753377.411876447 2599056.407107458 3352603.46192872
-4752394.751691827 2600243.257507254 3353076.2183225197
-4751417.696992178 2601540.7784511023 3353454.405052434
-4750467.951568312 2602421.9120524623 3354116.1925001307
-4748561.883525105 2604072.1331308675 3355534.139862647
-4747640.869579599 2605507.4550592364 3355723.1821364826
-4746964.425504969 2606861.336749325 3355628.661510656
-4746435.765228052 2608188.6109114443 3355345.093500194
-4746049.120784408 2609378.326174124 3354966.9885103605
-4745662.157673905 2610567.9875247176 3354588.8671688247
-4745320.458949535 2611674.7738057785 3354210.72947743
-4745075.358110368 2612726.9361046804 3353738.0343740038
-4744778.729138984 2613750.841512475 3353359.859902164
-4744521.874624725 2614580.856528907 3353076.2183225197
-4744264.863416238 2615410.848171673 3352792.5675502256
-4743535.30808186 2615764.367527495 3353548.9491811832
-4743302.670998618 2614124.843630611 3355156.0430493555
-4743234.465105678 2612792.248862278 3356290.284423988
-4743724.085784287 2610688.309142527 3357235.3731093328
-4743285.134550602 2610878.1915204218 3357707.8791035903
-4741356.539684298 2610247.937172488 3360920.2415528568
-4740633.82462688 2607909.701675201 3363753.696201892
-4739196.529938341 2606257.11355747 3367058.2276894874
-4736604.285278264 2603647.2871954176 3372720.214984268
-4736195.256379409 2598150.6147341058 3377529.9964035805
-4733679.831682358 2597953.1336188293 3381206.259109875
-4729463.984690837 2601334.883197646 3384504.135463772
-4725246.819522614 2602131.406810291 3389778.110184046
-4722258.041132814 2602526.745517756 3393637.3600933324
-4719461.804683233 2602811.591307202 3397306.7412721147
-4716812.996802223 2603068.837953148 3400786.494044413
-4714305.329041428 2603187.885783952 3404170.8382334863
-4711893.515250998 2603251.358758168 3407459.884438753
-4709571.027286737 2603148.5060765827 3410747.659128803
-4707090.555606696 2602957.3768408354 3414315.801982606
-4705314.483168911 2601117.410855917 3418163.955901339
-4703967.505863139 2599729.7007786934 3421072.3737846944
-4704054.358796995 2602779.506223413 3418633.1232623365
-4701874.04769397 2604253.439833268 3420509.532326802
-4699202.20519329 2605131.976786611 3423510.919835134
-4696410.692407277 2605728.027097735 3426886.204273486
-4693662.970778329 2606239.4972968344 3430260.1358314357
-4691147.9326188695 2606450.013879338 3433539.0487708314
-4689414.666289646 2606236.826297407 3436067.620527685
-4687995.179352878 2606197.6256257677 3438033.759948671
-4686589.106255831 2606379.7178523634 3439812.2500351677
-4685280.559037498 2606508.575069429 3441496.786457137
-4684024.115371654 2606666.0825638263 3443087.425644047
-4682819.836035185 2606852.302708381 3444584.220932829
-4681667.777470261 2607067.2955153706 3445987.2225605883
-4680515.429325869 2607281.8387070284 3447389.9880041084
-4679415.371542437 2607525.231374824 3448699.022575909
-4678367.651886134 2607797.5288172117 3449914.3703112793
-4677274.18649433 2608151.0844714246 3451129.5404438735
-4676285.724486066 2608562.932338684 3452157.622559614
-4675297.076166626 2608974.4378576316 3453185.5774332853
-4674315.337915507 2609496.56922509 3454119.9714153423
-4673505.523549358 2610328.5022843955 3454587.1289512073
-4673667.291069802 2611275.066947322 3453652.787574849
-4672001.3071768405 2613019.815122447 3454587.1289512073
-4670323.730690526 2612188.568988662 3457482.918337254
-4669160.376870224 2610682.0663615945 3460190.9663258553
-4667506.366722484 2611040.579583321 3462151.413265207
-4665141.8228087155 2611428.535540826 3465044.5562566835
-4663082.668500239 2610275.8729799697 3468682.875915777
-4662645.434818674 2609817.3682083027 3469615.519587563
-4660075.264583875 2609447.026051347 3473345.037085332
-4658452.858187694 2605762.48066755 3478284.0399237396
-4661682.86969173 2597110.9937537303 3480426.454983094
-4663988.16193146 2594343.4432964753 3479401.891645717
-4662418.96854203 2593790.247764307 3481916.4999152753
-4663784.780756866 2587200.256070411 3484988.8599204784
-4666368.854509905 2580651.5281955763 3486385.005085032
-4667247.958883669 2572634.455269156 3491130.110703151
-4668434.962239884 2562251.2608398288 3497173.784595355
-4669278.436395547 2550532.661643474 3504605.9729021476
-4668444.1423705695 2540035.8582459376 3513330.0625461787
-4663582.120710889 2531486.188274537 3525935.4052451076
-4657458.179618563 2521430.7223999402 3541201.9735171646
-4649803.163573749 2516971.6792271296 3554409.24852332
-4640581.83430042 2516380.3295904207 3566857.33889251
-4631755.133076809 2516826.954103339 3577997.6900936565
-4623064.846685965 2517751.331232013 3588570.837731354
-4615008.7173695965 2518901.86653227 3598120.193293002
-4608759.699866751 2519982.191363322 3605366.1095783096
-4606323.3253085 2521156.9538179794 3607657.6939801387
-4602875.969591818 2527837.7271729615 3607382.7401088467
-4596644.305744446 2537588.6586961327 3608482.4962474075
-4589540.307738147 2547689.9942225935 3610406.6885857778
-4583539.652650253 2555882.644275258 3612238.8018063423
-4578407.959065102 2564031.655048337 3612971.523867772
-4573371.646041156 2572232.2272794796 3613521.019190515
-4565826.492202303 2588798.6995266145 3611231.193988127
-4562723.1493505705 2596940.4941168283 3609307.2094789403
-4560596.824143434 2604484.268464003 3606557.8191589206
-4559939.78466075 2612347.721550755 3601698.1469824286
-4558597.085677885 2621627.205806259 3596651.8324999944
-4558642.542800416 2628963.9728167737 3591234.828941378
-4559338.406708587 2636899.5617638105 3584527.1646734434
-4560840.5919881975 2646273.4403888844 3575697.2709060726
-4562110.659665635 2656491.1129620885 3566488.7909144806
-4564083.911120801 2663723.7147456985 3558560.807931996
-4567082.974080894 2669536.368443085 3550347.8259770726
-4570938.8460683245 2673610.098144406 3542311.125325363
-4575593.484309601 2678369.4998478456 3532693.3193568233
-4579596.591461635 2681893.372189388 3524823.967190363
-4583537.293774329 2683556.5596502167 3518430.1993557005
-4588194.176247225 2685315.387103349 3511010.748037813
-4592045.300579928 2687461.7220992437 3504327.3890538765
-4595075.674070134 2688696.9132168274 3499404.1576284394
-4599024.635518214 2687022.3189443746 3495500.6021157205
-4601902.6720036445 2688380.6408555466 3490665.026506961
-4603978.809147808 2691102.6010064483 3485826.57568822
-4606060.947182095 2694045.6437233617 3480798.991665443
-4608174.606262427 2697765.154376323 3475115.964975992
-4609981.1319108745 2702713.443607583 3468869.4131040126
-4611299.468858272 2708355.1436472423 3462711.4555485193
-4612027.934289914 2714740.785409457 3456735.7147117793
-4611226.285769636 2722511.1605089093 3451690.3282785374
-4610078.531037952 2730956.125596725 3446548.357085489
-4610683.6324211685 2736535.3012322024 3441309.6325139822
-4614454.080805903 2738882.048867429 3434381.9907700275
-4617706.215130929 2737979.433003313 3430728.6303629503
-4618146.447213401 2736062.134986841 3431665.5410429323
-4616794.7160151955 2734934.714330248 3434381.9907700275
-4613953.574359205 2739020.588272442 3434943.905026342
-4609044.389638804 2749613.846935142 3433070.711051783
-4609396.241924609 2756263.4631404458 3427261.1523909774
-4609146.008310899 2756332.2542416463 3427542.35251716
-4605238.751628708 2766340.896771838 3424729.928526459
-4608182.562106578 2769094.3617397486 3418539.2918727733
-4608091.647171779 2767507.409103986 3419946.6533588255
-4605882.739436349 2773843.2280716114 3417788.6032701875
-4606918.449043939 2777206.9050952247 3413658.6253095083
-4607836.559844637 2775567.8757129065 3413752.510811188
-4604939.807914288 2780947.5057451352 3413283.072904477
-4606647.998027277 2783186.190489697 3409150.898880648
-4607592.026606421 2782658.9418952456 3408305.4337079832
-4608230.393239346 2781946.9495970737 3408023.593294606
-4608378.4207011685 2781816.8290419998 3407929.6444138223
-4608623.539665644 2781525.8310801308 3407835.6944949236
-4609785.834369154 2779483.9628922064 3407929.6444138223
-4610768.05047987 2778430.513907933 3407459.884438753
-4610666.173547141 2783088.0230493722 3403794.866331885
-4612136.758370193 2781340.525246049 3403230.8773743985
-4613054.108856632 2779588.5901908525 3403418.8778406
-4615432.427070568 2780472.666106244 3399469.9975410174
-4617760.077790032 2774301.111253903 3401350.644679838
-4616787.912142316 2771305.0222592033 3405110.695395601
-4620956.4057147 2767009.557651762 3402948.8689000434
-4620168.988693026 2761610.61574513 3408399.3784360224
-4618645.256107287 2761028.079748775 3410935.493537872
-4618601.3470025975 2757501.6567442864 3413846.395272979
-4615341.590353594 2757959.8637860822 3417882.4429897233
-4616205.900691749 2760116.661582298 3414972.9276927607
-4614959.515828796 2758715.413125767 3417788.6032701875
-4615064.961627233 2758887.778200366 3417507.077864986
-4615022.886819608 2759190.6326513626 3417319.3890563096
-4617396.491270905 2755798.5599316144 3416850.1488180556
-4615548.744081839 2752838.8282753923 3421728.9747354225
-4614686.894065078 2754399.8584609497 3421635.1777263307
-4613634.011722921 2758141.65615589 3420040.4691247595
-4427179.084614066 3020582.9686771706 3444677.761720706
-4426939.87556857 3020080.0768167977 3445426.050246208
-4426396.375819543 3019596.089943641 3446548.357085489
-4426314.95369751 3018861.362468015 3447296.4776577554
-4427883.290651225 3016987.9607125986 3446922.4257715633
-4426991.07762259 3016266.906348633 3448699.022575909
-4425483.925787219 3015805.5394023764 3451036.072125137
-4424740.002927685 3015185.4949274515 3452531.439056074
-4425908.540109639 3013041.6537060756 3452905.2387253135
-4427070.587746135 3011119.6816652864 3453092.1322491574
-4427294.308534259 3010254.7961719045 3453559.3476505084
-4425902.532207064 3011229.160190617 3454493.699548575
-4432172.045587796 2998550.287675062 3457482.918337254
-4431407.9473043075 3001078.377600744 3456268.678223021
-4431245.922680377 3001532.7377152927 3456081.8562574405
-4432657.474932679 2999555.398216018 3455988.4436954623
-4433177.695542241 2996524.5039991494 3457949.8863747907
-4433079.370299264 2993866.1460555377 3460377.6955889715
-4431163.643032915 2993248.085030437 3463364.79021845
-4428282.593770569 2995242.976816391 3465324.484018875
-4427628.464177481 2997504.440199984 3464204.7159754788
-4427537.318094859 2999471.6313256384 3462618.117804806
-4427418.618657373 3000293.2024553465 3462058.0691932775
-4427687.503955923 2997093.646045572 3464484.672234217
-4424835.747652586 2997528.759809859 3467750.1265818677
-4421888.111084625 3000150.5269054715 3469242.474800122
-4420481.690678078 3004269.041131417 3467470.281181829
-4420208.5209183 3007468.0139208753 3465044.5562566835
-4420953.3312950395 3008200.5413239747 3463458.1195229483
-4419803.070136038 3009675.5130845997 3463644.774966827
-4417874.315050796 3011862.085525782 3464204.7159754788
-4415734.008399853 3014355.7026373437 3464764.6189948744
-4413642.186187072 3016881.9251724747 3465231.1758203716
-4411801.244975504 3019466.342798326 3465324.484018875
-4410516.126229989 3022092.197847915 3464671.304463379
-4411622.008485303 3024434.2825177438 3461217.9250921896
-4414447.356314814 3028636.932994189 3453933.101035501
-4415703.865828925 3030745.9455555105 3450475.240137556
-4416819.071330232 3032418.6851359108 3447577.0055463803
-4417893.207011223 3033723.441363565 3445051.91437884
-4418916.639912424 3034993.7178515512 3442619.622047535
-4419945.971920738 3036041.291257975 3440373.799905797
-4420974.4308446795 3037088.4480308695 3438127.3741173414
-4422058.636861714 3037946.872160237 3435973.983325333
-4423244.535095906 3038761.5822595633 3433726.37653724
-4424532.07099545 3039532.449454802 3431384.4788137632
-4425970.513983131 3040293.219074101 3428854.495513617
-4427658.270772102 3041111.3634446706 3425948.7609115085
-4430351.450226772 3043416.389149039 3420415.721770172
-4432995.6720506 3042728.1045729206 3417600.92070779
-4436147.867941683 3040451.608824809 3415536.137731687
-4437159.731376541 3038869.231268331 3415630.002430164
-4436770.045920752 3038488.592205684 3416474.7378923045
-4434301.222350246 3038503.5117090503 3419665.1998104844
-4432773.198195357 3041892.55922929 3418633.1232623365
-4430629.534921761 3046909.3574203607 3416943.9989474844
-4431416.070961552 3052807.5061085178 3410653.7403657935
-4435124.545977931 3056960.563193923 3402102.787503805
-4440078.75852139 3059803.7957566488 3393072.7003116743
-4444451.903569787 3058357.6225366355 3388648.245174904
-4449752.096079543 3055029.2376613915 3384692.5474065985
-4450669.788796638 3050975.533374662 3387141.5272825677
-4450797.431898601 3046497.810338441 3391001.9628139264
-4449718.356397292 3045873.250601608 3392978.5867303354
-4448780.343579649 3049337.91306751 3391096.0980940117
-4450399.5459273085 3050219.4386063605 3388177.4242146616
-4452811.648270837 3050045.426276854 3385163.559220027
-4455701.628525596 3049169.4911923097 3382148.638297316
-4458763.418916868 3047723.897793192 3379415.4549195403
-4461899.392042105 3045641.706960812 3377152.8553080224
-4464976.254412672 3042489.8873853637 3375927.033081253
-4467303.849174477 3036660.4872728046 3378095.67718071
-4467979.104311939 3031991.641507595 3381394.7431880767
-4466342.003876505 3030197.6473057335 3385163.559220027
-4464969.845082957 3030746.3137198966 3386482.255139266
-4463137.89117056 3032917.637455935 3386953.168971534
-4463406.833960289 3033783.694442077 3385822.932448473
-4465421.933905376 3034811.5455180774 3382242.8705500956
-4467636.925005727 3033126.224760004 3380829.2785940096
-4471547.436686983 3028831.2257209294 3379509.7170382454
-4473923.020811988 3023951.7943842206 3380735.0308903237
-4474320.40791739 3019671.8281228384 3384033.087565078
-4473105.726517322 3017034.321131731 3387989.0886056796
-4470041.701396816 3017238.4025664283 3391849.1431447607
-4466827.499401585 3018928.739275041 3394578.3770254888
-4463972.818850354 3023359.5494936877 3394390.1819105227
-4462614.592179175 3027896.2608250175 3392131.51799151
-4463223.0182439145 3031950.7638657843 3387706.5774519737
-4464293.8473929195 3035525.870197335 3383090.9144586176
-4466527.716933922 3036018.9348314386 3379698.2381872535
-4469175.530706341 3036108.415751842 3376115.6324297483
-4471097.47844492 3034221.757215877 3375266.9029694935
-4473885.825581468 3030529.059632175 3374889.6631425084
-4474390.462696664 3029048.4291650383 3375549.8220440983
-4473998.877321577 3026051.1727683367 3378755.5912662055
-4471881.643268103 3025074.1896926924 3382431.331964757
-4469506.986579426 3027107.7306612646 3383750.4464556063
-4466895.766509143 3030117.9792495426 3384504.135463772
-4464412.733844247 3033670.0554862567 3384598.3419506894
-4462268.680540398 3037452.7625846327 3384033.087565078
-4461154.319044538 3041710.158366777 3381677.461580069
-4461571.449524352 3046331.147779553 3376964.2785876906
-4462436.92111904 3050806.268519234 3371776.807114814
-4463619.290177532 3054702.172792452 3366680.6305160737
-4464937.375857154 3056519.6976021132 3363281.5177805326
-4467079.406702218 3055467.674914935 3361392.548002521
-4471176.943545262 3054148.478096257 3357140.868842349
-4472880.752427998 3053938.603911873 3355061.516290863
-4474871.353092457 3049461.2659492707 3356479.310341054
-4476416.35973208 3044797.0124129024 3358652.814377284
-4476917.2306253165 3041139.304376923 3361298.088760351
-4475231.491690545 3037141.303866375 3367152.6244187513
-4474500.898569628 3035390.9513781215 3369700.9483025963
-4471345.7643976305 3038153.0636800015 3371399.4152065683
-4468272.658618943 3041311.4161084103 3372625.8788201003
-4466250.1065096175 3044385.3216738575 3372531.541628572
-4466196.725755428 3048117.9646352516 3369229.0929112174
-4466396.354641177 3052826.9083358953 3364697.9761916683
-4466934.130292671 3055368.306326897 3361675.919585286
-4467649.36013609 3057231.1900336402 3359030.7598414575
-4468479.810667984 3058715.639069482 3356573.821765938
-4469479.43606364 3059743.5769836768 3354305.265432977
-4470857.223618805 3060113.819810561 3352130.680003386
-4472522.037396555 3059648.761701083 3350333.8759029964
-4474916.1605911935 3057389.9547866317 3349198.862422112
-4478474.675401295 3051344.5176373967 3349955.554402697
-4481014.841160967 3047924.836411193 3349671.8025625963
-4480638.885382845 3042753.1871462716 3354872.459707877
-4479909.610979294 3036206.6505810805 3361770.3747315286
-4479548.170762447 3031400.0644626077 3366586.228658775
-4479193.931967554 3028881.3283128175 3369323.46604226
-4476223.886986558 3026759.1034861594 3375172.5945549235
-4476389.643772315 3022091.859477064 3379132.662386967
-4477249.092408095 3018919.5010023694 3380829.2785940096
-4478290.746093572 3016212.159103049 3381865.935357522
-4479666.263373648 3013957.393579996 3382054.4050142746
-4479857.341172841 3011133.7257222505 3384315.719397031
-4480568.356643432 3009228.0798818357 3385069.3589195865
-4481549.752457487 3003308.701448312 3389024.8833629256
-4484730.222110921 2995468.8690497475 3391755.0161293726
-4486951.490638004 2989257.6708835475 3394296.0828020386
-4488957.762391137 2983246.9912049137 3396930.4668973116
-4490853.683246089 2977280.492103073 3399658.080898361
-4492738.395571897 2971423.8899509376 3402290.8128469707
-4494513.223481813 2965611.7512188964 3405016.714346569
-4496229.903441076 2959765.7905193362 3407835.6944949236
-4497886.406279791 2953997.281571581 3410653.7403657935
-4499433.201284135 2948273.671391782 3413564.7387679685
-4500920.267054193 2942627.756778713 3416474.7378923045
-4502196.666254393 2937072.9913111976 3419571.37987762
-4503261.411680479 2931720.8313866933 3422760.6730361464
-4504064.9700723 2926538.9263496967 3426136.257933647
-4504355.033551239 2921587.0017832643 3429979.0265732952
-4502566.932205207 2916744.299686459 3436442.158869947
-4503385.441707273 2914597.2824855424 3437191.185306237
-4501549.729204863 2918093.4277343606 3436629.4217603905
-4493647.694529847 2921443.6368396576 3444116.5012548086
-4489611.563997207 2918819.637660463 3451596.8662678734
-4489205.753823865 2919001.7010842306 3451970.7080017463
-4483202.810370771 2924905.173919042 3454773.9845994613
-4475741.739743003 2926724.0107509764 3462898.1278715082
-4470924.222969474 2925467.9420047007 3470175.0550609976
-4468689.833521349 2925119.899275521 3473345.037085332
-4464564.104046358 2927765.029953625 3476420.6146899704
-4461205.388648968 2928346.934338513 3480240.1802806146
-4457382.2931690095 2930403.5263995966 3483406.2733204397
-4455294.5239305785 2930478.971028638 3486012.723068167
-4452582.268642866 2934487.7791331885 3486105.7951653046
-4447164.99630726 2938828.473551405 3489362.6493477235
-4443432.512502045 2941489.9536193386 3491874.1901157126
-4440108.130083975 2943637.947467476 3494291.977982327
-4437038.457226377 2945506.1721494664 3496616.095444791
-4434070.194785255 2947216.4075192306 3498939.5472009066
-4431049.121644801 2949000.9763356224 3501262.332808323
-4427719.482697071 2950912.541954782 3503863.0612908877
-4422696.744209282 2953700.2128949193 3507855.4076679284
-4419727.7669799235 2954395.1991819954 3511010.748037813
-4417617.979730787 2956667.59073727 3511753.0014286535
-4414359.475007192 2962190.379307114 3511196.3178031784
-4410855.393677637 2965648.300479282 3512680.721888804
-4407607.414938483 2968717.4450269383 3514164.852048354
-4405422.779501496 2972725.9226611457 3513515.578816716
-4398099.0943492595 2983113.5293626264 3513886.5985142277
-4396871.93937569 2987213.7086423095 3511938.5540795163
-4395425.334950246 2992064.9614729667 3509618.8384500234
-4393597.742924394 2998008.1857143533 3506834.297733414
-4392370.737471773 3004142.140462702 3503120.081370013
-4390717.454239074 3010666.2233750084 3499589.9943377944
-4386526.836178434 3018384.875363376 3498196.1150947553
-4385169.998691895 3022077.253827154 3496709.046299542
-4386067.672637044 3027327.429510221 3491037.095990718
-4384730.934028606 3035791.9923438374 3485361.1886565858
-4383709.9019561 3041427.7729452355 3481730.2591455043
-4386258.083195584 3046485.610539526 3474090.737499097
-4388395.018933306 3055924.3861207874 3463084.795975061
