4773570.145208642 1539981.2304772777 3928247.3036394273
4769415.336720419 1546364.5748737874 3930785.53821389
4765026.618243225 1551653.6959025993 3934022.5133348354
4760580.350967078 1555537.6967790488 3937869.753545121
4758262.916562506 1558641.7864978053 3939442.955323633
4757413.639810566 1559466.9707187153 3940142.031320925
4755447.424297379 1561488.470564853 3941714.6714388714
4754486.832869627 1564851.0331992074 3941539.952856589
4754877.63961956 1566083.474270004 3940578.9148124307
4754570.7544897655 1567454.2917958642 3940404.1650167494
4755329.183739081 1569544.8681655542 3938656.403025603
4756734.8077209415 1571205.7425004866 3936296.163114446
4758536.865556396 1572537.9264120318 3933585.1801043367
4760179.501430636 1573910.1911332083 3931048.0567409266
4762306.478644389 1575996.6465972231 3927634.475530531
4765253.48750307 1577341.0236443875 3923518.254700531
4768632.014476217 1578459.3459347356 3918961.0617794837
4772387.556687925 1580164.5775701224 3913698.7513812156
4776793.64425261 1581623.4581435642 3907729.6115363277
4780297.216861647 1582968.6703346597 3902897.6039865194
4784229.548413196 1583436.9707707972 3897886.0921897483
4788074.447142087 1583504.2248360277 3893134.7855618154
4792007.241842324 1584155.4105989449 3888027.6785538453
4796423.515160483 1583758.3290064635 3882740.271833569
4799943.949970007 1583248.5776962228 3878595.4955846095
4803671.077987838 1583827.2559065293 3873741.911634118
4807287.453904749 1582136.3854551387 3869944.8049486363
4810726.244426181 1580755.9713452172 3866233.898801988
4815335.194353056 1578174.278105981 3861548.1239976133
4817592.575857976 1579938.4339496866 3858009.502057599
4816808.215679 1583406.4952877404 3857567.042067822
4816988.080788969 1584583.5846312628 3856859.0449813097
4817891.748753022 1585067.229962939 3855531.34779049
4818370.245443332 1589419.6881953173 3853140.8269882193
4815914.0463439645 1595136.075053954 3853849.218675837
4814707.715192163 1600053.6030264737 3853317.9319530665
4813812.155488344 1604235.4294654015 3852698.044036233
4812496.979172002 1609024.8906233218 3852343.796549701
4810933.678493514 1612423.9941482197 3852875.1607380128
4809029.405527513 1616828.8889215689 3853406.4826748213
4807036.299199373 1623165.5377197696 3853229.3800575235
4805601.162112816 1629504.754176859 3852343.796549701
4806985.660383871 1633997.6388499935 3848711.677574262
4809928.993989416 1635560.0559310543 3844368.267508039
4811043.648855845 1636032.7593312124 3842772.0227979864
4811545.108528157 1637889.8556570418 3841352.820209896
4812775.670703114 1639058.6438823184 3839312.1917086714
4813101.255022805 1640388.3396103734 3838336.020226502
4812800.140331898 1642723.7544684857 3837714.746529011
4812763.902118141 1646557.493301669 3836116.9225820904
4813668.115037741 1647429.9540803533 3834607.5189865003
4814208.859303177 1646676.420922669 3834252.316134674
4814232.144226594 1647435.25807546 3833897.094595167
4814473.88088035 1649207.7913629103 3832831.317867873
4815698.66942906 1650378.6799833288 3830788.109242754
4817474.631172145 1651175.2305750742 3828211.0098514888
4818094.377963605 1652045.466736985 3827055.440004661
4818901.525491447 1654014.2975033065 3825188.33409165
4820177.891254124 1656051.2180699378 3822698.060244103
4821665.233280451 1657879.5514448883 3820028.8966283337
4822748.727343125 1659852.3749606225 3817803.793576597
4824135.448948417 1661553.9573527328 3815310.815255388
4825452.365188422 1661819.1169001164 3813529.5585589465
4826473.3758067535 1661511.1662843432 3812371.4925149945
4826613.413449452 1660899.8379545514 3812460.5814870233
4825694.694372946 1663975.541043794 3812282.40238165
4824789.526209757 1665171.1007787848 3812906.0089264987
4826517.09545527 1661997.338617842 3812104.218631126
4829407.552252428 1658091.4405449058 3810143.890857526
4828916.471653689 1656038.7579105692 3811658.738933707
4830262.712406713 1653956.9405692602 3810856.8023314816
4831791.445360308 1651748.5448557343 3809876.5299035492
4833719.9254987985 1649393.2266239964 3808450.428429229
4836191.30781572 1646468.0053426528 3806578.2195550194
4838772.362828251 1645273.6890437512 3803813.548121132
4841504.437668636 1645071.492488891 3800423.0770580354
4844503.537988887 1644487.35804902 3796852.3542047427
4846298.09501134 1643115.8362650755 3795155.612475511
4847853.117438155 1644303.4474167281 3792654.390339123
4851444.434317388 1646276.911654258 3787202.1639839825
4855094.620669973 1646003.7816550345 3782640.4501510332
4856447.940716804 1649203.6595137522 3779508.1278592274
4859774.799525918 1652320.2881935693 3773866.394444396
4861939.838800139 1654949.9504279597 3769923.429655643
4861955.669283112 1656944.057573865 3769026.991147247
4862518.885330041 1659978.2183243153 3766964.74691462
4863895.7971864715 1663671.5932202237 3763556.2310165972
4866002.870342313 1665625.6334124682 3759966.531119616
4867085.277096362 1667324.8468621797 3757811.831439653
4867386.29569436 1670086.2136715567 3756195.373964318
4869296.800894495 1671786.7066883338 3752961.3470083605
4870724.841470491 1672467.063243617 3750804.5058423844
4871763.424549629 1675485.6270969752 3748107.5289553693
4873202.189407328 1678739.2154366015 3744779.8423553463
4873357.245058007 1680695.8517916382 3743700.2572069014
4872264.907704111 1683459.7474159843 3743880.199470218
4871702.979164826 1686883.1875777096 3743070.42336425
4871416.896521147 1688307.734428672 3742800.4774709265
4869762.084222165 1690686.0427314825 3743880.199470218
4869189.928653724 1693725.7804636888 3743250.3815921545
4869720.755192203 1694386.822917642 3742260.5549017214
4868196.074972529 1695189.9680085727 3743880.199470218
4865648.203368486 1695350.2316205853 3747118.379928909
4863479.712198057 1696403.4599941908 3749456.1458907123
4861689.830102843 1695969.495509597 3751972.876524498
4858902.113556145 1692619.2856849653 3757093.4516733745
4855933.690078305 1689969.76488929 3762120.571077239
4854630.014142877 1685717.3156444686 3765709.170597159
4852963.6031678505 1678876.9218934674 3770909.379375435
4849855.804229357 1673348.5532334414 3777359.4345222646
4847604.132532287 1670772.9672240529 3781387.6905508144
4847211.973889289 1665622.9832894288 3784161.354609806
4844379.577871083 1662475.7208983912 3789169.0359403295
4842804.518592692 1662785.5381199995 3791045.983487564
4843491.346293808 1660375.7850396677 3791224.7138399617
4843170.294577617 1657432.3516309396 3792922.4217597824
4843006.199629247 1658320.5084316519 3792743.7353013544
4846060.004639784 1657570.9482558193 3789169.0359403295
4848265.361231957 1653978.6404096223 3787917.4547694526
4849449.14075885 1654193.508672834 3786307.9466754813
4852916.373886794 1654052.5605976286 3781924.615171735
4858119.51840842 1650433.3172257263 3776822.157614843
4861694.639346069 1649944.439297069 3772432.846451529
4865135.4330485435 1651680.3390316723 3767233.769724383
4867676.0007986985 1653395.6286401544 3763197.3435420594
4868459.009222601 1656600.129069196 3760774.373435239
4867876.922254672 1660953.646000025 3759607.460310132
4868438.248461334 1664181.359878516 3757452.650713198
4868651.886676053 1665583.1418722663 3756554.6187799033
4868930.815104187 1667197.4992392594 3755476.829413177
4869000.432282273 1667601.1217914112 3755207.356330016
4869488.852556619 1667388.5799262745 3754668.3792790906
4869824.13266883 1667218.5103607122 3754309.0383700277
4870834.515014947 1668514.2408817383 3752422.198435824
4873165.942078065 1669788.0553863505 3748826.823295453
4873245.765466332 1670765.866538852 3748287.3593913713
4873122.923026005 1674146.2617795465 3746938.5198116144
4874798.969222586 1675102.5632447833 3744330.035170134
4876813.608742425 1672654.958868709 3742800.4774709265
4879926.271280352 1671628.6404279948 3739200.2186789485
4884976.2779466165 1669358.4729240884 3733616.216588868
4888229.775890188 1666279.1239449673 3730732.44004522
4890443.19117552 1663414.098022532 3729109.8042810275
4892084.265994279 1664448.605858985 3726494.7836895334
4893788.857102774 1665695.691623735 3723698.361173048
4893522.248010844 1664461.3950359665 3724600.5520938514
4891785.082148271 1666538.1150631832 3725953.625733054
4892475.470198947 1667535.7569910663 3724600.5520938514
4893264.143293485 1665421.7980118308 3724510.338106919
4892522.140268933 1664978.695442504 3725683.0314320726
4892431.521309234 1665043.1354599884 3725773.2306673443
4893400.3128395 1662800.2091253805 3725502.629556833
4893281.2136516515 1659711.829932431 3727035.900780426
4895576.489082328 1656585.068421582 3725412.426916919
4897010.959311676 1653356.3613176337 3724961.396695521
4897617.5213753 1650133.8344079503 3725592.8310618927
4898049.403214569 1647424.1050279897 3726224.2098191213
4898003.37190017 1645315.4377710815 3727216.2640617895
4897654.627859332 1642059.747336617 3729109.8042810275
4896253.092865867 1638453.4158932134 3732534.936815634
4894409.228556944 1635746.900038825 3736138.5657427097
4894522.65037801 1632936.291779635 3737219.2994157556
4895709.874424716 1630199.4029783942 3736859.0730704865
4896882.320582932 1628121.6598430178 3736228.6331422944
4898141.161979101 1627021.3190563275 3735057.6681842874
4900188.220812095 1625612.4176453236 3732985.4899546183
4902504.599872753 1624006.6666311645 3730642.3032721896
4904397.316928841 1622639.0835930293 3728749.168568134
4905761.319223979 1623280.3597089802 3726675.1605940787
4908595.249796452 1624027.9861433532 3722615.582342458
4910590.33470485 1623166.8048813248 3720359.2687043883
4911326.416287877 1624456.1071724403 3718824.5708211414
4912550.073087097 1626953.7500190136 3716115.4818857596
4913856.863199422 1627957.5746346712 3713947.4771700166
4914348.59684603 1629357.9939433245 3712682.5067934976
4915358.521978272 1632073.672062864 3710151.9011187144
4917993.035525613 1633996.7722189103 3705811.658854205
4920129.634231238 1636995.417507854 3701649.8193937615
4921145.472616203 1641913.7880504862 3698119.4342474598
4923855.027227897 1646829.9636511423 3692322.2694753148
4927961.150586698 1647342.6671113754 3686611.185821282
4930598.779295949 1647363.3877680039 3683073.5189847653
4932691.028085161 1649210.9348417525 3679443.3701100145
4936892.885050631 1648987.4086837869 3673903.940978694
4941536.666081599 1646608.8387683984 3668723.989326662
4945817.181644322 1648131.0894077097 3662266.6912555075
4948268.529761496 1652691.0260618518 3656896.4887930076
4949099.301362126 1658250.9480839781 3653253.467586872
4948933.224255412 1664153.9396017983 3650793.4215960167
4949899.08875096 1669865.5005370681 3646873.89709303
4952891.122525772 1671741.4596032235 3641948.7943474827
4954738.928261548 1670438.805796771 3640032.6027190825
4955818.584748057 1670417.5031105385 3638572.3189690383
4958896.847614799 1669431.2965265953 3634829.046997058
4961503.052502865 1663466.5095532958 3634007.10395554
4961359.3718974525 1658699.7249753713 3636381.3613607623
4960972.287217169 1656452.7960956087 3637933.3555976925
4960969.139964818 1653853.7175332718 3639119.9586325972
4959619.656065114 1651672.741956916 3641948.7943474827
4958470.8372255 1651097.8807706896 3643773.283904858
4957793.265470278 1649911.073454873 3645232.5558938677
4957040.3131613415 1647738.752395308 3647238.5907077785
4955250.2490516305 1646663.5353041545 3650155.4995333254
4954827.016022283 1646522.8920749864 3650793.4215960167
4955325.561043185 1643807.9442265334 3651340.1685641115
4954765.105122915 1640838.6954100267 3653435.6609500367
4954311.546076141 1638961.5355995104 3654893.0475790845
4955066.01453659 1635661.8544298853 3655348.4224554384
4956035.132790056 1631091.0438301617 3656076.964355056
4956793.487169851 1626739.5141523574 3656987.5414944887
4958599.433932138 1622252.8888273444 3656532.2668478144
4960759.95354927 1613571.7937654806 3657442.7882916084
4961815.4607757125 1609702.6308714887 3657715.923000653
4962671.710926692 1606439.1107687454 3657989.047681862
4963963.580154606 1601403.249491113 3658444.2331977636
4963853.65868061 1599454.9606442244 3659445.5432583923
4963144.703254621 1597696.7870195066 3661174.761098295
4961973.411758958 1596746.2901438917 3663176.510340292
4960451.416149987 1596256.5170958375 3665450.569799661
4958205.859905054 1596966.4982632224 3668178.5199507507
4955760.2799002845 1597038.0603516484 3671450.7326056953
4950921.759357369 1599295.0079769178 3676992.0057272157
4948028.090554642 1604275.3282156882 3678717.125080512
4947543.838963929 1606599.8229800425 3678353.975670444
4945971.17619422 1604371.6431410417 3681440.1740271267
4940152.946128404 1605629.631247589 3688696.7015625685
4937527.457868856 1606205.6172738522 3691959.7936365763
4936556.491782391 1602936.6935673116 3694677.923697358
4934224.788980792 1602179.5722854226 3698119.4342474598
4933510.472460337 1601662.0794954593 3699296.419757473
4932901.807502566 1598514.7368341696 3701468.8157084216
4931587.051886151 1596281.776135951 3704183.39730164
4930731.602757689 1596195.0299106776 3705359.4006594075
4931222.545341846 1595308.0837185113 3705088.032197705
4931253.060845997 1593321.6318242303 3705902.1071067103
4930150.932307077 1593155.5897746705 3707439.5546578215
4930192.437420118 1594499.5758550852 3706806.5275386893
4930746.386817512 1594678.7315554763 3705992.5542303333
4929553.935205229 1598570.7905640851 3705902.1071067103
4928732.990624173 1602773.9916237553 3705178.4894802766
4927171.538993454 1605690.136147761 3705992.5542303333
4925243.1396239335 1609722.4552648657 3706806.5275386893
4925316.6206372045 1614695.5030310247 3704545.2648019153
4926624.467501753 1618172.0928779552 3701287.8075129534
4927163.782311053 1622732.9298108479 3698572.143515622
4927181.732529573 1628650.9940235836 3695946.0377950417
4927880.618361193 1635563.0508638525 3691959.7936365763
4929031.2799357595 1639861.5681595248 3688515.3759593084
4927975.674478674 1644861.7625557252 3687699.3551303134
4928004.300759849 1651469.8354269648 3684706.500437621
4929262.333902272 1654188.3972937462 3681803.1709790076
4928732.041239714 1656977.9958938085 3681258.6688224915
4928411.677502789 1661754.4366471763 3679534.1456952915
4930113.358689041 1664340.8711578103 3676083.8857498243
4931577.130308177 1665218.5559440043 3673722.2498116433
4932170.891314699 1666665.811404392 3672268.5593463485
4933152.03851966 1670163.7078876384 3669360.319415951
4935774.673838389 1672396.0123089 3664813.9034757055
4939692.447528648 1672185.833539903 3659627.5851426315
4944957.299205436 1668967.4311986829 3653982.2143290383
4949351.356391278 1663909.951457769 3650337.7685397295
4952678.189889165 1660603.91408771 3647329.761334004
4957535.348261462 1657517.4604826602 3642131.263276107
4962811.300896531 1652543.1913521292 3637203.0452546095
4965037.294604806 1648665.0001110937 3635924.831537648
4966374.722674758 1647858.1139017178 3634463.750049723
4969179.131839028 1647055.8241606248 3630992.545819131
4971362.383297956 1642677.18844542 3629987.425390221
4970376.591499117 1640812.0617535964 3632180.2428681226
4970855.218558822 1640777.6425295481 3631540.7369189328
4973130.95157857 1636909.8844869924 3630170.184512016
4972272.150256436 1632011.6222237707 3633550.4301868114
4971733.097987833 1632026.9377014928 3634281.094933218
4973773.739900946 1630485.3472479368 3632180.2428681226
4975494.7215844365 1621341.8645498666 3633915.771415647
4975790.855828834 1619613.3125104806 3634281.094933218
4978376.581892972 1615555.5409533998 3632545.6504983413
4980515.9994569365 1610390.9187882983 3631906.175527894
4981824.2521553775 1607165.2051779914 3631540.7369189328
4985189.176170034 1604985.2225177882 3627885.3776403493
4989123.000641092 1601640.0519004078 3623953.8943842114
4992433.526652114 1600012.0397439501 3620111.8704584735
4996236.473326197 1600557.76108029 3614619.8909498993
5000073.529894805 1600151.3254485196 3609490.466992627
5002432.547692622 1601868.8330116498 3605457.7861363743
5004723.451869767 1604817.7358531167 3600964.343755161
5006330.882035087 1608031.7159820062 3597294.274865175
5007392.525176573 1612519.4321969962 3593806.0854187543
5009743.773731287 1616461.8178834794 3588754.5907856994
5012527.73803733 1618229.4859136157 3584067.522567917
5014471.948878635 1619533.660076471 3580757.2938958905
5016263.975078572 1620692.550485237 3577721.675749888
5019182.5501763 1620184.4449869713 3573856.4453861313
5021835.981369731 1617847.8103195373 3571186.4749498293
5023727.80828809 1616038.1048882387 3569344.582942669
5025751.498347425 1615237.320286793 3566857.33889251
5028664.48569828 1612881.8561783726 3563816.298336303
5031313.881858448 1608890.6436564787 3561880.4751104615
5032623.047277086 1606018.1078927773 3561327.29486297
5033846.572539218 1603408.1411003189 3560774.075561155
5035099.967231987 1600904.008729987 3560128.603690138
5035819.055705908 1598229.8236209133 3560313.0296475217
5036620.254253845 1595291.6078143073 3560497.451266771
5037075.1863336265 1592824.2922015297 3560958.486334088
5037754.663297646 1589848.0591826478 3561327.29486297
5038218.955344336 1586514.3885142615 3562157.05058694
5038131.491664443 1583684.4062520522 3563539.781466331
5038358.140158111 1580471.018731768 3564645.790320754
5037837.824121251 1576928.189138625 3566949.47317077
5037368.663481 1574464.8479172646 3568699.817980285
5037437.426305364 1571109.1721857972 3570081.3919477593
5037191.562235298 1567078.2084653347 3572199.330090441
5036631.537358265 1563626.5228777668 3574500.7838635733
5036810.925268079 1560309.4981236875 3575697.2709060726
5037916.087679942 1555256.9810238176 3576341.4569182736
5038084.078995462 1551746.037846956 3577629.6687889216
5039198.838514822 1548334.7028052725 3577537.660738147
5040492.087711931 1546036.6701961982 3576709.5392444255
5041938.069335107 1544939.8825477015 3575145.068987112
5043929.785892982 1543335.5803015097 3573027.931818751
5045356.8089134935 1541653.8161095977 3571738.9577102307
5045752.964911398 1542063.7316400805 3571002.3053266318
5046879.430148171 1542215.3759333035 3569344.582942669
5048966.112141441 1540926.2325932763 3566949.47317077
5050060.631074648 1539044.4974268563 3566212.368523507
5050360.337277899 1540195.5504791113 3565290.8899463755
5052235.633604467 1539803.7144373322 3562802.355385752
5053001.234733852 1538784.1527426518 3562157.05058694
5052814.888017409 1540462.1703102721 3561696.0860343752
5054010.605733602 1542080.1006457836 3559298.633203536
5055413.958170264 1541736.740392785 3557453.9399492284
5055565.207949609 1541879.3098516339 3557177.1985692354
5056218.986438657 1543139.7836486907 3555701.0798572353
5057367.951516114 1543200.9800539454 3554040.1148746544
5057508.075677926 1542954.275062633 3553947.828755862
5057427.5110199 1544280.578218535 3553486.381923544
5057567.451026235 1546157.0218165023 3552471.1036414523
5059254.056616577 1546576.0840381642 3549886.168159464
5061237.007576641 1544960.959883792 3547762.1940557985
5062259.9979279265 1544790.315127138 3546376.6855296325
5064100.528178467 1544482.467584253 3543882.1577230003
5066166.661321036 1542793.4036522298 3541664.138984163
5066575.887853026 1540599.222493456 3542033.851938583
5067403.853395723 1539788.2222397737 3541201.9735171646
5067704.798139391 1539010.1768846775 3541109.537187517
5067194.170023307 1539627.9031094701 3541571.708048355
5067946.730629835 1540339.6671153163 3540185.1145680854
5068661.538125003 1539687.2321257156 3539445.498826241
5068086.493455685 1540092.2726686827 3540092.666374467
5068322.683033521 1541227.0106717583 3539260.5841084486
5068526.874721465 1541192.4611854525 3538983.2039459283
5068397.637089242 1541829.663226749 3538890.741735645
5068444.717951982 1543583.8026333558 3538058.5333361286
5069384.512679735 1543676.6497685495 3536671.3253513095
5069018.730236685 1544242.0131878352 3536948.7863432863
5069418.863026517 1546104.488095862 3535561.3844311563
5070567.013802439 1546357.929239167 3533803.660819
5070942.9299331 1546182.3679436522 3533341.0373783153
5071348.72973092 1547176.808377692 3532323.1710978546
5073075.32917534 1547219.6610330397 3529824.2201312697
5073821.618625879 1546672.9663585469 3528991.0622584913
5074680.34594633 1548290.0382857176 3527046.688635018
5077284.740455051 1550925.248458938 3522137.353658268
5079038.970237334 1552333.399450632 3518986.3818663084
5080551.842579989 1558711.9994631626 3513979.3507626974
5084466.5704353545 1562243.580485222 3506741.4631475275
5088690.691904758 1562861.1074927342 3500333.2985315057
5090362.686661852 1565319.3023750058 3496801.996089135
5093179.573055312 1570467.657834634 3490385.9632292115
5097671.899586709 1570976.0233775077 3483592.475898555
5099982.0135261435 1570908.2561595307 3480240.1802806146
5101594.449449788 1576183.069680908 3475488.743212153
5105939.138281331 1579770.9850759038 3467470.281181829
5110769.903107868 1579701.9343398781 3460377.6955889715
5113695.677767411 1584126.9515412408 3454026.5367514994
5118449.25132848 1592161.6455453772 3443274.5397410807
5123413.075453616 1602438.4130217116 3431103.407177258
5125874.942261464 1610184.3801728876 3423792.245178333
5125075.008708669 1618093.727005146 3421259.9792673504
5127585.549473904 1624399.2395415383 3414503.5573862367
5130735.528392426 1622737.0853121113 3410559.82056384
5128661.00298194 1620407.1934449386 3414785.1826907317
5126164.769572755 1623949.1419724748 3416850.1488180556
5127641.85882491 1623629.3061233065 3414785.1826907317
5127465.899540856 1619242.2365617808 3417131.696083733
5124226.713311303 1620580.1120643811 3421353.7804454304
5124344.508415086 1623175.6674050768 3419946.6533588255
5125365.407440128 1621137.0392811405 3419383.7368869367
5123002.870491131 1620488.1352831197 3423229.5851061866
5120870.530025228 1622075.257941535 3425667.507551344
5120923.787582814 1620322.0998755817 3426417.4956393274
5122452.901031756 1616872.6196418677 3425761.2597149545
5124039.356563329 1614227.0009347806 3424636.16488572
5126690.50090902 1615750.722131662 3419946.6533588255
5130872.755865768 1618348.7042142253 3412438.0191708347
5133683.08025348 1619924.7412950338 3407459.884438753
5135695.214696929 1620066.881427884 3404358.8179625827
5134902.861141094 1623562.2037791617 3403888.8608626397
5135155.697646645 1627093.298540091 3401820.741716577
5136769.441265841 1626519.4865908925 3399658.080898361
5136233.139333316 1624870.311317018 3401256.622164043
5136798.404653971 1625838.183470369 3399940.1981673413
5139712.6413450055 1624490.951048718 3396177.8684808575
5142144.212287349 1622890.692301624 3393260.924373556
5144174.092045528 1625111.0858049812 3389119.0403291127
5147609.897569946 1626987.0091303177 3382996.6914794818
5148639.735907299 1630970.2456760185 3379509.7170382454
5149321.891786571 1636033.316309745 3376021.333269698
5150576.176813317 1638114.455494208 3373097.5493667577
5148755.709960387 1641890.44357538 3374040.8133936604
5147362.982217682 1644317.0315388758 3374983.974641402
5145576.098012327 1646616.8616944423 3376587.112803071
5143987.774135596 1648484.2660324438 3378095.67718071
5141387.186286854 1650025.9749871457 3381300.501663977
5138752.72267348 1652049.807559704 3384315.719397031
5136733.349995773 1654467.6244264992 3386199.6944606984
5135617.199399815 1656581.7742611582 3386858.9882684154
5134057.96416454 1657562.887055494 3388742.406270343
5131949.310325355 1660047.6511944712 3390719.550776034
5129266.898955598 1663334.3197889728 3393166.8128594235
5127317.60299095 1666461.1727520493 3394578.3770254888
5124094.827727865 1669468.724233785 3397965.1815840835
5119734.959166693 1675365.5963062183 3401632.706010442
5116212.797256386 1681531.5150437197 3403888.8608626397
5111307.167616629 1686544.4066796722 3408775.1469653137
5104980.421105495 1693155.575620593 3414972.9276927607
5099559.530255087 1703023.4196749686 3418163.955901339
5095278.295687112 1711484.1864007288 3420321.9101716247
5088970.5943533555 1719354.2628682023 3425761.2597149545
5082541.671409753 1729743.3972883704 3430072.7307042107
5077657.379983546 1740154.0377480423 3432040.276046861
5073300.433411259 1750245.611608003 3433351.7168207597
5066228.967911798 1768611.1461160323 3434381.9907700275
5062444.1939581875 1785549.2859244465 3431197.0987679716
5060683.458136864 1789994.8391259636 3431478.1672687833
5057621.010217275 1797556.7475328788 3432040.276046861
5058100.317509629 1802103.3089676863 3428948.2121806247
5057227.156440496 1803483.375428736 3429510.4902468133
5054968.22796016 1807850.669877336 3430541.2356853234
5055755.018256574 1809027.839470491 3428760.7778021195
5054433.8638119185 1808455.5994201426 3431009.7145413705
5052611.299070308 1809992.2203693471 3432883.3686435516
5052807.563671799 1809266.526742202 3432977.0403705393
5052159.096632093 1807343.307631392 3434943.905026342
5050483.344932983 1807042.1200513893 3437565.6733966162
5049936.761989712 1807144.8243176097 3438314.599312713
5050216.145430574 1804759.4286444192 3439157.060843751
5049312.786948142 1801753.7479289172 3442058.2231255323
5047753.102709016 1801296.52167323 3444584.220932829
5048073.891897442 1801113.0259087782 3444210.0472888025
5048398.491442088 1797157.4401572882 3445800.1693209885
5046162.307959609 1796262.1583747647 3449540.4360753023
5045142.647716184 1796792.1508141034 3450755.660861568
5045661.9554180605 1794794.2669113644 3451036.072125137
5044599.364812126 1790945.5650638149 3454587.1289512073
5042382.240779331 1790158.4364602177 3458230.0545573197
5042002.808431458 1788339.3583375756 3459724.12472296
5041604.487213131 1782949.491824934 3463084.795975061
5039286.17376885 1779161.6163020392 3468403.0622088346
5037514.432347453 1777448.4754179835 3471853.4331283914
5037229.057291251 1772603.827224601 3474743.169802539
5034892.60790105 1767536.1805159608 3480705.8590852525
5032730.431870761 1765987.8677651905 3484616.5141989575
5032522.511223035 1762167.1102184667 3486850.333710596
5031479.0480984785 1757957.91790682 3490478.9853850645
5030285.366042162 1755275.3830493032 3493548.119869424
5029976.342517267 1753198.2130699106 3495035.767972209
5029832.715439782 1749899.88274449 3496894.94481354
5028774.03427966 1747367.2292781745 3499682.911093432
5027873.295340373 1745677.490091689 3501819.702182042
5027968.787380348 1743350.9902687394 3502841.4462915687
5027736.856666916 1739536.0263148712 3505070.257964274
5027206.146759961 1738075.3275356814 3506555.790771137
5028043.925050714 1736400.3018145843 3506184.4332006886
5029064.150678227 1731940.2023332976 3506927.1312510595
5027037.702504082 1731242.3215834023 3510175.6311559393
5028178.8020591475 1735071.853792084 3506648.6274934257
5032009.9304406 1731088.3153234383 3503120.081370013
5031947.035666916 1726942.5738779702 3505255.9645153843
5033907.994085007 1730267.5710872528 3500797.828999965
5035878.368728803 1726032.4678888137 3500054.5674550547
5035039.073900072 1725843.004174147 3501355.2303704717
5036581.659407504 1727747.125147636 3498196.1150947553
5039709.58050767 1725773.0730092034 3494663.8814935526
5040690.484187958 1723848.5417535224 3494198.999443394
5042127.540231442 1724733.1808495151 3491688.17664412
5045350.302540651 1723966.9174820061 3487408.6930098333
5048948.46987747 1720769.158686938 3483778.6742320196
5049753.942049004 1718781.4249122909 3483592.475898555
5050159.292204116 1720985.0699474942 3481916.4999152753
5053006.104256644 1721856.7692395137 3477352.3802699596
5054426.600638764 1719190.7024078278 3476606.976278703
5053249.096287173 1720955.2610936419 3477445.551002485
5054239.268093415 1724443.299100156 3474277.1520204204
5056884.504126311 1722882.8507964662 3471200.771254616
5056382.0713855745 1721726.7867597663 3472506.043180403
5055383.889952028 1725030.840550925 3472319.588454046
5057122.238665538 1726313.8229423037 3469149.2109612105
5058538.303571053 1724037.5402430794 3468216.514454812
5056547.961674833 1724245.7862215657 3471014.2869166164
5055729.096895974 1728892.987086056 3469895.2920807377
5058581.415460218 1726910.509410637 3466723.9803087288
5056731.3202955695 1723520.1977919405 3471107.5296142953
5053966.734128142 1727305.1400304842 3473251.8197721266
5055997.588066545 1728294.8888815318 3469802.035639966
5056860.008172487 1722578.9992972093 3471387.2513630614
5054264.1480012275 1722679.294644948 3475115.964975992
5053667.143151082 1726119.2534654315 3474277.1520204204
5055471.35240392 1724962.177378705 3472226.359504259
5055871.059296828 1721158.9028453694 3473531.4685375895
5054072.656358232 1721924.8529828477 3475768.3157730815
5054031.374519778 1724864.7723661442 3474370.3576936084
5055933.013801509 1724922.6696513016 3471573.727241727
5055988.5170958135 1723070.0356835742 3472412.8163461033
5054717.080730703 1725295.7900847516 3473158.601400908
5055089.453867992 1727393.2585597257 3471573.727241727
5056570.434348753 1726618.1615918477 3469802.035639966
5055438.379854905 1725246.451536986 3472133.1294967723
5054253.524920148 1727403.157139659 3472785.7173364735
5054576.703467287 1728893.0577368734 3471573.727241727
5055526.844011559 1727050.0419308841 3471107.5296142953
5054285.354208931 1725246.923107595 3473811.1077801683
5052420.266570776 1726579.6394652373 3475861.5045092027
5051980.603014247 1728990.0287970603 3475302.3562113484
5053070.165144104 1727491.2041227466 3474463.5623084423
5052905.025504257 1724972.689957835 3475954.692186516
5050880.889404962 1725266.0262068354 3478749.830019431
5049914.714226076 1726215.5762265958 3479681.3307306813
5049304.281448068 1726499.048596327 3480426.454983094
5050404.532433978 1726284.5657753798 3478936.1386400918
5051110.70203659 1725344.52497456 3478377.2000620826
5051305.015138945 1723835.8769689058 3478842.984859619
5051006.811723487 1724521.5368869393 3478936.1386400918
5052147.612745758 1723434.3342395495 3477818.2233394003
5052623.359748117 1722415.346867138 3477631.889289637
5052582.515404253 1723287.3591148362 3477259.208478172
5054614.031361071 1722404.684700544 3474743.169802539
5054820.90351745 1719915.4200191323 3475675.12597818
5055302.396936568 1720571.4960102157 3474649.9683629363
5056496.303769907 1719697.7592925935 3473345.037085332
5057331.0045361705 1717618.5374151203 3473158.601400908
5057783.0050469395 1716098.444235634 3473251.8197721266
5058763.37232278 1713773.1788071631 3472972.1614845474
5058897.231285132 1712243.832044588 3473531.4685375895
5060112.304385816 1709407.4401728068 3473158.601400908
5060565.7969965385 1704838.6193946293 3474743.169802539
5059396.172077599 1703559.7108050613 3477072.8617169233
5058721.951212874 1704610.7082023413 3477538.720675721
5060176.764037798 1706182.7903385418 3474649.9683629363
5063169.35008767 1703944.741887723 3471387.2513630614
5062779.435989967 1702633.1665267781 3472599.268956917
5062540.207172849 1706192.5027380825 3471200.771254616
5065500.453863809 1706697.93029944 3466630.6879471825
5067115.483388429 1703796.081358576 3465697.7062566224
5065683.567558235 1705775.1899378782 3466817.2716142503
5067273.828606396 1709954.8166793596 3462431.4391530887
5070478.065001643 1708769.1956273362 3458323.44184466
5070934.7634434225 1706656.6210764963 3458696.980459079
5069647.4688777 1710854.361448019 3458510.2132589146
5072081.392118765 1713450.838103926 3453652.787574849
5073878.238539345 1712084.8396458824 3451690.3282785374
5073195.802127036 1711657.3154880917 3452905.2387253135
5072244.534414627 1714097.753717656 3453092.1322491574
5073437.617816654 1714895.5917525552 3450942.602755155
5073652.632432041 1713882.977478649 3451129.5404438735
5073524.976611531 1712754.7309905866 3451877.249145502
5072562.652054746 1713909.3321239331 3452718.3409942104
5073171.00866354 1715496.1223351327 3451036.072125137
5074364.437179688 1714222.0965224416 3449914.3703112793
5074076.667775958 1712250.4391380113 3451316.4739274955
5072822.992936885 1715773.0953321273 3451409.9390923236
5075037.519703043 1715238.9916058772 3448418.5324988104
5075201.260795124 1713814.006117967 3448886.010708018
5073760.756597918 1718261.609400074 3448792.5171672446
5076092.8161154995 1721125.4946683813 3443929.406039437
5077597.738665426 1720054.9653528517 3442245.360293881
5075311.271529534 1723428.775233293 3443929.406039437
5074840.462380951 1730780.014813766 3440935.3120485055
5077979.7473081555 1732543.2540345672 3435412.138132413
5076738.278171382 1731724.0084856073 3437659.2928014263
5073035.9831937635 1738471.308240461 3439718.6547225034
5074349.600838599 1744069.235377869 3434943.905026342
5076007.345689427 1741271.6981094053 3433913.7001197576
5072246.69414936 1743544.4329996146 3438314.599312713
5071277.142680317 1751330.595435617 3435786.7057806854
5074524.720427117 1750370.6605550044 3431478.1672687833
5072616.267017858 1747632.217511445 3435693.065438447
5069408.306023468 1754350.1297519715 3437003.9349787636
5072238.605088389 1756618.384131713 3431665.5410429323
5073383.175314141 1750373.2435168559 3433164.3806872535
5069126.354523072 1751677.176136892 3438782.643971659
5065754.933434194 1754075.9085981757 3442526.0581820738
5068105.023980812 1751324.247195089 3440467.387883077
5065890.425303349 1750558.9749003565 3444116.5012548086
5064645.076733565 1751217.1567055504 3445613.1118827867
5064418.094261544 1752425.2360477012 3445332.5178536004
5065064.8248748565 1751659.2135623933 3444771.3014592743
5063857.733492437 1750549.1333777965 3447109.453814759
5061610.87349212 1753729.323150399 3448792.5171672446
5061645.6241312055 1756017.4733018107 3447577.0055463803
5062358.792397966 1754879.1612107998 3447109.453814759
5060026.858976765 1754070.7907388487 3450942.602755155
5057881.083231149 1758965.3267367992 3451596.8662678734
5058966.427313515 1759144.8277030687 3449914.3703112793
5058639.409949138 1755864.8339961693 3452064.165806459
5055191.959813517 1757337.8641156391 3456362.0876265652
5054349.866665224 1760308.6741220593 3456081.8562574405
5056103.4448426375 1757654.72392373 3454867.410845026
5053365.76535676 1754133.1649349427 3460657.7815778907
5049045.549752724 1758461.3079290409 3464764.6189948744
5049888.939799117 1761918.1485539123 3461778.030649987
5051611.781151067 1755500.3751930601 3462524.7790063205
5046762.092307211 1753420.1754973691 3470641.305552869
5043564.022516152 1758921.4680753318 3472506.043180403
5046509.009153448 1757281.611922355 3469055.9460655367
5045641.158595667 1750366.4433907836 3473811.1077801683
5041629.145142266 1751932.66124731 3478842.984859619
5042447.133171181 1752907.3762908026 3477166.0356271504
5043592.940824712 1748866.974204785 3477538.720675721
5041034.158349011 1748275.4050808833 3481544.0141333495
5040684.4894853635 1751505.8004230228 3480426.454983094
5042355.095035634 1750212.5125743055 3478656.6741195545
5042230.743023134 1747605.992428141 3480147.041339149
5040350.311473929 1749319.5113647194 3482009.618709197
5041036.267191521 1751233.6213780672 3480053.9013375686
5042454.164140985 1749556.6550501438 3478842.984859619
5041267.4064265005 1748159.1610918313 3481264.638661147
5040255.969272886 1751258.3111996425 3481171.5113828005
5041640.5067454185 1751344.9195421224 3479122.443021774
5042208.906049567 1748781.4064592554 3479588.1854289607
5040127.910499988 1748848.0830457322 3482568.309197436
5039820.315455434 1752881.5852275158 3480985.2536448594
5041502.744083541 1751001.2434330804 3479495.0390672963
5040537.096831346 1748595.8104510943 3482102.7364424374
5038177.838607725 1751127.5679809775 3484244.1514938385
5039648.1597656645 1752821.708382807 3481264.638661147
5040594.513422165 1748615.7286479506 3482009.618709197
5038569.769525896 1748701.5509893447 3484895.7750824103
5037676.649272634 1751643.21868287 3484709.6022216217
5040305.094186598 1750190.9617516967 3481637.1371697104
5039804.833498137 1747553.4471466106 3483685.5755958837
5037908.871396305 1750048.638976003 3485175.0264118225
5039085.492379406 1752034.5043368614 3482475.196768025
5040664.22784594 1749527.0339090808 3481450.8900364502
5038849.8519068 1749192.9175250523 3484244.1514938385
5037956.424326983 1752134.747002194 3484057.9637729963
5039215.245623535 1751290.991804784 3482661.420565996
5038998.881296634 1748949.0210367409 3484151.0581640834
5037000.058149172 1749141.8368898062 3486943.3962493553
5035841.211453646 1750807.9871364092 3487780.9112965264
5035293.117791736 1750715.9374776534 3488618.340286154
5035520.8825765215 1752469.985208082 3487408.6930098333
5037913.8166117035 1751331.458125217 3484523.425114819
5037853.1669581095 1748354.32709878 3486105.7951653046
5036220.349669853 1750644.2374165372 3487315.6357822744
5037060.465121158 1752118.790299265 3485361.1886565858
5038199.7857082775 1749952.6098593448 3484802.6891827807
5036444.935797631 1749441.5937240934 3487594.804277944
5035953.827872541 1752522.1205089514 3486757.27010968
5037661.785461842 1752426.519723103 3484337.243762231
5037750.900431738 1749205.5194930495 3485826.57568822
5035677.461407853 1751834.7679418328 3487501.7491750657
5036555.869122147 1754308.5884306172 3484988.8599204784
5038530.686875603 1752334.4679367538 3483126.96149504
5037416.281421578 1751651.2362300414 3485081.943696959
5036716.729665733 1754956.0751914887 3484430.3349692347
5038163.071437924 1756347.5483741518 3481637.1371697104
5039563.982475765 1754172.907401833 3480705.8590852525
5037907.205608868 1754680.6841649725 3482847.6401204504
5037721.793816679 1758166.1585358991 3481357.764879039
5039761.091612486 1757299.2420649184 3478842.984859619
5039540.6667596875 1755348.2385936123 3480147.041339149
5038073.989144762 1757894.520103531 3480985.2536448594
5038954.920922237 1759977.8545530194 3478656.6741195545
5040008.9928142475 1757878.9956933386 3478190.8787258496
5038356.770425718 1758190.4747094787 3480426.454983094
5038180.818212636 1761088.8382149562 3479215.5936229276
5038983.185596376 1761369.3045766524 3477911.3887751894
5038432.503187618 1761472.8650836605 3478656.6741195545
5037279.177618256 1762747.0956713846 3479681.3307306813
5036205.7601489 1765627.9746235854 3479774.474972432
5036060.708502603 1766959.0289582452 3479308.743164251
5035523.037985228 1767757.4976462054 3479681.3307306813
5033957.850304505 1769280.7209977815 3481171.5113828005
5033537.353401138 1772489.5719224506 3480147.041339149
5032086.413115489 1772768.4179831801 3482102.7364424374
5030804.2965573985 1775673.2902296886 3482475.196768025
5031623.428162007 1776456.2206588727 3480892.123185321
5031462.660544263 1774720.6852813433 3482009.618709197
5028908.912200743 1777571.052185797 3484244.1514938385
5029627.640976104 1780096.7054480223 3481916.4999152753
5031926.620088905 1777057.134900005 3480147.041339149
5030139.49298369 1774451.4042925348 3484057.9637729963
5028359.7560665095 1778759.2316884662 3484430.3349692347
5031100.897702926 1777753.1946363791 3480985.2536448594
5032118.473077534 1770114.5183020325 3483406.2733204397
5027482.374388584 1770456.0232214548 3489920.8365020263
5027738.011619533 1774492.3319126833 3487501.7491750657
5029991.039131557 1769563.4731745364 3486757.27010968
5027464.976187663 1765914.3132659185 3492246.2042944427
5024139.112402677 1769672.9334850244 3495128.7369303224
5025700.618340771 1769828.5678686858 3492804.193648001
5025570.475478224 1765051.7964898583 3495407.637416486
5021956.26482786 1764471.6935930157 3500890.731894558
5021056.655638978 1768685.694435431 3500054.5674550547
5022973.633376818 1765814.1057723877 3498753.6955688302
5020726.205173541 1763547.2968383501 3503120.081370013
5017901.311090474 1766786.6840535973 3505534.516333763
5018600.488692746 1768115.8849504695 3503863.0612908877
5018336.778543125 1765365.0490074677 3505627.3648042334
5015318.11214069 1766565.8767215349 3509340.4276639535
5013879.425381409 1770093.1378132899 3509618.8384500234
5013856.574090155 1769789.8308375857 3509804.4402953275
5011768.1743299235 1769446.1592569505 3512959.0171626722
5008631.393246099 1771878.7704328706 3516205.083535223
5006283.270592248 1774096.3183688726 3518430.1993557005
5004293.043992083 1775849.1591667423 3520376.669298219
5002237.195093649 1776495.927015093 3522971.2268652455
4998805.720663614 1778618.457671972 3526768.8822900346
4997026.608385911 1781228.5442595105 3527972.639944695
4995223.762837715 1780782.4300875473 3530749.848951765
4991073.5531914 1781954.2407554048 3536023.8786647352
4988495.584717626 1784764.9439696067 3538243.476081024
4987211.924080875 1784502.053486097 3540185.1145680854
4984118.461398005 1783787.6809406586 3544898.541859264
4980903.16429688 1785971.9747252518 3548316.329386843
4979712.776112721 1786722.2714144092 3549609.1604923876
4977935.533009311 1785986.5304631463 3552471.1036414523
4975595.710018257 1786813.5469373185 3555332.0068495995
4974243.660921785 1788190.477495392 3556531.4307586597
4973249.611127407 1789303.5192917872 3557361.693906189
4972396.323373181 1789290.5799660536 3558560.807931996
4970898.82619443 1790515.782709409 3560036.3890847163
4969949.9651242765 1792232.1958061205 3560497.451266771
4968977.479880448 1793645.7570345877 3561142.8927681018
4968207.040816444 1795230.0647331576 3561419.494283156
4967530.157977643 1796553.9569715168 3561696.0860343752
4965559.271279188 1799075.873515413 3563171.0771092735
4964499.931881172 1802908.1105143097 3562710.1722415714
4964112.620485407 1805611.9107284332 3561880.4751104615
4962686.33231988 1807349.1669793404 3562986.718418208
4960931.987663365 1811615.2435272106 3563263.254826714
4960238.153072632 1814600.4225197998 3562710.1722415714
4958371.010660693 1818432.2890152584 3563355.4314587223
4956575.4669755185 1823861.1253655972 3563078.8983064285
4955877.8238242045 1828811.214606196 3561511.6926184697
4954693.745298794 1833091.8004568839 3560958.486334088
4952723.91734723 1839835.4630872742 3560220.817211082
4952632.605157281 1847379.6796600565 3556439.173880541
4953039.867662881 1851964.2552776209 3553486.381923544
4951085.896568703 1860004.6929583524 3552009.5702251955
4951905.908725106 1870477.9754778317 3545360.4914572127
4955485.56152493 1874993.3347482681 3537966.0603470355
4956140.525919995 1881275.5456081973 3533711.1382836667
4957133.949541986 1891656.7493097072 3526768.8822900346
4962773.004852278 1898076.7391464226 3515370.5060236207
4966807.132615673 1900911.533780179 3508133.869757475
4969685.636310717 1908778.3628573224 3499775.8267830047
4975335.32853096 1914137.6805888922 3488804.4239282766
4980743.167199292 1917016.634122833 3479495.0390672963
4984608.511338616 1919303.476019272 3472692.4936756166
4987845.896837397 1921849.6254351407 3466630.6879471825
4992745.718364607 1921236.0607918215 3459910.864525994
4996707.748746549 1917656.171500618 3456175.267766637
4999734.572880647 1914814.3046175763 3453372.4646458114
5004056.838119803 1910763.4208749973 3449353.4626524593
5009391.325518065 1903689.6702743324 3445519.5815892797
5013050.305378417 1896073.8392316916 3444397.136209262
5016672.258198062 1889541.3148664825 3442713.184864316
5020553.263290251 1880404.5094286294 3442058.2231255323
5025108.785101224 1869919.4673116885 3441122.4743776964
5029334.823814801 1862503.307321743 3438969.854502845
5032841.295226208 1858210.245137531 3436161.256683351
5035583.459156721 1858224.0784711365 3432133.9571842663
5036941.5193734355 1860423.4164822043 3428948.2121806247
5037227.992676309 1862927.4398506307 3427167.416927539
5036633.495048627 1864706.418052427 3427073.6804201244
5035973.211997218 1866660.9974019441 3426979.9428687636
5035512.997268922 1868589.88280748 3426604.982224431
5035691.321325679 1869656.039960677 3425761.2597149545
5036620.595593626 1869901.0390433187 3424261.0998910163
5036321.953239312 1870190.239665474 3424542.400201779
5036550.896496285 1870775.40109173 3423886.018206878
5036761.048891498 1871753.84128468 3423042.0234062965
5036784.380182923 1871862.5609358505 3422948.2409922592
5036210.285939751 1872549.6050325718 3423417.142634975
5036214.855507208 1873051.5719589852 3423135.804777615
5036466.596171082 1873745.5928101114 3422385.524612556
5036896.122391378 1873104.808257955 3422104.1523483223
5036648.885522326 1872912.804403192 3422573.100909502
5036308.051637656 1873486.4782343272 3422760.6730361464
5036513.148692033 1873963.055702621 3422197.944145538
5036522.578489832 1873766.4202336688 3422291.734900292
5035546.902461837 1874504.0773268414 3423323.3643919826
5034780.292971246 1876219.9719856868 3423510.919835134
5034587.9435307095 1877249.1700647909 3423229.5851061866
5034699.903676642 1877290.9166969662 3423042.0234062965
5034788.6459540995 1877223.9158021815 3422948.2409922592
5034877.385892731 1877156.9118097478 3422854.4575355332
5035087.618215841 1876935.0159610743 3422666.887494125
5035176.349967728 1876868.001127513 3422573.100909502
5035409.776403106 1876754.8228090901 3422291.734900292
5035386.560873348 1876646.0783798613 3422385.524612556
5035409.776403106 1876754.8228090901 3422291.734900292
5035353.806453454 1876733.962168625 3422385.524612556
