4815267.9325535735 2213452.2509496403 3536023.8786647352
4814755.631866477 2216780.3961441196 3534636.315193001
4813099.346512953 2221110.455314942 3534173.74019547
4814129.220692156 2228723.8272786527 3527972.639944695
4816752.037874506 2235350.964728614 3520191.311579336
4818579.786933094 2243358.1296251738 3512587.9546574294
4820193.705543218 2250766.629434795 3505627.3648042334
4823753.061034712 2256429.2612867206 3497080.839066679
4825915.719008551 2261445.8486454417 3490851.0633755876
4827762.340176139 2265394.8333409927 3485733.500405467
4831348.5163612375 2271194.56925187 3476979.68674752
4837712.811288625 2270476.140035201 3468589.6057367125
4842465.343185032 2267036.8514572335 3464204.7159754788
4844579.547735488 2265656.1074639596 3462151.413265207
4847123.794020648 2265918.1293025753 3458416.828078534
4850933.185809695 2264604.680817713 3453933.101035501
4852354.476145593 2263411.8263347493 3452718.3409942104
4851426.624257402 2265969.535436223 3452344.532911132
4851197.048025352 2269163.666624024 3450568.7147633396
4850548.526703678 2272679.1565598194 3449166.485026683
4846613.609145681 2278370.6186951557 3450942.602755155
4845253.079996697 2284652.849442667 3448699.022575909
4845115.508358765 2287482.8562972494 3447015.940318172
4845262.031253716 2290551.795776227 3444771.3014592743
4847194.535112417 2294053.5554189524 3439718.6547225034
4851104.06449828 2297147.547579593 3432133.9571842663
4852809.627059069 2298162.566245282 3429041.927803117
4851480.201689994 2299710.31538141 3429885.321397547
4852599.474625207 2303353.377926141 3425855.0108350194
4855993.590627581 2302472.5749353804 3421635.1777263307
4857073.492663866 2303399.9459538427 3419477.5589030944
4856517.460200358 2309576.727635166 3416099.310315069
4858118.478972041 2312729.7926620357 3411686.789610648
4858533.07434213 2315319.9619908794 3409338.76860751
4858206.409366232 2318078.3038366805 3407929.6444138223
4856715.655481296 2323405.6383530535 3406426.321157135
4856027.480655424 2324430.521297496 3406708.2145056073
4853861.723584066 2325372.554449457 3409150.898880648
4852111.279132752 2326408.4322913485 3410935.493537872
4851393.8150481945 2323357.4409274375 3414034.161076781
4848855.365076411 2320373.368614377 3419665.1998104844
4846025.297856823 2321306.338794221 3423042.0234062965
4845770.228445024 2320040.476562647 3424261.0998910163
4843423.619744069 2317462.3906814354 3429323.068403201
4840630.164135423 2319553.020265659 3431852.9106357014
4839023.443928126 2321795.4766065488 3432602.347188405
4838442.297485356 2319958.5202968786 3434662.9526063465
4835455.276406551 2320083.4462129446 3438782.643971659
4832332.979382848 2323256.1479171063 3441028.8937372006
4832333.141722711 2323671.5788732483 3440748.145526641
4831655.064272924 2321476.912807595 3443180.98321699
4828827.267014363 2323334.8570529064 3445893.6964656287
4827556.248992926 2327498.2053522537 3444864.840148504
4826933.19199673 2326574.872323063 3446361.3164430656
4825791.391208957 2322704.0261794003 3450568.7147633396
4827316.050283532 2318977.3399420003 3450942.602755155
4831032.405178732 2314850.2494527637 3448512.0302416626
4833354.039713672 2308602.4921331084 3449446.9498892613
4833664.296220338 2305436.046937846 3451129.5404438735
4834683.947438803 2303437.031322686 3451036.072125137
4837463.654775997 2301240.167457813 3448605.526934038
4839512.8606686825 2297348.631214323 3448325.033705509
4840219.5408848105 2297684.0969675854 3447109.453814759
4843402.431737512 2297848.60749714 3442526.0581820738
4846522.757512931 2294771.0506557906 3440186.6208072756
4845914.147426528 2294793.504487314 3441028.8937372006
4846006.872605397 2296701.5149011393 3439625.0583620407
4847280.171162844 2297097.7740045777 3437565.6733966162
4846702.420386518 2297756.342490354 3437940.1447327156
4846628.1326393485 2301970.240335718 3435224.8480292438
4848227.863598128 2300137.9303518403 3434194.677648238
4847007.200109086 2302150.283452403 3434569.2997071263
4847084.662952251 2304779.661997716 3432696.0220524557
4849426.973401308 2302780.9479965265 3430728.6303629503
4849454.761520439 2303001.59492549 3430541.2356853234
4850644.277721132 2303566.495072435 3428479.61840098
4852013.462827189 2301518.962983358 3427917.2714013564
4852401.172223752 2300561.7700645495 3428010.9985119677
4852036.624139678 2300492.6549372734 3428573.3392457725
4852868.959831267 2299435.1167253694 3428104.724578348
4851330.116452011 2299328.0878046285 3430353.8368276865
4847679.667927881 2301432.8199847597 3434101.019518154
4842984.176906606 2303348.0961957453 3439437.862497834
4838059.756800711 2306703.3436074485 3444116.5012548086
4833278.84777732 2314059.8981631375 3445893.6964656287
4831086.921739878 2321826.6688398947 3443742.30662774
4832766.058266074 2323879.7507517873 3439999.4375169897
4834564.071879916 2321939.9566757046 3438782.643971659
4835956.091528703 2320842.933481648 3437565.6733966162
4838657.768154838 2318815.566574467 3435131.2014080007
4841624.235118239 2314005.765318713 3434194.677648238
4842425.820373277 2309822.38029256 3435880.345076324
4842502.828000696 2308406.815785192 3436723.0516353413
4843011.172791855 2306782.2044304693 3437097.5606660005
4842122.186129678 2304181.7813913776 3440093.029686088
4839469.909120455 2304162.882640025 3443835.8568581142
4837243.84059883 2305899.8720014114 3445800.1693209885
4834459.368811799 2307265.434413439 3448792.5171672446
4831394.667584315 2310048.985861938 3451223.007711335
4827876.54926003 2315721.540078532 3452344.532911132
4825086.515284871 2322779.666191982 3451503.4032057924
4821458.966389939 2331407.258384924 3450755.660861568
4819747.755079965 2335771.4680098766 3450194.8099538707
4818174.193689243 2343010.024542987 3447483.4973003254
4817772.693782526 2351658.629619504 3442151.7922339765
4815892.522031598 2358239.2344425144 3440280.2108805208
4816713.976410698 2362290.472890111 3436348.52585451
4818851.85271968 2365008.543134206 3431478.1672687833
4820394.039813703 2367435.9923618785 3427636.0838044146
4822286.6177611025 2370768.6840797993 3422666.887494125
4825405.559519636 2372406.617293271 3417131.696083733
4828324.123996751 2374574.04998272 3411498.971827437
4830288.4946133485 2376377.7466443665 3407459.884438753
4829348.667327977 2382723.963856892 3404358.8179625827
4831361.288139415 2386024.09117806 3399187.864738541
4832459.382961486 2386881.1463400777 3397024.53704323
4831684.890002584 2386708.411088995 3398247.3547635945
4830324.014472443 2388658.645666641 3398811.6731723803
4830829.545254168 2389643.2075524367 3397400.8072786904
4831599.767092567 2389289.52208749 3396554.1759662814
4831850.508530436 2390253.2105819816 3395519.290552875
4832787.403438044 2391031.656283398 3393637.3600933324
4833867.961619871 2391251.2182222647 3391943.2691269317
4834425.384105555 2390791.838083183 3391472.6288841986
4834413.260445189 2392151.1507735862 3390531.2709196955
4836174.595655361 2395124.5283626397 3385917.124498671
4836741.111733636 2398769.944448816 3382525.5611265805
4834315.9158031205 2402194.5642133346 3383562.0138954967
4834005.782665915 2404144.8488958534 3382619.7892580284
4834441.029864051 2404992.8314876626 3381394.7431880767
4833346.538006471 2406132.33883851 3382148.638297316
4832405.99410972 2405769.362221562 3383750.4464556063
4831174.1611311305 2407050.3294454725 3384598.3419506894
4830653.058654781 2409948.716717077 3383279.3573252154
4829892.711649105 2409885.2324499297 3384409.927945876
4827308.7439188305 2411753.6018652953 3386764.8065336007
4824324.210084744 2415209.7511922666 3388554.0830472233
4824095.360519185 2419097.8604031852 3386105.5055048135
4825985.696475397 2419940.381985617 3382808.2424296797
4823787.949257366 2423792.3082213085 3383185.1364072054
4822457.031554693 2430507.349755891 3380263.776925002
4821820.243074785 2435042.9205906377 3377907.121037468
4820013.870271834 2438355.365036061 3378095.67718071
4816755.927357138 2446217.236510271 3377058.567462211
4817424.794114239 2451529.980680301 3372248.5238901116
4816612.897286462 2455457.6741732033 3370550.223337079
4812752.266999247 2460690.2506440296 3372248.5238901116
4809213.771032207 2468629.923447445 3371493.7647241824
4809685.77577633 2473116.269631992 3367530.2010785853
4809194.931023286 2474456.0252502523 3367247.0201223213
4807197.777198031 2478205.465064167 3367341.41480017
4809017.581518242 2479674.8306979407 3363659.262566821
4811099.351465722 2478197.7277657953 3361770.3747315286
4810881.779023997 2477979.4129414298 3362242.635101361
4811016.109860888 2480280.175453706 3360353.440028345
4813159.755793561 2480215.7701604306 3357329.876353644
4814779.1618042085 2477966.9753396832 3356668.332168352
4811530.897068958 2482990.901580151 3357613.3799502556
4810307.10574267 2488422.362053064 3355345.093500194
4811596.733579633 2490260.584273432 3352130.680003386
4809875.273618785 2493202.531533578 3352414.352222169
4807060.335337337 2498879.325468525 3352225.2384308022
4805317.124923069 2501596.3598188674 3352698.015250118
4802694.897039479 2502575.603417956 3355723.1821364826
4796981.447920118 2505669.581795405 3361581.463415018
4793369.276704657 2507510.992186762 3365358.911201958
4793086.326603639 2506404.1235862826 3366586.228658775
4792140.164658901 2502502.0537919304 3370833.296535165
4789312.575650113 2501557.4052213426 3375549.8220440983
4790919.050663653 2495163.760984269 3378001.3996235877
4789253.871895541 2488773.550533938 3385069.3589195865
4787164.78193169 2487794.053891521 3388742.406270343
4784984.39535931 2486342.754940648 3392884.4721154366
4784299.502594896 2483548.3003084227 3395895.627004073
4780871.330401325 2482298.38165091 3401632.706010442
4775983.681404654 2484101.214173365 3407178.0159978233
4772557.413581212 2487719.014467035 3409338.76860751
4772411.727080241 2488384.603298611 3409056.9624594734
4771915.282875753 2489079.1857844912 3409244.8342633364
4773156.395367422 2488243.125411114 3408117.5411372473
4774466.437168457 2484053.2202877156 3409338.76860751
4772541.875636611 2482205.220509098 3413376.962565424
4772208.9236494405 2483619.5882696826 3412813.6090041283
4775027.826218297 2480005.045168517 3411498.971827437
4775921.062517085 2475179.346943569 3413752.510811188
4775332.118844118 2473076.961358188 3416099.310315069
4775973.4419949455 2471189.5387150524 3416568.59218489
4776773.4286864195 2467694.2170677474 3417976.281668113
4775793.947977791 2464126.657529763 3421916.565626624
4773581.328073031 2463723.5382157364 3425292.488462007
4773104.080630533 2460734.937532233 3428104.724578348
4771667.916106939 2456200.7831200613 3433351.7168207597
4767528.181777963 2454806.7099179295 3440093.029686088
4763904.357987981 2455150.1992855207 3444864.840148504
4761048.0035957545 2455045.456320393 3448886.010708018
4758360.121783971 2456709.0555763333 3451409.9390923236
4755476.978762461 2459532.13536363 3453372.4646458114
4752163.173438771 2462130.048527186 3456081.8562574405
4749401.757387761 2466274.6449350454 3456922.521936608
4748055.477183338 2472523.9043117147 3454306.8375864425
4750305.6751280585 2474855.1013599914 3449540.4360753023
4753621.525149262 2472786.37374187 3446454.837289203
4755738.772760799 2470408.4815169615 3445238.984411483
4757758.178857828 2468084.2038503843 3444116.5012548086
4760474.997595505 2464539.768578617 3442900.307351716
4762732.870779135 2459387.8240409098 3443461.6496425876
4764277.86025807 2455868.9014833686 3443835.8568581142
4765530.01124876 2454619.7146471315 3442993.86702228
4766235.525873276 2454562.099543909 3442058.2231255323
4766440.50705931 2451931.71651496 3443648.755348342
4766462.11457965 2450575.331463507 3444584.220932829
4769615.531375357 2449039.9539471506 3441309.6325139822
4770438.242834644 2448094.8031333187 3440841.7293116436
4769123.893543013 2448682.332923645 3442245.360293881
4769530.017506284 2448680.480455068 3441683.9362069326
4771046.468917169 2445987.829127162 3441496.786457137
4770424.23563774 2443776.556532315 3443929.406039436
4768851.366740866 2443286.0447478583 3446454.837289203
4767607.580334519 2442018.5170463608 3449072.994637767
4764929.930780948 2441696.9159048535 3452998.6860131575
4761978.284827159 2443753.3195675355 3455614.7829202903
4760424.645289727 2444005.7751629064 3457576.3140512947
4756836.664046659 2445836.549445194 3461217.9250921896
4752097.114565566 2452530.15164564 3462991.4624507288
4749483.744151159 2459164.843401123 3461871.37788564
4748999.010111668 2463119.6444282494 3459724.12472296
4748618.47043984 2466604.5387200816 3457763.102319632
4747974.495299153 2471112.482363574 3455427.9462167476
4747689.251750114 2475704.8352228575 3452531.439056074
4749087.3528709 2478753.706910072 3448418.5324988104
4749291.644221713 2480442.635667857 3446922.4257715633
4746403.793885768 2486741.9853920517 3446361.3164430656
4745674.390750016 2492274.4106189436 3443368.095216289
4741838.4143985165 2496598.538936407 3445519.5815892797
4739391.965150339 2500595.3016467057 3445987.2225605883
4738548.817475941 2504381.0557642393 3444397.136209262
4740042.616721471 2506440.7404708224 3440841.7293116436
4743663.0274060285 2507295.8193846084 3435224.8480292438
4749104.421473959 2506355.5890047573 3428385.8965118118
4754787.88071313 2501085.154378543 3424354.8677043975
4758877.336433288 2492006.99542906 3425292.488462007
4761293.709540151 2480791.0580241815 3430072.7307042107
4762252.738105214 2471154.187522009 3435693.065438447
4761347.417441231 2465729.093848993 3440841.7293116436
4761027.783195109 2461771.1050031846 3444116.5012548086
4758794.397851 2460721.55826292 3447951.0280283927
4754219.298794694 2462879.598504619 3452718.3409942104
4751597.252156789 2466888.2797433953 3453465.9066741522
4747697.924247144 2473601.848219678 3454026.5367514994
4744735.886460228 2479539.0582263297 3453839.664267374
4741387.902193705 2482426.812647035 3456362.0876265652
4737102.058156333 2485663.2716733837 3459910.864525994
4734101.637494389 2486829.2938070246 3463178.128444478
4732527.5593761485 2488005.1960555473 3464484.672234217
4733226.3143100515 2487845.359014077 3463644.774966827
4733538.869165314 2485690.429048328 3464764.6189948744
4730316.791289861 2485578.5453459164 3469242.474800122
4726159.920744616 2489186.630043151 3472319.588454046
4723496.438741874 2492419.2980100326 3473624.6826765845
4721795.34061534 2494472.4323059153 3474463.5623084423
4720866.377026487 2493243.9878100706 3476606.976278703
4718102.453818912 2492626.850310492 3480798.991665443
4713758.964656846 2494858.967724358 3485081.943696959
4710077.69711724 2497648.10933233 3488060.0638560387
4707871.343612011 2496478.1297661276 3491874.1901157126
4702084.479552266 2495407.56554849 3500426.2067578365
4693842.753876935 2496706.2967887414 3510546.804908381
4685004.737011842 2503766.6985319084 3517317.7185888714
4679138.320661992 2510299.017272737 3520469.346549122
4674506.493064343 2513595.7849249225 3524268.190178914
4666786.125923931 2518061.1625975654 3531305.1746205273
4657367.993738249 2530534.0309428484 3534821.3376552276
4653970.327213788 2542698.1472536665 3530564.7317909864
4654107.410418568 2547838.2292235573 3526676.278026372
4652199.074851455 2552600.7251842287 3525750.1763086137
4651281.162089889 2561928.5081885257 3520191.311579336
4655506.751963423 2569129.744716361 3509340.4276639535
4662665.438516493 2568941.4984087413 3499961.6549638445
4667149.434354202 2567378.4819716588 3495128.7369303224
4671393.28316463 2567377.0328887296 3489455.6831975738
4679404.015535051 2565296.7366281045 3480240.1802806146
4691807.830560947 2557525.5486758505 3469242.474800122
4701006.265142578 2546173.729496594 3465137.866566298
4703669.390402131 2538704.3078210666 3467003.8510571066
4704978.224218448 2534746.9516278054 3468123.2389930678
4707220.010539429 2529174.672588746 3469149.2109612105
4706048.184288934 2522514.9552355213 3475581.935124528
4701096.945499685 2521339.937239693 3483126.96149504
4696118.003657269 2524054.657188046 3487873.9632121744
4693232.878960466 2524404.646271143 3491502.158918011
4687648.065316005 2524355.042322721 3499032.471418203
4679988.399068164 2531727.163887415 3503955.928978274
4674983.542435894 2540316.6297731497 3504420.2514041504
4673172.528950725 2546203.7105147312 3502562.801609886
4672083.273971437 2550371.0470208093 3500983.633722719
4671115.577278414 2556089.6691595456 3498103.181285937
4673900.365732853 2562810.060500477 3489455.6831975738
4679751.374476966 2565168.4999630875 3479867.6181541826
4688458.795562936 2563028.7000326957 3469708.778142231
4698364.896808395 2554083.9556331434 3462898.1278715082
4705104.578745676 2543934.428810418 3461217.9250921896
4709245.643573779 2537152.017343763 3460564.4206357226
4713893.218652218 2532336.0857874975 3457763.102319632
4718213.227832326 2526068.158430564 3456455.495977243
4720392.030597396 2522890.26166015 3455801.615413271
4722451.695531148 2521978.0741020464 3453652.787574849
4726231.410763521 2519757.618678622 3450101.331123958
4730318.656894048 2515155.0446348237 3447857.5239832774
4732607.426141902 2512770.782334189 3446454.837289203
4735592.440331389 2512660.6950340816 3442432.4932679585
4739887.271615157 2511865.8425251255 3437097.5606660005
4743383.593352491 2510644.4235484092 3433164.3806872535
4745063.204165079 2509519.4366446235 3431665.5410429323
4745877.124518542 2510797.951458197 3429604.199601602
4747658.4204149665 2512164.5776372403 3426136.257933647
4750065.002041637 2510043.2698279093 3424354.8677043975
4749630.005360423 2508435.0010020942 3426136.257933647
4748646.816755736 2509399.8912172336 3426792.464634319
4749112.004349484 2508903.524657859 3426511.239453767
4748556.761473908 2505854.6407059375 3429510.4902468133
4747782.593724216 2503857.221632563 3432040.276046861
4749086.628046423 2501897.0429914114 3431665.5410429323
4750491.646531381 2497555.1832794556 3432883.3686435516
4750331.928901287 2494508.852011338 3435318.4936040575
4751332.0202916665 2493764.6383772893 3434475.645761678
4752385.785656258 2491884.966399302 3434381.9907700275
4753781.163692043 2491030.1364385644 3433070.711051783
4755977.471516312 2488902.146852615 3431571.8546785163
4758543.623114244 2488129.507146255 3428573.3392457725
4758977.38880342 2488462.082240218 3427729.8140475503
4758046.678969662 2488821.473981527 3428760.7778021195
4757188.440826943 2488266.804951609 3430353.8368276865
4757784.660498068 2483504.5328362132 3432977.0403705393
4757675.0868558 2481123.2318872996 3434850.255265982
4758101.927328127 2479656.003694526 3435318.4936040575
4760652.912102842 2476444.03091027 3434101.019518154
4761397.459519505 2475142.153816276 3434007.3603419852
4762968.783934044 2476275.7726054275 3431009.7145413705
4764318.355932631 2478350.7581303613 3427636.0838044146
4765265.96091555 2481063.2925761496 3424354.8677043975
4764910.252114759 2482781.137126313 3423604.695992434
4762963.8839482665 2485996.4675272843 3423979.790192447
4760898.533500946 2490207.384047612 3423792.245178333
4758142.051716272 2495856.2052848446 3423510.919835134
4755753.25448222 2500533.353105847 3423417.142634975
4752886.061384317 2505594.5135714468 3423698.471106842
4750269.778673646 2511318.2378721638 3423135.804777615
4749606.5275504645 2515636.3536824756 3420884.764133565
4747883.523447844 2516209.5322730215 3422854.4575355332
4744286.506021357 2518016.5358235184 3426511.239453767
4740168.207640543 2522196.4850950204 3429135.6423810623
4738626.876217842 2524454.6662717066 3429604.199601602
4736494.860984334 2525654.1818482424 3431665.5410429323
4732801.51216737 2534091.0947889904 3430541.2356853234
4732124.207480028 2541810.6295351186 3425761.2597149545
4733499.846846007 2544678.9627308394 3421728.9747354225
4732420.865033226 2545802.639074878 3422385.524612556
4729141.293204045 2551386.4866047865 3422760.6730361464
4729911.399058699 2556493.450599312 3417882.4429897233
4732109.838339959 2556187.8332309593 3415066.7986334
4730521.655102922 2560878.6901242766 3413752.510811188
4731794.0486922255 2561781.0834289915 3411311.1498874193
4731886.878566587 2559482.3575327597 3412907.5038635177
4729770.695798548 2559511.556806319 3415817.7287057075
4730353.28722893 2559186.437681641 3415254.537393781
4732306.780648684 2554694.02105197 3415911.5902827177
4731988.697121423 2550257.6127756624 3419665.1998104844
4728449.572503144 2549521.8309668377 3425104.9726568013
4727178.787708229 2550114.674797602 3426417.4956393274
4728742.440850568 2545952.554144595 3427354.886810414
4726956.427412504 2543714.1193344207 3431478.1672687833
4723869.772675734 2549819.9623123915 3431197.0987679707
4720710.204285775 2552265.5305090416 3433726.37653724
4721407.341300902 2552110.008365714 3432883.3686435516
4722232.154498516 2549574.644920403 3433632.713177008
4719868.287418037 2549788.033500784 3436723.0516353413
4719919.269741274 2551837.909475879 3435131.2014080007
4722001.417217073 2549875.837540407 3433726.37653724
4721854.73701342 2549264.4397979635 3434381.9907700275
4721877.232276649 2551618.609703273 3432602.347188405
4724073.193779677 2551207.585022028 3429885.321397547
4724940.098181148 2551995.3107173876 3428104.724578348
4726071.998549108 2555057.8044935125 3424261.0998910163
4729110.962597597 2556594.098577429 3418914.6111826613
4733266.543604454 2555425.5172466896 3414034.161076781
4735281.201495785 2556833.4196150573 3410184.1309671532
4737938.123986012 2560297.6303889253 3403888.8608626397
4739632.773996685 2563030.609156857 3399469.9975410174
4739236.949922011 2565382.82685765 3398247.3547635945
4738495.760790841 2568618.583149724 3396836.3957166285
4736559.49131929 2572063.09958717 3396930.4668973116
4735364.951473913 2573019.9408624517 3397871.121787383
4733758.537761364 2574608.901354303 3398905.7226169975
4733148.5246024225 2576846.8024225053 3398059.2403457044
4733683.5149257 2577352.2816226524 3396930.4668973116
4732663.187869993 2577118.0146054146 3398529.5186266187
4731507.36049518 2579487.3048351803 3398341.410419806
4732881.851028202 2580558.1147229313 3395613.3762172475
4733786.454215397 2579765.3029745053 3394954.7548466204
4733769.402529925 2580291.821849318 3394578.3770254888
4733481.98330683 2581314.048042067 3394201.9826595937
4733731.156308354 2583701.34825731 3392037.394075857
4735740.494921587 2583725.3869243064 3389213.196262915
4736586.252588462 2582792.3988844086 3388742.406270343
4736183.105985024 2584395.9508400336 3388083.256926205
4736622.843385077 2586674.6882721325 3385728.739366892
4738161.2970025055 2585582.712505813 3384409.927945876
4737308.843218932 2583937.3284863452 3386858.9882684154
4734305.434689805 2584872.8173793973 3390342.9869320993
4732964.868003398 2587573.3180643427 3390154.6988134724
4734049.8416276 2588917.783640953 3387612.4050034587
4735844.68788034 2589577.215674445 3384598.3419506894
4738124.318424357 2591683.1632952387 3379792.4972175
4741846.750319094 2593719.27788822 3373003.21731232
4744661.267374116 2593967.891396948 3368851.5901240758
4746612.763108421 2595788.0895997514 3364697.9761916683
4750282.179042069 2597148.606658961 3358463.8355064574
4754060.859142968 2596951.6905975295 3353265.313730403
4756268.081869809 2598157.4073440814 3349198.862422112
4758286.696849994 2600554.193672099 3344468.058803199
4760788.393956302 2600842.4473919133 3340681.5819253745
4761953.410072754 2601263.072821595 3338693.0296556507
4762850.962831643 2603264.62818854 3335851.4627417196
4764564.74945646 2603769.359776161 3333008.98128519
4766220.7616868615 2604134.225575927 3330355.1741592325
4768056.128749361 2605137.020541358 3326941.967828798
4769669.690374058 2605694.3439266332 3324191.485272139
4770085.494501827 2607110.7321516257 3322483.8608250716
4770912.542040233 2608860.6125870934 3319921.8093646276
4773414.364529669 2608389.1720221764 3316694.473686004
4775734.036349509 2606194.077400099 3315080.3678006777
4775412.264086473 2607749.429674272 3314320.6875687237
4776403.747159859 2609914.4379317653 3311186.323780735
4778723.878679755 2608799.9507118114 3308716.05135617
4779387.046529142 2608187.583198868 3308240.920839456
4777848.660653589 2611245.4256736473 3308050.861578333
4775747.882401581 2620607.2353499467 3303678.3865516223
4776409.334060399 2624550.6916536135 3299589.1472183694
4772763.335694311 2626995.537320079 3302917.738659639
4766156.324452394 2634316.6270034355 3306625.2886554427
4760781.64726948 2638184.0577504453 3311281.3206451507
4757193.473615916 2638692.3102317294 3316029.877204073
4754571.961680557 2635176.8431394435 3322578.7374541997
4750374.41541788 2634367.891323241 3329217.584734943
4749140.073869645 2635634.541950673 3329975.9939137525
4748079.772519264 2636346.9711555643 3330923.91409235
4743705.264852599 2636193.1931513073 3337272.3605652046
4734972.347594192 2642166.890242422 3344941.2538376567
4726867.133970306 2651509.4316736492 3349009.6792241465
4721039.888205114 2661037.803018456 3349671.8025625963
4716125.850995585 2670211.850523026 3349293.4524907726
4712478.380260694 2679127.7290702 3347306.8468401134
4710277.611228242 2687239.7244831603 3343900.1911423206
4710483.848461623 2693463.2231281316 3338598.325501045
4713143.12660697 2692801.1321536796 3335377.779321158
4713771.795219318 2692287.373806103 3334904.070500242
4714766.802423223 2693947.1041040258 3332156.058628921
4720101.045154429 2691752.2122539678 3326372.972376661
4726078.630330205 2683477.22657548 3324570.912822728
4728526.517465261 2676688.059013797 3326562.6415807665
4730899.388566387 2672255.8008017237 3326752.306731556
4734367.023747604 2666699.016523104 3326278.136254688
4735346.675036052 2661048.780022412 3329407.1931150495
4732735.277952326 2658929.2111915317 3334809.3256883346
4729763.211534976 2659106.0619378677 3338882.434913759
4726116.001157857 2662377.4905106453 3341439.0076166154
4723417.457043433 2664550.9730770993 3343521.592329146
4720281.204254632 2667018.8441896457 3345982.1932427804
4714057.396272219 2672083.7831648043 3350712.181074175
4710423.509270112 2682856.9873960856 3347212.2353527932
4711450.647543848 2688126.94135604 3341533.6812479515
4713111.107981838 2690273.8600124987 3337461.79632841
4713397.948846353 2694583.732093566 3333577.550702502
4717123.016474918 2699772.781075458 3324096.625852903
4723735.077943431 2697431.2673496134 3316599.53436218
4728216.255981107 2693428.1690508695 3313465.970074128
4731233.616465285 2691866.8420933457 3310426.3125566193
4735665.59236739 2689795.1944192145 3305769.8361118427
4738409.274981084 2685777.9626212902 3305104.427740682
4738559.8207964 2685863.2935012705 3304819.2376220054
4740067.806854158 2686827.344913632 3301871.7426709933
4740858.241124539 2685198.5270045223 3302061.932813237
4738472.653306274 2686250.9910070268 3304629.1058426453
4737379.953707629 2691097.0099976156 3302252.118932017
4739445.646818455 2692708.1018957985 3297971.958467555
4739806.195370425 2691490.562288607 3298447.6323627615
4736761.00164073 2695449.4380147937 3299589.1472183694
4735585.689450715 2701349.476345275 3296449.6332446374
4733775.875744945 2705795.0366313267 3295402.885529545
4730322.419921982 2709629.41365162 3297210.8279965078
