-27.502 262.691
-27.51 262.672
-27.525 262.652
-27.538 262.642
-27.555 262.625
-27.572 262.62
-27.585 262.603
-27.6 262.594
-27.618 262.576
-27.636 262.558
-27.648 262.531
-27.657 262.502
-27.664 262.462
-27.68 262.436
-27.661 262.403
-27.651 262.37
-27.648 262.333
-27.645 262.323
-27.616 262.294
-27.608 262.269
-27.593 262.257
-27.581 262.249
-27.564 262.225
-27.561 262.222
-27.534 262.23
-27.516 262.208
-27.515 262.188
-27.523 262.186
-27.5 262.203
-27.476 262.188
-27.472 262.168
-27.463 262.177
-27.428 262.178
-27.402 262.151
-27.382 262.094
-27.372 262.054
-27.363 262.036
-27.326 262.023
-27.299 261.99
-27.278 261.972
-27.258 261.986
-27.202 261.994
-27.158 261.979
-27.129 261.962
-27.11 261.947
-27.089 261.946
-27.062 261.953
-27.026 261.956
-26.999 261.939
-26.992 261.934
-26.984 261.949
-26.951 261.96
-26.928 261.948
-26.928 261.938
-26.918 261.954
-26.905 261.952
-26.893 261.942
-26.895 261.931
-26.889 261.941
-26.881 261.933
-26.887 261.918
-26.888 261.92
-26.872 261.921
-26.864 261.893
-26.872 261.882
-26.868 261.876
-26.852 261.865
-26.845 261.843
-26.841 261.823
-26.835 261.812
-26.812 261.795
-26.813 261.756
-26.82 261.715
-26.806 261.707
-26.775 261.682
-26.753 261.643
-26.742 261.594
-26.75 261.573
-26.735 261.566
-26.704 261.546
-26.694 261.505
-26.702 261.5
-26.687 261.516
-26.642 261.515
-26.608 261.49
-26.606 261.472
-26.587 261.472
-26.551 261.438
-26.521 261.365
-26.538 261.308
-26.545 261.286
-26.516 261.274
-26.485 261.206
-26.497 261.139
-26.514 261.114
-26.5 261.098
-26.471 261.063
-26.458 260.993
-26.477 260.95
-26.482 260.94
-26.463 260.926
-26.444 260.883
-26.445 260.83
-26.476 260.812
-26.48 260.834
-26.438 260.817
-26.428 260.751
-26.475 260.726
-26.497 260.765
-26.457 260.77
-26.448 260.721
-26.499 260.702
-26.543 260.755
-26.503 260.809
-26.46 260.772
-26.495 260.731
-26.55 260.768
-26.527 260.825
-26.488 260.796
-26.501 260.732
-26.585 260.735
-26.594 260.8
-26.535 260.778
-26.529 260.692
-26.6 260.64
-26.634 260.67
-26.588 260.663
-26.574 260.585
-26.614 260.528
-26.654 260.521
-26.637 260.516
-26.625 260.475
-26.636 260.417
-26.675 260.382
-26.696 260.377
-26.686 260.362
-26.683 260.306
-26.72 260.251
-26.753 260.238
-26.751 260.226
-26.761 260.185
-26.783 260.15
-26.803 260.124
-26.82 260.098
-26.845 260.083
-26.855 260.081
-26.861 260.048
-26.886 260.022
-26.922 260.024
-26.913 260.029
-26.916 259.998
-26.927 259.969
-26.952 259.947
-26.96 259.956
-26.947 259.935
-26.961 259.899
-26.991 259.871
-27.015 259.871
-27.011 259.852
-27.028 259.809
-27.064 259.778
-27.088 259.772
-27.093 259.758
-27.093 259.744
-27.115 259.707
-27.142 259.704
-27.147 259.681
-27.161 259.642
-27.206 259.611
-27.228 259.614
-27.231 259.586
-27.256 259.55
-27.297 259.528
-27.316 259.53
-27.317 259.517
-27.325 259.494
-27.347 259.469
-27.368 259.478
-27.366 259.483
-27.361 259.481
-27.372 259.462
-27.396 259.466
-27.404 259.467
-27.404 259.474
-27.413 259.454
-27.443 259.457
-27.464 259.461
-27.478 259.474
-27.497 259.462
-27.527 259.48
-27.527 259.488
-27.551 259.489
-27.566 259.489
-27.598 259.497
-27.603 259.509
-27.615 259.501
-27.632 259.491
-27.668 259.48
-27.699 259.495
-27.713 259.495
-27.735 259.479
-27.76 259.468
-27.785 259.474
-27.794 259.465
-27.824 259.443
-27.862 259.438
-27.878 259.442
-27.897 259.43
-27.931 259.424
-27.957 259.434
-27.967 259.443
-27.975 259.43
-28.005 259.419
-28.024 259.435
-28.028 259.443
-28.037 259.432
-28.074 259.426
-28.099 259.445
-28.109 259.464
-28.119 259.468
-28.138 259.475
-28.161 259.506
-28.167 259.521
-28.175 259.521
-28.193 259.506
-28.235 259.51
-28.266 259.543
-28.265 259.55
-28.303 259.524
-28.363 259.533
-28.385 259.58
-28.373 259.587
-28.402 259.547
-28.468 259.553
-28.517 259.601
-28.529 259.635
-28.566 259.634
-28.633 259.657
-28.672 259.705
-28.685 259.729
-28.707 259.724
-28.758 259.724
-28.773 259.759
-28.769 259.773
-28.774 259.773
-28.799 259.79
-28.798 259.841
-28.777 259.878
-28.774 259.904
-28.775 259.926
-28.785 259.927
-28.788 259.921
-28.808 259.907
-28.815 259.926
-28.806 259.939
-28.801 259.951
-28.847 259.942
-28.883 259.977
-28.888 259.986
-28.888 259.994
-28.894 259.977
-28.918 259.989
-28.921 260.006
-28.918 260.008
-28.928 259.983
-28.936 259.989
-28.915 260.01
-28.892 260.03
-28.886 260.054
-28.875 260.081
-28.868 260.11
-28.852 260.136
-28.852 260.13
-28.87 260.146
-28.862 260.18
-28.839 260.196
-28.834 260.183
-28.84 260.204
-28.815 260.229
-28.79 260.224
-28.785 260.176
-28.823 260.149
-28.843 260.172
-28.832 260.169
-28.846 260.12
-28.897 260.106
-28.915 260.136
-28.913 260.131
-28.936 260.106
-28.981 260.121
-28.973 260.142
-28.963 260.142
-28.977 260.134
-29.007 260.154
-29.006 260.192
-28.983 260.208
-28.987 260.186
-29.019 260.198
-29.019 260.233
-29.006 260.231
-29.021 260.211
-29.044 260.219
-29.04 260.242
-29.028 260.252
-29.037 260.252
-29.047 260.273
-29.04 260.3
-29.029 260.318
-29.026 260.328
-29.025 260.348
-29.011 260.376
-28.983 260.388
-28.964 260.375
-28.956 260.363
-28.933 260.345
-28.917 260.312
-28.925 260.276
-28.936 260.267
-28.927 260.26
-28.933 260.245
-28.942 260.224
-28.952 260.222
-28.954 260.224
-28.96 260.217
-28.976 260.201
-28.984 260.195
-28.989 260.193
-28.995 260.194
-29.007 260.189
-29.018 260.183
-29.041 260.186
-29.049 260.187
-29.061 260.167
-29.07 260.157
-29.072 260.159
-29.06 260.157
-29.052 260.132
-29.055 260.12
-29.051 260.12
-29.037 260.115
-29.036 260.104
-29.039 260.099
-29.038 260.103
-29.033 260.102
-29.034 260.089
-29.031 260.068
-29.037 260.065
-29.03 260.056
-29.047 260.031
-29.069 260.033
-29.078 260.045
-29.08 260.038
-29.112 260.03
-29.132 260.045
-29.135 260.051
-29.143 260.052
-29.16 260.045
-29.177 260.049
-29.179 260.042
-29.182 260.027
-29.203 260.009
-29.222 260.007
-29.229 259.993
-29.236 259.983
-29.247 259.961
-29.267 259.955
-29.277 259.953
-29.291 259.939
-29.308 259.918
-29.327 259.921
-29.331 259.907
-29.346 259.895
-29.361 259.881
-29.385 259.868
-29.398 259.868
-29.403 259.857
-29.423 259.84
-29.444 259.852
-29.445 259.871
-29.446 259.853
-29.475 259.853
-29.487 259.876
-29.49 259.885
-29.508 259.871
-29.545 259.885
-29.557 259.904
-29.562 259.894
-29.601 259.882
-29.636 259.909
-29.626 259.915
-29.64 259.889
-29.675 259.881
-29.687 259.892
-29.679 259.875
-29.7 259.834
-29.722 259.816
-29.726 259.79
-29.723 259.763
-29.721 259.733
-29.731 259.701
-29.741 259.669
-29.744 259.66
-29.742 259.641
-29.755 259.615
-29.781 259.592
-29.789 259.581
-29.796 259.55
-29.805 259.522
-29.825 259.507
-29.824 259.518
-29.81 259.504
-29.794 259.49
-29.772 259.49
-29.726 259.497
-29.67 259.49
-29.646 259.499
-29.658 259.53
-29.659 259.575
-29.67 259.578
-29.695 259.562
-29.731 259.58
-29.732 259.601
-29.726 259.588
-29.745 259.579
-29.757 259.599
-29.729 259.62
-29.702 259.588
-29.699 259.562
-29.697 259.557
-29.668 259.565
-29.631 259.547
-29.627 259.547
-29.618 259.558
-29.603 259.589
-29.582 259.6
-29.585 259.61
-29.584 259.631
-29.578 259.649
-29.572 259.652
-29.584 259.659
-29.595 259.661
-29.6 259.684
-29.596 259.673
-29.617 259.667
-29.635 259.668
-29.643 259.674
-29.639 259.665
-29.66 259.663
-29.674 259.666
-29.683 259.676
-29.684 259.679
-29.699 259.676
-29.706 259.672
-29.716 259.673
-29.705 259.671
-29.706 259.659
-29.709 259.653
-29.71 259.652
-29.702 259.648
-29.708 259.641
-29.713 259.64
-29.709 259.63
-29.705 259.625
-29.688 259.617
-29.691 259.613
-29.686 259.629
-29.683 259.637
-29.689 259.637
-29.712 259.648
-29.723 259.66
-29.739 259.657
-29.759 259.651
-29.772 259.642
-29.796 259.635
-29.806 259.631
-29.821 259.619
-29.836 259.609
-29.856 259.612
-29.857 259.609
-29.874 259.601
-29.894 259.587
-29.913 259.571
-29.936 259.569
-29.939 259.565
-29.945 259.534
-29.961 259.532
-29.952 259.538
-29.949 259.519
-29.986 259.493
-30.012 259.495
-29.995 259.486
-29.995 259.462
-30.003 259.456
-30.003 259.477
-29.994 259.491
-30.006 259.499
-30.036 259.504
-30.043 259.532
-30.039 259.542
-30.049 259.533
-30.079 259.551
-30.094 259.584
-30.1 259.599
-30.122 259.594
-30.17 259.628
-30.19 259.679
-30.198 259.712
-30.22 259.725
-30.25 259.74
-30.265 259.751
-30.287 259.769
-30.302 259.803
-30.324 259.844
-30.33 259.881
-30.332 259.905
-30.339 259.918
-30.373 259.934
-30.4 259.968
-30.416 259.984
-30.442 259.999
-30.485 260.033
-30.494 260.064
-30.483 260.058
-30.489 260.03
-30.52 260.021
-30.538 260.046
-30.521 260.056
-30.529 260.033
-30.567 260.037
-30.593 260.073
-30.587 260.079
-30.614 260.07
-30.651 260.09
-30.663 260.109
-30.667 260.117
-30.678 260.127
-30.696 260.184
-30.688 260.247
-30.664 260.266
-30.65 260.277
-30.652 260.3
-30.632 260.299
-30.601 260.267
-30.583 260.241
-30.546 260.245
-30.495 260.233
-30.45 260.215
-30.415 260.218
-30.386 260.242
-30.35 260.266
-30.339 260.296
-30.321 260.331
-30.281 260.332
-30.251 260.307
-30.242 260.296
-30.237 260.294
-30.232 260.303
-30.217 260.295
-30.219 260.296
-30.225 260.311
-30.228 260.336
-30.215 260.344
-30.212 260.347
-30.213 260.369
-30.205 260.408
-30.188 260.424
-30.194 260.43
-30.204 260.468
-30.185 260.5
-30.183 260.497
-30.195 260.51
-30.199 260.551
-30.191 260.58
-30.182 260.582
-30.185 260.597
-30.186 260.628
-30.153 260.663
-30.142 260.667
-30.155 260.689
-30.136 260.728
-30.103 260.73
-30.093 260.711
-30.089 260.708
-30.068 260.711
-30.025 260.677
-29.974 260.649
-29.949 260.668
-29.92 260.698
-29.896 260.713
-29.894 260.708
-29.897 260.715
-29.87 260.741
-29.808 260.73
-29.786 260.707
-29.784 260.714
-29.747 260.733
-29.709 260.71
-29.704 260.689
-29.692 260.689
-29.666 260.679
-29.642 260.634
-29.62 260.597
-29.596 260.583
-29.552 260.568
-29.514 260.531
-29.492 260.518
-29.457 260.52
-29.431 260.51
-29.391 260.498
-29.369 260.465
-29.36 260.467
-29.34 260.488
-29.284 260.488
-29.253 260.455
-29.226 260.45
-29.173 260.44
-29.125 260.402
-29.104 260.362
-29.089 260.353
-29.069 260.341
-29.051 260.32
-29.042 260.301
-29.04 260.298
-29.023 260.298
-29.006 260.285
-29.006 260.274
-29.001 260.295
-28.975 260.305
-28.956 260.302
-28.944 260.31
-28.914 260.325
-28.881 260.332
-28.856 260.346
-28.828 260.357
-28.814 260.384
-28.801 260.41
-28.82 260.435
-28.841 260.442
-28.856 260.446
-28.872 260.457
-28.907 260.471
-28.947 260.478
-28.972 260.496
-28.977 260.557
-28.955 260.594
-28.958 260.597
-28.97 260.637
-28.944 260.691
-28.905 260.698
-28.909 260.679
-28.924 260.699
-28.898 260.724
-28.859 260.705
-28.854 260.677
-28.851 260.703
-28.824 260.72
-28.8 260.711
-28.807 260.695
-28.808 260.719
-28.804 260.729
-28.801 260.728
-28.803 260.723
-28.809 260.74
-28.814 260.747
-28.827 260.764
-28.831 260.769
-28.853 260.772
-28.873 260.783
-28.894 260.805
-28.899 260.81
-28.929 260.827
-28.941 260.845
-28.967 260.849
-28.991 260.867
-29.006 260.892
-29.005 260.923
-28.998 260.939
-28.986 260.944
-28.989 260.954
-28.985 260.964
-28.99 260.982
-28.984 261.012
-28.97 261.029
-28.957 261.035
-28.956 261.042
-28.945 261.056
-28.933 261.045
-28.928 261.022
-28.948 261.004
-28.954 261.007
-28.96 261.009
-28.984 260.997
-29.007 261.017
-28.989 261.025
-28.991 260.977
-29.022 260.945
-29.043 260.946
-29.047 260.934
-29.06 260.916
-29.078 260.916
-29.078 260.929
-29.077 260.927
-29.09 260.924
-29.095 260.925
-29.09 260.937
-29.084 260.928
-29.097 260.928
-29.098 260.933
-29.091 260.932
-29.1 260.918
-29.116 260.928
-29.124 260.942
-29.133 260.961
-29.134 260.976
-29.142 260.993
-29.145 261.014
-29.138 261.036
-29.129 261.034
-29.131 261.027
-29.151 261.033
-29.159 261.047
-29.166 261.067
-29.158 261.081
-29.149 261.069
-29.139 261.044
-29.131 261.032
-29.128 261.018
-29.126 261.002
-29.128 260.987
-29.122 260.985
-29.116 260.977
-29.116 260.966
-29.118 260.95
-29.115 260.951
-29.106 260.937
-29.107 260.912
-29.11 260.9
-29.113 260.884
-29.115 260.858
-29.132 260.836
-29.134 260.814
-29.134 260.789
-29.135 260.771
-29.132 260.744
-29.142 260.726
-29.144 260.716
-29.142 260.693
-29.145 260.668
-29.154 260.658
-29.147 260.659
-29.133 260.654
-29.13 260.646
-29.125 260.669
-29.075 260.681
-29.04 260.699
-29.035 260.736
-29.01 260.778
-28.976 260.796
-28.949 260.807
-28.939 260.823
-28.913 260.84
-28.896 260.836
-28.88 260.82
-28.884 260.798
-28.889 260.776
-28.894 260.766
-28.89 260.743
-28.907 260.724
-28.906 260.721
-28.896 260.712
-28.895 260.701
-28.899 260.693
-28.892 260.695
-28.889 260.685
-28.884 260.681
-28.88 260.677
-28.875 260.662
-28.876 260.645
-28.871 260.624
-28.878 260.597
-28.891 260.578
-28.888 260.567
-28.896 260.545
-28.911 260.523
-28.928 260.507
-28.94 260.488
-28.954 260.466
-28.966 260.443
-28.983 260.423
-28.985 260.411
-28.983 260.393
-28.993 260.371
-29.013 260.369
-29.018 260.373
-29.025 260.378
-29.035 260.382
-29.054 260.409
-29.052 260.425
-29.047 260.416
-29.048 260.397
-29.054 260.39
-29.054 260.389
-29.045 260.385
-29.046 260.369
-29.056 260.363
-29.064 260.367
-29.064 260.365
-29.072 260.357
-29.082 260.362
-29.089 260.38
-29.091 260.392
-29.101 260.394
-29.116 260.408
-29.132 260.436
-29.125 260.45
-29.129 260.445
-29.138 260.459
-29.127 260.478
-29.113 260.477
-29.11 260.459
-29.11 260.45
-29.106 260.436
-29.099 260.409
-29.102 260.367
-29.119 260.331
-29.125 260.31
-29.121 260.266
-29.138 260.225
-29.148 260.185
-29.134 260.159
-29.126 260.12
-29.133 260.086
-29.142 260.043
-29.156 260.014
-29.158 259.976
-29.158 259.943
-29.147 259.921
-29.15 259.901
-29.148 259.889
-29.147 259.88
-29.152 259.874
-29.169 259.881
-29.169 259.89
-29.175 259.897
-29.172 259.901
-29.161 259.887
-29.151 259.868
-29.148 259.859
-29.14 259.845
-29.14 259.838
-29.138 259.821
-29.151 259.803
-29.163 259.774
-29.186 259.75
-29.202 259.722
-29.213 259.697
-29.231 259.652
-29.251 259.62
-29.259 259.581
-29.25 259.544
-29.227 259.491
-29.206 259.461
-29.186 259.423
-29.16 259.394
-29.144 259.349
-29.13 259.33
-29.095 259.294
-29.058 259.261
-29.031 259.214
-29.015 259.171
-29.003 259.139
-28.983 259.112
-28.981 259.073
-28.991 259.056
-28.985 259.049
-28.967 259.031
-28.98 259.007
-28.981 259.025
-28.96 259.041
-28.939 259.071
-28.886 259.092
-28.828 259.085
-28.784 259.071
-28.749 259.063
-28.704 259.04
-28.678 259.007
-28.657 258.977
-28.635 258.966
-28.592 258.953
-28.582 258.961
-28.568 258.961
-28.547 258.967
-28.516 258.957
-28.505 258.96
-28.484 258.971
-28.459 258.984
-28.427 258.989
-28.389 258.994
-28.354 258.985
-28.321 258.976
-28.297 258.948
-28.277 258.923
-28.264 258.889
-28.246 258.87
-28.231 258.847
-28.208 258.845
-28.195 258.84
-28.186 258.846
-28.176 258.847
-28.166 258.85
-28.16 258.854
-28.152 258.862
-28.141 258.861
-28.137 258.865
-28.135 258.87
-28.14 258.876
-28.147 258.875
-28.162 258.886
-28.162 258.908
-28.169 258.933
-28.173 258.964
-28.177 258.998
-28.178 259.027
-28.19 259.048
-28.191 259.063
-28.197 259.076
-28.195 259.096
-28.204 259.115
-28.216 259.145
-28.22 259.18
-28.211 259.214
-28.21 259.226
-28.23 259.253
-28.235 259.306
-28.223 259.341
-28.212 259.361
-28.217 259.367
-28.238 259.401
-28.244 259.45
-28.236 259.483
-28.243 259.5
-28.255 259.538
-28.264 259.585
-28.258 259.617
-28.274 259.637
-28.298 259.676
-28.304 259.715
-28.31 259.738
-28.331 259.752
-28.355 259.785
-28.367 259.807
-28.382 259.82
-28.412 259.825
-28.448 259.848
-28.467 259.872
-28.478 259.888
-28.498 259.902
-28.518 259.933
-28.519 259.947
-28.526 259.945
-28.532 259.943
-28.531 259.953
-28.507 259.952
-28.497 259.946
-28.497 259.933
-28.513 259.947
-28.502 259.961
-28.507 259.956
-28.522 259.951
-28.535 259.965
-28.53 259.974
-28.545 259.981
-28.56 259.99
-28.578 260.001
-28.592 260.006
-28.619 260.009
-28.66 260.021
-28.699 260.033
-28.726 260.043
-28.751 260.036
-28.798 260.037
-28.833 260.052
-28.856 260.057
-28.88 260.046
-28.925 260.06
-28.961 260.076
-28.958 260.073
-28.965 260.049
-28.976 260.045
-28.955 260.046
-28.934 260.046
-28.92 260.032
-28.92 260.03
-28.91 260.02
-28.902 259.988
-28.903 259.945
-28.894 259.917
-28.876 259.9
-28.867 259.889
-28.86 259.88
-28.858 259.871
-28.859 259.879
-28.856 259.881
-28.861 259.88
-28.87 259.868
-28.88 259.877
-28.885 259.886
-28.895 259.889
-28.91 259.895
-28.921 259.912
-28.93 259.926
-28.937 259.937
-28.95 259.955
-28.95 259.988
-28.94 260.001
-28.943 260.012
-28.947 260.028
-28.94 260.049
-28.937 260.056
-28.941 260.066
-28.951 260.081
-28.951 260.11
-28.956 260.13
-28.969 260.156
-28.977 260.194
-28.976 260.225
-28.981 260.249
-28.983 260.271
-28.994 260.309
-28.974 260.336
-28.94 260.331
-28.903 260.292
-28.904 260.256
-28.902 260.252
-28.88 260.238
-28.861 260.205
-28.857 260.17
-28.863 260.159
-28.851 260.146
-28.844 260.119
-28.856 260.086
-28.861 260.079
-28.852 260.077
-28.836 260.059
-28.847 260.034
-28.858 260.032
-28.851 260.034
-28.843 260.011
-28.862 259.991
-28.872 259.985
-28.872 259.984
-28.873 259.964
-28.892 259.949
-28.905 259.95
-28.909 259.963
-28.898 259.964
-28.901 259.953
-28.915 259.961
-28.912 259.987
-28.89 259.99
-28.884 259.987
-28.881 259.989
-28.875 260.001
-28.858 260.006
-28.846 260.005
-28.843 259.999
-28.846 260.012
-28.837 260.024
-28.827 260.027
-28.822 260.024
-28.822 260.03
-28.814 260.039
-28.796 260.038
-28.798 260.028
-28.811 260.028
-28.821 260.041
-28.829 260.055
-28.833 260.07
-28.842 260.09
-28.838 260.12
-28.831 260.138
-28.831 260.164
-28.823 260.188
-28.82 260.202
-28.819 260.219
-28.813 260.243
-28.787 260.25
-28.783 260.244
-28.78 260.263
-28.763 260.279
-28.75 260.29
-28.749 260.305
-28.75 260.35
-28.74 260.393
-28.732 260.451
-28.686 260.485
-28.638 260.474
-28.629 260.461
-28.613 260.497
-28.569 260.522
-28.532 260.528
-28.518 260.535
-28.5 260.568
-28.463 260.582
-28.427 260.57
-28.421 260.541
-28.426 260.553
-28.4 260.564
-28.38 260.548
-28.386 260.529
-28.405 260.548
-28.397 260.577
-28.396 260.59
-28.409 260.605
-28.415 260.643
-28.398 260.676
-28.377 260.687
-28.368 260.687
-28.361 260.683
-28.362 260.698
-28.344 260.713
-28.325 260.71
-28.323 260.693
-28.334 260.706
-28.333 260.72
-28.317 260.737
-28.297 260.716
-28.308 260.697
-28.321 260.71
-28.303 260.743
-28.272 260.731
-28.279 260.71
-28.297 260.719
-28.285 260.749
-28.254 260.734
-28.255 260.695
-28.268 260.677
-28.266 260.676
-28.252 260.666
-28.256 260.638
-28.278 260.628
-28.278 260.643
-28.264 260.63
-28.265 260.61
-28.286 260.606
-28.296 260.633
-28.27 260.647
-28.253 260.627
-28.258 260.617
-28.264 260.625
-28.255 260.633
-28.239 260.615
-28.253 260.59
-28.277 260.595
-28.279 260.622
-28.261 260.629
-28.272 260.614
-28.29 260.625
-28.286 260.642
-28.278 260.647
-28.285 260.636
-28.297 260.643
-28.295 260.649
-28.299 260.652
-28.301 260.645
-28.314 260.657
-28.307 260.668
-28.305 260.673
-28.302 260.674
-28.311 260.681
-28.313 260.7
-28.31 260.717
-28.318 260.721
-28.335 260.75
-28.329 260.789
-28.312 260.804
-28.313 260.814
-28.328 260.847
-28.317 260.901
-28.284 260.924
-28.265 260.905
-28.293 260.905
-28.304 260.961
-28.282 261.0
-28.267 261.027
-28.271 261.046
-28.267 261.089
-28.247 261.105
-28.246 261.101
-28.26 261.109
-28.261 261.136
-28.246 261.148
-28.248 261.139
-28.26 261.137
-28.277 261.149
-28.281 261.165
-28.281 261.17
-28.289 261.168
-28.3 261.178
-28.303 261.191
-28.308 261.192
-28.319 261.191
-28.332 261.201
-28.329 261.224
-28.328 261.221
-28.339 261.223
-28.35 261.237
-28.336 261.245
-28.323 261.228
-28.332 261.205
-28.349 261.193
-28.355 261.206
-28.347 261.197
-28.361 261.183
-28.374 261.186
-28.384 261.203
-28.386 261.211
-28.396 261.212
-28.417 261.213
-28.431 261.233
-28.435 261.251
-28.428 261.254
-28.431 261.252
-28.441 261.259
-28.455 261.276
-28.455 261.294
-28.459 261.312
-28.468 261.332
-28.489 261.385
-28.477 261.421
-28.5 261.438
-28.528 261.468
-28.546 261.528
-28.501 261.557
-28.498 261.519
-28.527 261.525
-28.528 261.582
-28.481 261.62
-28.464 261.589
-28.495 261.592
-28.504 261.648
-28.448 261.683
-28.427 261.649
-28.437 261.635
-28.44 261.644
-28.416 261.643
-28.404 261.619
-28.4 261.599
-28.409 261.583
-28.4 261.592
-28.369 261.587
-28.35 261.569
-28.344 261.568
-28.322 261.586
-28.294 261.594
-28.266 261.595
-28.255 261.595
-28.243 261.6
-28.234 261.63
-28.194 261.65
-28.172 261.634
-28.183 261.622
-28.187 261.667
-28.139 261.69
-28.122 261.664
-28.144 261.671
-28.142 261.728
-28.101 261.753
-28.089 261.761
-28.095 261.785
-28.088 261.836
-28.067 261.873
-28.054 261.906
-28.057 261.934
-28.066 261.977
-28.059 262.024
-28.043 262.05
-28.04 262.065
-28.052 262.093
-28.05 262.122
-28.068 262.16
-28.066 262.217
-28.059 262.248
-28.064 262.281
-28.045 262.313
-28.022 262.332
-28.006 262.317
-28.01 262.318
-28.015 262.328
-28.014 262.339
-28.003 262.326
-28.012 262.307
-28.037 262.291
-28.054 262.294
-28.052 262.298
-28.057 262.291
-28.076 262.297
-28.092 262.311
-28.094 262.322
-28.094 262.319
-28.112 262.299
-28.136 262.304
-28.132 262.319
-28.13 262.304
-28.156 262.293
-28.176 262.3
-28.18 262.305
-28.185 262.294
-28.206 262.297
-28.216 262.293
-28.221 262.299
-28.215 262.288
-28.244 262.279
-28.25 262.302
-28.238 262.309
-28.224 262.287
-28.257 262.281
-28.265 262.306
-28.255 262.311
-28.248 262.304
-28.258 262.305
-28.248 262.325
-28.235 262.327
-28.227 262.326
-28.221 262.326
-28.215 262.333
-28.209 262.341
-28.19 262.338
-28.192 262.318
-28.196 262.324
-28.185 262.322
-28.176 262.312
-28.183 262.296
-28.189 262.313
-28.173 262.306
-28.182 262.283
-28.199 262.282
-28.197 262.309
-28.185 262.307
-28.188 262.3
-28.2 262.3
-28.213 262.321
-28.191 262.35
-28.174 262.337
-28.199 262.318
-28.232 262.34
-28.211 262.389
-28.17 262.372
-28.2 262.338
-28.243 262.373
-28.215 262.438
-28.174 262.421
-28.201 262.387
-28.242 262.424
-28.215 262.489
-28.175 262.479
-28.203 262.47
-28.234 262.52
-28.214 262.584
-28.182 262.6
-28.189 262.607
-28.211 262.65
-28.191 262.716
-28.154 262.725
-28.18 262.733
-28.207 262.788
-28.178 262.852
-28.134 262.849
-28.156 262.795
-28.194 262.824
-28.185 262.88
-28.129 262.874
-28.143 262.831
-28.171 262.844
-28.174 262.888
-28.13 262.9
-28.122 262.844
-28.177 262.843
-28.2 262.897
-28.171 262.938
-28.15 262.924
-28.176 262.909
-28.22 262.946
-28.219 263.018
-28.167 263.037
-28.179 262.996
-28.249 263.029
-28.248 263.112
-28.205 263.129
-28.209 263.092
-28.261 263.104
-28.279 263.169
-28.24 263.2
-28.229 263.162
-28.276 263.159
-28.303 263.201
-28.292 263.233
-28.285 263.228
-28.306 263.216
-28.33 263.232
-28.33 263.264
-28.31 263.255
-28.311 263.216
-28.341 263.223
-28.318 263.257
-28.273 263.264
-28.251 263.248
-28.259 263.264
-28.248 263.319
-28.193 263.345
-28.153 263.309
-28.176 263.283
-28.197 263.332
-28.148 263.377
-28.112 263.362
-28.125 263.345
-28.146 263.395
-28.119 263.449
-28.086 263.474
-28.079 263.474
-28.094 263.502
-28.076 263.54
-28.072 263.562
-28.049 263.538
-28.088 263.525
-28.116 263.542
-28.115 263.566
-28.094 263.567
-28.103 263.549
-28.118 263.559
-28.115 263.577
-28.095 263.546
-28.126 263.509
-28.145 263.516
-28.118 263.522
-28.079 263.475
-28.092 263.424
-28.109 263.434
-28.077 263.426
-28.048 263.395
-28.044 263.341
-28.062 263.321
-28.053 263.317
-28.03 263.305
-28.024 263.276
-28.023 263.256
-28.019 263.241
-28.024 263.233
-28.01 263.231
-27.996 263.192
-28.012 263.162
-28.028 263.169
-28.003 263.184
-27.981 263.152
-27.986 263.135
-27.994 263.143
-27.966 263.169
-27.935 263.146
-27.921 263.133
-27.915 263.135