27.882 199.431
27.86 199.389
27.858 199.349
27.856 199.312
27.861 199.292
27.835 199.283
27.828 199.269
27.8 199.25
27.784 199.217
27.765 199.223
27.718 199.218
27.681 199.18
27.669 199.149
27.64 199.145
27.62 199.141
27.586 199.125
27.576 199.106
27.521 199.114
27.474 199.091
27.443 199.049
27.447 199.027
27.412 199.02
27.39 198.991
27.381 198.972
27.391 198.947
27.394 198.949
27.389 198.954
27.36 198.969
27.355 198.972
27.312 198.975
27.284 198.929
27.266 198.89
27.295 198.852
27.302 198.873
27.278 198.855
27.258 198.839
27.259 198.814
27.253 198.853
27.209 198.865
27.17 198.86
27.15 198.832
27.125 198.879
27.057 198.884
27.017 198.858
27.02 198.818
27.032 198.838
27.003 198.847
26.985 198.837
26.999 198.811
27.012 198.836
26.968 198.848
26.94 198.831
26.932 198.801
26.955 198.815
26.932 198.847
26.916 198.851
26.9 198.85
26.902 198.873
26.872 198.89
26.876 198.917
26.893 198.988
26.91 199.046
26.885 199.117
26.876 199.167
26.862 199.234
26.865 199.303
26.874 199.353
26.884 199.368
26.897 199.392
26.921 199.431
26.928 199.495
26.931 199.541
26.921 199.574
26.894 199.573
26.92 199.553
26.993 199.608
26.997 199.672
26.996 199.69
27.025 199.689
27.075 199.754
27.047 199.847
27.007 199.859
27.014 199.893
27.01 199.916
26.967 199.954
26.935 199.908
26.949 199.934
26.938 199.933
26.958 199.948
26.965 199.945
26.961 199.977
26.957 199.955
27.003 200.003
26.986 200.061
26.963 200.113
26.944 200.108
26.98 200.154
26.953 200.254
26.909 200.299
26.874 200.337
26.802 200.351
26.698 200.376
26.652 200.394
26.565 200.498
26.447 200.54
26.389 200.588
26.352 200.67
26.301 200.77
26.28 200.833
26.309 200.902
26.295 200.974
26.277 201.004
26.25 201.042
26.238 201.13
26.264 201.22
26.309 201.28
26.359 201.351
26.393 201.408
26.431 201.48
26.446 201.503
26.506 201.533
26.551 201.607
26.555 201.659
26.574 201.68
26.641 201.713
26.639 201.792
26.638 201.797
26.702 201.802
26.767 201.823
26.83 201.855
26.874 201.863
26.966 201.864
27.014 201.864
27.068 201.789
27.155 201.751
27.2 201.703
27.288 201.645
27.369 201.592
27.406 201.541
27.438 201.503
27.438 201.494
27.449 201.438
27.452 201.415
27.438 201.352
27.436 201.333
27.43 201.319
27.414 201.273
27.448 201.23
27.453 201.233
27.454 201.213
27.463 201.175
27.506 201.134
27.524 201.145
27.525 201.108
27.532 201.062
27.548 200.997
27.552 200.968
27.529 200.92
27.533 200.854
27.536 200.809
27.508 200.755
27.509 200.694
27.527 200.677
27.489 200.671
27.437 200.611
27.455 200.576
27.441 200.59
27.361 200.563
27.343 200.479
27.348 200.438
27.313 200.431
27.265 200.405
27.23 200.346
27.24 200.303
27.246 200.293
27.229 200.29
27.209 200.259
27.211 200.215
27.202 200.213
27.176 200.181
27.208 200.153
27.215 200.158
27.203 200.182
27.181 200.173
27.171 200.163
27.159 200.156
27.149 200.152
27.133 200.127
27.131 200.126
27.112 200.1
27.131 200.096
27.117 200.1
27.081 200.103
27.064 200.076
27.063 200.098
27.01 200.11
26.961 200.104
26.951 200.101
26.935 200.162
26.896 200.23
26.866 200.311
26.798 200.366
26.774 200.444
26.725 200.525
26.713 200.627
26.673 200.763
26.662 200.875
26.67 200.979
26.663 201.081
26.648 201.157
26.636 201.184
26.654 201.216
26.665 201.257
26.712 201.26
26.767 201.269
26.836 201.287
26.918 201.307
26.964 201.344
27.012 201.342
27.059 201.304
27.156 201.285
27.219 201.285
27.281 201.24
27.407 201.181
27.506 201.181
27.585 201.169
27.68 201.156
27.765 201.165
27.835 201.13
27.894 201.094
27.905 201.055
27.942 200.998
27.964 200.987
27.976 200.937
28.031 200.908
28.095 200.943
28.136 200.991
28.168 201.043
28.195 201.094
28.25 201.159
28.291 201.268
28.296 201.393
28.312 201.534
28.328 201.647
28.316 201.771
28.27 201.877
28.22 201.975
28.139 202.051
28.046 202.06
27.97 202.053
27.899 202.033
27.782 202.052
27.718 202.052
27.632 202.039
27.604 202.025
27.575 202.058
27.591 202.113
27.587 202.215
27.63 202.257
27.692 202.352
27.694 202.439
27.695 202.537
27.658 202.65
27.601 202.747
27.598 202.874
27.626 202.964
27.637 203.061
27.661 203.095
27.726 203.163
27.731 203.244
27.722 203.277
27.756 203.299
27.783 203.373
27.766 203.405
27.743 203.39
27.721 203.378
27.681 203.382
27.642 203.423
27.565 203.46
27.515 203.486
27.501 203.528
27.464 203.617
27.385 203.701
27.357 203.733
27.355 203.828
27.298 203.946
27.261 204.034
27.256 204.124
27.257 204.232
27.242 204.301
27.262 204.317
27.313 204.35
27.371 204.354
27.43 204.357
27.488 204.351
27.532 204.346
27.575 204.319
27.655 204.293
27.706 204.307
27.737 204.281
27.797 204.233
27.866 204.24
27.904 204.242
27.942 204.21
28.004 204.183
28.067 204.208
28.082 204.202
28.137 204.159
28.195 204.153
28.214 204.125
28.249 204.084
28.261 204.037
28.293 203.977
28.321 203.968
28.303 203.929
28.349 203.877
28.388 203.918
28.337 203.927
28.315 203.851
28.329 203.771
28.325 203.715
28.313 203.634
28.319 203.534
28.344 203.463
28.351 203.412
28.337 203.343
28.353 203.25
28.37 203.192
28.38 203.163
28.359 203.105
28.377 203.045
28.394 202.998
28.429 202.989
28.408 202.977
28.436 202.922
28.479 202.9
28.516 202.925
28.487 202.922
28.509 202.871
28.547 202.835
28.62 202.813
28.672 202.809
28.724 202.76
28.829 202.717
28.899 202.704
28.946 202.657
28.991 202.592
29.059 202.544
29.069 202.519
29.081 202.443
29.116 202.358
29.156 202.303
29.182 202.275
29.194 202.237
29.191 202.182
29.218 202.12
29.231 202.104
29.204 202.059
29.183 202.002
29.168 201.937
29.175 201.911
29.157 201.869
29.156 201.809
29.165 201.753
29.178 201.713
29.155 201.677
29.151 201.635
29.135 201.626
29.115 201.607
29.094 201.583
29.116 201.572
29.1 201.578
29.125 201.578
29.116 201.593
29.118 201.572
29.132 201.58
29.141 201.603
29.112 201.604
29.151 201.577
29.142 201.582
29.154 201.57
29.12 201.585
29.07 201.521
29.074 201.481
29.08 201.482
29.049 201.47
29.048 201.429
29.072 201.427
29.09 201.446
29.076 201.463
29.107 201.446
29.132 201.475
29.131 201.468
29.161 201.488
29.152 201.498
29.158 201.491
29.18 201.498
29.191 201.556
29.163 201.569
29.165 201.559
29.177 201.585
29.175 201.645
29.156 201.676
29.148 201.678
29.17 201.725
29.167 201.783
29.138 201.814
29.141 201.809
29.175 201.844
29.183 201.91
29.148 201.926
29.162 201.912
29.194 201.945
29.187 201.989
29.157 202.005
29.169 201.998
29.197 202.023
29.211 202.058
29.205 202.071
29.236 202.05
29.28 202.053
29.279 202.04
29.297 202.002
29.331 201.977
29.341 201.988
29.335 201.974
29.351 201.957
29.358 201.963
29.356 201.965
29.36 201.963
29.357 201.96
29.365 201.937
29.403 201.957
29.378 201.964
29.397 201.931
29.428 201.964
29.405 201.99
29.412 201.948
29.464 201.941
29.483 201.947
29.5 201.938
29.532 201.918
29.565 201.898
29.607 201.89
29.625 201.89
29.657 201.869
29.701 201.841
29.757 201.825
29.789 201.813
29.826 201.754
29.895 201.714
29.948 201.679
29.991 201.645
30.053 201.58
30.12 201.529
30.181 201.475
30.234 201.422
30.264 201.362
30.312 201.27
30.392 201.245
30.424 201.255
30.463 201.206
30.543 201.171
30.621 201.185
30.671 201.199
30.749 201.191
30.844 201.195
30.964 201.246
31.031 201.293
31.123 201.32
31.201 201.382
31.259 201.425
31.332 201.492
31.364 201.546
31.42 201.579
31.477 201.662
31.488 201.755
31.506 201.809
31.544 201.897
31.559 202.001
31.541 202.094
31.51 202.147
31.492 202.17
31.479 202.223
31.415 202.268
31.365 202.272
31.333 202.285
31.305 202.332
31.237 202.371
31.19 202.394
31.161 202.426
31.109 202.497
31.043 202.533
31.011 202.578
30.969 202.626
30.933 202.68
30.904 202.74
30.867 202.803
30.837 202.843
30.829 202.9
30.798 202.963
30.75 202.982
30.741 202.994
30.742 203.038
30.706 203.101
30.665 203.122
30.664 203.146
30.645 203.209
30.598 203.259
30.575 203.286
30.568 203.328
30.538 203.399
30.489 203.43
30.477 203.46
30.453 203.52
30.421 203.589
30.359 203.641
30.345 203.679
30.315 203.754
30.277 203.805
30.251 203.866
30.214 203.92
30.184 203.989
30.147 204.049
30.122 204.116
30.081 204.204
30.049 204.249
30.032 204.329
29.993 204.402
29.965 204.463
29.943 204.514
29.931 204.555
29.916 204.62
29.909 204.662
29.91 204.696
29.921 204.728
29.944 204.76
29.949 204.768
29.991 204.761
30.042 204.772
30.097 204.8
30.13 204.808
30.199 204.781
30.298 204.772
30.368 204.797
30.418 204.766
30.497 204.742
30.565 204.713
30.655 204.715
30.707 204.734
30.769 204.699
30.852 204.72
30.901 204.76
30.941 204.785
30.951 204.814
30.965 204.786
31.025 204.802
31.039 204.845
31.024 204.868
31.021 204.822
31.067 204.83
31.078 204.86
31.06 204.865
31.07 204.828
31.088 204.837
31.092 204.831
31.1 204.829
31.103 204.814
31.133 204.817
31.148 204.85
31.147 204.865
31.145 204.863
31.161 204.87
31.158 204.893
31.104 204.859
31.111 204.781
31.167 204.776
31.153 204.828
31.082 204.795
31.092 204.713
31.14 204.695
31.152 204.735
31.109 204.717
31.126 204.643
31.195 204.641
31.196 204.692
31.169 204.671
31.187 204.614
31.231 204.611
31.247 204.648
31.221 204.63
31.239 204.582
31.286 204.573
31.294 204.597
31.279 204.563
31.319 204.52
31.361 204.528
31.384 204.576
31.351 204.566
31.337 204.499
31.371 204.438
31.387 204.427
31.38 204.371
31.4 204.318
31.419 204.28
31.452 204.235
31.473 204.214
31.473 204.183
31.501 204.124
31.54 204.088
31.569 204.095
31.544 204.065
31.572 204.016
31.609 204.001
31.62 204.016
31.587 203.976
31.62 203.931
31.637 203.915
31.639 203.877
31.633 203.79
31.712 203.715
31.761 203.721
31.763 203.682
31.817 203.614
31.902 203.643
31.934 203.703
31.923 203.711
31.932 203.675
31.994 203.64
32.064 203.7
32.05 203.733
32.087 203.722
32.154 203.756
32.195 203.874
32.144 203.972
32.096 203.995
32.1 204.022
32.084 204.101
31.995 204.143
31.95 204.099
31.971 204.107
31.948 204.219
31.827 204.249
31.799 204.177
31.826 204.209
31.783 204.285
31.692 204.286
31.687 204.221
31.719 204.26
31.69 204.317
31.626 204.325
31.625 204.277
31.673 204.334
31.607 204.455
31.526 204.431
31.556 204.419
31.572 204.54
31.456 204.617
31.414 204.573
31.445 204.571
31.447 204.637
31.39 204.644
31.395 204.59
31.423 204.591
31.431 204.649
31.382 204.658
31.388 204.616
31.417 204.623
31.424 204.671
31.39 204.68
31.407 204.667
31.425 204.692
31.426 204.744
31.417 204.766
31.439 204.787
31.453 204.848
31.452 204.88
31.473 204.93
31.491 204.964
31.505 205.027
31.508 205.058
31.548 205.106
31.563 205.171
31.575 205.218
31.594 205.269
31.636 205.312
31.658 205.375
31.683 205.389
31.727 205.387
31.755 205.417
31.746 205.424
31.742 205.392
31.758 205.374
31.773 205.402
31.736 205.413
31.728 205.375
31.767 205.386
31.752 205.449
31.7 205.42
31.738 205.393
31.758 205.447
31.708 205.479
31.688 205.433
31.721 205.431
31.722 205.449
31.717 205.441
31.721 205.416
31.735 205.438
31.716 205.45
31.71 205.44
31.711 205.431
31.723 205.454
31.696 205.473
31.698 205.454
31.713 205.447
31.724 205.486
31.697 205.498
31.708 205.481
31.734 205.499
31.725 205.529
31.718 205.534
31.73 205.533
31.745 205.538
31.741 205.568
31.73 205.573
31.743 205.58
31.73 205.588
31.748 205.593
31.727 205.629
31.71 205.6
31.727 205.588
31.741 205.623
31.705 205.643
31.71 205.594
31.741 205.622
31.717 205.645
31.709 205.637
31.717 205.621
31.735 205.638
31.728 205.65
31.727 205.644
31.734 205.647
31.739 205.658
31.739 205.671
31.737 205.68
31.72 205.668
31.744 205.662
31.751 205.718
31.705 205.727
31.7 205.706
31.719 205.738
31.679 205.769
31.667 205.76
31.681 205.776
31.673 205.807
31.657 205.828
31.654 205.833
31.665 205.846
31.67 205.865
31.671 205.904
31.664 205.903
31.691 205.917
31.696 205.953
31.686 205.978
31.693 205.983
31.712 205.991
31.719 206.012
31.719 206.037
31.707 206.029
31.735 206.008
31.736 206.029
31.721 206.027
31.719 206.025
31.741 206.033
31.74 206.058
31.735 206.065
31.744 206.09
31.743 206.122
31.723 206.136
31.72 206.156
31.716 206.179
31.7 206.207
31.683 206.211
31.67 206.251
31.647 206.253
31.667 206.278
31.646 206.306
31.632 206.33
31.626 206.362
31.618 206.402
31.588 206.431
31.576 206.463
31.548 206.506
31.527 206.521
31.513 206.546
31.497 206.593
31.461 206.619
31.451 206.641
31.425 206.68
31.4 206.716
31.377 206.746
31.367 206.761
31.357 206.789
31.341 206.822
31.321 206.853
31.317 206.868
31.315 206.912
31.283 206.949
31.268 206.969
31.264 206.983
31.248 207.033
31.216 207.058
31.216 207.083
31.211 207.12
31.201 207.155
31.191 207.199
31.182 207.225
31.187 207.263
31.172 207.292
31.169 207.313
31.17 207.338
31.176 207.369
31.162 207.384
31.178 207.405
31.174 207.451
31.178 207.457
31.188 207.487
31.18 207.507
31.18 207.525
31.171 207.528
31.162 207.547
31.154 207.564
31.138 207.595
31.123 207.59
31.131 207.602
31.127 207.625
31.122 207.661
31.108 207.669
31.117 207.668
31.12 207.707
31.105 207.738
31.094 207.729
31.123 207.737
31.117 207.783
31.104 207.79
31.102 207.744
31.109 207.701
31.088 207.687
31.071 207.635
31.051 207.599
31.032 207.543
31.013 207.492
30.999 207.44
30.972 207.395
30.939 207.355
30.907 207.326
30.859 207.302
30.804 207.26
30.782 207.222
30.762 207.203
30.707 207.164
30.677 207.092
30.662 207.044
30.63 207.015
30.581 206.995
30.537 206.948
30.51 206.91
30.494 206.906
30.465 206.897
30.45 206.875
30.458 206.845
30.465 206.851
30.476 206.852
30.496 206.877
30.484 206.867
30.491 206.864
30.522 206.875
30.534 206.909
30.522 206.906
30.529 206.891
30.546 206.897
30.547 206.896
30.531 206.888
30.519 206.873
30.535 206.858
30.548 206.845
30.544 206.827
30.54 206.819
30.533 206.805
30.51 206.77
30.469 206.73
30.439 206.703
30.401 206.681
30.377 206.627
30.351 206.568
30.36 206.536
30.343 206.544
30.336 206.507
30.327 206.475
30.343 206.457
30.329 206.469
30.309 206.449
30.307 206.432
30.313 206.43
30.299 206.464
30.279 206.457
30.273 206.457
30.276 206.458
30.28 206.496
30.24 206.516
30.236 206.521
30.249 206.55
30.252 206.634
30.196 206.684
30.209 206.709
30.208 206.774
30.21 206.847
30.157 206.901
30.18 206.914
30.196 206.969
30.213 207.057
30.189 207.11
30.218 207.121
30.249 207.186
30.238 207.268
30.213 207.308
30.228 207.344
30.224 207.435
30.188 207.528
30.115 207.579
30.112 207.576
30.106 207.646
30.066 207.67
30.026 207.668
30.038 207.646
30.055 207.693
30.076 207.774
30.075 207.851
30.09 207.885
30.144 207.947
30.175 208.024
30.177 208.08
30.192 208.066
30.27 208.108
30.296 208.201
30.291 208.233
30.332 208.221
30.403 208.259
30.432 208.314
30.45 208.311
30.484 208.267
30.544 208.245
30.588 208.246
30.592 208.212
30.592 208.151
30.611 208.098
30.622 208.07
30.622 208.016
30.635 207.971
30.645 207.949
30.636 207.926
30.649 207.881
30.662 207.873
30.659 207.858
30.666 207.871
30.652 207.91
30.649 207.954
30.68 208.029
30.677 208.13
30.625 208.129
30.62 208.093
30.632 208.08
30.605 208.069
30.571 208.008
30.572 207.953
30.55 207.943
30.486 207.908
30.443 207.833
30.408 207.8
30.354 207.79
30.308 207.787
30.255 207.754
30.247 207.737
30.218 207.75
30.178 207.742
30.136 207.698
30.136 207.656
30.109 207.666
30.082 207.648
30.047 207.616
30.043 207.564
30.058 207.581
30.048 207.58
30.035 207.561
30.063 207.531
30.083 207.577
30.059 207.576
30.066 207.535
30.083 207.514
30.079 207.521
30.051 207.502
30.028 207.466
30.032 207.438
30.033 207.434
30.017 207.428
29.996 207.426
30.005 207.397
30.018 207.386
30.006 207.386
29.984 207.388
29.987 207.377
29.996 207.4
29.974 207.394
29.973 207.382
29.991 207.395
30.003 207.421
30.013 207.444
30.035 207.47
30.041 207.501
30.05 207.529
30.037 207.578
30.011 207.606
30.009 207.655
29.996 207.689
29.977 207.726
29.95 207.723
29.971 207.752
29.982 207.773
30.03 207.818
30.041 207.882
30.056 207.912
30.07 207.956
30.093 208.027
30.076 208.099
30.098 208.134
30.074 208.231
30.049 208.235
30.103 208.237
30.146 208.255
30.151 208.283
30.178 208.242
30.215 208.232
30.228 208.213
30.21 208.227
30.202 208.173
30.222 208.164
30.207 208.168
30.161 208.178
30.128 208.12
30.137 208.077
30.127 208.069
30.098 208.051
30.089 207.996
30.096 207.962
30.105 207.937
30.099 207.906
30.12 207.866
30.146 207.847
30.175 207.824
30.209 207.816
30.238 207.802
30.281 207.789
30.308 207.785
30.313 207.763
30.337 207.724
30.365 207.72
30.378 207.719
30.397 207.704
30.455 207.693
30.489 207.716
30.521 207.703
30.576 207.719
30.621 207.747
30.657 207.798
30.685 207.855
30.699 207.911
30.635 207.882
30.59 207.804
30.578 207.789
30.554 207.785
30.527 207.751
30.519 207.702
30.542 207.673
30.56 207.659
30.565 207.628
30.599 207.585
30.634 207.582
30.637 207.588
30.646 207.569
30.693 207.578
30.732 207.649
30.664 207.691
30.572 207.645
30.546 207.576
30.521 207.599
30.442 207.606
30.363 207.578
30.337 207.552
30.297 207.606
30.202 207.644
30.148 207.637
30.095 207.656
30.083 207.684
30.034 207.732
30.018 207.748
30.0 207.768
30.008 207.792
29.998 207.824
29.994 207.783
30.034 207.783
30.035 207.771
30.041 207.787
30.049 207.786
30.069 207.833
30.015 207.863
29.972 207.872
29.916 207.836
29.909 207.834
29.883 207.872
29.875 207.935
29.875 207.977
29.916 208.06
29.885 208.134
29.838 208.176
29.824 208.208
29.823 208.262
29.812 208.346
29.785 208.399
29.794 208.437
29.835 208.468
29.884 208.529
29.914 208.548
29.963 208.576
29.991 208.621
30.028 208.658
30.057 208.697
30.055 208.757
30.036 208.772
30.07 208.756
30.117 208.803
30.13 208.848
30.16 208.897
30.209 208.917
30.2 208.976
30.179 208.954
30.219 208.975
30.219 209.028
30.188 209.092
30.136 209.134
30.117 209.147
30.137 209.2
30.143 209.272
30.109 209.313
30.084 209.278
30.116 209.285
30.15 209.326
30.132 209.363
30.127 209.31
30.222 209.288
30.287 209.353
30.301 209.385
30.354 209.384
30.431 209.422
30.469 209.495
30.511 209.525
30.56 209.569
30.618 209.62
30.629 209.687
30.58 209.753
30.59 209.759
30.61 209.766
30.585 209.783
30.611 209.743
30.65 209.697
30.707 209.676
30.718 209.673
30.723 209.617
30.759 209.566
30.798 209.541
30.81 209.521
30.811 209.478
30.843 209.407
30.881 209.396
30.887 209.377
30.901 209.329
30.942 209.27
30.979 209.237
30.984 209.224
30.964 209.167
30.98 209.088
31.006 209.05
30.996 209.038
30.937 208.976
30.939 208.861
30.965 208.813
30.964 208.789
30.926 208.714
30.938 208.608
30.948 208.57
30.902 208.527
30.836 208.467
30.795 208.392
30.78 208.372
30.719 208.332
30.68 208.24
30.672 208.134
30.659 208.069
30.63 208.002
30.617 207.914
30.615 207.847
30.602 207.819
30.545 207.774
30.503 207.732
30.478 207.678
30.467 207.655
30.43 207.622
30.385 207.543
30.374 207.458
30.379 207.421
30.346 207.379
30.329 207.301
30.342 207.208
30.38 207.163
30.382 207.108
30.382 207.01
30.421 206.92
30.454 206.88
30.462 206.854
30.478 206.774
30.538 206.717
30.569 206.687
30.583 206.64
30.622 206.572
30.676 206.508
30.728 206.455
30.773 206.392
30.82 206.312
30.863 206.258
30.903 206.209
30.93 206.158
30.954 206.115
30.962 206.056
30.994 206.013
31.012 205.985
31.017 205.941
31.046 205.887
31.067 205.885
31.071 205.846
31.111 205.832
31.136 205.835
31.16 205.836
31.192 205.86
31.167 205.939
31.079 205.917
31.025 205.873
31.005 205.823
30.967 205.832
30.879 205.777
30.855 205.723
30.813 205.717
30.731 205.721
30.626 205.65
30.557 205.597
30.489 205.568
30.395 205.548
30.309 205.52
30.249 205.527
30.189 205.569
30.119 205.627
30.055 205.652
30.012 205.707
29.995 205.764
29.962 205.868
29.893 205.914
29.866 205.945
29.844 205.995
29.808 206.08
29.767 206.138
29.744 206.186
29.729 206.249
29.714 206.325
29.673 206.383
29.687 206.393
29.708 206.455
29.737 206.5
29.762 206.567
29.777 206.615
29.798 206.692
29.787 206.746
29.802 206.812
29.813 206.88
29.844 206.92
29.851 207.004
29.811 207.076
29.762 207.148
29.733 207.178
29.674 207.234
29.587 207.255
29.523 207.247
29.471 207.237
29.43 207.208
29.396 207.183
29.371 207.161
29.382 207.164
29.403 207.202
29.407 207.268
29.411 207.323
29.403 207.407
29.288 207.448
29.146 207.429
29.026 207.377
28.898 207.3
28.779 207.264
28.63 207.231
28.502 207.191
28.382 207.187
28.269 207.175
28.161 207.179
28.058 207.183
27.972 207.155
27.933 207.138
27.914 207.133
27.894 207.15
27.867 207.145
27.895 207.152
27.911 207.216
27.886 207.272
27.887 207.276
27.919 207.296
27.921 207.357
27.914 207.399
27.891 207.429
27.91 207.44
27.939 207.51
27.903 207.585
27.881 207.63
27.849 207.661
27.783 207.678
27.733 207.649
27.7 207.589
27.71 207.506
27.705 207.421
27.712 207.344
27.708 207.289
27.702 207.229
27.717 207.165
27.736 207.102
27.738 207.069
27.734 207.03
27.751 206.993
27.781 206.965
27.792 206.955
27.792 206.915
27.821 206.865
27.837 206.828
27.844 206.784
27.866 206.726
27.892 206.689
27.901 206.646
27.902 206.595
27.926 206.53
27.942 206.503
27.913 206.44
27.889 206.368
27.859 206.314
27.833 206.252
27.806 206.209
27.771 206.159
27.757 206.071
27.71 206.039
27.642 206.015
27.616 205.931
27.598 205.873
27.566 205.817
27.549 205.75
27.54 205.662
27.577 205.603
27.591 205.573
27.582 205.561
27.546 205.501
27.523 205.434
27.494 205.369
27.45 205.314
27.401 205.207
27.357 205.123
27.302 205.03
27.288 204.936
27.283 204.849
27.297 204.765
27.289 204.659
27.296 204.569
27.311 204.501
27.37 204.424
27.413 204.377
27.438 204.348
27.494 204.342
27.552 204.356
27.605 204.404
27.641 204.418
27.662 204.427
27.676 204.434
27.699 204.447
27.705 204.479
27.715 204.506
27.708 204.564
27.678 204.615
27.674 204.659
27.71 204.673
27.784 204.7
27.82 204.749
27.877 204.732
27.897 204.771
27.909 204.836
27.874 204.888
27.871 204.894
27.904 204.96
27.858 205.059
27.78 205.105
27.734 205.104
27.748 205.169
27.737 205.256
27.743 205.293
27.801 205.3
27.847 205.337
27.875 205.392
27.915 205.426
27.903 205.497
27.858 205.533
27.854 205.555
27.855 205.619
27.868 205.666
27.935 205.68
28.006 205.745
27.989 205.823
27.977 205.849
28.03 205.887
28.074 205.963
28.08 206.072
28.04 206.104
28.063 206.118
28.131 206.15
28.153 206.24
28.149 206.275
28.19 206.277
28.235 206.339
28.204 206.399
28.174 206.411
28.19 206.404
28.227 206.435
28.238 206.489
28.23 206.53
28.235 206.521
28.291 206.564
28.306 206.635
28.302 206.678
28.233 206.694
28.193 206.656
28.188 206.614
28.207 206.604
28.194 206.594