47.861 344.709
47.867 344.753
47.916 344.793
47.935 344.888
47.95 344.92
47.981 344.987
47.978 345.072
47.961 345.129
47.987 345.188
47.958 345.285
47.933 345.29
47.919 345.367
47.864 345.408
47.831 345.42
47.803 345.426
47.754 345.451
47.776 345.453
47.716 345.573
47.64 345.569
47.617 345.581
47.599 345.618
47.568 345.648
47.527 345.72
47.447 345.811
47.387 345.867
47.32 345.949
47.268 346.012
47.229 346.08
47.205 346.175
47.175 346.261
47.154 346.377
47.087 346.438
47.064 346.496
47.047 346.59
47.002 346.643
46.971 346.703
46.903 346.732
46.855 346.745
46.81 346.768
46.762 346.79
46.707 346.789
46.665 346.804
46.622 346.813
46.59 346.826
46.565 346.836
46.521 346.836
46.487 346.842
46.462 346.871
46.434 346.902
46.437 346.936
46.432 346.949
46.425 346.942
46.395 346.91
46.393 346.886
46.383 346.886
46.391 346.893
46.391 346.933
46.403 346.978
46.395 347.04
46.401 347.098
46.386 347.141
46.395 347.159
46.382 347.202
46.378 347.206
46.375 347.261
46.366 347.266
46.383 347.29
46.401 347.315
46.422 347.347
46.444 347.379
46.451 347.414
46.469 347.45
46.469 347.494
46.481 347.538
46.464 347.58
46.454 347.63
46.429 347.618
46.446 347.615
46.441 347.619
46.452 347.6
46.458 347.604
46.47 347.6
46.476 347.596
46.484 347.602
46.486 347.601
46.494 347.597
46.5 347.586
46.502 347.557
46.514 347.527
46.517 347.524
46.527 347.526
46.519 347.547
46.511 347.562
46.486 347.585
46.492 347.608
46.477 347.643
46.481 347.661
46.471 347.689
46.468 347.711
46.446 347.73
46.433 347.739
46.414 347.734
46.418 347.742
46.398 347.728
46.404 347.724
46.387 347.711
46.375 347.693
46.354 347.675
46.351 347.701
46.304 347.723
46.292 347.758
46.267 347.755
46.288 347.759
46.286 347.754
46.309 347.737
46.32 347.73
46.366 347.717
46.384 347.673
46.388 347.643
46.392 347.676
46.407 347.661
46.411 347.652
46.396 347.595
46.376 347.616
46.338 347.604
46.322 347.643
46.276 347.645
46.257 347.692
46.22 347.676
46.203 347.708
46.16 347.712
46.142 347.741
46.103 347.774
46.065 347.802
46.035 347.804
45.997 347.836
45.991 347.855
45.971 347.926
45.904 347.91
45.849 347.879
45.796 347.832
45.758 347.818
45.726 347.816
45.68 347.859
45.664 347.864
45.63 347.915
45.601 347.964
45.567 348.007
45.531 348.024
45.512 348.043
45.479 348.059
45.483 348.086
45.471 348.095
45.501 348.111
45.496 348.11
45.519 348.091
45.52 348.098
45.526 348.056
45.523 348.067
45.521 348.059
45.524 348.084
45.543 348.083
45.539 348.077
45.525 348.02
45.525 348.005
45.522 347.962
45.544 347.934
45.562 347.895
45.548 347.885
45.551 347.85
45.552 347.886
45.57 347.887
45.598 347.911
45.623 347.945
45.586 347.984
45.542 348.003
45.519 348.029
45.492 348.045
45.459 348.045
45.43 348.066
45.436 348.102
45.451 348.14
45.479 348.183
45.484 348.253
45.494 348.31
45.499 348.378
45.51 348.44
45.508 348.512
45.503 348.583
45.51 348.64
45.525 348.7
45.527 348.77
45.54 348.843
45.501 348.936
45.453 349.035
45.4 349.104
45.369 349.213
45.341 349.285
45.346 349.419
45.299 349.512
45.293 349.571
45.286 349.659
45.263 349.734
45.267 349.81
45.248 349.881
45.23 349.901
45.223 349.917
45.209 349.962
45.188 349.963
45.19 349.995
45.165 350.031
45.153 350.06
45.14 350.063
45.143 350.07
45.117 350.072
45.113 350.063
45.095 350.089
45.086 350.1
45.062 350.128
45.036 350.123
45.018 350.104
45.003 350.126
44.981 350.095
45.001 350.069
45.011 350.068
45.042 350.021
45.092 350.035
45.105 350.06
45.12 350.077
45.134 350.085
45.144 350.126
45.196 350.122
45.235 350.161
45.269 350.162
45.329 350.18
45.354 350.202
45.402 350.185
45.427 350.21
45.419 350.214
45.418 350.19
45.429 350.151
45.409 350.151
45.437 350.131
45.454 350.192
45.413 350.183
45.398 350.165
45.379 350.138
45.343 350.166
45.332 350.088
45.34 350.099
45.309 350.004
45.323 350.003
45.302 349.968
45.344 349.951
45.313 349.897
45.317 349.854
45.278 349.801
45.271 349.769
45.246 349.715
45.232 349.677
45.216 349.635
45.199 349.612
45.2 349.58
45.195 349.565
45.206 349.578
45.185 349.653
45.171 349.69
45.179 349.716
45.205 349.759
45.239 349.774
45.244 349.814
45.199 349.801
45.207 349.78
45.201 349.796
45.223 349.76
45.271 349.784
45.281 349.816
45.283 349.836
45.276 349.89
45.256 349.937
45.251 349.961
45.293 349.967
45.308 350.039
45.291 350.058
45.296 350.122
45.267 350.154
45.28 350.196
45.279 350.223
45.275 350.243
45.264 350.214
45.272 350.215
45.254 350.148
45.267 350.101
45.264 350.084
45.253 350.054
45.246 350.017
45.228 350.019
45.2 350.012
45.171 350.006
45.141 350.004
45.124 349.984
45.125 349.979
45.105 349.961
45.108 349.902
45.114 349.861
45.113 349.811
45.123 349.74
45.136 349.697
45.128 349.641
45.153 349.608
45.151 349.61
45.161 349.592
45.162 349.585
45.164 349.577
45.169 349.552
45.191 349.541
45.182 349.547
45.183 349.52
45.193 349.531
45.203 349.535
45.222 349.551
45.237 349.554
45.258 349.527
45.306 349.541
45.285 349.563
45.286 349.513
45.3 349.502
45.297 349.468
45.312 349.427
45.321 349.394
45.327 349.345
45.325 349.289
45.319 349.241
45.309 349.203
45.306 349.166
45.293 349.139
45.293 349.102
45.302 349.092
45.297 349.07
45.304 349.044
45.327 349.029
45.318 349.054
45.319 349.042
45.335 349.075
45.337 349.049
45.34 349.022
45.308 349.014
45.324 349.034
45.323 349.035
45.333 349.039
45.317 349.01
45.344 348.999
45.321 348.983
45.343 348.962
45.326 348.951
45.347 348.938
45.298 348.955
45.286 348.917
45.243 348.91
45.215 348.876
45.185 348.877
45.171 348.829
45.162 348.822
45.157 348.771
45.157 348.766
45.15 348.732
45.156 348.71
45.157 348.696
45.146 348.663
45.146 348.63
45.127 348.604
45.117 348.552
45.121 348.511
45.118 348.493
45.108 348.451
45.116 348.422
45.102 348.396
45.112 348.362
45.105 348.359
45.096 348.315
45.111 348.317
45.092 348.336
45.089 348.357
45.082 348.398
45.081 348.437
45.088 348.477
45.084 348.524
45.099 348.576
45.133 348.642
45.118 348.747
45.088 348.765
45.097 348.779
45.1 348.816
45.086 348.819
45.125 348.809
45.151 348.867
45.163 348.869
45.199 348.911
45.2 348.914
45.235 348.903
45.27 348.895
45.28 348.925
45.295 348.89
45.338 348.928
45.32 348.951
45.336 348.942
45.339 348.98
45.307 349.013
45.281 348.986
45.27 348.987
45.247 348.971
45.245 348.945
45.243 348.949
45.252 348.926
45.273 348.928
45.284 348.949
45.25 348.935
45.259 348.894
45.262 348.896
45.258 348.868
45.28 348.859
45.3 348.86
45.288 348.853
45.332 348.843
45.322 348.871
45.31 348.857
45.311 348.862
45.279 348.859
45.261 348.833
45.266 348.791
45.248 348.84
45.196 348.777
45.177 348.773
45.129 348.762
45.101 348.76
45.046 348.761
45.014 348.718
45.016 348.733
44.973 348.742
44.98 348.755
44.95 348.795
44.933 348.815
44.906 348.835
44.905 348.865
44.871 348.876
44.866 348.888
44.847 348.902
44.837 348.92
44.823 348.921
44.808 348.919
44.788 348.925
44.749 348.911
44.726 348.878
44.712 348.9
44.675 348.887
44.688 348.911
44.666 348.934
44.679 348.918
44.713 348.93
44.722 348.946
44.743 348.933
44.785 348.938
44.775 348.934
44.818 348.912
44.811 348.924
44.826 348.904
44.824 348.897
44.842 348.897
44.828 348.873
44.852 348.847
44.824 348.856
44.823 348.801
44.804 348.781
44.803 348.74
44.791 348.718
44.785 348.684
44.783 348.658
44.764 348.647
44.759 348.603
44.751 348.612
44.738 348.576
44.717 348.592
44.701 348.56
44.693 348.588
44.664 348.56
44.663 348.565
44.633 348.515
44.626 348.493
44.606 348.43
44.62 348.443
44.58 348.397
44.576 348.382
44.547 348.384
44.529 348.383
44.511 348.374
44.496 348.38
44.48 348.368
44.479 348.38
44.449 348.394
44.448 348.365
44.419 348.383
44.425 348.341
44.418 348.37
44.409 348.328
44.399 348.339
44.413 348.295
44.415 348.321
44.413 348.256
44.437 348.291
44.41 348.258
44.425 348.282
44.412 348.244
44.415 348.278
44.403 348.245
44.41 348.313
44.376 348.285
44.378 348.345
44.351 348.35
44.337 348.403
44.331 348.399
44.319 348.509
44.276 348.504
44.241 348.558
44.208 348.546
44.213 348.592
44.149 348.618
44.162 348.602
44.128 348.628
44.113 348.63
44.09 348.619
44.09 348.633
44.065 348.604
44.087 348.596
44.061 348.615
44.056 348.572
44.079 348.573
44.068 348.561
44.091 348.54
44.121 348.63
44.101 348.698
44.121 348.71
44.108 348.828
44.093 348.801
44.168 348.915
44.123 348.977
44.125 348.999
44.14 349.007
44.141 349.145
44.104 349.081
44.181 349.18
44.131 349.225
44.14 349.24
44.152 349.249
44.149 349.328
44.123 349.271
44.174 349.338
44.104 349.35
44.121 349.312
44.126 349.352
44.09 349.355
44.091 349.261
44.129 349.287
44.061 349.235
44.123 349.174
44.091 349.208
44.075 349.161
44.065 349.16
44.055 349.193
44.021 349.202
44.035 349.211
44.0 349.291
43.96 349.224
43.985 349.262
43.931 349.303
43.904 349.286
43.898 349.286
43.881 349.354
43.839 349.29
43.875 349.349
43.805 349.37
43.811 349.299
43.824 349.319
43.79 349.307
43.79 349.25
43.81 349.246
43.773 349.23
43.782 349.138
43.8 349.152
43.742 349.094
43.78 349.023
43.782 348.994
43.765 348.978
43.759 348.908
43.795 348.902
43.767 348.873
43.802 348.843
43.779 348.867
43.799 348.835
43.785 348.854
43.81 348.847
43.782 348.874
43.804 348.818
43.807 348.844
43.82 348.814
43.822 348.842
43.835 348.82
43.847 348.871
43.845 348.864
43.862 348.89
43.862 348.877
43.883 348.89
43.881 348.906
43.895 348.88
43.889 348.868
43.904 348.848
43.883 348.836
43.889 348.811
43.848 348.801
43.858 348.786
43.819 348.788
43.831 348.795
43.786 348.816
43.8 348.84
43.789 348.886
43.808 348.95
43.752 348.989
43.775 348.995
43.74 349.074
43.727 349.085
43.732 349.117
43.735 349.195
43.69 349.237
43.698 349.251
43.655 349.313
43.626 349.316
43.607 349.321
43.599 349.376
43.532 349.382
43.543 349.406
43.478 349.468
43.458 349.417
43.435 349.472
43.387 349.47
43.354 349.466
43.318 349.424
43.298 349.414
43.251 349.378
43.238 349.314
43.201 349.281
43.197 349.189
43.172 349.138
43.167 349.065
43.117 348.979
43.136 348.905
43.099 348.837
43.121 348.772
43.105 348.713
43.105 348.664
43.102 348.633
43.097 348.604
43.09 348.593
43.082 348.555
43.107 348.551
43.087 348.539
43.084 348.483
43.094 348.477
43.081 348.501
43.075 348.494
43.083 348.502
43.052 348.483
43.047 348.459
43.025 348.437
43.038 348.442
43.003 348.433
43.032 348.418
43.022 348.45
43.022 348.424
42.949 348.358
42.917 348.272
42.92 348.257
42.852 348.242
42.858 348.178
42.809 348.183
42.745 348.141
42.756 348.105
42.711 348.098
42.71 348.054
42.686 348.063
42.684 348.031
42.668 348.072
42.658 347.998
42.677 348.038
42.633 348.013
42.658 348.013
42.63 348.011
42.634 348.004
42.608 347.975
42.637 347.985
42.596 348.011
42.599 347.939
42.595 347.98
42.572 347.957
42.563 347.955
42.56 347.959
42.531 347.962
42.532 347.927
42.531 347.935
42.497 347.915
42.488 347.851
42.493 347.87
42.451 347.828
42.469 347.823
42.44 347.814
42.434 347.852
42.427 347.845
42.442 347.897
42.392 347.873
42.413 347.863
42.387 347.877
42.372 347.861
42.366 347.859
42.357 347.873
42.348 347.883
42.355 347.901
42.338 347.943
42.332 347.922
42.347 347.941
42.321 347.951
42.322 347.908
42.307 347.892
42.304 347.848
42.282 347.81
42.304 347.762
42.284 347.746
42.292 347.678
42.291 347.682
42.276 347.626
42.279 347.618
42.263 347.582
42.249 347.574
42.23 347.52
42.21 347.484
42.193 347.445
42.173 347.388
42.156 347.349
42.129 347.296
42.128 347.242
42.115 347.2
42.107 347.142
42.097 347.091
42.084 347.023
42.075 346.982
42.064 346.926
42.052 346.887
42.047 346.839
42.021 346.803
42.022 346.761
42.013 346.74
41.993 346.722
41.995 346.685
41.985 346.718
41.951 346.688
41.95 346.701
41.913 346.701
41.902 346.691
41.884 346.683
41.876 346.68
41.848 346.671
41.832 346.645
41.8 346.633
41.78 346.595
41.755 346.556
41.751 346.53
41.731 346.527
41.703 346.49
41.718 346.445
41.705 346.448
41.692 346.408
41.706 346.415
41.697 346.438
41.68 346.431
41.703 346.429
41.684 346.458
41.691 346.422
41.728 346.437
41.711 346.476
41.701 346.436
41.744 346.452
41.713 346.507
41.684 346.44
41.744 346.437
41.715 346.498
41.698 346.431
41.744 346.448
41.708 346.493
41.681 346.462
41.688 346.505
41.608 346.545
41.609 346.507
41.591 346.567
41.548 346.556
41.535 346.521
41.549 346.557
41.497 346.545
41.496 346.496
41.497 346.486
41.465 346.5
41.43 346.43
41.45 346.446
41.395 346.429
41.409 346.384
41.392 346.401
41.363 346.364
41.357 346.366
41.348 346.353
41.324 346.38
41.307 346.327
41.327 346.383
41.25 346.387
41.272 346.375
41.231 346.411
41.209 346.41
41.176 346.408
41.188 346.442
41.118 346.453
41.121 346.406
41.083 346.433
41.052 346.37
41.058 346.358
41.024 346.387
40.988 346.353
40.991 346.381
40.946 346.411
40.904 346.387
40.901 346.362
40.868 346.426
40.804 346.368
40.818 346.377
40.764 346.375
40.735 346.332
40.718 346.272
40.708 346.269
40.672 346.219
40.671 346.16
40.651 346.14
40.63 346.083
40.601 346.052
40.604 346.025
40.56 346.002
40.553 345.969
40.539 345.95
40.526 345.928
40.522 345.906
40.509 345.887
40.505 345.864
40.491 345.839
40.499 345.822
40.487 345.825
40.498 345.822
40.478 345.838
40.495 345.814
40.492 345.837
40.489 345.813
40.507 345.786
40.52 345.771
40.525 345.743
40.531 345.721
40.527 345.727
40.511 345.705
40.497 345.693
40.487 345.677
40.454 345.672
40.423 345.642
40.408 345.624
40.377 345.636
40.328 345.593
40.33 345.576
40.286 345.555
40.279 345.533
40.238 345.497
40.234 345.482
40.199 345.477
40.202 345.417
40.209 345.42
40.172 345.406
40.18 345.37
40.164 345.385
40.159 345.367
40.138 345.353
40.167 345.355
40.139 345.368
40.164 345.355
40.154 345.385
40.169 345.381
40.161 345.385
40.201 345.394
40.184 345.411
40.2 345.407
40.193 345.4
40.221 345.418
40.176 345.423
40.204 345.403
40.184 345.407
40.199 345.402
40.168 345.39
40.198 345.387
40.158 345.435
40.169 345.413
40.131 345.432
40.094 345.354
40.097 345.336
40.063 345.311
40.057 345.28
40.039 345.245
40.038 345.222
40.026 345.187
40.015 345.166
40.008 345.131
39.992 345.104
39.987 345.078
39.969 345.057
39.965 345.017
39.963 344.998
39.945 344.964
39.95 344.93
39.957 344.911
39.957 344.903
39.955 344.867
39.968 344.856
39.971 344.845
39.965 344.842
39.967 344.81
39.973 344.816
39.951 344.778
39.973 344.764
39.966 344.745
39.969 344.735
39.967 344.692
39.986 344.701
39.961 344.695
39.968 344.669
39.97 344.672
39.962 344.679
39.951 344.651
39.948 344.63
39.92 344.566
39.944 344.5
39.939 344.473
39.945 344.435
39.93 344.4
39.93 344.388
39.912 344.363
39.905 344.356
39.891 344.344
39.881 344.356
39.85 344.319
39.87 344.315
39.842 344.316
39.856 344.295
39.844 344.281
39.861 344.27
39.847 344.268
39.862 344.251
39.858 344.274
39.864 344.264
39.869 344.269
39.902 344.27
39.901 344.3
39.909 344.297
39.902 344.311
39.914 344.309
39.904 344.336
39.908 344.331
39.89 344.325
39.912 344.306
39.893 344.339
39.885 344.279
39.889 344.288
39.895 344.251
39.897 344.265
39.898 344.208
39.922 344.221
39.908 344.221
39.908 344.233
39.905 344.233
39.917 344.263
39.905 344.264
39.916 344.301
39.907 344.284
39.93 344.327
39.909 344.327
39.919 344.348
39.913 344.349
39.914 344.384
39.897 344.366
39.911 344.386
39.888 344.408
39.891 344.411
39.901 344.433
39.883 344.451
39.882 344.461
39.873 344.475
39.862 344.477
39.86 344.472
39.857 344.499
39.838 344.502
39.845 344.496
39.86 344.53
39.829 344.56
39.842 344.54
39.868 344.589
39.851 344.614
39.849 344.596
39.882 344.599
39.891 344.663
39.87 344.684
39.895 344.654
39.91 344.697
39.891 344.667
39.89 344.641
39.877 344.652
39.834 344.665
39.815 344.627
39.816 344.642
39.781 344.662
39.742 344.626
39.751 344.627
39.7 344.666
39.656 344.624
39.665 344.646
39.619 344.664
39.596 344.657
39.576 344.665
39.58 344.699
39.539 344.701
39.576 344.695
39.555 344.733
39.564 344.722
39.54 344.717
39.556 344.72
39.501 344.727
39.511 344.696
39.485 344.728
39.452 344.722
39.438 344.699
39.437 344.718
39.394 344.704
39.405 344.665
39.379 344.672
39.373 344.635
39.36 344.632
39.362 344.609
39.323 344.623
39.319 344.59
39.305 344.618
39.279 344.613
39.25 344.614
39.262 344.615
39.23 344.654
39.21 344.642
39.215 344.662
39.196 344.683
39.187 344.675
39.181 344.68
39.186 344.692
39.156 344.699
39.162 344.652
39.175 344.685
39.141 344.674
39.142 344.662
39.137 344.655
39.114 344.669
39.09 344.633
39.101 344.64
39.076 344.636
39.067 344.626
39.057 344.617
39.059 344.627
39.036 344.624
39.031 344.616
39.024 344.62
39.001 344.632
38.992 344.617
38.987 344.632
38.96 344.655
38.955 344.636
38.936 344.654
38.906 344.649
38.892 344.629
38.904 344.618
38.884 344.64
38.862 344.603
38.869 344.589
38.855 344.622
38.835 344.606
38.85 344.6
38.848 344.618
38.836 344.604
38.852 344.57
38.873 344.577
38.886 344.558
38.907 344.557
38.934 344.561
38.942 344.571
38.964 344.556
38.98 344.565
38.985 344.574
38.991 344.587
39.016 344.597
39.025 344.613
39.044 344.63
39.048 344.632
39.062 344.605
39.067 344.579
39.081 344.56
39.098 344.564
39.094 344.562
39.114 344.538
39.124 344.555
39.127 344.53
39.145 344.53
39.155 344.515
39.172 344.525
39.18 344.501
39.209 344.517
39.211 344.531
39.234 344.552
39.232 344.589
39.231 344.599
39.237 344.614
39.239 344.617
39.236 344.615
39.244 344.602
39.245 344.625
39.231 344.608
39.241 344.622
39.225 344.614
39.23 344.625
39.23 344.615
39.231 344.647
39.215 344.628
39.238 344.659
39.22 344.663
39.235 344.68
39.221 344.683
39.24 344.703
39.232 344.718
39.243 344.749
39.231 344.756
39.245 344.796
39.243 344.812
39.257 344.873
39.244 344.892
39.249 344.915
39.265 344.942
39.257 344.998
39.253 345.003
39.279 345.028
39.287 345.066
39.297 345.088
39.333 345.14
39.333 345.229
39.296 345.275
39.299 345.301
39.307 345.364
39.262 345.441
39.249 345.447
39.27 345.522
39.238 345.6
39.223 345.634
39.206 345.679
39.182 345.734
39.154 345.757
39.154 345.795
39.126 345.847
39.108 345.868
39.119 345.898
39.125 345.969
39.068 346.021
39.064 346.032
39.068 346.108
39.023 346.171
38.999 346.147
39.041 346.207
38.984 346.271
38.987 346.225
39.013 346.276
39.008 346.318
38.989 346.347
39.027 346.361
38.99 346.448
38.975 346.451
38.986 346.493
38.987 346.543
38.973 346.572
39.007 346.579
39.003 346.662
38.987 346.649
39.024 346.689
39.047 346.746
39.009 346.776
39.038 346.731
39.069 346.789
39.077 346.809
39.086 346.815
39.109 346.826
39.093 346.864
39.104 346.84
39.117 346.855
39.112 346.863
39.11 346.849
39.15 346.844
39.172 346.887
39.162 346.924
39.142 346.889
39.166 346.883
39.161 346.905
39.151 346.89
39.168 346.885
39.166 346.913
39.156 346.901
39.177 346.89
39.192 346.916
39.196 346.934
39.219 346.945
39.241 346.978
39.235 346.992
39.253 346.964
39.255 346.972
39.272 346.947
39.283 346.956
39.3 346.937
39.311 346.953
39.319 346.943
39.34 346.952
39.345 346.959
39.362 346.973
39.353 346.978
39.367 346.976
39.361 346.973
39.378 346.967
39.388 346.976
39.411 346.967
39.434 346.997
39.411 346.987
39.45 346.993
39.423 347.003
39.447 346.997
39.428 346.991
39.459 346.99
39.433 346.988
39.467 346.984
39.435 346.989
39.468 346.956
39.461 346.957
39.49 346.925
39.5 346.925
39.518 346.906
39.516 346.879
39.532 346.861
39.543 346.84
39.551 346.833
39.568 346.81
39.578 346.833
39.593 346.807
39.603 346.838
39.607 346.824
39.609 346.85
39.608 346.835
39.612 346.843
39.627 346.838
39.632 346.884
39.635 346.9
39.64 346.952
39.621 346.983
39.601 346.976
39.614 347.004
39.59 347.031
39.584 347.056
39.568 347.087
39.568 347.121
39.545 347.153
39.55 347.15
39.527 347.188
39.51 347.18
39.5 347.193
39.488 347.212
39.471 347.213
39.479 347.203
39.473 347.232
39.465 347.236
39.476 347.246
39.473 347.268
39.476 347.287
39.484 347.297
39.494 347.326
39.482 347.35
39.489 347.374
39.475 347.402
39.456 347.423
39.457 347.418
39.48 347.47
39.469 347.511
39.464 347.538
39.482 347.552
39.483 347.618
39.455 347.596
39.485 347.613
39.474 347.639
39.474 347.682
39.454 347.662
39.479 347.713
39.426 347.703
39.46 347.693
39.45 347.701
39.475 347.719
39.454 347.691
39.522 347.722
39.487 347.742
39.538 347.727
39.551 347.768
39.575 347.782
39.557 347.793
39.581 347.768
39.573 347.816
39.575 347.767
39.613 347.803
39.601 347.806
39.611 347.799
39.646 347.78
39.662 347.834
39.659 347.796
39.712 347.838
39.712 347.882
39.706 347.904
39.705 347.902
39.701 347.928
39.681 347.909
39.707 347.894
39.704 347.915
39.702 347.928
39.696 347.923
39.723 347.951
39.711 347.981
39.716 347.977
39.723 348.006
39.708 348.018
39.7 348.015
39.718 348.049
39.702 348.084
39.714 348.07
39.734 348.116
39.731 348.15
39.74 348.145
39.755 348.197
39.752 348.223
39.752 348.242
39.756 348.254
39.78 348.278
39.789 348.309
39.804 348.321
39.837 348.368
39.846 348.377
39.904 348.409
39.915 348.463
39.941 348.531
39.954 348.561
39.991 348.623
39.986 348.66
40.014 348.677
40.015 348.71
40.005 348.744
40.0 348.746
40.016 348.793
39.999 348.837
40.005 348.866
40.024 348.894
40.049 348.99
39.994 349.038
40.002 349.069
40.001 349.139
39.986 349.226
39.975 349.305
39.959 349.377
39.944 349.418
39.94 349.461
39.946 349.495
39.925 349.552
39.926 349.578
39.917 349.618
39.916 349.657
39.898 349.69
39.882 349.732
39.873 349.755
39.879 349.79
39.888 349.826
39.899 349.842
39.895 349.874
39.88 349.85
39.892 349.858
39.882 349.879
39.877 349.888
39.894 349.898
39.909 349.93
39.926 349.938
39.987 349.942
40.029 349.981
40.066 349.962
40.146 349.982
40.186 350.023
40.231 350.046
40.285 350.063
40.324 350.126
40.343 350.159
40.372 350.172
40.398 350.222
40.407 350.241
40.43 350.26
40.46 350.288
40.467 350.324
40.487 350.331
40.514 350.367
40.523 350.392
40.539 350.417
40.559 350.445
40.586 350.477
40.614 350.512
40.636 350.553
40.678 350.596
40.7 350.618
40.767 350.64
40.788 350.675
40.847 350.661
40.904 350.717
40.918 350.743
40.935 350.741
40.974 350.746
40.968 350.767
40.995 350.722
41.008 350.743
41.021 350.724
41.032 350.727
41.062 350.724
41.074 350.764
41.096 350.726
41.141 350.777
41.162 350.775
41.206 350.812
41.233 350.829
41.262 350.844
41.288 350.87
41.299 350.867
41.357 350.911
41.383 350.951
41.425 350.958
41.472 350.973
41.533 350.968
41.617 350.971
41.71 350.97
41.833 350.965