43.262 336.956
43.333 336.92
43.403 336.943
43.428 336.969
43.476 336.947
43.517 336.986
43.535 336.997
43.553 336.984
43.587 336.993
43.584 337.001
43.595 336.973
43.616 336.993
43.596 337.001
43.62 336.99
43.641 337.035
43.64 337.091
43.645 337.121
43.65 337.176
43.642 337.21
43.655 337.282
43.642 337.35
43.614 337.412
43.594 337.466
43.558 337.519
43.54 337.574
43.512 337.613
43.521 337.672
43.509 337.769
43.488 337.848
43.474 337.939
43.45 338.06
43.422 338.147
43.403 338.216
43.38 338.3
43.341 338.352
43.29 338.421
43.236 338.473
43.189 338.512
43.155 338.504
43.121 338.541
43.053 338.545
42.989 338.508
42.934 338.467
42.874 338.449
42.83 338.391
42.801 338.373
42.742 338.332
42.719 338.26
42.698 338.237
42.653 338.175
42.657 338.128
42.647 338.092
42.643 338.041
42.644 337.998
42.661 337.969
42.663 337.953
42.67 337.922
42.654 337.922
42.618 337.87
42.609 337.829
42.602 337.799
42.594 337.764
42.598 337.731
42.614 337.725
42.617 337.705
42.64 337.674
42.648 337.657
42.625 337.604
42.631 337.535
42.67 337.509
42.699 337.492
42.746 337.46
42.803 337.423
42.862 337.392
42.93 337.337
42.988 337.312
43.028 337.258
43.083 337.209
43.115 337.151
43.156 337.105
43.187 337.062
43.22 337.026
43.256 336.999
43.278 336.955
43.324 336.911
43.354 336.868
43.394 336.807
43.436 336.759
43.472 336.704
43.512 336.659
43.538 336.613
43.563 336.573
43.586 336.528
43.601 336.476
43.619 336.409
43.633 336.348
43.651 336.265
43.672 336.198
43.692 336.118
43.701 336.032
43.723 335.943
43.747 335.845
43.78 335.741
43.811 335.649
43.831 335.565
43.85 335.46
43.878 335.387
43.897 335.303
43.917 335.242
43.931 335.174
43.947 335.111
43.967 335.054
43.976 334.999
43.98 334.948
43.986 334.892
43.995 334.85
43.982 334.801
43.974 334.74
43.957 334.685
43.94 334.618
43.925 334.57
43.915 334.511
43.895 334.438
43.88 334.382
43.854 334.317
43.839 334.253
43.803 334.22
43.759 334.173
43.728 334.152
43.691 334.128
43.659 334.102
43.635 334.097
43.602 334.082
43.575 334.099
43.546 334.099
43.498 334.106
43.446 334.06
43.391 334.02
43.356 333.971
43.314 333.937
43.299 333.856
43.279 333.817
43.261 333.783
43.236 333.747
43.229 333.681
43.214 333.643
43.201 333.583
43.208 333.555
43.198 333.532
43.191 333.48
43.191 333.439
43.187 333.406
43.179 333.388
43.152 333.382
43.13 333.345
43.122 333.306
43.107 333.28
43.074 333.235
43.06 333.184
43.041 333.122
43.037 333.043
43.042 332.98
43.039 332.924
43.035 332.868
43.039 332.838
43.027 332.801
43.034 332.774
43.047 332.787
43.047 332.803
43.066 332.802
43.089 332.828
43.094 332.861
43.071 332.873
43.046 332.851
43.043 332.835
43.028 332.837
43.018 332.821
43.016 332.805
43.017 332.8
43.014 332.834
42.996 332.883
42.967 332.922
42.936 332.938
42.91 332.969
42.874 332.972
42.849 332.996
42.831 332.984
42.796 333.001
42.745 332.958
42.745 332.952
42.683 332.981
42.619 332.98
42.563 332.975
42.531 332.969
42.499 332.958
42.485 332.98
42.445 333.006
42.429 333.033
42.396 333.08
42.362 333.14
42.328 333.209
42.307 333.303
42.276 333.387
42.282 333.501
42.281 333.583
42.3 333.67
42.332 333.733
42.371 333.807
42.406 333.856
42.428 333.914
42.443 333.934
42.462 333.984
42.476 334.023
42.51 334.096
42.525 334.165
42.555 334.282
42.547 334.416
42.548 334.519
42.563 334.619
42.586 334.719
42.615 334.833
42.649 334.927
42.671 334.994
42.707 335.098
42.733 335.197
42.755 335.29
42.747 335.348
42.766 335.386
42.799 335.457
42.831 335.55
42.822 335.634
42.811 335.677
42.807 335.712
42.79 335.753
42.778 335.764
42.788 335.806
42.76 335.865
42.759 335.893
42.785 335.958
42.806 336.01
42.816 336.075
42.827 336.135
42.814 336.191
42.804 336.246
42.781 336.298
42.771 336.325
42.756 336.347
42.762 336.359
42.775 336.396
42.789 336.475
42.74 336.538
42.71 336.575
42.687 336.622
42.666 336.662
42.632 336.663
42.625 336.69
42.615 336.712
42.621 336.754
42.611 336.803
42.584 336.843
42.578 336.861
42.606 336.949
42.522 337.056
42.482 337.047
42.486 337.116
42.43 337.189
42.429 337.174
42.461 337.279
42.363 337.327
42.354 337.277
42.372 337.333
42.333 337.384
42.341 337.378
42.361 337.498
42.276 337.599
42.248 337.618
42.23 337.719
42.162 337.762
42.146 337.766
42.146 337.839
42.072 337.923
42.004 337.895
41.993 337.96
41.939 338.025
41.915 338.04
41.901 338.118
41.828 338.169
41.756 338.158
41.704 338.169
41.643 338.193
41.596 338.22
41.579 338.232
41.551 338.271
41.519 338.287
41.51 338.318
41.448 338.312
41.405 338.254
41.375 338.233
41.326 338.245
41.286 338.253
41.284 338.253
41.29 338.308
41.288 338.325
41.328 338.318
41.35 338.339
41.372 338.365
41.412 338.386
41.446 338.42
41.442 338.443
41.437 338.461
41.42 338.486
41.398 338.522
41.394 338.53
41.402 338.576
41.405 338.6
41.423 338.662
41.442 338.712
41.436 338.751
41.424 338.751
41.428 338.803
41.4 338.856
41.383 338.914
41.362 338.943
41.32 339.025
41.278 339.12
41.27 339.235
41.24 339.3
41.211 339.343
41.179 339.36
41.142 339.371
41.099 339.368
41.061 339.345
41.05 339.317
41.03 339.331
41.009 339.317
40.999 339.316
40.978 339.33
40.95 339.311
40.94 339.307
40.917 339.292
40.915 339.261
40.917 339.24
40.891 339.225
40.873 339.183
40.868 339.176
40.841 339.169
40.815 339.141
40.8 339.127
40.772 339.122
40.743 339.108
40.713 339.111
40.686 339.121
40.642 339.138
40.589 339.137
40.541 339.12
40.518 339.117
40.465 339.146
40.396 339.149
40.337 339.133
40.293 339.133
40.22 339.139
40.154 339.079
40.125 339.012
40.123 338.99
40.113 338.961
40.124 338.957
40.142 338.908
40.189 338.904
40.198 338.892
40.207 338.872
40.217 338.827
40.261 338.79
40.283 338.767
40.303 338.721
40.316 338.686
40.319 338.659
40.314 338.636
40.313 338.62
40.309 338.618
40.301 338.618
40.298 338.633
40.282 338.655
40.266 338.688
40.25 338.737
40.221 338.8
40.222 338.878
40.233 338.935
40.234 339.008
40.204 339.081
40.149 339.127
40.117 339.172
40.059 339.239
40.007 339.295
39.962 339.372
39.919 339.482
39.849 339.527
39.823 339.566
39.794 339.63
39.716 339.688
39.671 339.71
39.627 339.762
39.576 339.803
39.508 339.817
39.471 339.816
39.422 339.869
39.357 339.858
39.33 339.871
39.291 339.916
39.242 339.937
39.223 339.961
39.195 340.037
39.161 340.089
39.149 340.151
39.137 340.227
39.098 340.274
39.115 340.305
39.113 340.384
39.109 340.439
39.105 340.498
39.126 340.587
39.107 340.663
39.114 340.724
39.118 340.788
39.116 340.861
39.097 340.894
39.113 340.943
39.078 340.97
39.091 340.976
39.07 341.008
39.064 341.027
39.039 341.026
39.042 341.038
39.02 341.049
39.024 341.058
39.016 341.082
39.007 341.113
38.987 341.127
38.989 341.163
38.956 341.212
38.93 341.225
38.924 341.272
38.889 341.33
38.847 341.378
38.795 341.422
38.746 341.462
38.676 341.497
38.602 341.522
38.501 341.555
38.421 341.605
38.34 341.665
38.293 341.69
38.279 341.753
38.264 341.797
38.285 341.823
38.309 341.877
38.306 341.936
38.297 341.983
38.297 342.015
38.296 342.094
38.26 342.187
38.218 342.236
38.177 342.319
38.12 342.367
38.073 342.41
38.038 342.444
38.015 342.47
37.967 342.505
37.943 342.507
37.929 342.555
37.92 342.564
37.899 342.537
37.93 342.486
37.928 342.499
37.915 342.467
37.934 342.448
37.947 342.457
37.928 342.471
37.911 342.447
37.915 342.452
37.92 342.441
37.893 342.467
37.887 342.476
37.878 342.519
37.837 342.559
37.791 342.578
37.743 342.592
37.685 342.606
37.628 342.604
37.586 342.586
37.555 342.566
37.521 342.55
37.491 342.512
37.478 342.485
37.447 342.478
37.426 342.466
37.4 342.433
37.39 342.404
37.367 342.396
37.353 342.342
37.358 342.321
37.354 342.29
37.333 342.246
37.355 342.212
37.326 342.201
37.314 342.159
37.308 342.15
37.256 342.143
37.216 342.08
37.171 342.056
37.134 342.021
37.069 341.974
37.041 341.923
37.003 341.92
36.947 341.876
36.913 341.846
36.872 341.824
36.809 341.8
36.773 341.782
36.714 341.784
36.652 341.786
36.587 341.794
36.531 341.8
36.465 341.789
36.418 341.759
36.356 341.746
36.306 341.709
36.257 341.699
36.207 341.645
36.174 341.604
36.149 341.538
36.136 341.514
36.112 341.447
36.115 341.414
36.133 341.405
36.141 341.424
36.148 341.439
36.148 341.484
36.141 341.516
36.149 341.569
36.104 341.622
36.067 341.609
36.087 341.618
36.077 341.686
36.038 341.71
36.019 341.691
35.985 341.699
35.93 341.717
35.894 341.712
35.88 341.733
35.834 341.751
35.79 341.738
35.771 341.743
35.738 341.752
35.737 341.738
35.734 341.738
35.741 341.745
35.719 341.74
35.708 341.712
35.7 341.668
35.71 341.667
35.655 341.636
35.637 341.584
35.587 341.569
35.532 341.524
35.496 341.508
35.454 341.498
35.388 341.523
35.339 341.483
35.337 341.505
35.283 341.539
35.218 341.544
35.178 341.529
35.141 341.556
35.076 341.579
35.026 341.571
34.996 341.596
34.953 341.603
34.923 341.587
34.911 341.591
34.868 341.573
34.852 341.54
34.83 341.512
34.805 341.482
34.786 341.443
34.776 341.424
34.759 341.418
34.733 341.395
34.721 341.363
34.723 341.371
34.679 341.374
34.68 341.364
34.673 341.414
34.65 341.469
34.629 341.484
34.675 341.517
34.665 341.614
34.609 341.639
34.608 341.652
34.653 341.682
34.705 341.769
34.656 341.861
34.662 341.881
34.743 341.959
34.734 342.169
34.663 342.234
34.712 342.256
34.753 342.448
34.681 342.63
34.625 342.654
34.67 342.721
34.649 342.902
34.524 343.01
34.465 342.982
34.496 343.034
34.449 343.157
34.337 343.175
34.319 343.099
34.34 343.166
34.245 343.202
34.217 343.137
34.236 343.143
34.213 343.178
34.165 343.157
34.15 343.101
34.164 343.124
34.122 343.172
34.084 343.149
34.092 343.124
34.087 343.181
34.025 343.192
34.004 343.141
33.997 343.108
33.984 343.108
33.934 343.064
33.946 343.012
33.941 343.021
33.901 342.991
33.893 342.949
33.875 342.954
33.842 342.942
33.814 342.908
33.789 342.912
33.742 342.883
33.711 342.862
33.677 342.846
33.646 342.822
33.637 342.804
33.611 342.794
33.593 342.774
33.585 342.749
33.595 342.752
33.572 342.747
33.582 342.724
33.585 342.733
33.59 342.734
33.584 342.733
33.605 342.731
33.622 342.783
33.627 342.84
33.613 342.899
33.603 342.958
33.585 343.024
33.523 343.086
33.457 343.112
33.406 343.111
33.375 343.134
33.35 343.158
33.304 343.214
33.26 343.208
33.217 343.223
33.177 343.203
33.123 343.21
33.09 343.166
33.047 343.184
33.015 343.173
32.973 343.224
32.92 343.223
32.893 343.227
32.879 343.223
32.829 343.217
32.788 343.219