28.518 296.701
28.522 296.722
28.541 296.732
28.539 296.754
28.516 296.742
28.51 296.714
28.519 296.673
28.54 296.642
28.554 296.619
28.563 296.595
28.576 296.54
28.606 296.499
28.638 296.465
28.649 296.448
28.659 296.431
28.683 296.395
28.638 296.292
28.617 296.178
28.658 296.086
28.729 296.038
28.791 296.033
28.829 295.988
28.883 295.934
28.935 295.92
28.944 295.899
28.948 295.829
28.993 295.754
29.024 295.749
29.023 295.728
29.045 295.637
29.106 295.588
29.084 295.542
29.036 295.454
29.007 295.346
29.023 295.256
29.05 295.198
29.049 295.132
29.058 295.031
29.102 294.95
29.148 294.919
29.19 294.898
29.244 294.871
29.317 294.871
29.331 294.891
29.301 294.889
29.295 294.837
29.346 294.768
29.379 294.744
29.383 294.713
29.436 294.64
29.495 294.561
29.508 294.511
29.519 294.469
29.607 294.43
29.68 294.491
29.676 294.573
29.697 294.613
29.742 294.687
29.798 294.764
29.824 294.831
29.855 294.866
29.891 294.905
29.944 294.94
29.96 294.965
29.993 294.954
30.054 294.941
30.17 294.951
30.285 294.991
30.389 295.066
30.424 295.199
30.382 295.307
30.36 295.406
30.357 295.509
30.318 295.577
30.296 295.61
30.271 295.626
30.242 295.632
30.213 295.663
30.192 295.717
30.184 295.716
30.197 295.708
30.184 295.715
30.148 295.723
30.123 295.718
30.13 295.745
30.118 295.746
30.113 295.747
30.132 295.774
30.134 295.854
30.106 295.94
30.078 295.995
30.04 296.026
30.059 296.066
30.106 296.157
30.126 296.261
30.06 296.314
30.01 296.295
30.016 296.261
30.043 296.236
30.082 296.203
30.113 296.178
30.122 296.194
30.103 296.228
30.074 296.282
30.033 296.346
29.994 296.389
29.959 296.411
29.914 296.425
29.883 296.429
29.845 296.402
29.84 296.368
29.853 296.337
29.88 296.307
29.919 296.282
29.982 296.317
29.994 296.372
30.026 296.406
30.065 296.449
30.034 296.49
29.994 296.513
29.961 296.52
29.918 296.535
29.844 296.54
29.769 296.528
29.714 296.501
29.671 296.49
29.623 296.479
29.551 296.464
29.489 296.432
29.432 296.409
29.358 296.384
29.268 296.341
29.208 296.307
29.151 296.271
29.111 296.189
29.061 296.107
28.986 296.034
28.932 295.976
28.888 295.933
28.847 295.888
28.797 295.829
28.777 295.776
28.763 295.749
28.733 295.74
28.69 295.732
28.666 295.683
28.65 295.626
28.636 295.563
28.635 295.444
28.649 295.334
28.655 295.22
28.653 295.104
28.679 295.022
28.683 294.928
28.679 294.826
28.676 294.768
28.663 294.743
28.652 294.682
28.667 294.642
28.704 294.61
28.739 294.588
28.771 294.546
28.811 294.512
28.853 294.477
28.892 294.458
28.924 294.441
28.948 294.418
28.981 294.415
28.995 294.373
29.02 294.327
29.042 294.26
29.096 294.202
29.138 294.153
29.167 294.082
29.216 293.997
29.279 293.928
29.363 293.873
29.441 293.83
29.553 293.801
29.653 293.819
29.644 293.842
29.621 293.8
29.636 293.737
29.67 293.692
29.699 293.654
29.717 293.599
29.755 293.509
29.784 293.456
29.816 293.393
29.853 293.343
29.898 293.287
29.919 293.244
29.942 293.208
29.984 293.189
30.042 293.204
30.112 293.227
30.218 293.276
30.32 293.37
30.392 293.458
30.473 293.528
30.565 293.622
30.633 293.706
30.615 293.777
30.602 293.782
30.634 293.781
30.663 293.812
30.653 293.835
30.647 293.81
30.671 293.754
30.706 293.729
30.701 293.717
30.694 293.701
30.738 293.67
30.756 293.676
30.745 293.692
30.724 293.658
30.748 293.595
30.767 293.579
30.778 293.576
30.787 293.531
30.822 293.497
30.866 293.486
30.925 293.467
30.996 293.44
31.086 293.436
31.121 293.471
31.176 293.501
31.202 293.527
31.239 293.545
31.297 293.533
31.371 293.555
31.475 293.633
31.57 293.76
31.638 293.888
31.7 293.987
31.724 294.065
31.716 294.104
31.672 294.069
31.673 293.971
31.712 293.871
31.815 293.817
31.904 293.859
31.915 293.834
31.936 293.843
31.941 293.877
31.951 293.907
31.981 293.923
32.038 293.961
32.09 294.053
32.12 294.169
32.11 294.28
32.056 294.407
31.965 294.479
31.906 294.5
31.842 294.51
31.781 294.49
31.739 294.4
31.712 294.262
31.699 294.123
31.71 294.048
31.72 293.991
31.759 293.962
31.782 293.971
31.804 293.975
31.845 293.982
31.924 293.981
32.009 294.047
32.048 294.136
32.063 294.226
32.057 294.305
32.055 294.365
32.064 294.433
32.041 294.567
31.968 294.686
31.935 294.763
31.943 294.832
31.972 294.884
31.992 294.902
32.061 294.913
32.112 294.951
32.111 295.0
32.133 294.96
32.209 294.979
32.276 294.989
32.338 295.018
32.416 295.077
32.472 295.168
32.43 295.215
32.388 295.228
32.358 295.228
32.33 295.219
32.309 295.194
32.307 295.19
32.307 295.19
32.307 295.19
32.307 295.19
32.307 295.189
32.307 295.189
32.307 295.189
32.307 295.189
32.307 295.189
32.307 295.189
32.307 295.189
32.307 295.189
32.307 295.189
32.307 295.189
32.321 295.201
32.366 295.244
32.381 295.294
32.382 295.313
32.385 295.315
32.39 295.339
32.403 295.346
32.421 295.348
32.44 295.343
32.472 295.4
32.503 295.463
32.537 295.518
32.563 295.604
32.528 295.688
32.49 295.7
32.47 295.699
32.469 295.705
32.458 295.757
32.44 295.794
32.426 295.808
32.405 295.834
32.362 295.842
32.325 295.863
32.288 295.884
32.25 295.889
32.247 295.857
32.265 295.867
32.275 295.868
32.308 295.879
32.356 295.881
32.384 295.919
32.409 295.93
32.463 295.972
32.435 296.038
32.418 296.055
32.471 296.047
32.54 296.105
32.57 296.188
32.577 296.223
32.636 296.252
32.68 296.309
32.707 296.34
32.765 296.348
32.855 296.357
32.935 296.414
32.942 296.444
32.921 296.482
32.962 296.502
33.002 296.529
33.0 296.544
33.005 296.5
33.042 296.448
33.092 296.421
33.14 296.394
33.231 296.362
33.368 296.394
33.488 296.477
33.582 296.603
33.633 296.683
33.678 296.81
33.682 296.978
33.643 297.092
33.573 297.172
33.491 297.219
33.423 297.259
33.358 297.282
33.306 297.288
33.258 297.329
33.223 297.384
33.131 297.444
33.061 297.438
33.042 297.473
33.025 297.493
33.017 297.487
33.03 297.496
33.054 297.492
33.114 297.498
33.166 297.524
33.203 297.544
33.254 297.564
33.272 297.621
33.273 297.683
33.269 297.733
33.29 297.761
33.311 297.812
33.336 297.892
33.31 297.968
33.297 297.976
33.305 298.005
33.32 298.047
33.321 298.106
33.346 298.129
33.411 298.211
33.394 298.371
33.266 298.45
33.182 298.437
33.139 298.491
33.049 298.583
32.957 298.599
32.916 298.569
32.915 298.573
32.891 298.619
32.859 298.65
32.863 298.661
32.874 298.724
32.822 298.797
32.772 298.803
32.759 298.781
32.761 298.826
32.729 298.867
32.724 298.848
32.754 298.852
32.768 298.881
32.745 298.866
32.77 298.829
32.817 298.826
32.846 298.836
32.879 298.808
32.96 298.758
33.036 298.703
33.086 298.684
33.109 298.629
33.169 298.544
33.25 298.49
33.289 298.486
33.312 298.452
33.361 298.422
33.405 298.401
33.436 298.37
33.49 298.324
33.574 298.309
33.62 298.303
33.634 298.271
33.673 298.242
33.706 298.26
33.685 298.3
33.615 298.259
33.582 298.154
33.619 298.072
33.637 298.032
33.597 297.965
33.607 297.862
33.684 297.876
33.668 297.952
33.61 297.949
33.557 297.887
33.508 297.84
33.449 297.808
33.414 297.79
33.349 297.772
33.263 297.727
33.227 297.69
33.192 297.683
33.135 297.686
33.051 297.648
32.994 297.553
32.96 297.5
32.882 297.451
32.817 297.388
32.789 297.335
32.766 297.307
32.719 297.268
32.683 297.227
32.689 297.22
32.707 297.243
32.657 297.22
32.643 297.177
32.671 297.18
32.657 297.21
32.628 297.218
32.637 297.198
32.676 297.224
32.654 297.275
32.622 297.281
32.62 297.263
32.668 297.297
32.656 297.374
32.602 297.367
32.609 297.319
32.651 297.322
32.622 297.348
32.588 297.287
32.608 297.224
32.653 297.219
32.659 297.217
32.667 297.188
32.692 297.208
32.704 297.236
32.694 297.234
32.705 297.215
32.717 297.213
32.717 297.186
32.72 297.146
32.729 297.13
32.744 297.153
32.746 297.149
32.776 297.108
32.828 297.134
32.854 297.17
32.872 297.16
32.921 297.142
33.006 297.17
33.05 297.206
33.07 297.208
33.092 297.193
33.143 297.206
33.193 297.235
33.23 297.261
33.255 297.304
33.298 297.36
33.324 297.387
33.367 297.41
33.443 297.454
33.506 297.421
33.574 297.396
33.6 297.319
33.625 297.202
33.666 297.125
33.69 297.071
33.674 296.97
33.623 296.832
33.581 296.735
33.512 296.636
33.439 296.511
33.386 296.384
33.354 296.279
33.34 296.193
33.304 296.131
33.275 296.054
33.275 295.98
33.306 295.953
33.308 295.952
33.31 295.949
33.32 295.945
33.336 295.931
33.323 295.908
33.318 295.863
33.344 295.843
33.361 295.897
33.321 295.941
33.292 295.931
33.289 295.927
33.281 295.939
33.238 295.945
33.176 295.901
33.155 295.86
33.119 295.858
33.035 295.785
33.01 295.671
33.026 295.625
32.996 295.624
32.958 295.552
32.954 295.508
32.927 295.472
32.898 295.406
32.923 295.33
32.91 295.291
32.872 295.21
32.838 295.106
32.849 295.038
32.811 294.995
32.762 294.906
32.729 294.844
32.685 294.784
32.633 294.731
32.576 294.646
32.546 294.558
32.501 294.498
32.473 294.454
32.441 294.471
32.407 294.48
32.408 294.446
32.451 294.428
32.463 294.447
32.408 294.373
32.407 294.274
32.436 294.233
32.415 294.197
32.413 294.074
32.47 293.976
32.489 293.908
32.494 293.765
32.528 293.602
32.556 293.469
32.566 293.381
32.573 293.276
32.618 293.216
32.668 293.18
32.701 293.181
32.711 293.166
32.734 293.141
32.751 293.146
32.712 293.14
32.664 293.133
32.621 293.11
32.588 293.088
32.537 293.047
32.457 292.989
32.393 292.909
32.367 292.897
32.284 292.902
32.195 292.84
32.181 292.827
32.119 292.864
32.028 292.843
31.977 292.822
31.941 292.826
31.889 292.829
31.831 292.774
31.829 292.728
31.788 292.724
31.668 292.74
31.589 292.749
31.567 292.801
31.54 292.894
31.505 292.964
31.474 293.015
31.509 293.027
31.602 293.03
31.754 293.129
31.781 293.36
31.655 293.395
31.649 293.24
31.793 293.197
31.79 293.267
31.731 293.116
31.837 292.939
31.922 292.928
31.874 292.867
31.891 292.662
32.009 292.564
32.031 292.57
31.93 292.504
31.917 292.322
32.013 292.273
32.023 292.369
31.917 292.342
31.922 292.224
32.025 292.241
32.017 292.326
31.941 292.301
31.973 292.216
32.045 292.244
32.009 292.274
31.985 292.199
32.055 292.131
32.123 292.165
32.108 292.177
32.115 292.116
32.182 292.114
32.214 292.153
32.196 292.127
32.227 292.087
32.266 292.115
32.274 292.195
32.265 292.211
32.291 292.226
32.296 292.313
32.201 292.312
32.132 292.166
32.139 292.094
32.086 292.088
31.993 292.043
31.916 291.917
31.934 291.817
31.935 291.817
31.868 291.786
31.858 291.672
31.93 291.645
31.936 291.737
31.857 291.725
31.863 291.657
31.885 291.696
31.788 291.717
31.688 291.612
31.685 291.514
31.644 291.535
31.519 291.505
31.437 291.393
31.417 291.323
31.363 291.313
31.274 291.238
31.22 291.16
31.18 291.085
31.154 291.043
31.095 291.014
31.026 290.961
31.023 290.885
31.05 290.879
31.032 290.906
30.977 290.909
30.959 290.873
30.972 290.88
30.939 290.907
30.896 290.901
30.883 290.839
30.897 290.811
30.867 290.8
30.816 290.743
30.826 290.678
30.816 290.661
30.758 290.625
30.747 290.523
30.776 290.472
30.792 290.478
30.753 290.446
30.76 290.369
30.788 290.351
30.777 290.385
30.747 290.353
30.758 290.297
30.796 290.28
30.788 290.256
30.771 290.179
30.817 290.114
30.839 290.108
30.812 290.093
30.783 290.004
30.834 289.919
30.871 289.88
30.869 289.819
30.901 289.738
30.954 289.67
30.985 289.629
31.027 289.571
31.066 289.485
31.138 289.403
31.192 289.398
31.211 289.378
31.263 289.35
31.331 289.383
31.331 289.422
31.352 289.42
31.385 289.472
31.396 289.528
31.386 289.554
31.401 289.535
31.461 289.565
31.446 289.649
31.433 289.607
31.514 289.605
31.547 289.689
31.523 289.743
31.525 289.724
31.577 289.751
31.587 289.823
31.563 289.859
31.566 289.86
31.596 289.908
31.59 289.993
31.581 290.032
31.594 290.085
31.596 290.169
31.561 290.23
31.56 290.27
31.574 290.352
31.554 290.46
31.509 290.519
31.528 290.56
31.538 290.637
31.536 290.721
31.538 290.785
31.571 290.841
31.605 290.916
31.64 290.984
31.649 291.056
31.667 291.072
31.717 291.087
31.77 291.133
31.773 291.192
31.792 291.18
31.846 291.202
31.874 291.245
31.883 291.283
31.899 291.263
31.963 291.264
31.976 291.275
32.003 291.261
32.05 291.233
32.095 291.223
32.129 291.229
32.15 291.174
32.22 291.11
32.287 291.105
32.316 291.096
32.351 291.044
32.406 291.026
32.443 290.989
32.489 290.938
32.537 290.931
32.558 290.897
32.614 290.867
32.667 290.853
32.712 290.828
32.748 290.783
32.82 290.724
32.866 290.717
32.899 290.654
32.964 290.609
33.046 290.559
33.102 290.534
33.175 290.44
33.311 290.417
33.386 290.437
33.466 290.405
33.586 290.406
33.685 290.491
33.735 290.571
33.782 290.621
33.845 290.719
33.875 290.843
33.853 290.968
33.82 291.041
33.811 291.116
33.773 291.21
33.703 291.259
33.641 291.285
33.6 291.29
33.546 291.328
33.473 291.354
33.396 291.342
33.328 291.35
33.244 291.351
33.165 291.354
33.078 291.338
33.022 291.31
32.97 291.331
32.897 291.33
32.873 291.317
32.813 291.359
32.763 291.362
32.737 291.373
32.698 291.41
32.649 291.435
32.647 291.474
32.63 291.529
32.607 291.57
32.604 291.596
32.615 291.682
32.594 291.738
32.587 291.782
32.604 291.823
32.597 291.889
32.58 291.916
32.573 291.934
32.575 291.981
32.528 292.024
32.521 292.022
32.536 292.043
32.541 292.081
32.523 292.115
32.538 292.115
32.555 292.126
32.578 292.16
32.541 292.18
32.571 292.104
32.608 292.084
32.62 292.062
32.626 292.015
32.664 291.975
32.672 291.963
32.686 291.92
32.708 291.884
32.729 291.859
32.727 291.834
32.712 291.763
32.741 291.698
32.747 291.662
32.743 291.608
32.771 291.547
32.813 291.517
32.822 291.509
32.837 291.468
32.869 291.478
32.9 291.487
32.911 291.472
32.928 291.466
32.939 291.503
32.898 291.523
32.891 291.485
32.908 291.492
32.889 291.523
32.856 291.529
32.868 291.531
32.871 291.564
32.861 291.602
32.858 291.604
32.885 291.625
32.884 291.662
32.897 291.671
32.929 291.695
32.939 291.715
32.969 291.725
32.997 291.746
33.011 291.789
32.983 291.793
33.031 291.737
33.097 291.751
33.084 291.801
33.059 291.727
33.126 291.676
33.165 291.763
33.141 291.799
33.16 291.742
33.25 291.756
33.256 291.87
33.195 291.872
33.217 291.808
33.299 291.839
33.297 291.932
33.273 291.925
33.319 291.939
33.348 292.021
33.311 292.069
33.316 292.052
33.356 292.084
33.338 292.134
33.337 292.143
33.358 292.164
33.378 292.214
33.365 292.237
33.396 292.264
33.414 292.329
33.423 292.362
33.446 292.38
33.471 292.422
33.494 292.468
33.515 292.472
33.555 292.476
33.61 292.489
33.631 292.523
33.674 292.488
33.74 292.461
33.81 292.464
33.864 292.476
33.91 292.453
34.002 292.415
34.073 292.425
34.126 292.418
34.19 292.384
34.273 292.388
34.339 292.418
34.369 292.421
34.449 292.396
34.522 292.418
34.572 292.404
34.654 292.337
34.74 292.321
34.77 292.334
34.782 292.256
34.866 292.224
34.903 292.272
34.905 292.241
34.985 292.215
35.012 292.262
35.01 292.278
35.038 292.264
35.054 292.283
35.052 292.292
35.065 292.264
35.132 292.252
35.19 292.3
35.228 292.355
35.274 292.402
35.318 292.487
35.334 292.558
35.358 292.623
35.343 292.675
35.322 292.714
35.293 292.728
35.262 292.766
35.221 292.78
35.192 292.777
35.158 292.757
35.119 292.744
35.076 292.724
35.038 292.709
35.003 292.681
34.973 292.613
34.97 292.55
34.964 292.556
34.941 292.52
34.946 292.464
34.983 292.453
35.002 292.453
35.056 292.425
35.142 292.419
35.221 292.461
35.269 292.499
35.35 292.517
35.477 292.58
35.574 292.674
35.65 292.738
35.756 292.819
35.83 292.924
35.876 293.035
35.913 293.153
35.907 293.288
35.912 293.429
35.897 293.518
35.853 293.581
35.772 293.646
35.672 293.637
35.583 293.632
35.489 293.639
35.359 293.628
35.264 293.603
35.185 293.593
35.087 293.586
35.007 293.575
34.917 293.572
34.842 293.578
34.764 293.587
34.689 293.602
34.624 293.613
34.572 293.618
34.514 293.614
34.466 293.602
34.424 293.592
34.385 293.565
34.356 293.537
34.339 293.542
34.313 293.574
34.282 293.597
34.264 293.624
34.236 293.662
34.177 293.654
34.138 293.626
34.098 293.585
34.071 293.546
34.023 293.495
33.978 293.452
33.881 293.364
33.802 293.257
33.747 293.14
33.676 293.017
33.583 292.878
33.513 292.73
33.439 292.605
33.362 292.47
33.298 292.329
33.253 292.188
33.234 292.043
33.228 291.914
33.221 291.799
33.238 291.703
33.269 291.6
33.279 291.523
33.308 291.419
33.355 291.354
33.367 291.319
33.389 291.228
33.443 291.107
33.516 291.014
33.592 290.913
33.568 290.756
33.529 290.669
33.482 290.71
33.413 290.688
33.414 290.636
33.433 290.631
33.393 290.636
33.358 290.554
33.403 290.514
33.416 290.522
33.405 290.507
33.457 290.43
33.549 290.445
33.581 290.469
33.603 290.454
33.712 290.428
33.794 290.472
33.821 290.53
33.849 290.511
33.922 290.544
33.976 290.634
33.991 290.671
34.078 290.681
34.131 290.761
34.145 290.828
34.191 290.832
34.281 290.884
34.322 290.968
34.366 290.968
34.431 290.966
34.48 290.937
34.513 290.843
34.537 290.716
34.568 290.591
34.609 290.494
34.656 290.433
34.696 290.373
34.764 290.338
34.767 290.421
34.732 290.431
34.722 290.374
34.756 290.369
34.76 290.418
34.781 290.37
34.827 290.319
34.877 290.296
34.888 290.26
34.91 290.213
34.945 290.179
34.975 290.18
34.995 290.19
35.034 290.224
35.058 290.32
35.046 290.458
35.009 290.566
34.998 290.693
34.997 290.837
34.975 291.0
34.95 291.138
34.937 291.252
34.916 291.347
34.915 291.433
34.896 291.527
34.882 291.602
34.871 291.678
34.839 291.726
34.773 291.724
34.738 291.705
34.691 291.74
34.628 291.709
34.612 291.655
34.619 291.616
34.614 291.624
34.586 291.584
34.616 291.542
34.629 291.538
34.64 291.542
34.668 291.517
34.746 291.528
34.817 291.563
34.913 291.585
35.041 291.596
35.16 291.644
35.314 291.694
35.559 291.758
35.846 291.788
36.123 291.803
36.321 291.79
36.467 291.752
36.577 291.756
36.634 291.796
36.64 291.879
36.605 291.943
36.583 292.015
36.547 292.066
36.529 292.118
36.549 292.215
36.544 292.354
36.522 292.481
36.503 292.623
36.541 292.712
36.567 292.793
36.601 292.878
36.675 293.011
36.728 293.146
36.778 293.27
36.795 293.366
36.831 293.512
36.775 293.654
36.726 293.696
36.752 293.689
36.765 293.746
36.773 293.753
36.764 293.829
36.722 293.869
36.7 293.879
36.699 293.879
36.693 293.861
36.695 293.82
36.718 293.772
36.797 293.791
36.861 293.867
36.908 293.909
37.002 293.938
37.091 293.973
37.15 294.014
37.185 294.012
37.158 293.943
37.199 293.838
37.316 293.822
37.5 293.865
37.789 293.975
38.171 294.186
38.515 294.481
38.794 294.905
38.933 295.373
38.969 295.865
38.964 296.261
38.971 296.59
38.959 296.975
38.911 297.414
38.963 297.962
39.164 298.415
39.427 298.694
39.682 298.943
39.858 299.199
39.959 299.395
40.035 299.53
40.104 299.617
40.164 299.663
40.221 299.693
40.257 299.785
40.255 299.854
40.246 299.956
40.197 300.078
40.16 300.219
40.077 300.438
39.927 300.717
39.746 301.031
39.552 301.37
39.412 301.713
39.312 302.056
39.269 302.333
39.25 302.586
39.209 302.758
39.191 302.914
39.115 303.03
39.028 303.083
38.92 303.107
38.794 303.083
38.657 302.997
38.532 302.851
38.422 302.692
38.311 302.491
38.255 302.262
38.248 302.064
38.247 301.92
38.268 301.782
38.328 301.703
38.4 301.666
38.475 301.689
38.56 301.729
38.676 301.779
38.84 301.925
38.944 302.001
38.995 302.087
38.97 302.16
38.976 302.282
38.975 302.369
38.955 302.416
38.923 302.465
38.853 302.491
38.788 302.53
38.662 302.59
38.573 302.604
38.528 302.64
38.461 302.686
38.348 302.703
38.24 302.685
38.132 302.643
38.029 302.567
37.946 302.476
37.904 302.402
37.857 302.347
37.794 302.278
37.727 302.226
37.67 302.175
37.635 302.124
37.619 302.035
37.59 301.98
37.516 301.924
37.424 301.805
37.349 301.685
37.258 301.566
37.158 301.422
37.062 301.327
36.96 301.237
36.883 301.18
36.817 301.096
36.793 301.08
36.779 301.092
36.793 301.143
36.801 301.224
36.824 301.323
36.858 301.436
36.862 301.511
36.907 301.548
36.982 301.587
37.071 301.624
37.147 301.636
37.184 301.616
37.219 301.572
37.256 301.471
37.315 301.379
37.336 301.295
37.352 301.212
37.315 301.163
37.264 301.111
37.199 301.032
37.129 300.94
37.074 300.874
37.03 300.828
36.989 300.821
36.944 300.827
36.934 300.828
36.93 300.839
36.963 300.856
36.99 300.841
37.01 300.823