23.744 226.411
23.736 226.383
23.736 226.343
23.75 226.307
23.754 226.277
23.756 226.24
23.75 226.207
23.752 226.162
23.758 226.127
23.757 226.094
23.758 226.057
23.751 226.038
23.742 225.99
23.75 225.95
23.756 225.919
23.759 225.908
23.748 225.872
23.747 225.842
23.759 225.814
23.775 225.807
23.773 225.791
23.778 225.768
23.778 225.747
23.782 225.731
23.778 225.716
23.762 225.689
23.782 225.664
23.797 225.66
23.802 225.656
23.799 225.645
23.826 225.636
23.835 225.646
23.837 225.639
23.835 225.641
23.853 225.639
23.852 225.644
23.862 225.64
23.856 225.652
23.852 225.634
23.865 225.621
23.873 225.61
23.875 225.611
23.876 225.588
23.875 225.573
23.865 225.555
23.864 225.547
23.857 225.522
23.857 225.493
23.856 225.47
23.85 225.438
23.852 225.409
23.843 225.389
23.818 225.359
23.806 225.32
23.791 225.299
23.769 225.278
23.744 225.257
23.727 225.232
23.711 225.212
23.706 225.192
23.696 225.19
23.657 225.179
23.641 225.156
23.625 225.15
23.615 225.146
23.582 225.153
23.563 225.139
23.55 225.139
23.539 225.131
23.52 225.124
23.511 225.119
23.492 225.119
23.483 225.088
23.474 225.08
23.473 225.068
23.471 225.063
23.46 225.043
23.443 225.009
23.436 224.979
23.434 224.936
23.432 224.897
23.459 224.873
23.463 224.871
23.445 224.874
23.4 224.86
23.388 224.831
23.38 224.817
23.369 224.814
23.351 224.816
23.32 224.792
23.311 224.76
23.322 224.744
23.315 224.754
23.283 224.748
23.268 224.72
23.259 224.702
23.258 224.701
23.23 224.692
23.223 224.683
23.19 224.675
23.169 224.645
23.175 224.624
23.165 224.628
23.133 224.623
23.097 224.613
23.081 224.589
23.081 224.567
23.079 224.574
23.057 224.588
23.029 224.578
23.009 224.551
23.024 224.536
23.023 224.55
23.0 224.567
22.974 224.565
22.962 224.547
22.951 224.531
22.96 224.534
22.948 224.544
22.926 224.548
22.893 224.534
22.893 224.513
22.898 224.522
22.889 224.534
22.876 224.529
22.874 224.523
22.866 224.518
22.875 224.519
22.867 224.532
22.844 224.489
22.836 224.473
22.821 224.471
22.805 224.474
22.789 224.479
22.771 224.481
22.769 224.496
22.767 224.501
22.755 224.508
22.749 224.495
22.761 224.504
22.759 224.505
22.754 224.501
22.76 224.496
22.764 224.512
22.758 224.523
22.746 224.531
22.742 224.527
22.741 224.544
22.731 224.561
22.712 224.573
22.7 224.574
22.704 224.586
22.7 224.597
22.694 224.605
22.695 224.618
22.678 224.643
22.658 224.647
22.643 224.646
22.649 224.658
22.635 224.688
22.621 224.714
22.59 224.726
22.578 224.721
22.573 224.724
22.575 224.759
22.546 224.776
22.519 224.776
22.529 224.763
22.543 224.78
22.537 224.805
22.517 224.833
22.497 224.827
22.486 224.817
22.496 224.81
22.495 224.825
22.48 224.834
22.464 224.843
22.454 224.836
22.46 224.836
22.466 224.853
22.461 224.867
22.469 224.878
22.472 224.887
22.461 224.896
22.471 224.89
22.487 224.911
22.474 224.927
22.466 224.943
22.467 224.939
22.471 224.955
22.474 224.971
22.469 224.995
22.464 225.022
22.46 225.046
22.462 225.057
22.483 225.088
22.5 225.133
22.514 225.179
22.517 225.215
22.527 225.22
22.535 225.252
22.544 225.29
22.568 225.336
22.572 225.392
22.571 225.432
22.586 225.442
22.625 225.461
22.641 225.483
22.65 225.486
22.648 225.467
22.664 225.449
22.654 225.439
22.651 225.439
22.644 225.446
22.647 225.468
22.627 225.508
22.608 225.528
22.616 225.554
22.644 225.594
22.65 225.657
22.644 225.677
22.663 225.71
22.678 225.701
22.686 225.745
22.681 225.772
22.683 225.816
22.693 225.851
22.712 225.886
22.764 225.924
22.808 225.947
22.818 225.947
22.822 225.969
22.839 225.989
22.863 226.046
22.895 226.068
22.911 226.099
22.934 226.104
22.951 226.135
22.981 226.156
22.995 226.183
23.01 226.205
23.024 226.262
23.038 226.292
23.061 226.33
23.095 226.371
23.115 226.408
23.14 226.428
23.169 226.445
23.216 226.47
23.25 226.487
23.3 226.505
23.324 226.506
23.331 226.493
23.334 226.477
23.335 226.458
23.334 226.438
23.332 226.417
23.33 226.397
23.327 226.378
23.324 226.362
23.321 226.349
23.315 226.345
23.31 226.355
23.327 226.367
23.347 226.378
23.366 226.388
23.381 226.392
23.373 226.378
23.349 226.364
23.333 226.376
23.337 226.399
23.362 226.422
23.385 226.416
23.376 226.401
23.345 226.405
23.33 226.43
23.352 226.437
23.358 226.446
23.352 226.468
23.351 226.48
23.359 226.491
23.368 226.523
23.378 226.529
23.389 226.538
23.38 226.552
23.393 226.581
23.404 226.613
23.436 226.613
23.446 226.646
23.456 226.617
23.454 226.608
23.469 226.629
23.457 226.67
23.46 226.672
23.479 226.666
23.505 226.654
23.493 226.65
23.45 226.651
23.436 226.677
23.446 226.7
23.469 226.746
23.51 226.754
23.517 226.747
23.51 226.757
23.514 226.774
23.557 226.781
23.579 226.778
23.564 226.765
23.553 226.757
23.575 226.764
23.587 226.774
23.59 226.744
23.559 226.725
23.539 226.71
23.53 226.723
23.536 226.73
23.543 226.726
23.528 226.7
23.498 226.707
23.477 226.733
23.482 226.752
23.491 226.766
23.486 226.758
23.445 226.755
23.433 226.762
23.428 226.775
23.416 226.8
23.398 226.826
23.386 226.843
23.375 226.86
23.363 226.878
23.345 226.91
23.339 226.94
23.322 226.957
23.323 226.981
23.314 227.021
23.307 227.045
23.31 227.074
23.308 227.093
23.306 227.114
23.308 227.139
23.296 227.163
23.295 227.188
23.287 227.217
23.276 227.235
23.27 227.268
23.262 227.297
23.269 227.331
23.252 227.349
23.259 227.371
23.256 227.4
23.26 227.421
23.243 227.455
23.237 227.47
23.238 227.507
23.237 227.55
23.236 227.593
23.237 227.633
23.259 227.671
23.273 227.721
23.288 227.741
23.312 227.785
23.327 227.789
23.366 227.827
23.383 227.849
23.401 227.861
23.435 227.87
23.472 227.889
23.516 227.922
23.533 227.923
23.583 227.921
23.619 227.929
23.655 227.935
23.679 227.93
23.721 227.939
23.756 227.93
23.801 227.92
23.838 227.9
23.877 227.904
23.898 227.883
23.933 227.867
23.97 227.85
24.011 227.819
24.037 227.78
24.065 227.736
24.072 227.702
24.076 227.658
24.076 227.635
24.064 227.631
24.053 227.637
24.049 227.63
24.049 227.628
24.052 227.62
24.057 227.617
24.06 227.617
24.062 227.604
24.069 227.587
24.092 227.573
24.112 227.577
24.11 227.573
24.103 227.552
24.131 227.523
24.153 227.518
24.163 227.511
24.164 227.49
24.176 227.465
24.203 227.448
24.226 227.446
24.235 227.445
24.247 227.438
24.25 227.424
24.28 227.395
24.309 227.398
24.324 227.392
24.327 227.379
24.33 227.364
24.341 227.346
24.37 227.339
24.374 227.344
24.372 227.326
24.392 227.3
24.411 227.263
24.417 227.253
24.419 227.237
24.433 227.193
24.432 227.136
24.437 227.118
24.427 227.11
24.452 227.092
24.455 227.045
24.454 227.001
24.445 226.979
24.46 226.976
24.466 226.95
24.476 226.898
24.461 226.86
24.464 226.843
24.48 226.821
24.492 226.776
24.482 226.703
24.469 226.66
24.466 226.634
24.467 226.613
24.468 226.575
24.485 226.516
24.485 226.459
24.462 226.407
24.446 226.352
24.451 226.317
24.454 226.28
24.472 226.235
24.448 226.184
24.447 226.135
24.442 226.098
24.439 226.063
24.433 226.026
24.424 225.982
24.415 225.946
24.406 225.914
24.402 225.887
24.393 225.865
24.4 225.831
24.403 225.796
24.405 225.759
24.391 225.724
24.387 225.695
24.386 225.673
24.39 225.646
24.4 225.606
24.409 225.561
24.401 225.512
24.384 225.472
24.377 225.433
24.382 225.414
24.37 225.386
24.361 225.351
24.366 225.328
24.358 225.298
24.345 225.251
24.33 225.221
24.312 225.187
24.295 225.149
24.276 225.118
24.257 225.092
24.246 225.065
24.225 225.028
24.207 224.998
24.171 224.967
24.146 224.936
24.108 224.898
24.069 224.876
24.024 224.84
23.985 224.819
23.931 224.784
23.889 224.762
23.83 224.736
23.783 224.707
23.744 224.684
23.708 224.67
23.653 224.651
23.617 224.645
23.573 224.638
23.54 224.636
23.493 224.636
23.448 224.63
23.415 224.616
23.385 224.612
23.351 224.61
23.313 224.611
23.271 224.605
23.239 224.61
23.207 224.617
23.17 224.628
23.128 224.651
23.088 224.683
23.053 224.714
23.043 224.738
23.031 224.771
23.013 224.798
23.002 224.813
22.998 224.83
22.997 224.861
23.004 224.882
22.998 224.901
23.005 224.922
23.014 224.943
23.025 224.965
23.036 224.987
23.049 225.01
23.061 225.034
23.074 225.059
23.087 225.086
23.1 225.114
23.113 225.147
23.132 225.188
23.167 225.234
23.185 225.272
23.218 225.294
23.257 225.312
23.296 225.335
23.32 225.354
23.358 225.365
23.4 225.361
23.437 225.372
23.47 225.362
23.528 225.356
23.56 225.343
23.604 225.335
23.632 225.309
23.676 225.276
23.702 225.24
23.728 225.203
23.742 225.156
23.747 225.108
23.749 225.048
23.733 225.0
23.723 224.951
23.692 224.907
23.676 224.863
23.637 224.827
23.614 224.801
23.568 224.776
23.532 224.741
23.487 224.723
23.441 224.743
23.388 224.751
23.348 224.749
23.309 224.782
23.272 224.816
23.232 224.856
23.196 224.883
23.169 224.919
23.157 224.955
23.143 225.006
23.115 225.022
23.114 225.055
23.101 225.083
23.119 225.134
23.089 225.166
23.086 225.193
23.086 225.222
23.101 225.262
23.097 225.301
23.118 225.326
23.12 225.349
23.142 225.353
23.152 225.366
23.181 225.381
23.193 225.4
23.212 225.408
23.218 225.405
23.254 225.397
23.293 225.408
23.317 225.409
23.336 225.391
23.38 225.373
23.419 225.37
23.451 225.359
23.48 225.348
23.513 225.326
23.555 225.291
23.603 225.252
23.65 225.209
23.688 225.168
23.718 225.113
23.746 225.045
23.768 224.999
23.773 224.949
23.774 224.894
23.761 224.833
23.768 224.787
23.733 224.756
23.712 224.711
23.685 224.671
23.667 224.659
23.624 224.632
23.596 224.623
23.57 224.609
23.541 224.613
23.51 224.61
23.488 224.623
23.458 224.632
23.435 224.652
23.413 224.66
23.411 224.692
23.388 224.713
23.39 224.731
23.377 224.763
23.392 224.776
23.392 224.816
23.402 224.825
23.425 224.848
23.444 224.865
23.472 224.883
23.498 224.886
23.532 224.89
23.578 224.886
23.628 224.879
23.666 224.851
23.71 224.81
23.753 224.768
23.791 224.74
23.786 224.702
23.781 224.631
23.789 224.557
23.785 224.507
23.76 224.458
23.718 224.399
23.677 224.353
23.629 224.322
23.576 224.27
23.549 224.24
23.518 224.229
23.47 224.253
23.409 224.238
23.371 224.234
23.358 224.247
23.331 224.288
23.277 224.305
23.249 224.304
23.244 224.309
23.237 224.367
23.195 224.386
23.166 224.396
23.142 224.41
23.131 224.437
23.114 224.455
23.099 224.473
23.082 224.494
23.074 224.517
23.062 224.514
23.054 224.527
23.049 224.538
23.032 224.547
23.017 224.556
23.027 224.563
23.024 224.591
23.018 224.604
23.014 224.61
23.027 224.604
23.045 224.627
23.065 224.631
23.084 224.628
23.097 224.61
23.132 224.59
23.161 224.582
23.18 224.569
23.198 224.554
23.221 224.54
23.238 224.515
23.247 224.48
23.259 224.44
23.266 224.412
23.254 224.376
23.238 224.34
23.223 224.314
23.195 224.318
23.143 224.302
23.116 224.306
23.073 224.327
23.024 224.356
22.976 224.391
22.92 224.437
22.873 224.494
22.817 224.558
22.768 224.624
22.72 224.694
22.684 224.758
22.666 224.827
22.647 224.885
22.633 224.931
22.639 224.95
22.673 224.994
22.678 225.023
22.694 225.007
22.733 224.98
22.785 224.979
22.802 224.961
22.82 224.912
22.854 224.854
22.873 224.812
22.87 224.792
22.856 224.756
22.847 224.724
22.837 224.697
22.818 224.688
22.776 224.67
22.741 224.685
22.714 224.677
22.69 224.686
22.657 224.712
22.623 224.733
22.593 224.733
22.59 224.751
22.572 224.788
22.554 224.821
22.555 224.831
22.554 224.856
22.553 224.882
22.554 224.909
22.571 224.929
22.592 224.938
22.616 224.944
22.644 224.939
22.678 224.924
22.709 224.907
22.734 224.876
22.744 224.847
22.755 224.797
22.768 224.764
22.753 224.738
22.731 224.702
22.696 224.693
22.653 224.677
22.611 224.684
22.555 224.695
22.512 224.715
22.472 224.763
22.417 224.796
22.399 224.815
22.397 224.832
22.392 224.868
22.372 224.886
22.391 224.876
22.424 224.886
22.436 224.899
22.45 224.902
22.468 224.892
22.486 224.873
22.504 224.853
22.5 224.83
22.499 224.799
22.498 224.77
22.495 224.758
22.466 224.746
22.445 224.745
22.426 224.746
22.422 224.736
22.388 224.747
22.344 224.76
22.327 224.75
22.309 224.784
22.287 224.808
22.265 224.837
22.244 224.855
22.242 224.872
22.244 224.893
22.246 224.924
22.247 224.931
22.259 224.939
22.268 224.948
22.282 224.954
22.298 224.951
22.315 224.946
22.335 224.941
22.35 224.94
22.378 224.92
22.402 224.89
22.434 224.852
22.484 224.833
22.496 224.785
22.511 224.72
22.517 224.665
22.521 224.611
22.524 224.557
22.521 224.501
22.507 224.439
22.486 224.404
22.448 224.371
22.403 224.35
22.353 224.331
22.302 224.339
22.252 224.352
22.206 224.384
22.166 224.418
22.117 224.449
22.094 224.471
22.069 224.503
22.045 224.538
22.031 224.58
22.014 224.63
21.999 224.657
21.991 224.7
21.988 224.736
21.996 224.771
21.991 224.794
22.007 224.813
22.033 224.842
22.056 224.867
22.054 224.879
22.071 224.864
22.105 224.869
22.14 224.872
22.15 224.869
22.179 224.834
22.213 224.817
22.234 224.793
22.251 224.756
22.276 224.698
22.287 224.662
22.297 224.612
22.283 224.56
22.283 224.492
22.284 224.45
22.255 224.398
22.235 224.366
22.214 224.317
22.191 224.269
22.16 224.231
22.122 224.203
22.085 224.17
22.048 224.141
22.013 224.119
21.98 224.113
21.942 224.11
21.894 224.105
21.854 224.103
21.817 224.105
21.784 224.106
21.738 224.124
21.701 224.144
21.656 224.164
21.615 224.177
21.586 224.195
21.573 224.215
21.524 224.243
21.489 224.256
21.46 224.267
21.45 224.292
21.424 224.296
21.411 224.307
21.419 224.347
21.408 224.379
21.402 224.388
21.403 224.399
21.406 224.412
21.41 224.425
21.415 224.438
21.422 224.45
21.432 224.458
21.455 224.457
21.477 224.469
21.496 224.483
21.51 224.491
21.521 224.482
21.552 224.478
21.583 224.476
21.599 224.465
21.623 224.442
21.652 224.415
21.682 224.384
21.714 224.346
21.735 224.312
21.729 224.292
21.727 224.214
21.73 224.161
21.718 224.126
21.681 224.101
21.632 224.045
21.609 223.998
21.579 223.993
21.518 223.986
21.475 223.954
21.437 223.925
21.401 223.928
21.345 223.942
21.286 223.942
21.234 223.94
21.206 223.958
21.154 223.99
21.106 224.005
21.061 224.019
21.029 224.058
20.979 224.116
20.942 224.13
20.908 224.142
20.875 224.185
20.841 224.211
20.807 224.234
20.781 224.262
20.771 224.303
20.758 224.33
20.745 224.353
20.732 224.374
20.719 224.394
20.705 224.413
20.693 224.432
20.681 224.452
20.671 224.474
20.664 224.5
20.669 224.539
20.659 224.571
20.654 224.576
20.669 224.576
20.684 224.577
20.707 224.593
20.712 224.602
20.725 224.595
20.736 224.578
20.754 224.563
20.783 224.545
20.797 224.543
20.795 224.519
20.805 224.498
20.81 224.466
20.816 224.432
20.825 224.401
20.83 224.373
20.816 224.345
20.805 224.301
20.795 224.252
20.787 224.199
20.772 224.163
20.734 224.134
20.697 224.101
20.683 224.047
20.689 224.02
20.66 224.019
20.613 223.993
20.584 223.945
20.573 223.919
20.544 223.906
20.514 223.878
20.49 223.86
20.459 223.846
20.422 223.822
20.403 223.793
20.385 223.8
20.352 223.803
20.323 223.807
20.291 223.789
20.271 223.782
20.262 223.803
20.215 223.815
20.189 223.808
20.16 223.814
20.146 223.841
20.092 223.868
20.045 223.887
20.01 223.901
19.981 223.927
19.94 223.971
19.897 224.015
19.856 224.046
19.829 224.072
19.807 224.101
19.791 224.134
19.764 224.175
19.741 224.209
19.721 224.241
19.709 224.254
19.715 224.276
19.73 224.31
19.718 224.346
19.696 224.359
19.712 224.366
19.739 224.384
19.744 224.439
19.723 224.461
19.728 224.465
19.743 224.497
19.759 224.536
19.756 224.573
19.787 224.592
19.828 224.627
19.875 224.665
19.888 224.689
19.942 224.684
19.988 224.692
20.046 224.701
20.086 224.702
20.134 224.68
20.198 224.654
20.246 224.643
20.275 224.631
20.293 224.595
20.323 224.581
20.341 224.569
20.359 224.563
20.357 224.543
20.369 224.533
20.368 224.512
20.368 224.499
20.362 224.484
20.357 224.48
20.332 224.473
20.32 224.471
20.306 224.468
20.292 224.468
20.286 224.481
20.274 224.494
20.263 224.48
20.254 224.47
20.273 224.452
20.281 224.479
20.263 224.483
20.236 224.493
20.218 224.485
20.203 224.48
20.209 224.469
20.198 224.476
20.18 224.494
20.16 224.518
20.141 224.546
20.13 224.582
20.116 224.625
20.108 224.644
20.109 224.669
20.125 224.701
20.123 224.733
20.139 224.748
20.165 224.773
20.198 224.786
20.228 224.798
20.27 224.808
20.309 224.799
20.358 224.789
20.395 224.763
20.451 224.746
20.488 224.719
20.517 224.677
20.557 224.633
20.59 224.591
20.613 224.562
20.616 224.525
20.617 224.482
20.622 224.442
20.633 224.418
20.62 224.401
20.6 224.388
20.577 224.374
20.556 224.353
20.529 224.351
20.504 224.357
20.485 224.363
20.458 224.385
20.417 224.388
20.404 224.37
20.417 224.355
20.428 224.374
20.416 224.399
20.388 224.404
20.375 224.392
20.387 224.381
20.388 224.405
20.369 224.422
20.366 224.41
20.375 224.407
20.387 224.429
20.376 224.435
20.379 224.435
20.381 224.45
20.388 224.462
20.392 224.47
20.402 224.475
20.417 224.474
20.443 224.491
20.46 224.494
20.487 224.495
20.521 224.496
20.551 224.498
20.576 224.492
20.617 224.488
20.651 224.497
20.678 224.494
20.714 224.477
20.765 224.46
20.81 224.469
20.843 224.469
20.874 224.459
20.909 224.44
20.962 224.436
21.01 224.451
21.043 224.434
21.095 224.413
21.144 224.401
21.166 224.387
21.223 224.362
21.266 224.349
21.299 224.322
21.324 224.299
21.363 224.259
21.396 224.226
21.419 224.207
21.453 224.187
21.485 224.154
21.496 224.116
21.532 224.078
21.563 224.055
21.583 224.017
21.6 223.973
21.622 223.949
21.629 223.924
21.637 223.896
21.657 223.873
21.663 223.859
21.663 223.859
21.672 223.851
21.687 223.838
21.704 223.823
21.719 223.809
21.733 223.798
21.746 223.787
21.756 223.777
21.766 223.765
21.783 223.752
21.801 223.745
21.813 223.736
21.824 223.727
21.835 223.72
21.843 223.717
21.857 223.711
21.861 223.709
21.864 223.699
21.877 223.695
21.9 223.713
21.922 223.721
21.943 223.71
21.985 223.685
22.023 223.658
22.046 223.62
22.069 223.584
22.077 223.542
22.095 223.495
22.12 223.464
22.139 223.421
22.155 223.393
22.178 223.351
22.188 223.314
22.204 223.272
22.219 223.226
22.248 223.177
22.262 223.141
22.256 223.088
22.271 223.022
22.292 222.967
22.303 222.913
22.31 222.866
22.315 222.809
22.33 222.756
22.338 222.711
22.353 222.662
22.355 222.629
22.358 222.573
22.376 222.521
22.388 222.477
22.398 222.436
22.408 222.393
22.418 222.343
22.424 222.285
22.428 222.227
22.415 222.175
22.398 222.125
22.378 222.076
22.358 222.022
22.337 221.974
22.315 221.937
22.292 221.904
22.268 221.873
22.245 221.845
22.219 221.815
22.189 221.788
22.175 221.772
22.131 221.768
22.093 221.737
22.066 221.706
22.054 221.692
22.022 221.698
21.982 221.682
21.95 221.668
21.917 221.652
21.907 221.643
21.89 221.646
21.855 221.648
21.827 221.654
21.793 221.646
21.779 221.647
21.758 221.655
21.736 221.673
21.712 221.678
21.675 221.679
21.669 221.685
21.666 221.695
21.66 221.7
21.632 221.705
21.628 221.707
21.624 221.712
21.611 221.708
21.602 221.712
21.594 221.73
21.585 221.748
21.565 221.755
21.561 221.759
21.553 221.768
21.546 221.78
21.538 221.792
21.531 221.805
21.524 221.818
21.516 221.829
21.511 221.841
21.506 221.853
21.501 221.865
21.495 221.877
21.48 221.898
21.45 221.901
21.452 221.893
21.452 221.902
21.438 221.919
21.412 221.923
21.408 221.906
21.402 221.912
21.4 221.922
21.366 221.934
21.343 221.93
21.316 221.944
21.289 221.964
21.251 221.995
21.23 222.006
21.214 222.052
21.175 222.075
21.166 222.101
21.157 222.123
21.167 222.17
21.155 222.209
21.164 222.239
21.165 222.27
21.163 222.302
21.164 222.318
21.191 222.344
21.197 222.368
21.215 222.4
21.229 222.437
21.235 222.458
21.254 222.484
21.282 222.518
21.288 222.556
21.295 222.575
21.315 222.595
21.328 222.613
21.357 222.626
21.382 222.644
21.409 222.649
21.447 222.656
21.474 222.667
21.512 222.674
21.542 222.674
21.568 222.677
21.6 222.681
21.62 222.677
21.651 222.672
21.678 222.678
21.704 222.684
21.729 222.675
21.778 222.681
21.808 222.699
21.835 222.714
21.855 222.719
21.886 222.717
21.916 222.728
21.952 222.735
21.99 222.756
22.024 222.767
22.056 222.774
22.108 222.766
22.156 222.769
22.2 222.737
22.214 222.716
22.232 222.728
22.271 222.737
22.311 222.717
22.331 222.712
22.358 222.725
22.385 222.719
22.391 222.682
22.402 222.682
22.422 222.701
22.474 222.702
22.498 222.673
22.494 222.637
22.496 222.61
22.511 222.605
22.508 222.605
22.51 222.592
22.52 222.584
22.548 222.584
22.576 222.579
22.589 222.54
22.592 222.483
22.584 222.429
22.577 222.401
22.562 222.379
22.54 222.347
22.56 222.33
22.571 222.323
22.587 222.294
22.57 222.235
22.56 222.201
22.546 222.176
22.564 222.165
22.578 222.119
22.584 222.091
22.569 222.035
22.559 221.975
22.532 221.908
22.521 221.861
22.498 221.817
22.467 221.788
22.481 221.733
22.509 221.665
22.489 221.597
22.438 221.549
22.428 221.487
22.442 221.446
22.447 221.364
22.426 221.311
22.399 221.248
22.389 221.185
22.398 221.137
22.379 221.079
22.381 221.027
22.365 220.979
22.363 220.912
22.359 220.854
22.376 220.8
22.374 220.765
22.357 220.715
22.356 220.651
22.376 220.599
22.376 220.561
22.367 220.517
22.362 220.457
22.377 220.411
22.377 220.364
22.38 220.328
22.375 220.287
22.375 220.247
22.354 220.202
22.34 220.161
22.318 220.133
22.285 220.111
22.251 220.079
22.204 220.043
22.181 220.011
22.154 220.001
22.113 219.991
22.071 219.964
22.048 219.953
22.008 219.962
21.969 219.933
21.934 219.924
21.89 219.926
21.854 219.915
21.828 219.905
21.783 219.904
21.744 219.887
21.724 219.871
21.692 219.868
21.653 219.842
21.652 219.81
21.64 219.796
21.623 219.809
21.604 219.814
21.589 219.838
21.552 219.864
21.558 219.892
21.558 219.944
21.561 219.98
21.572 219.989
21.555 220.01
21.521 220.037
21.502 220.056
21.498 220.069
21.476 220.08
21.446 220.093
21.444 220.142
21.44 220.166
21.425 220.199
21.406 220.21
21.386 220.226
21.355 220.256
21.325 220.293
21.301 220.336
21.275 220.356
21.257 220.386
21.241 220.425
21.224 220.456
21.198 220.476
21.191 220.528
21.19 220.557
21.182 220.579
21.158 220.628
21.164 220.667
21.169 220.687
21.17 220.735
21.149 220.776
21.154 220.81
21.165 220.847
21.153 220.888
21.136 220.922
21.143 220.945
21.161 220.982
21.165 221.035
21.155 221.063
21.148 221.095
21.174 221.124
21.184 221.164
21.193 221.211
21.198 221.247
21.207 221.271
21.221 221.307
21.244 221.338
21.248 221.372
21.263 221.405
21.273 221.441
21.296 221.475
21.295 221.512
21.308 221.539
21.33 221.572
21.351 221.612
21.355 221.645