39.987 210.24
39.98 210.249
39.983 210.264
39.991 210.287
39.974 210.298
39.982 210.3
39.975 210.327
39.982 210.334
39.974 210.354
39.981 210.363
39.976 210.39
39.983 210.379
40.006 210.413
40.001 210.45
39.995 210.457
40.031 210.463
40.043 210.535
40.057 210.542
40.093 210.601
40.09 210.639
40.118 210.643
40.145 210.671
40.155 210.724
40.151 210.741
40.167 210.756
40.182 210.784
40.182 210.819
40.196 210.806
40.257 210.826
40.282 210.864
40.333 210.864
40.388 210.934
40.35 211.0
40.368 210.956
40.443 211.038
40.43 211.127
40.373 211.165
40.361 211.113
40.418 211.141
40.366 211.228
40.333 211.142
40.409 211.123
40.403 211.213
40.373 211.135
40.487 211.098
40.515 211.224
40.47 211.189
40.575 211.161
40.613 211.304
40.616 211.327
40.617 211.33
40.621 211.403
40.58 211.442
40.588 211.443
40.588 211.495
40.566 211.488
40.595 211.475
40.621 211.55
40.585 211.619
40.576 211.555
40.617 211.636
40.546 211.696
40.53 211.666
40.55 211.696
40.503 211.753
40.485 211.694
40.524 211.72
40.477 211.755
40.442 211.7
40.491 211.716
40.429 211.793
40.383 211.723
40.43 211.738
40.382 211.849
40.313 211.832
40.337 211.846
40.305 211.95
40.284 211.923
40.33 211.945
40.326 211.991
40.309 211.98
40.346 211.988
40.355 212.071
40.345 212.073
40.358 212.087
40.347 212.094
40.34 212.103
40.33 212.085
40.335 212.081
40.31 212.071
40.313 212.061
40.307 212.066
40.288 212.081
40.273 212.07
40.276 212.096
40.255 212.13
40.258 212.133
40.282 212.172
40.276 212.21
40.296 212.205
40.329 212.234
40.32 212.273
40.31 212.262
40.319 212.274
40.303 212.287
40.287 212.272
40.305 212.278
40.282 212.291
40.285 212.272
40.3 212.296
40.278 212.331
40.257 212.304
40.251 212.3
40.222 212.304
40.199 212.297
40.191 212.285
40.178 212.309
40.155 212.306
40.159 212.321
40.153 212.334
40.151 212.368
40.15 212.368
40.168 212.395
40.166 212.399
40.173 212.396
40.186 212.404
40.189 212.432
40.185 212.423
40.214 212.426
40.212 212.454
40.218 212.449
40.253 212.448
40.274 212.481
40.254 212.484
40.295 212.491
40.293 212.56
40.268 212.541
40.263 212.534
40.288 212.521
40.293 212.529
40.309 212.505
40.328 212.521
40.338 212.54
40.33 212.594
40.3 212.576
40.305 212.595
40.293 212.623
40.27 212.632
40.28 212.612
40.275 212.643
40.269 212.619
40.284 212.645
40.265 212.65
40.276 212.665
40.275 212.69
40.265 212.698
40.279 212.697
40.281 212.743
40.271 212.737
40.298 212.748
40.284 212.77
40.298 212.76
40.31 212.786
40.305 212.781
40.311 212.791
40.311 212.79
40.304 212.815
40.303 212.8
40.309 212.822
40.288 212.831
40.293 212.812
40.297 212.831
40.28 212.829
40.279 212.811
40.285 212.828
40.267 212.819
40.277 212.805
40.269 212.829
40.269 212.814
40.279 212.814
40.28 212.813
40.274 212.816
40.286 212.8
40.292 212.826
40.284 212.803
40.311 212.82
40.306 212.846
40.318 212.857
40.331 212.87
40.327 212.893
40.337 212.891
40.347 212.911
40.349 212.909
40.357 212.914
40.359 212.909
40.366 212.898
40.373 212.874
40.38 212.854
40.389 212.798
40.399 212.762
40.39 212.698
40.381 212.662
40.342 212.633
40.335 212.632
40.344 212.611
40.355 212.602
40.345 212.573
40.369 212.551
40.365 212.542
40.388 212.525
40.398 212.513
40.42 212.498
40.456 212.511
40.453 212.543
40.452 212.533
40.464 212.546
40.457 212.565
40.467 212.589
40.488 212.646
40.502 212.72
40.511 212.766
40.511 212.834
40.507 212.881
40.506 212.936
40.486 212.962
40.466 212.986
40.446 213.0
40.458 213.036
40.42 213.04
40.415 213.063
40.389 213.083
40.403 213.07
40.417 213.097
40.398 213.167
40.37 213.194
40.376 213.242
40.322 213.273
40.321 213.247
40.327 213.274
40.306 213.296
40.286 213.272
40.313 213.285
40.284 213.326
40.288 213.303
40.31 213.329
40.301 213.372
40.288 213.371
40.336 213.373
40.321 213.422
40.335 213.389
40.378 213.413
40.385 213.413
40.392 213.384
40.445 213.374
40.452 213.411
40.459 213.373
40.525 213.391
40.532 213.415
40.552 213.4
40.579 213.406
40.615 213.442
40.601 213.441
40.63 213.412
40.626 213.433
40.602 213.385
40.649 213.37
40.664 213.425
40.661 213.439
40.677 213.445
40.671 213.477
40.651 213.457
40.673 213.456
40.658 213.487
40.645 213.477
40.664 213.463
40.665 213.501
40.63 213.476
40.66 213.463
40.655 213.489
40.629 213.473
40.639 213.452
40.631 213.491
40.589 213.475
40.606 213.455
40.618 213.483
40.608 213.515
40.595 213.502
40.598 213.52
40.567 213.555
40.552 213.559
40.55 213.578
40.518 213.603
40.5 213.579
40.498 213.625
40.493 213.646
40.523 213.651
40.537 213.667
40.529 213.697
40.529 213.655
40.563 213.681
40.535 213.694
40.545 213.661
40.569 213.688
40.564 213.719
40.557 213.715
40.577 213.714
40.561 213.735
40.556 213.703
40.565 213.732
40.544 213.748
40.552 213.749
40.576 213.789
40.58 213.839
40.623 213.842
40.656 213.914
40.658 213.923
40.701 213.96
40.706 214.008
40.714 214.041
40.714 214.054
40.722 214.094
40.722 214.083
40.756 214.098
40.747 214.087
40.748 214.065
40.747 214.085
40.765 214.105
40.774 214.09
40.793 214.115
40.764 214.136
40.769 214.108
40.772 214.117
40.8 214.102
40.807 214.116
40.828 214.086
40.848 214.096
40.851 214.068
40.858 214.058
40.871 214.038
40.858 214.046
40.852 214.007
40.86 214.037
40.845 214.012
40.875 214.02
40.876 214.028
40.884 214.047
40.9 214.049
40.916 214.088
40.902 214.104
40.903 214.123
40.886 214.144
40.888 214.14
40.919 214.156
40.923 214.143
40.922 214.117
40.93 214.112
40.928 214.137
40.943 214.139
40.963 214.149
40.934 214.161
40.912 214.163
40.927 214.16
40.942 214.192
40.942 214.169
40.968 214.141
40.95 214.132
40.947 214.158
40.966 214.162
40.975 214.193
40.963 214.208
40.966 214.222
40.954 214.258
40.942 214.284
40.926 214.292
40.941 214.298
40.92 214.328
40.918 214.307
40.941 214.32
40.946 214.327
40.947 214.338
40.956 214.379
40.92 214.409
40.931 214.396
40.939 214.43
40.926 214.44
40.934 214.448
40.935 214.479
40.918 214.496
40.916 214.504
40.921 214.508
40.933 214.544
40.925 214.552
40.949 214.562
40.966 214.598
40.965 214.607
40.992 214.621
41.005 214.667
41.009 214.675
41.038 214.691
41.048 214.737
41.041 214.741
41.065 214.773
41.063 214.817
41.059 214.846
41.062 214.898
41.054 214.981
41.042 215.02
41.061 215.089
41.053 215.156
41.065 215.226
41.049 215.295
41.052 215.353
41.037 215.423
41.046 215.474
41.033 215.533
41.042 215.582
41.023 215.641
41.027 215.663
41.049 215.676
41.08 215.726
41.067 215.789
41.093 215.807
41.118 215.912
41.106 215.976
41.105 216.009
41.109 216.056
41.117 216.1
41.129 216.118
41.159 216.153
41.154 216.223
41.136 216.253
41.113 216.303
41.089 216.35
41.078 216.373
41.092 216.451
41.037 216.527
41.014 216.543
41.002 216.599
40.967 216.654
40.932 216.685
40.932 216.747
40.896 216.812
40.89 216.84
40.886 216.902
40.87 216.962
40.865 216.986
40.88 217.061
40.853 217.127
40.857 217.177
40.865 217.267
40.825 217.328
40.819 217.351
40.805 217.406
40.777 217.452
40.752 217.469
40.728 217.505
40.674 217.539
40.641 217.568
40.606 217.616
40.575 217.661
40.54 217.699
40.507 217.742
40.476 217.775
40.449 217.832
40.416 217.865
40.419 217.905
40.411 217.915
40.395 217.924
40.387 217.94
40.42 217.985
40.412 218.069
40.399 218.088
40.391 218.146
40.366 218.195
40.333 218.234
40.309 218.231
40.286 218.241
40.283 218.236
40.292 218.251
40.3 218.255
40.326 218.279
40.351 218.315
40.373 218.375
40.377 218.423
40.37 218.446
40.374 218.43
40.41 218.463
40.394 218.497
40.407 218.494
40.418 218.531
40.413 218.549
40.409 218.567
40.42 218.588
40.395 218.595
40.424 218.585
40.411 218.618
40.423 218.612
40.433 218.643
40.416 218.641
40.425 218.62
40.472 218.655
40.43 218.745
40.381 218.745
40.351 218.73
40.374 218.731
40.36 218.767
40.365 218.735
40.388 218.769
40.365 218.782
40.361 218.734
40.386 218.733
40.36 218.749
40.35 218.724
40.36 218.732
40.345 218.75
40.335 218.75
40.343 218.768
40.339 218.804
40.33 218.825
40.348 218.848
40.342 218.902
40.332 218.919
40.351 218.93
40.361 218.991
40.344 219.0
40.383 219.009
40.404 219.06
40.413 219.074
40.461 219.065
40.492 219.122
40.52 219.125
40.543 219.153
40.558 219.133
40.611 219.145
40.623 219.149
40.672 219.143
40.694 219.145
40.723 219.122
40.738 219.109
40.761 219.095
40.795 219.08
40.809 219.082
40.826 219.05
40.849 219.052
40.86 219.039
40.877 219.036
40.897 219.028
40.908 219.037
40.913 219.077
40.91 219.092
40.948 219.053
40.973 219.086
40.97 219.091
40.982 219.059
41.02 219.081
40.998 219.102
41.03 219.087
41.053 219.123
41.07 219.146
41.086 219.152
41.127 219.181
41.139 219.219
41.166 219.23
41.191 219.26
41.202 219.318
41.203 219.314
41.248 219.333
41.245 219.364
41.262 219.362
41.281 219.364
41.294 219.381
41.297 219.366
41.312 219.381
41.306 219.408
41.284 219.385
41.316 219.371
41.3 219.412
41.285 219.375
41.312 219.388
41.299 219.407
41.302 219.429
41.29 219.453
41.285 219.457
41.281 219.487
41.278 219.523
41.263 219.538
41.288 219.581
41.281 219.683
41.226 219.72
41.218 219.681
41.242 219.715
41.213 219.778
41.198 219.779
41.224 219.816
41.208 219.883
41.193 219.92
41.191 219.969
41.159 220.009
41.151 220.01
41.163 220.059
41.134 220.091
41.137 220.102
41.134 220.14
41.111 220.156
41.112 220.144
41.124 220.184
41.094 220.203
41.096 220.188
41.103 220.221
41.074 220.257
41.054 220.226
41.054 220.264
41.003 220.278
40.979 220.247
40.996 220.25
40.955 220.287
40.952 220.224
40.967 220.25
40.941 220.258
40.913 220.243
40.928 220.221
40.906 220.254
40.869 220.228
40.854 220.217
40.833 220.229
40.805 220.211
40.787 220.197
40.77 220.206
40.751 220.201
40.753 220.246
40.683 220.246
40.644 220.219
40.6 220.234
40.555 220.224
40.526 220.203
40.513 220.22
40.489 220.254
40.459 220.252
40.465 220.235
40.442 220.28
40.396 220.252
40.444 220.248
40.417 220.3
40.39 220.271
40.416 220.243
40.422 220.282
40.382 220.267
40.421 220.21
40.43 220.252
40.39 220.216
40.408 220.168
40.417 220.192
40.38 220.184
40.397 220.124
40.42 220.16
40.372 220.151
40.403 220.095
40.426 220.127
40.397 220.109
40.415 220.07
40.429 220.092
40.385 220.089
40.369 220.04
40.371 220.018
40.325 220.011
40.293 219.936
40.297 219.932
40.24 219.911
40.218 219.862
40.205 219.824
40.162 219.818
40.142 219.779
40.154 219.797
40.112 219.804
40.103 219.777
40.099 219.78
40.077 219.8
40.061 219.784
40.068 219.79
40.047 219.818
40.04 219.809
40.048 219.824
40.044 219.839
40.03 219.841
40.04 219.841
40.04 219.87
40.03 219.87
40.04 219.876
40.045 219.897
40.031 219.911
40.043 219.898
40.054 219.928
40.038 219.932
40.052 219.922
40.063 219.94
40.049 219.947
40.067 219.933
40.079 219.948
40.075 219.951
40.089 219.938
40.102 219.943
40.112 219.939
40.108 219.927
40.126 219.912
40.128 219.916
40.134 219.886
40.144 219.871
40.143 219.859
40.134 219.847
40.136 219.818
40.135 219.813
40.115 219.795
40.119 219.767
40.103 219.76
40.093 219.74
40.085 219.733
40.07 219.723
40.065 219.701
40.056 219.706
40.031 219.688
40.029 219.695
40.013 219.693
40.001 219.679
39.99 219.685
39.97 219.693
39.963 219.692
39.956 219.699
39.936 219.713
39.928 219.723
39.918 219.747
39.906 219.759
39.891 219.783
39.879 219.804
39.859 219.827
39.848 219.822
39.84 219.839
39.831 219.843
39.83 219.847
39.83 219.885
39.793 219.888
39.799 219.89
39.805 219.92
39.789 219.958
39.785 219.96
39.813 220.021
39.786 220.069
39.787 220.066
39.808 220.112
39.784 220.172
39.781 220.165
39.805 220.225
39.773 220.27
39.779 220.276
39.791 220.319
39.768 220.365
39.756 220.381
39.759 220.406
39.741 220.45
39.718 220.463
39.716 220.48
39.708 220.506
39.705 220.521
39.685 220.537
39.692 220.545
39.683 220.586
39.672 220.586
39.676 220.604
39.671 220.642
39.658 220.661
39.665 220.664
39.662 220.709
39.643 220.71
39.663 220.738
39.645 220.767
39.64 220.773
39.623 220.806
39.624 220.826
39.616 220.847
39.624 220.864
39.603 220.882
39.593 220.904
39.58 220.935
39.555 220.948
39.552 220.95
39.556 220.985
39.541 221.01
39.535 221.009
39.548 221.024
39.532 221.055
39.525 221.05
39.533 221.058
39.527 221.083
39.509 221.078
39.515 221.079
39.506 221.1
39.487 221.094
39.492 221.087
39.504 221.103
39.469 221.11
39.482 221.093
39.482 221.143
39.458 221.138
39.47 221.144
39.477 221.173
39.452 221.193
39.471 221.173
39.474 221.229
39.449 221.229
39.469 221.228
39.459 221.252
39.443 221.271
39.432 221.252
39.45 221.274
39.421 221.273
39.424 221.252
39.425 221.259
39.421 221.275
39.404 221.243
39.434 221.247
39.402 221.272
39.412 221.222
39.434 221.236
39.422 221.237
39.406 221.215
39.437 221.181
39.429 221.201
39.425 221.161
39.427 221.168
39.434 221.157
39.431 221.172
39.435 221.146
39.44 221.175
39.43 221.165
39.431 221.174
39.428 221.173
39.421 221.209
39.407 221.198
39.427 221.217
39.405 221.241
39.418 221.242
39.424 221.254
39.421 221.257
39.426 221.253
39.437 221.268
39.431 221.279
39.448 221.275
39.448 221.288
39.444 221.273
39.456 221.265
39.466 221.272
39.463 221.277
39.452 221.274
39.465 221.265
39.476 221.284
39.462 221.277
39.484 221.267
39.499 221.294
39.506 221.309
39.512 221.317
39.516 221.324
39.51 221.33
39.522 221.337
39.528 221.351
39.533 221.371
39.537 221.358
39.556 221.366
39.56 221.379
39.565 221.366
39.583 221.382
39.594 221.388
39.596 221.396
39.605 221.402
39.615 221.415
39.616 221.43
39.613 221.436
39.619 221.453
39.621 221.465
39.616 221.48
39.62 221.474
39.626 221.507
39.61 221.5
39.632 221.487
39.631 221.505
39.63 221.516
39.624 221.524
39.63 221.53
39.623 221.553
39.607 221.568
39.614 221.581
39.606 221.615
39.576 221.625
39.575 221.641
39.567 221.679
39.54 221.701
39.539 221.713
39.508 221.761
39.496 221.783
39.471 221.831
39.461 221.849
39.432 221.909
39.409 221.933
39.388 221.97
39.363 222.004
39.335 222.048
39.299 222.085
39.284 222.106
39.268 222.146
39.224 222.2
39.204 222.226
39.188 222.278
39.175 222.306
39.163 222.365
39.155 222.404
39.165 222.465
39.152 222.522
39.169 222.564
39.176 222.631
39.182 222.697
39.186 222.729
39.21 222.819
39.185 222.88
39.19 222.89
39.205 222.932
39.198 222.989
39.19 222.997
39.207 223.034
39.201 223.087
39.187 223.103
39.196 223.138
39.177 223.184
39.161 223.183
39.16 223.217
39.142 223.243
39.125 223.254
39.127 223.273
39.096 223.319
39.082 223.31
39.077 223.347
39.045 223.357
39.042 223.373
39.014 223.381
39.018 223.406
38.985 223.418
38.976 223.434
38.96 223.444
38.938 223.477
38.915 223.454
38.914 223.484
38.886 223.488
38.866 223.485
38.861 223.489
38.831 223.521
38.806 223.496
38.82 223.504
38.784 223.522
38.764 223.498
38.768 223.506
38.73 223.528
38.706 223.507
38.698 223.508
38.675 223.541
38.643 223.522
38.641 223.523
38.62 223.536
38.591 223.544
38.57 223.525
38.567 223.549
38.52 223.555
38.505 223.533
38.492 223.553
38.476 223.572
38.442 223.613
38.387 223.611
38.36 223.59
38.343 223.612
38.296 223.636
38.274 223.615
38.24 223.636
38.219 223.659
38.168 223.662
38.184 223.628
38.153 223.654
38.122 223.644
38.114 223.645
38.101 223.672
38.076 223.667
38.073 223.659
38.068 223.685
38.04 223.681
38.04 223.647
38.039 223.667
38.023 223.651
38.029 223.636
38.027 223.628
38.015 223.622
37.992 223.604
37.994 223.591
37.972 223.582
37.945 223.566
37.934 223.548
37.934 223.538
37.915 223.531
37.91 223.504
37.91 223.478
37.914 223.456
37.919 223.438
37.917 223.429
37.916 223.423
37.904 223.432
37.893 223.408
37.891 223.409
37.871 223.41
37.858 223.412
37.843 223.404
37.846 223.426
37.81 223.424
37.812 223.415
37.797 223.421
37.783 223.433
37.759 223.416
37.773 223.424
37.744 223.438
37.737 223.426
37.729 223.428
37.734 223.44
37.707 223.442
37.726 223.435
37.717 223.465
37.704 223.476
37.688 223.469
37.701 223.475
37.672 223.505
37.669 223.475
37.665 223.494
37.655 223.5
37.641 223.5
37.648 223.49
37.628 223.508
37.619 223.487
37.602 223.497
37.561 223.482
37.531 223.404
37.559 223.361
37.545 223.38
37.528 223.363
37.51 223.337
37.491 223.306
37.475 223.27
37.467 223.241
37.463 223.229
37.459 223.224
37.454 223.222
37.445 223.224
37.416 223.225
37.398 223.204
37.398 223.204
37.387 223.224
37.356 223.201
37.369 223.2
37.349 223.217
37.334 223.211
37.333 223.195
37.317 223.204
37.3 223.201
37.286 223.187
37.288 223.176
37.262 223.192
37.254 223.162
37.249 223.176
37.233 223.154
37.221 223.154
37.222 223.129
37.214 223.153
37.192 223.132
37.196 223.123
37.184 223.13
37.181 223.147
37.172 223.163
37.159 223.197
37.119 223.186
37.115 223.168
37.104 223.192
37.079 223.191
37.059 223.167
37.068 223.181
37.042 223.196
37.04 223.173
37.042 223.194
37.035 223.2
37.016 223.207
37.035 223.213
37.023 223.245
37.022 223.245
37.017 223.272
37.02 223.284
37.014 223.306
37.022 223.312
37.033 223.328
37.028 223.339
37.02 223.346
37.026 223.335
37.021 223.355
37.011 223.351
37.019 223.383
37.019 223.392
37.014 223.42
37.004 223.448
36.996 223.465
37.006 223.459
37.03 223.477
37.031 223.471
37.058 223.467
37.072 223.456
37.093 223.461
37.106 223.461
37.121 223.458
37.138 223.45
37.165 223.432
37.18 223.417
37.208 223.408
37.223 223.422
37.231 223.392
37.259 223.369
37.285 223.383
37.289 223.38
37.291 223.367
37.293 223.349
37.297 223.322
37.309 223.31
37.32 223.304
37.313 223.295
37.313 223.272
37.324 223.267
37.312 223.252
37.319 223.222
37.322 223.223
37.321 223.223
37.325 223.195
37.331 223.207
37.329 223.198
37.321 223.198
37.318 223.182
37.316 223.199
37.306 223.194
37.298 223.171
37.309 223.174
37.288 223.188
37.289 223.162
37.301 223.159
37.295 223.181
37.287 223.167
37.33 223.17
37.323 223.207
37.327 223.197
37.346 223.222
37.328 223.246
37.304 223.231
37.31 223.204
37.321 223.232
37.304 223.223
37.305 223.202
37.326 223.21
37.322 223.24
37.313 223.211
37.353 223.22
37.34 223.241
37.343 223.226
37.354 223.214
37.362 223.233
37.354 223.214
37.381 223.215
37.383 223.231
37.374 223.207
37.38 223.194
37.381 223.191
37.338 223.186
37.321 223.165
37.305 223.179
37.279 223.192
37.257 223.166
37.268 223.158
37.252 223.146
37.229 223.145
37.234 223.14
37.231 223.165
37.209 223.174
37.203 223.164
37.201 223.193
37.176 223.198
37.167 223.192
37.169 223.204
37.143 223.225
37.122 223.203
37.125 223.201
37.109 223.207
37.1 223.214
37.095 223.208
37.092 223.22
37.084 223.239
37.073 223.249
37.085 223.275
37.077 223.292
37.071 223.295
37.066 223.301
37.063 223.33
37.039 223.327
37.057 223.31
37.058 223.329
37.058 223.338
37.045 223.314
37.059 223.315
37.058 223.332
37.057 223.325
37.051 223.312
37.062 223.303
37.059 223.307