53.052 201.123
53.018 201.048
52.96 200.891
52.949 200.712
52.932 200.521
52.922 200.377
52.898 200.247
52.902 200.088
52.914 199.952
52.906 199.829
52.905 199.75
52.891 199.663
52.885 199.613
52.889 199.578
52.895 199.569
52.907 199.468
52.954 199.459
52.942 199.345
52.968 199.295
52.967 199.266
52.962 199.219
52.95 199.196
52.917 199.16
52.909 199.188
52.889 199.175
52.903 199.134
52.889 199.137
52.869 199.089
52.877 199.044
52.884 199.001
52.887 198.974
52.885 198.967
52.865 198.942
52.873 198.914
52.85 198.905
52.851 198.862
52.836 198.866
52.833 198.838
52.837 198.829
52.836 198.797
52.84 198.784
52.833 198.769
52.833 198.777
52.801 198.767
52.806 198.763
52.77 198.777
52.759 198.78
52.75 198.77
52.748 198.723
52.728 198.683
52.694 198.651
52.65 198.642
52.619 198.615
52.573 198.656
52.55 198.661
52.523 198.707
52.517 198.734
52.5 198.805
52.504 198.821
52.508 198.906
52.506 198.952
52.527 199.036
52.541 199.086
52.576 199.139
52.573 199.148
52.623 199.168
52.627 199.186
52.692 199.155
52.704 199.154
52.754 199.109
52.764 199.11
52.804 199.015
52.836 198.977
52.852 198.886
52.888 198.85
52.899 198.769
52.93 198.694
52.961 198.626
52.99 198.557
53.041 198.519
53.072 198.505
53.117 198.445
53.173 198.398
53.215 198.271
53.263 198.164
53.252 198.044
53.249 197.973
53.233 197.953
53.253 197.95
53.286 197.891
53.361 197.835
53.421 197.734
53.469 197.572
53.501 197.479
53.506 197.35
53.506 197.273
53.5 197.151
53.512 197.076
53.514 196.979
53.525 196.87
53.521 196.74
53.505 196.639
53.5 196.498
53.488 196.386
53.478 196.225
53.465 196.143
53.436 195.997
53.433 195.891
53.406 195.754
53.394 195.669
53.378 195.533
53.358 195.442
53.349 195.3
53.314 195.252
53.302 195.117
53.276 195.095
53.23 195.024
53.195 195.033
53.145 194.99
53.131 194.923
53.125 194.876
53.121 194.907
53.105 194.876
53.103 194.794
53.082 194.711
53.055 194.622
52.995 194.606
52.946 194.531
52.911 194.498
52.88 194.45
52.86 194.442
52.816 194.402
52.784 194.355
52.743 194.337
52.706 194.316
52.692 194.269
52.656 194.248
52.64 194.193
52.637 194.161
52.621 194.125
52.576 194.124
52.545 194.096
52.535 194.081
52.51 194.051
52.498 194.027
52.463 194.025
52.455 193.992
52.417 193.997
52.403 193.969
52.375 193.98
52.357 193.936
52.317 193.897
52.295 193.861
52.261 193.857
52.245 193.868
52.207 193.868
52.191 193.879
52.164 193.908
52.145 193.936
52.13 193.98
52.119 194.024
52.13 194.079
52.127 194.138
52.132 194.168
52.123 194.205
52.116 194.246
52.118 194.283
52.105 194.346
52.081 194.403
52.076 194.498
52.045 194.551
52.037 194.589
51.997 194.667
51.973 194.686
51.964 194.76
51.938 194.764
51.968 194.784
51.969 194.862
51.965 194.906
51.967 194.942
51.944 195.002
51.934 195.036
51.927 195.089
51.91 195.126
51.922 195.146
51.917 195.265
51.872 195.301
51.891 195.335
51.863 195.412
51.875 195.392
51.873 195.489
51.839 195.47
51.859 195.507
51.824 195.569
51.811 195.567
51.814 195.618
51.774 195.649
51.774 195.66
51.752 195.715
51.736 195.716
51.736 195.759
51.713 195.78
51.721 195.791
51.723 195.829
51.715 195.875
51.693 195.895
51.686 195.92
51.673 195.935
51.656 195.967
51.646 195.97
51.635 196.016
51.623 195.993
51.627 196.041
51.614 196.04
51.627 196.078
51.619 196.1
51.609 196.123
51.601 196.136
51.606 196.166
51.581 196.171
51.604 196.193
51.569 196.247
51.596 196.232
51.573 196.317
51.574 196.303
51.579 196.395
51.571 196.407
51.59 196.443
51.589 196.491
51.602 196.52
51.626 196.568
51.623 196.608
51.628 196.613
51.646 196.668
51.641 196.695
51.675 196.717
51.656 196.769
51.678 196.767
51.677 196.827
51.701 196.826
51.737 196.868
51.746 196.931
51.746 196.942
51.768 196.983
51.767 197.021
51.797 197.03
51.804 197.089
51.857 197.06
51.884 197.187
51.855 197.191
51.892 197.206
51.909 197.245
51.904 197.222
51.955 197.231
51.924 197.256
51.975 197.191
51.965 197.255
51.982 197.171
52.014 197.182
52.014 197.137
52.011 197.088
52.021 197.071
51.996 197.038
52.027 197.011
51.995 197.037
52.014 196.971
52.015 197.012
51.999 196.946
52.03 196.954
52.015 196.951
52.025 196.892
52.044 196.897
52.041 196.866
52.079 196.856
52.061 196.864
52.08 196.811
52.078 196.837
52.051 196.825
52.063 196.821
52.035 196.856
52.02 196.831
52.022 196.878
52.0 196.874
52.016 196.872
52.003 196.892
52.006 196.856
52.012 196.869
51.99 196.844
51.997 196.819
51.992 196.845
51.98 196.824
51.998 196.832
51.978 196.824
52.008 196.793
51.996 196.774
51.986 196.714
51.957 196.707
51.934 196.702
51.919 196.715
51.903 196.732
51.884 196.74
51.875 196.77
51.858 196.807
51.843 196.828
51.828 196.851
51.819 196.882
51.807 196.909
51.82 196.935
51.798 196.958
51.801 196.952
51.783 196.998
51.784 196.963
51.773 197.011
51.752 196.962
51.741 196.982
51.724 196.948
51.72 196.978
51.711 196.952
51.706 196.975
51.697 196.949
51.701 196.983
51.698 196.989
51.7 197.015
51.686 197.023
51.69 197.074
51.673 197.073
51.669 197.095
51.654 197.108
51.667 197.139
51.636 197.159
51.659 197.162
51.634 197.198
51.631 197.191
51.613 197.236
51.599 197.219
51.59 197.233
51.585 197.232
51.583 197.247
51.606 197.257
51.608 197.275
51.618 197.287
51.606 197.313
51.624 197.279
51.596 197.307
51.583 197.259
51.558 197.329
51.518 197.285
51.495 197.295
51.45 197.282
51.439 197.295
51.418 197.288
51.421 197.286
51.43 197.28
51.435 197.306
51.428 197.3
51.425 197.31
51.414 197.302
51.419 197.319
51.415 197.311
51.42 197.34
51.418 197.343
51.398 197.379
51.379 197.376
51.371 197.405
51.359 197.41
51.345 197.441
51.321 197.436
51.315 197.473
51.299 197.47
51.304 197.505
51.279 197.509
51.279 197.543
51.246 197.578
51.249 197.619
51.221 197.668
51.247 197.696
51.227 197.763
51.251 197.785
51.24 197.842
51.263 197.839
51.255 197.92
51.272 197.915
51.281 197.973
51.294 197.987
51.294 198.027
51.313 198.061
51.311 198.083
51.338 198.111
51.329 198.157
51.352 198.182
51.348 198.221
51.364 198.242
51.368 198.253
51.401 198.276
51.418 198.275
51.456 198.303
51.457 198.303
51.49 198.338
51.501 198.341
51.534 198.378
51.546 198.39
51.586 198.459
51.578 198.454
51.613 198.495
51.594 198.512
51.632 198.525
51.632 198.547
51.652 198.559
51.641 198.596
51.665 198.601
51.679 198.632
51.709 198.616
51.696 198.615
51.711 198.545
51.675 198.576
51.68 198.564
51.701 198.677
51.7 198.688
51.713 198.696
51.729 198.714
51.716 198.716
51.739 198.701
51.733 198.726
51.731 198.682
51.744 198.711
51.728 198.669
51.759 198.668
51.746 198.643
51.779 198.636
51.811 198.656
51.843 198.683
51.856 198.722
51.856 198.758
51.863 198.8
51.862 198.843
51.849 198.881
51.848 198.936
51.817 198.961
51.82 198.955
51.792 198.965
51.798 198.968
51.788 198.972
51.805 198.963
51.785 199.003
51.791 199.016
51.791 199.059
51.763 199.043
51.749 199.019
51.74 199.013
51.7 198.986
51.715 198.939
51.686 198.943
51.684 198.88
51.682 198.905
51.669 198.847
51.692 198.844
51.674 198.827
51.698 198.807
51.71 198.788
51.722 198.787
51.745 198.76
51.757 198.792
51.748 198.763
51.774 198.758
51.771 198.743
51.807 198.743
51.812 198.744
51.841 198.742
51.873 198.763
51.904 198.794
51.936 198.81
51.958 198.841
51.973 198.871
51.993 198.893
52.024 198.943
52.028 199.005
52.016 199.044
52.024 199.086
52.027 199.122
52.007 199.173
51.995 199.204
51.976 199.25
51.96 199.258
51.943 199.299
51.945 199.327
51.926 199.375
51.916 199.379
51.901 199.394
51.888 199.424
51.854 199.414
51.844 199.421
51.809 199.409
51.797 199.41
51.771 199.422
51.763 199.397
51.754 199.409
51.741 199.413
51.738 199.417
51.73 199.411
51.722 199.413
51.72 199.431
51.701 199.433
51.7 199.429
51.689 199.435
51.666 199.415
51.655 199.414
51.639 199.411
51.624 199.386
51.624 199.405
51.596 199.397
51.609 199.387
51.582 199.409
51.582 199.391
51.582 199.426
51.572 199.415
51.585 199.422
51.568 199.448
51.58 199.431
51.576 199.457
51.567 199.438
51.574 199.453
51.562 199.462
51.568 199.456
51.571 199.477
51.562 199.484
51.579 199.476
51.572 199.514
51.573 199.476
51.583 199.521
51.558 199.473
51.605 199.5
51.562 199.511
51.585 199.488
51.574 199.519
51.581 199.502
51.569 199.51
51.574 199.512
51.566 199.501
51.58 199.503
51.569 199.514
51.585 199.528
51.565 199.541
51.568 199.499
51.582 199.508
51.583 199.509
51.594 199.477
51.602 199.511
51.58 199.481
51.604 199.514
51.583 199.492
51.613 199.481
51.6 199.51
51.618 199.497
51.641 199.514
51.648 199.512
51.683 199.463
51.723 199.504
51.735 199.475
51.778 199.459
51.768 199.491
51.787 199.452
51.796 199.506
51.79 199.46
51.81 199.493
51.801 199.485
51.814 199.515
51.823 199.504
51.819 199.538
51.837 199.518
51.845 199.578
51.843 199.536
51.868 199.592
51.85 199.565
51.884 199.605
51.866 199.591
51.893 199.613
51.886 199.601
51.903 199.632
51.902 199.6
51.909 199.635
51.904 199.604
51.918 199.642
51.907 199.609
51.928 199.64
51.918 199.624
51.945 199.641
51.933 199.615
51.964 199.636
51.959 199.62
51.99 199.638
51.985 199.602
52.015 199.613
52.015 199.593
52.035 199.605
52.043 199.573
52.058 199.595
52.071 199.561
52.088 199.566
52.091 199.506
52.121 199.511
52.104 199.45
52.141 199.383
52.138 199.343
52.172 199.31
52.181 199.273
52.213 199.256
52.218 199.217
52.25 199.199
52.263 199.196
52.291 199.165
52.319 199.168
52.332 199.135
52.369 199.148
52.384 199.135
52.416 199.112
52.425 199.12
52.455 199.097
52.467 199.124
52.498 199.083
52.499 199.109
52.528 199.091
52.533 199.119
52.558 199.092
52.562 199.104
52.577 199.105
52.585 199.123
52.6 199.125
52.599 199.141
52.62 199.165
52.607 199.204
52.627 199.198
52.619 199.25
52.641 199.249
52.638 199.318
52.658 199.301
52.652 199.361
52.669 199.361
52.671 199.413
52.683 199.426
52.685 199.489
52.684 199.502
52.695 199.573
52.68 199.593
52.704 199.665
52.684 199.709
52.708 199.758
52.679 199.809
52.691 199.854
52.677 199.917
52.689 199.953
52.687 200.007
52.7 200.055
52.714 200.112
52.724 200.141
52.744 200.176
52.737 200.232
52.758 200.266
52.754 200.32
52.749 200.329
52.763 200.375
52.76 200.429
52.782 200.449
52.779 200.51
52.792 200.522
52.812 200.609
52.822 200.64
52.872 200.676
52.907 200.762
52.936 200.839
52.949 200.897
52.979 200.959
52.977 201.016
53.032 201.086
53.027 201.162
53.068 201.187
53.078 201.272
53.099 201.303
53.132 201.377
53.131 201.426
53.162 201.454
53.165 201.544
53.178 201.565
53.187 201.62
53.183 201.673
53.19 201.713
53.197 201.784
53.18 201.81
53.196 201.868
53.17 201.926
53.18 201.958
53.164 202.038
53.158 202.059
53.147 202.124
53.137 202.164
53.126 202.211
53.124 202.265
53.105 202.315
53.109 202.349
53.086 202.408
53.082 202.429
53.075 202.493
53.05 202.516
53.057 202.535
53.03 202.582
53.03 202.595
53.019 202.671
52.999 202.679
53.002 202.738
52.978 202.777
52.979 202.797
52.953 202.831
52.928 202.841
52.93 202.876
52.886 202.884
52.885 202.889
52.853 202.927
52.84 202.93
52.819 202.964
52.793 202.979
52.777 203.0
52.746 203.061
52.726 203.05
52.699 203.111
52.675 203.098
52.65 203.164
52.648 203.18
52.614 203.288
52.583 203.244
52.588 203.351
52.518 203.335
52.539 203.399
52.461 203.431
52.471 203.465
52.419 203.53
52.411 203.551
52.381 203.603
52.352 203.651
52.329 203.674
52.308 203.724
52.286 203.753
52.264 203.789
52.249 203.846
52.223 203.863
52.215 203.916
52.191 203.959
52.184 204.005
52.171 204.061
52.15 204.098
52.155 204.154
52.121 204.223
52.131 204.241
52.123 204.36
52.115 204.384
52.095 204.485
52.073 204.492
52.087 204.605
52.056 204.65
52.091 204.721
52.068 204.813
52.087 204.864
52.092 204.965
52.086 205.033
52.099 205.099
52.094 205.198
52.089 205.255
52.104 205.301
52.104 205.393
52.083 205.448
52.107 205.521
52.086 205.591
52.102 205.627
52.119 205.75
52.1 205.79
52.118 205.821
52.096 205.887
52.091 205.894
52.075 205.924
52.06 205.9
52.077 205.938
52.054 205.949
52.059 205.971
52.069 205.972
52.043 206.006
52.055 205.97
52.052 206.06
52.049 206.001
52.063 206.072
52.03 206.053
52.053 206.106
52.013 206.127
52.024 206.117
52.009 206.147
51.983 206.18
51.983 206.153
51.97 206.212
51.956 206.181
51.967 206.233
51.947 206.221
51.959 206.241
51.955 206.262
51.953 206.304
51.93 206.291
51.929 206.3
51.924 206.307
51.923 206.323
51.915 206.328
51.914 206.358
51.892 206.353
51.905 206.382
51.875 206.373
51.891 206.394
51.859 206.41
51.885 206.405
51.865 206.432
51.881 206.421
51.876 206.473
51.878 206.533
51.849 206.541
51.859 206.581
51.839 206.586
51.853 206.634
51.838 206.648
51.847 206.679
51.846 206.71
51.836 206.747
51.84 206.736
51.843 206.754
51.854 206.771
51.851 206.792
51.863 206.815
51.846 206.843
51.854 206.85
51.847 206.868
51.852 206.873
51.847 206.868
51.862 206.885
51.843 206.883
51.876 206.876
51.844 206.893
51.878 206.867
51.856 206.931
51.866 206.886
51.853 206.951
51.842 206.916
51.843 206.966
51.841 206.932
51.833 206.979
51.819 206.949
51.823 207.005
51.805 206.978
51.812 207.036
51.777 207.038
51.756 207.048
51.742 207.061
51.707 207.059
51.716 207.046
51.674 207.083
51.693 207.047
51.675 207.106
51.645 207.069
51.662 207.105
51.617 207.112
51.629 207.1
51.613 207.143
51.597 207.13
51.603 207.142
51.575 207.17
51.571 207.167
51.566 207.215
51.539 207.223
51.541 207.248
51.513 207.29
51.497 207.261
51.519 207.294
51.475 207.315
51.503 207.282
51.488 207.359
51.47 207.286
51.505 207.347
51.45 207.351
51.498 207.335
51.465 207.409
51.47 207.357
51.484 207.428
51.459 207.432
51.475 207.429
51.471 207.484
51.449 207.485
51.474 207.527
51.448 207.585
51.472 207.568
51.446 207.664
51.434 207.617
51.448 207.683
51.397 207.682
51.416 207.681
51.396 207.742
51.388 207.718
51.39 207.75
51.386 207.78
51.377 207.778
51.406 207.821
51.372 207.843
51.422 207.828
51.383 207.904
51.406 207.822
51.404 207.923
51.388 207.856
51.41 207.924
51.389 207.906
51.396 207.935
51.398 207.94
51.38 207.956
51.391 207.933
51.371 208.009
51.372 207.96
51.394 208.041
51.372 208.026
51.418 208.072
51.402 208.101
51.42 208.108
51.434 208.145
51.42 208.18
51.442 208.178
51.43 208.247
51.428 208.232
51.432 208.284
51.429 208.315
51.438 208.346
51.438 208.374
51.425 208.385
51.434 208.392
51.424 208.438
51.422 208.423
51.429 208.471
51.414 208.487
51.423 208.54
51.411 208.562
51.413 208.59
51.411 208.602
51.409 208.637
51.405 208.63
51.403 208.682
51.383 208.684
51.386 208.714
51.371 208.724
51.367 208.74
51.363 208.749
51.352 208.786
51.354 208.767
51.345 208.83
51.322 208.833
51.317 208.905
51.279 208.908
51.279 208.953
51.246 208.97
51.245 208.996
51.223 208.997
51.225 209.033
51.193 209.033
51.203 209.063
51.17 209.074
51.178 209.089
51.155 209.107
51.152 209.115
51.146 209.127
51.13 209.152
51.121 209.139
51.113 209.198
51.099 209.169
51.105 209.236
51.084 209.23
51.093 209.282
51.081 209.311
51.056 209.341
51.063 209.358
51.043 209.402
51.042 209.383
51.039 209.457
51.018 209.446
51.034 209.49
51.0 209.52
51.008 209.54
50.993 209.592
50.992 209.593
50.995 209.617
50.984 209.655
50.981 209.655
50.989 209.708
50.983 209.706
51.004 209.727
51.002 209.748
51.009 209.743
51.012 209.757
51.011 209.778
51.02 209.797
51.021 209.825
51.022 209.831
51.038 209.86
51.038 209.888
51.059 209.927
51.065 209.975
51.065 209.997
51.084 210.039
51.101 210.098
51.115 210.163
51.096 210.175
51.107 210.164
51.116 210.181
51.138 210.208
51.137 210.209
51.161 210.224
51.158 210.22
51.186 210.229
51.183 210.243
51.213 210.24
51.215 210.273
51.241 210.26
51.242 210.289
51.274 210.282
51.267 210.324
51.297 210.337
51.296 210.365
51.306 210.386
51.319 210.365
51.323 210.397
51.3 210.405
51.321 210.423
51.318 210.419
51.319 210.409
51.314 210.446
51.319 210.444
51.322 210.474
51.317 210.499
51.309 210.539
51.292 210.546
51.296 210.541
51.304 210.574
51.275 210.572
51.298 210.575
51.277 210.624
51.28 210.589
51.296 210.649
51.275 210.652
51.307 210.656
51.304 210.702
51.306 210.684
51.336 210.744
51.313 210.76
51.353 210.758
51.342 210.835
51.359 210.8
51.389 210.888
51.35 210.883
51.359 210.869
51.358 210.913
51.336 210.913
51.335 210.921
51.343 210.968
51.35 210.963
51.351 211.087
51.293 211.13
51.311 211.078
51.313 211.155
51.292 211.139
51.335 211.152
51.314 211.221
51.319 211.179
51.349 211.27
51.305 211.263
51.348 211.259
51.335 211.333
51.324 211.285
51.358 211.333
51.319 211.359
51.345 211.312
51.335 211.39
51.315 211.342
51.348 211.373
51.315 211.413
51.335 211.374
51.373 211.458
51.353 211.488
51.367 211.471
51.362 211.521
51.349 211.545
51.334 211.563
51.316 211.573
51.31 211.57
51.307 211.579
51.287 211.591
51.294 211.57
51.277 211.603
51.26 211.566
51.257 211.605
51.23 211.582
51.249 211.603
51.228 211.629
51.228 211.621
51.236 211.649
51.214 211.659
51.215 211.638
51.209 211.68
51.192 211.639
51.211 211.663
51.185 211.644
51.2 211.635
51.184 211.663
51.171 211.638
51.163 211.64
51.148 211.652
51.149 211.639
51.159 211.67
51.152 211.649
51.179 211.651
51.154 211.679
51.157 211.621
51.166 211.624
51.185 211.594
51.186 211.663
51.17 211.633
51.193 211.648
51.168 211.657
51.172 211.626
51.185 211.647
51.154 211.647
51.165 211.641
51.13 211.671
51.127 211.621
51.124 211.665
51.101 211.631
51.117 211.647
51.1 211.664
51.092 211.659
51.097 211.665
51.078 211.661
51.097 211.613
51.106 211.64
51.102 211.642
51.146 211.697
51.118 211.708
51.137 211.695
51.122 211.707
51.12 211.675
51.138 211.678
51.122 211.698
51.136 211.642
51.152 211.711
51.14 211.655
51.176 211.714
51.139 211.714
51.168 211.689
51.173 211.737
51.16 211.725
51.189 211.744
51.162 211.798
51.175 211.753
51.184 211.827
51.148 211.807
51.18 211.803
51.182 211.847
51.177 211.809
51.195 211.85
51.207 211.855
51.231 211.831
51.144 211.993
51.148 211.987
51.147 211.975
51.045 211.964
51.121 211.915
51.119 211.935
51.101 211.967
51.117 212.102
51.034 212.087
51.106 212.029
51.061 212.159
51.043 212.053
51.071 212.119
51.022 212.104
51.082 212.084
51.063 212.186
51.012 212.171
51.001 212.177
50.966 212.189
50.96 212.147
50.95 212.176
50.921 212.143
50.945 212.185
50.901 212.212
50.892 212.189
50.88 212.22
50.858 212.207
50.855 212.228
50.83 212.243
50.82 212.27
50.808 212.326
50.76 212.321
50.743 212.328
50.696 212.354
50.684 212.333
50.682 212.364
50.662 212.409
50.655 212.422
50.65 212.454
50.667 212.467
50.69 212.541
50.672 212.61
50.66 212.675
50.614 212.719
50.602 212.719
50.614 212.79
50.584 212.81
50.601 212.821
50.584 212.888
50.569 212.874
50.569 212.948
50.519 212.942
50.533 212.944
50.526 213.007
50.525 212.997
50.567 213.041
50.571 213.071
50.602 213.092
50.589 213.172
50.572 213.17
50.595 213.216
50.577 213.289
50.568 213.298
50.597 213.333
50.58 213.368
50.602 213.372
50.571 213.427
50.555 213.391
50.562 213.439
50.547 213.479
50.531 213.502
50.514 213.528
50.476 213.552
50.471 213.544
50.45 213.619
50.425 213.627
50.411 213.691
50.381 213.721
50.379 213.757
50.372 213.787
50.35 213.805
50.371 213.812
50.374 213.884
50.385 213.911
50.396 214.015
50.377 214.026
50.379 214.083
50.353 214.111
50.348 214.148
50.331 214.171
50.32 214.209
50.302 214.211
50.289 214.272
50.272 214.325
50.276 214.396
50.278 214.413
50.272 214.47
50.237 214.483
50.238 214.535
50.197 214.56
50.205 214.606
50.207 214.664
50.246 214.722
50.272 214.725
50.303 214.747
50.309 214.74
50.331 214.743
50.322 214.733
50.375 214.718
50.381 214.744
50.423 214.709
50.433 214.754
50.455 214.741
50.483 214.789
50.492 214.812
50.526 214.828
50.552 214.843
50.576 214.841
50.613 214.813
50.628 214.815
50.638 214.773
50.659 214.786
50.653 214.779
50.683 214.764
50.708 214.796
50.696 214.828
50.702 214.831
50.714 214.868
50.715 214.874
50.728 214.891
50.751 214.923
50.756 214.938