-40.11 312.402
-40.274 312.27
-40.451 312.185
-40.626 312.137
-40.791 312.071
-40.974 311.997
-41.116 311.992
-41.232 311.939
-41.347 311.943
-41.425 311.976
-41.519 311.99
-41.619 312.06
-41.726 312.077
-41.857 312.12
-41.959 312.198
-42.069 312.256
-42.177 312.341
-42.252 312.415
-42.339 312.456
-42.409 312.528
-42.467 312.614
-42.504 312.689
-42.54 312.78
-42.556 312.892
-42.563 312.993
-42.551 313.132
-42.504 313.268
-42.431 313.4
-42.341 313.522
-42.22 313.644
-42.082 313.749
-41.937 313.809
-41.788 313.891
-41.612 313.908
-41.451 313.943
-41.255 313.915
-41.113 313.827
-40.963 313.785
-40.781 313.684
-40.644 313.588
-40.488 313.512
-40.349 313.415
-40.217 313.338
-40.083 313.265
-39.967 313.211
-39.856 313.193
-39.766 313.164
-39.683 313.198
-39.614 313.225
-39.577 313.282
-39.521 313.352
-39.495 313.425
-39.466 313.518
-39.439 313.606
-39.419 313.698
-39.422 313.837
-39.372 314.015
-39.333 314.118
-39.324 314.267
-39.261 314.446
-39.21 314.542
-39.21 314.665
-39.171 314.844
-39.109 314.953
-39.103 315.067
-39.093 315.229
-39.055 315.357
-39.042 315.476
-39.032 315.605
-38.998 315.725
-38.977 315.805
-38.944 315.896
-38.917 315.976
-38.87 316.072
-38.834 316.186
-38.792 316.297
-38.764 316.434
-38.757 316.553
-38.769 316.68
-38.787 316.824
-38.817 316.903