0.614 329.848
0.69 329.931
0.761 330.016
0.822 330.105
0.898 330.193
0.958 330.286
1.022 330.37
1.07 330.463
1.102 330.551
1.127 330.63
1.161 330.696
1.18 330.767
1.206 330.827
1.214 330.88
1.224 330.927
1.224 330.963
1.231 330.975
1.239 330.999
1.241 331.006
1.249 331.019
1.24 331.018
1.232 331.023
1.227 331.029
1.23 331.035
1.228 331.04
1.225 331.035
1.218 331.03
1.217 331.037
1.201 331.037
1.188 331.042
1.164 331.049
1.16 331.064
1.134 331.079
1.11 331.102
1.065 331.128
1.026 331.153
0.968 331.174
0.903 331.184
0.831 331.199
0.761 331.209
0.677 331.225
0.609 331.238
0.527 331.25
0.424 331.261
0.333 331.28
0.23 331.29
0.145 331.301
0.026 331.307
-0.105 331.309
-0.246 331.307
-0.383 331.314
-0.534 331.327
-0.682 331.355
-0.804 331.369
-0.92 331.386
-1.017 331.395
-1.107 331.412
-1.197 331.418
-1.297 331.411
-1.416 331.43
-1.533 331.456
-1.646 331.493
-1.75 331.522
-1.841 331.565
-1.938 331.601
-2.03 331.633
-2.127 331.663
-2.221 331.704
-2.303 331.738
-2.378 331.769
-2.439 331.781
-2.486 331.818
-2.538 331.85
-2.573 331.893
-2.601 331.92
-2.647 331.944
-2.683 331.958
-2.711 331.981
-2.735 331.997
-2.744 332.021
-2.739 332.041
-2.718 332.069
-2.68 332.105
-2.65 332.13
-2.595 332.153
-2.552 332.165
-2.497 332.175
-2.464 332.17
-2.422 332.156
-2.389 332.127
-2.361 332.083
-2.317 332.046
-2.286 332.01
-2.247 331.969
-2.23 331.923
-2.211 331.866
-2.19 331.823
-2.182 331.76
-2.175 331.697
-2.173 331.636
-2.179 331.585
-2.187 331.522
-2.188 331.461
-2.209 331.408
-2.237 331.357
-2.249 331.303
-2.26 331.248
-2.264 331.201
-2.266 331.165
-2.252 331.124
-2.217 331.082
-2.175 331.016
-2.119 330.963
-2.057 330.886
-1.982 330.801
-1.929 330.724
-1.884 330.65
-1.819 330.568
-1.768 330.479
-1.738 330.387
-1.719 330.29
-1.677 330.189
-1.648 330.062
-1.627 329.938
-1.622 329.8
-1.604 329.643
-1.593 329.49
-1.575 329.342
-1.566 329.202
-1.565 329.05
-1.584 328.898
-1.63 328.763
-1.692 328.618
-1.759 328.478
-1.817 328.322
-1.878 328.195
-1.945 328.062
-1.996 327.931
-2.05 327.803
-2.126 327.679
-2.19 327.558
-2.246 327.425
-2.273 327.275
-2.294 327.128
-2.31 326.965
-2.335 326.78
-2.373 326.611
-2.422 326.458
-2.472 326.323
-2.54 326.201
-2.621 326.077
-2.666 325.946
-2.706 325.831
-2.717 325.702
-2.716 325.584
-2.694 325.484
-2.66 325.389
-2.604 325.242
-2.532 325.117
-2.452 324.995
-2.395 324.847
-2.346 324.686
-2.315 324.517
-2.304 324.36
-2.297 324.229
-2.288 324.087
-2.26 323.943
-2.22 323.805
-2.154 323.661
-2.052 323.487
-1.951 323.305
-1.848 323.112
-1.753 322.917
-1.685 322.73
-1.624 322.528
-1.564 322.323
-1.538 322.118
-1.442 321.895
-1.326 321.685
-1.225 321.476
-1.105 321.275
-0.996 321.054
-0.898 320.822
-0.793 320.599
-0.709 320.368
-0.629 320.128
-0.554 319.894
-0.482 319.683
-0.422 319.472
-0.37 319.272
-0.322 319.057
-0.256 318.812
-0.2 318.552
-0.127 318.282
-0.081 318.01
0.013 317.765
0.084 317.514
0.178 317.286
0.282 317.065
0.387 316.836
0.494 316.627
0.657 316.45
0.811 316.262
0.988 316.081
1.096 315.906
1.212 315.739
1.283 315.548
1.355 315.352
1.441 315.159
1.595 314.969
1.724 314.786
1.815 314.599
1.927 314.439
2.018 314.258
2.163 314.07
2.281 313.86
2.409 313.66
2.487 313.42
2.584 313.189
2.731 312.961
2.87 312.742
2.998 312.483
3.149 312.236
3.264 311.986
3.416 311.738
3.568 311.484
3.77 311.211
3.954 310.954
4.102 310.694
4.242 310.415
4.324 310.186
4.387 310.047
4.504 309.895
4.613 309.729
4.778 309.614
4.955 309.378
5.109 309.151
5.314 308.913
5.607 308.654
5.84 308.413
6.073 308.17
6.303 307.968
6.514 307.843
6.776 307.777
7.022 307.733
7.208 307.751
7.362 307.805
7.446 307.856
7.438 307.925
7.476 307.935
7.409 307.841
7.407 307.686
7.388 307.487
7.451 307.246
7.614 306.999
7.889 306.762
8.227 306.606
8.521 306.587
8.749 306.639
8.929 306.718
9.057 306.803
9.129 306.867
9.176 306.913
9.202 306.884
9.229 306.803
9.277 306.674
9.358 306.521
9.459 306.363
9.561 306.209
9.692 306.107
9.772 306.058
9.794 306.027
9.779 305.989
9.716 305.913
9.629 305.812
9.571 305.666
9.532 305.535
9.503 305.395
9.483 305.254
9.501 305.126
9.494 305.027
9.488 304.9
9.464 304.781
9.421 304.651
9.364 304.514
9.333 304.371
9.286 304.242
9.272 304.054
9.275 303.861
9.316 303.675
9.373 303.481
9.456 303.339
9.533 303.193
9.618 303.076
9.678 302.993
9.685 302.888
9.669 302.757
9.654 302.635
9.659 302.497
9.672 302.351
9.728 302.24
9.773 302.106
9.846 302.021
9.888 301.957
9.948 301.867
10.02 301.753
10.057 301.655
10.076 301.551
10.086 301.452
10.069 301.34
10.036 301.2
10.025 301.032
10.028 300.861
10.088 300.68
10.19 300.546
10.318 300.452
10.436 300.378
10.556 300.376
10.628 300.376
10.668 300.36
10.607 300.312
10.606 300.21
10.635 300.096
10.694 300.01
10.756 299.93
10.858 299.862
10.939 299.815
10.993 299.781
11.011 299.762
11.025 299.733
11.032 299.69
11.058 299.676
11.061 299.653
11.096 299.625
11.111 299.593
11.094 299.514
11.062 299.405
11.092 299.255
11.175 299.014
11.287 298.877
11.382 298.751
11.443 298.645
11.504 298.503
11.573 298.397
11.654 298.284
11.726 298.222
11.74 298.076
11.788 298.014
11.759 297.852
11.831 297.688
11.922 297.53
11.979 297.37
11.997 297.221
12.037 297.043
12.097 296.842
12.191 296.651
12.313 296.489
12.418 296.353
12.526 296.24
12.624 296.154
12.678 296.067
12.762 295.966
12.828 295.904
12.861 295.805
12.985 295.691
13.104 295.594
13.197 295.479
13.298 295.393
13.315 295.291
13.363 295.175
13.406 295.039
13.447 294.874
13.494 294.727
13.537 294.513
13.602 294.275
13.699 294.045
13.797 293.835
13.875 293.624
13.926 293.406
13.989 293.164
14.051 292.947
14.119 292.794
14.195 292.645
14.312 292.516
14.439 292.459
14.588 292.422
14.738 292.435
14.84 292.464
14.934 292.503
14.996 292.508
15.061 292.523
15.078 292.515
15.122 292.482
15.205 292.45
15.294 292.431
15.349 292.414
15.397 292.408
15.437 292.381
15.486 292.316
15.539 292.224
15.622 292.136
15.703 292.047
15.797 291.977
15.838 291.915
15.874 291.847
15.904 291.763
15.967 291.667
16.032 291.576
16.116 291.5
16.168 291.409
16.216 291.313
16.26 291.217
16.311 291.109
16.348 290.966
16.328 290.821
16.315 290.719
16.323 290.641
16.317 290.555
16.342 290.471
16.372 290.403
16.4 290.357
16.421 290.301
16.438 290.246
16.448 290.18
16.45 290.116
16.456 290.045
16.468 289.965
16.48 289.924
16.475 289.882
16.468 289.832
16.47 289.768
16.467 289.726
16.434 289.695
16.404 289.649
16.37 289.636
16.327 289.588
16.292 289.538
16.262 289.489
16.226 289.452
16.169 289.412
16.106 289.352
16.075 289.296
16.02 289.248
15.973 289.179
15.957 289.132
15.95 289.08
15.938 289.038
15.92 288.99
15.918 288.952
15.919 288.908
15.893 288.838
15.881 288.769
15.862 288.681
15.844 288.593
15.819 288.491
15.758 288.394
15.697 288.29
15.646 288.185
15.596 288.075
15.565 287.953
15.528 287.867
15.48 287.779
15.423 287.68
15.343 287.601
15.277 287.487
15.246 287.369
15.217 287.263
15.164 287.152
15.124 287.04
15.085 286.911
15.068 286.767
15.056 286.632
15.073 286.5
15.097 286.387
15.108 286.278
15.107 286.165
15.13 286.035
15.171 285.914
15.214 285.797
15.23 285.676
15.286 285.571
15.347 285.472
15.408 285.366
15.469 285.246
15.532 285.152
15.609 285.027
15.719 284.913
15.846 284.815
15.972 284.743
16.104 284.669
16.227 284.604
16.342 284.574
16.448 284.533
16.577 284.481
16.706 284.44
16.865 284.423
17.015 284.467
17.17 284.501
17.286 284.558
17.342 284.604
17.406 284.685
17.472 284.79
17.488 284.916
17.518 285.054
17.52 285.167
17.511 285.271
17.466 285.376
17.407 285.462
17.348 285.544
17.314 285.628
17.294 285.73
17.29 285.819
17.28 285.916
17.285 286.023
17.281 286.141
17.248 286.23
17.224 286.279
17.243 286.33
17.268 286.408
17.243 286.516
17.195 286.605
17.121 286.667
17.048 286.702
16.958 286.672
16.936 286.571
17.009 286.513
17.066 286.466
17.084 286.46
17.045 286.446
17.004 286.381
17.014 286.368
17.019 286.344
17.03 286.325
17.037 286.28
17.049 286.273
17.039 286.251
17.01 286.249
16.969 286.218
16.931 286.187
16.901 286.15
16.876 286.124
16.865 286.089
16.875 286.057
16.88 286.062
16.846 286.084
16.8 286.08
16.77 286.085
16.741 286.097
16.71 286.1
16.697 286.092
16.696 286.072
16.707 286.084
16.677 286.083
16.657 286.074
16.653 286.041
16.661 286.028
16.681 286.02
16.708 286.035
16.721 286.063
16.695 286.079
16.668 286.058
16.636 286.029
16.62 285.992
16.57 285.971
16.547 285.941
16.508 285.911
16.477 285.871
16.413 285.849
16.369 285.815
16.321 285.787
16.266 285.747
16.207 285.717
16.112 285.674
16.047 285.593
15.987 285.502
15.932 285.424
15.843 285.341
15.758 285.217
15.691 285.065
15.664 284.902
15.675 284.742
15.713 284.626
15.729 284.555
15.704 284.468
15.694 284.394
15.665 284.308
15.631 284.174
15.61 284.026
15.628 283.882
15.683 283.76
15.727 283.684
15.759 283.605
15.8 283.522
15.842 283.426
15.899 283.298
15.98 283.17
16.089 283.055
16.238 282.944
16.442 282.894
16.603 282.921
16.725 282.995
16.81 283.034
16.906 283.045
17.032 283.058
17.183 283.095
17.341 283.166
17.464 283.275
17.548 283.368
17.611 283.465
17.663 283.543
17.742 283.635
17.805 283.777
17.87 283.94
17.943 284.105
18.001 284.257
18.058 284.394
18.129 284.559
18.202 284.713
18.309 284.855
18.424 284.947
18.494 285.068
18.442 285.134
18.343 285.192
18.3 285.296
18.254 285.402
18.216 285.492
18.176 285.58
18.119 285.663
18.063 285.729
17.997 285.769
17.937 285.8
17.863 285.847
17.788 285.885
17.72 285.913
17.668 285.921
17.619 285.946
17.559 285.96
17.517 285.938
17.507 285.926
17.486 285.944
17.48 285.968
17.471 285.998
17.477 286.031
17.466 286.085
17.425 286.11
17.41 286.107
17.409 286.108
17.339 286.122
17.311 286.138
17.29 286.135
17.269 286.13
17.235 286.131
17.193 286.131
17.151 286.104
17.123 286.092
17.112 286.111
17.12 286.131
17.101 286.139
17.095 286.132
17.098 286.172
17.127 286.213
17.134 286.236
17.155 286.234
17.173 286.167
17.158 286.107
17.124 286.062
17.088 285.963
17.016 285.886
16.907 285.765
16.771 285.634
16.638 285.447
16.603 285.213
16.627 285.03
16.683 284.89
16.727 284.817
16.73 284.756
16.726 284.679
16.714 284.589
16.721 284.449
16.77 284.298
16.839 284.218
16.901 284.166
16.957 284.119
16.997 284.118
17.004 284.13
16.996 284.117
17.009 284.088
17.01 284.082
17.033 284.07
17.059 284.081
17.098 284.094
17.117 284.151
17.1 284.197
17.063 284.235
17.05 284.207
17.06 284.237
17.073 284.248
17.067 284.3
17.047 284.334
17.029 284.387
17.002 284.395
17.005 284.416
17.019 284.418
17.033 284.451
17.018 284.445
17.025 284.456
17.038 284.437
17.067 284.446
17.087 284.446
17.122 284.466
17.145 284.485
17.188 284.491
17.242 284.473
17.33 284.457
17.426 284.437
17.524 284.424
17.61 284.427
17.682 284.419
17.76 284.431
17.776 284.441
17.814 284.424
17.867 284.405
17.907 284.393
17.935 284.404
17.958 284.402
18.006 284.399
18.032 284.408
18.083 284.418
18.13 284.471
18.177 284.507
18.243 284.545
18.295 284.567
18.375 284.59
18.481 284.633
18.594 284.675
18.684 284.713
18.758 284.698
18.813 284.697
18.879 284.692
18.929 284.72
18.993 284.769
18.998 284.842
18.999 284.807
19.034 284.763
19.108 284.768
19.163 284.798
19.216 284.821
19.255 284.807
19.313 284.778
19.361 284.719
19.413 284.668
19.453 284.61
19.475 284.56
19.488 284.49
19.521 284.419
19.539 284.353
19.537 284.271
19.531 284.173
19.509 284.033
19.451 283.903
19.376 283.792
19.298 283.692
19.222 283.574
19.167 283.513
19.063 283.466
18.957 283.41
18.88 283.369
18.81 283.345
18.713 283.388
18.613 283.39
18.562 283.373
18.504 283.408
18.427 283.44
18.412 283.492
18.411 283.531
18.37 283.62
18.294 283.706
18.245 283.768
18.201 283.815
18.166 283.878
18.117 283.937
18.09 284.01
18.056 284.038
18.037 284.098
18.006 284.154
18.009 284.201
17.991 284.239
17.991 284.256
17.944 284.276
17.917 284.251
17.903 284.235
17.862 284.205
17.846 284.175
17.806 284.151
17.762 284.099
17.717 284.05
17.632 283.958
17.598 283.865
17.575 283.786
17.537 283.704
17.492 283.63
17.461 283.539
17.449 283.443
17.411 283.349
17.366 283.219
17.345 283.071
17.361 282.943
17.327 282.88
17.291 282.85
17.188 282.827
17.066 282.726
16.957 282.598
16.859 282.498
16.768 282.401
16.714 282.342
16.653 282.292
16.584 282.216
16.499 282.155
16.451 282.06
16.431 281.999
16.39 281.926
16.366 281.856
16.327 281.773
16.29 281.695
16.261 281.636
16.255 281.571
16.274 281.511
16.299 281.477
16.314 281.446
16.329 281.414
16.356 281.392
16.38 281.402
16.375 281.403
16.374 281.382
16.372 281.355
16.376 281.359
16.382 281.354
16.399 281.352
16.42 281.324
16.455 281.322
16.468 281.333
16.491 281.318
16.554 281.269
16.594 281.214
16.558 281.18
16.486 281.146
16.43 281.115
16.398 281.112
16.368 281.109
16.347 281.078
16.309 281.041
16.278 281.032
16.247 281.032
16.203 281.019
16.182 280.979
16.174 280.936
16.168 280.888
16.174 280.836
16.198 280.782
16.233 280.728
16.237 280.662
16.224 280.601
16.234 280.533
16.242 280.482
16.28 280.423
16.334 280.351
16.384 280.279
16.419 280.224
16.459 280.163
16.486 280.101
16.509 280.046
16.534 279.986
16.586 279.91
16.695 279.839
16.823 279.75
16.909 279.635
16.907 279.468
16.883 279.338
16.893 279.232
16.879 279.161
16.88 279.072
16.91 279.008
16.947 278.942
16.966 278.89
16.993 278.83
17.043 278.748
17.109 278.674
17.157 278.606
17.208 278.534
17.258 278.467
17.318 278.406
17.364 278.361
17.404 278.319
17.439 278.278
17.475 278.23
17.523 278.173
17.571 278.143
17.624 278.131
17.688 278.113
17.819 278.06
17.889 277.96
17.845 277.846
17.79 277.778
17.793 277.751
17.828 277.739
17.852 277.714
17.882 277.676
17.92 277.614
17.929 277.572
17.933 277.538
17.943 277.505
17.948 277.481
17.947 277.465
17.987 277.444
18.036 277.417
18.093 277.404
18.117 277.4
18.145 277.39