16.67 203.331
16.623 203.322
16.605 203.308
16.567 203.298
16.565 203.282
16.534 203.298
16.51 203.288
16.494 203.285
16.48 203.269
16.472 203.268
16.462 203.263
16.459 203.263
16.455 203.263
16.462 203.261
16.464 203.269
16.467 203.28
16.466 203.27
16.481 203.251
16.509 203.248
16.539 203.246
16.56 203.245
16.586 203.216
16.634 203.182
16.677 203.156
16.726 203.101
16.748 203.046
16.788 202.971
16.79 202.899
16.798 202.805
16.782 202.706
16.769 202.629
16.725 202.539
16.677 202.455
16.626 202.359
16.584 202.285
16.549 202.219
16.526 202.153
16.481 202.102
16.458 202.058
16.427 202.001
16.416 201.947
16.392 201.899
16.373 201.851
16.356 201.816
16.333 201.775
16.31 201.744
16.277 201.712
16.261 201.673
16.233 201.637
16.226 201.6
16.198 201.576
16.19 201.554
16.159 201.528
16.139 201.505
16.112 201.479
16.099 201.461
16.068 201.428
16.074 201.4
16.061 201.381
16.054 201.373
16.017 201.377
15.989 201.36
15.959 201.348
15.944 201.333
15.923 201.336
15.901 201.33
15.891 201.341
15.87 201.346
15.854 201.369
15.811 201.384
15.78 201.397
15.76 201.391
15.758 201.395
15.782 201.406
15.786 201.447
15.784 201.467
15.775 201.485
15.771 201.494
15.767 201.486
15.783 201.471
15.823 201.462
15.854 201.475
15.877 201.493
15.885 201.496
15.906 201.479
15.929 201.463
15.976 201.448
16.013 201.458
16.054 201.442
16.081 201.453
16.101 201.432
16.115 201.4
16.167 201.343
16.213 201.319
16.249 201.295
16.281 201.265
16.292 201.216
16.314 201.157
16.347 201.079
16.397 201.018
16.431 200.96
16.441 200.9
16.455 200.83
16.458 200.736
16.479 200.645
16.494 200.566
16.499 200.485
16.499 200.429
16.495 200.35
16.475 200.286
16.463 200.208
16.456 200.135
16.471 200.052
16.471 200.01
16.457 199.947
16.443 199.891
16.439 199.812
16.433 199.75
16.429 199.678
16.442 199.624
16.433 199.559
16.435 199.515
16.399 199.445
16.411 199.38
16.388 199.317
16.397 199.257
16.369 199.205
16.377 199.14
16.381 199.085
16.393 199.037
16.369 198.995
16.373 198.925
16.385 198.869
16.393 198.803
16.386 198.752
16.381 198.676
16.388 198.616
16.386 198.559
16.366 198.52
16.34 198.443
16.337 198.376
16.352 198.32
16.347 198.29
16.328 198.245
16.329 198.2
16.301 198.166
16.29 198.115
16.264 198.065
16.278 198.007
16.26 197.989
16.26 197.964
16.225 197.936
16.214 197.881
16.196 197.846
16.202 197.805
16.183 197.786
16.177 197.737
16.166 197.721
16.158 197.687
16.146 197.666
16.12 197.617
16.117 197.577
16.123 197.547
16.116 197.53
16.096 197.495
16.086 197.478
16.052 197.438
16.044 197.389
16.041 197.346
16.056 197.315
16.044 197.297
16.034 197.27
16.02 197.236
16.008 197.211
15.986 197.175
15.97 197.13
15.964 197.081
15.96 197.047
15.967 197.01
15.953 197.004
15.924 196.955
15.897 196.917
15.901 196.873
15.884 196.829
15.898 196.786
15.884 196.754
15.883 196.732
15.853 196.698
15.85 196.666
15.822 196.625
15.829 196.596
15.824 196.568
15.812 196.558
15.78 196.517
15.782 196.511
15.756 196.468
15.752 196.45
15.73 196.412
15.73 196.398
15.735 196.371
15.712 196.366
15.689 196.34
15.668 196.309
15.686 196.27
15.689 196.262
15.679 196.247
15.654 196.233
15.654 196.194
15.648 196.174
15.63 196.137
15.616 196.108
15.614 196.061
15.615 196.032
15.598 196.002
15.582 195.967
15.565 195.925
15.566 195.88
15.554 195.846
15.538 195.816
15.541 195.777
15.537 195.756
15.498 195.729
15.478 195.688
15.473 195.637
15.486 195.603
15.469 195.588
15.451 195.564
15.439 195.539
15.421 195.509
15.393 195.491
15.377 195.435
15.365 195.393
15.363 195.355
15.363 195.326
15.352 195.314
15.335 195.29
15.299 195.276
15.267 195.221
15.261 195.171
15.277 195.133
15.275 195.108
15.261 195.078
15.245 195.058
15.244 195.018
15.231 194.985
15.229 194.941
15.234 194.93
15.247 194.921
15.226 194.926
15.198 194.896
15.189 194.87
15.195 194.852
15.181 194.833
15.172 194.796
15.167 194.773
15.178 194.76
15.165 194.74
15.149 194.711
15.134 194.684
15.129 194.649
15.125 194.613
15.137 194.578
15.123 194.584
15.096 194.546
15.083 194.51
15.098 194.464
15.094 194.457
15.097 194.425
15.089 194.416
15.087 194.395
15.055 194.375
15.049 194.339
15.061 194.306
15.089 194.296
15.068 194.295
15.061 194.279
15.044 194.253
15.059 194.228
15.053 194.219
15.055 194.202
15.041 194.198
15.038 194.195
15.014 194.178
15.018 194.165
15.006 194.13
15.021 194.133
15.012 194.109
15.023 194.12
15.002 194.096
15.011 194.097
14.993 194.053
15.025 194.042
15.033 193.997
15.052 194.01
15.061 193.981
15.07 193.978
15.079 193.948
15.069 193.93
15.091 193.89
15.108 193.862
15.132 193.847
15.115 193.825
15.134 193.801
15.127 193.764
15.131 193.738
15.113 193.692
15.136 193.652
15.129 193.619
15.137 193.583
15.124 193.551
15.143 193.522
15.136 193.503
15.138 193.465
15.126 193.444
15.127 193.413
15.115 193.387
15.138 193.342
15.14 193.329
15.151 193.31
15.147 193.312
15.146 193.303
15.122 193.292
15.098 193.256
15.1 193.219
15.113 193.191
15.124 193.177
15.135 193.162
15.128 193.15
15.129 193.134
15.138 193.111
15.14 193.098
15.133 193.072
15.14 193.051
15.149 193.04
15.126 193.033
15.121 193.008
15.1 192.989
15.096 192.962
15.075 192.931
15.08 192.894
15.087 192.862
15.12 192.851
15.094 192.846
15.09 192.802
15.097 192.775
15.124 192.751
15.12 192.736
15.122 192.688
15.132 192.652
15.153 192.631
15.155 192.598
15.162 192.56
15.187 192.523
15.217 192.509
15.219 192.483
15.224 192.44
15.23 192.421
15.254 192.37
15.27 192.337
15.3 192.296
15.303 192.29
15.315 192.253
15.314 192.213
15.334 192.165
15.35 192.133
15.371 192.094
15.391 192.066
15.408 192.028
15.437 192.002
15.439 191.973
15.437 191.941
15.441 191.891
15.469 191.854
15.464 191.832
15.473 191.784
15.475 191.754
15.497 191.722
15.489 191.713
15.47 191.67
15.471 191.624
15.496 191.574
15.515 191.531
15.532 191.498