-31.498 252.512
-31.514 252.495
-31.502 252.504
-31.465 252.501
-31.436 252.451
-31.448 252.43
-31.437 252.453
-31.394 252.442
-31.386 252.364
-31.426 252.348
-31.407 252.36
-31.387 252.303
-31.458 252.253
-31.522 252.279
-31.535 252.306
-31.551 252.288
-31.63 252.304
-31.658 252.393
-31.641 252.446
-31.649 252.448
-31.709 252.5
-31.713 252.597
-31.68 252.636
-31.692 252.617
-31.752 252.658
-31.747 252.757
-31.7 252.781
-31.716 252.797
-31.735 252.886
-31.689 252.95
-31.635 252.908
-31.651 252.853
-31.651 252.812
-31.615 252.756
-31.604 252.675
-31.613 252.627
-31.597 252.605
-31.551 252.578
-31.512 252.521
-31.505 252.475
-31.487 252.477
-31.426 252.466
-31.374 252.389
-31.371 252.34
-31.343 252.342
-31.291 252.317
-31.277 252.254
-31.286 252.24
-31.262 252.244
-31.249 252.204
-31.28 252.178
-31.307 252.178
-31.321 252.187
-31.319 252.171
-31.342 252.154
-31.38 252.189
-31.353 252.234
-31.35 252.2
-31.4 252.18
-31.442 252.21
-31.464 252.236
-31.491 252.226
-31.571 252.232
-31.635 252.28
-31.665 252.325
-31.689 252.337
-31.753 252.358
-31.792 252.425
-31.82 252.459
-31.864 252.47
-31.915 252.524
-31.921 252.577
-31.948 252.597
-31.984 252.624
-32.01 252.679
-32.016 252.721
-32.036 252.77
-32.035 252.84
-32.019 252.893
-31.985 252.938
-31.918 252.899
-31.896 252.861
-31.872 252.856
-31.835 252.861
-31.825 252.829
-31.834 252.84
-31.81 252.881
-31.789 252.899
-31.79 252.945
-31.774 252.997
-31.754 253.014
-31.754 253.007
-31.761 253.002
-31.759 253.021
-31.726 253.041
-31.703 253.029
-31.698 253.052
-31.635 253.075
-31.562 253.04
-31.522 253.012
-31.502 253.003
-31.453 253.007
-31.4 252.991
-31.357 252.976
-31.343 252.985
-31.301 253.037
-31.282 253.052
-31.295 253.096
-31.288 253.192
-31.15 253.238
-31.026 253.186
-30.98 253.137
-30.93 253.151
-30.834 253.157
-30.75 253.119
-30.718 253.076
-30.684 253.076
-30.623 253.077
-30.572 253.061
-30.549 253.023
-30.538 253.002
-30.501 253.001
-30.459 252.96
-30.465 252.931
-30.47 252.932
-30.428 252.925
-30.382 252.877
-30.372 252.842
-30.373 252.806
-30.348 252.809
-30.319 252.771
-30.317 252.736
-30.332 252.719
-30.332 252.722
-30.337 252.695
-30.36 252.662
-30.398 252.662
-30.395 252.694
-30.38 252.683
-30.39 252.645
-30.448 252.647
-30.464 252.679
-30.444 252.681
-30.465 252.65
-30.514 252.698
-30.512 252.748
-30.516 252.779
-30.523 252.824
-30.518 252.884
-30.47 252.9
-30.45 252.878
-30.451 252.884
-30.401 252.907
-30.338 252.872
-30.339 252.813
-30.359 252.792
-30.373 252.777
-30.356 252.74
-30.367 252.663
-30.395 252.622
-30.389 252.598
-30.363 252.557
-30.359 252.479
-30.373 252.419
-30.36 252.374
-30.352 252.307
-30.356 252.237
-30.361 252.205
-30.357 252.159
-30.358 252.109
-30.372 252.045
-30.387 251.99
-30.416 251.957
-30.418 251.937
-30.411 251.88
-30.445 251.826
-30.481 251.796
-30.48 251.786
-30.472 251.738
-30.495 251.702
-30.532 251.682
-30.547 251.687
-30.55 251.677
-30.578 251.655
-30.63 251.654
-30.662 251.68
-30.672 251.678
-30.706 251.682
-30.754 251.71
-30.783 251.77
-30.793 251.804
-30.812 251.856
-30.813 251.923
-30.835 251.972
-30.852 252.016
-30.88 252.061
-30.906 252.108
-30.943 252.142
-30.985 252.193
-31.018 252.231
-31.072 252.262
-31.122 252.309
-31.16 252.352
-31.208 252.374
-31.266 252.409
-31.309 252.457
-31.332 252.495
-31.355 252.506
-31.419 252.539
-31.43 252.607
-31.412 252.626
-31.423 252.633
-31.459 252.669
-31.441 252.724
-31.41 252.731
-31.402 252.734
-31.417 252.76
-31.384 252.821
-31.321 252.84
-31.295 252.84
-31.285 252.809
-31.257 252.774
-31.246 252.736
-31.243 252.727
-31.232 252.713
-31.207 252.706
-31.208 252.675
-31.208 252.658
-31.222 252.639
-31.239 252.642
-31.264 252.644
-31.28 252.656
-31.315 252.651
-31.35 252.658
-31.364 252.669
-31.376 252.661
-31.421 252.657
-31.467 252.69
-31.487 252.732
-31.501 252.765
-31.539 252.818
-31.551 252.899
-31.545 252.961
-31.557 253.021
-31.545 253.111
-31.519 253.177
-31.472 253.177
-31.46 253.152
-31.447 253.14
-31.424 253.139
-31.393 253.122
-31.383 253.085
-31.379 253.054
-31.366 253.036
-31.356 253.004
-31.36 252.965
-31.375 252.939
-31.381 252.916
-31.374 252.892
-31.383 252.873
-31.39 252.864
-31.398 252.857
-31.407 252.868
-31.411 252.873
-31.404 252.884
-31.403 252.882
-31.404 252.878
-31.406 252.87
-31.414 252.856
-31.427 252.841
-31.445 252.832
-31.464 252.829
-31.484 252.807
-31.509 252.805
-31.52 252.828
-31.505 252.832
-31.5 252.801
-31.509 252.779
-31.499 252.779
-31.48 252.753
-31.515 252.715
-31.542 252.714
-31.565 252.707
-31.586 252.697
-31.625 252.691
-31.641 252.704
-31.66 252.698
-31.676 252.703
-31.709 252.722
-31.731 252.757
-31.746 252.786
-31.787 252.832
-31.829 252.907
-31.853 252.979
-31.88 253.027
-31.926 253.077
-31.967 253.15
-31.992 253.19
-32.036 253.21
-32.1 253.228
-32.158 253.285
-32.193 253.302
-32.261 253.321
-32.312 253.367
-32.344 253.407
-32.329 253.409
-32.318 253.378
-32.318 253.353
-32.293 253.338
-32.273 253.281
-32.277 253.223
-32.265 253.181
-32.258 253.12
-32.268 253.054
-32.28 253.008
-32.268 252.956
-32.275 252.892
-32.267 252.861
-32.254 252.814
-32.255 252.762
-32.257 252.72
-32.245 252.668
-32.227 252.623
-32.205 252.58
-32.199 252.529
-32.191 252.487
-32.194 252.455
-32.194 252.41
-32.202 252.359
-32.219 252.333
-32.227 252.317
-32.235 252.287
-32.267 252.259
-32.29 252.285
-32.282 252.28
-32.303 252.272
-32.316 252.329
-32.293 252.355
-32.273 252.371
-32.24 252.387
-32.199 252.394
-32.159 252.383
-32.129 252.369
-32.102 252.361
-32.075 252.343
-32.066 252.324
-32.076 252.332
-32.093 252.343
-32.129 252.391
-32.134 252.409
-32.166 252.399
-32.198 252.416
-32.229 252.437
-32.245 252.463
-32.256 252.458
-32.281 252.474
-32.306 252.513
-32.308 252.529
-32.328 252.528
-32.36 252.538
-32.386 252.556
-32.402 252.565
-32.431 252.561
-32.468 252.562
-32.492 252.569
-32.521 252.559
-32.548 252.547
-32.576 252.513
-32.61 252.492
-32.637 252.472
-32.665 252.461
-32.708 252.464
-32.734 252.498
-32.758 252.507
-32.794 252.547
-32.774 252.592
-32.759 252.596
-32.755 252.593
-32.751 252.627
-32.721 252.638
-32.687 252.641
-32.667 252.637
-32.669 252.664
-32.655 252.684
-32.663 252.7
-32.648 252.725
-32.652 252.752
-32.639 252.778
-32.634 252.798
-32.623 252.803
-32.614 252.769
-32.616 252.71
-32.632 252.662
-32.61 252.641
-32.601 252.587
-32.598 252.551
-32.601 252.516
-32.592 252.48
-32.59 252.44
-32.59 252.414
-32.588 252.378
-32.59 252.352
-32.587 252.321
-32.579 252.288
-32.582 252.249
-32.582 252.21
-32.597 252.18
-32.607 252.167
-32.637 252.154
-32.662 252.173
-32.684 252.179
-32.709 252.195
-32.747 252.208
-32.781 252.239
-32.79 252.269
-32.801 252.303
-32.804 252.335
-32.806 252.355
-32.816 252.369
-32.818 252.389
-32.783 252.404
-32.769 252.409
-32.743 252.428
-32.714 252.413
-32.692 252.392
-32.699 252.401
-32.67 252.427
-32.655 252.427
-32.651 252.442
-32.648 252.457
-32.638 252.464
-32.651 252.476
-32.636 252.519
-32.606 252.514
-32.618 252.511
-32.619 252.522
-32.601 252.517
-32.602 252.496
-32.621 252.499
-32.626 252.49
-32.659 252.461
-32.681 252.443
-32.716 252.438
-32.741 252.418
-32.795 252.407
-32.82 252.407
-32.85 252.384
-32.862 252.366
-32.886 252.328
-32.902 252.305
-32.907 252.284
-32.906 252.262
-32.909 252.244
-32.901 252.221
-32.903 252.219
-32.889 252.214
-32.862 252.191
-32.83 252.177
-32.803 252.162
-32.763 252.149
-32.739 252.116
-32.713 252.048
-32.71 251.998
-32.683 251.955
-32.655 251.938
-32.632 251.891
-32.62 251.882
-32.567 251.876
-32.526 251.829
-32.495 251.829
-32.445 251.838
-32.397 251.828
-32.353 251.802
-32.304 251.789
-32.243 251.778
-32.214 251.733
-32.196 251.7
-32.181 251.698
-32.158 251.705
-32.143 251.699
-32.171 251.709
-32.185 251.748
-32.177 251.745
-32.209 251.719
-32.202 251.7
-32.201 251.678
-32.215 251.661
-32.229 251.686
-32.218 251.724
-32.196 251.738
-32.197 251.757
-32.187 251.784
-32.167 251.821
-32.134 251.842
-32.103 251.837
-32.108 251.817
-32.128 251.859
-32.113 251.903
-32.127 251.949
-32.159 252.032
-32.204 252.114
-32.256 252.176
-32.309 252.241
-32.35 252.322
-32.374 252.384
-32.367 252.419
-32.357 252.421
-32.386 252.404
-32.429 252.401
-32.455 252.395
-32.491 252.367
-32.531 252.338
-32.566 252.33
-32.575 252.314
-32.605 252.271
-32.642 252.28
-32.628 252.266
-32.623 252.229
-32.63 252.222
-32.606 252.251
-32.591 252.265
-32.602 252.281
-32.624 252.29
-32.64 252.31
-32.643 252.322
-32.659 252.32
-32.702 252.337
-32.736 252.415
-32.734 252.463
-32.791 252.476
-32.842 252.519
-32.893 252.589
-32.895 252.646
-32.917 252.696
-32.9 252.762
-32.877 252.802
-32.881 252.822
-32.869 252.868
-32.818 252.914
-32.792 252.925
-32.741 252.913
-32.72 252.88
-32.706 252.872
-32.681 252.862
-32.642 252.833
-32.627 252.805
-32.629 252.816
-32.618 252.855
-32.589 252.871
-32.591 252.887
-32.576 252.916
-32.541 252.897
-32.535 252.831
-32.574 252.794
-32.585 252.809
-32.596 252.798
-32.652 252.794
-32.7 252.804
-32.739 252.836
-32.776 252.852
-32.836 252.881
-32.893 252.962
-32.9 253.033
-32.922 253.046
-33.004 253.11
-33.03 253.214
-33.054 253.246
-33.131 253.304
-33.185 253.414
-33.2 253.483
-33.216 253.529
-33.204 253.595
-33.189 253.659
-33.162 253.725
-33.141 253.797
-33.091 253.868
-33.044 253.934
-33.005 253.995
-32.946 254.038
-32.876 254.056
-32.812 254.069
-32.767 254.054
-32.739 254.037
-32.732 254.035
-32.746 254.054
-32.753 254.106
-32.722 254.16
-32.679 254.162
-32.636 254.168
-32.594 254.199
-32.553 254.243
-32.504 254.294
-32.452 254.342
-32.406 254.392
-32.357 254.428
-32.334 254.462
-32.325 254.509
-32.324 254.549
-32.3 254.572
-32.234 254.584
-32.169 254.602
-32.108 254.631
-32.063 254.667
-32.022 254.703
-31.99 254.745
-31.96 254.799
-31.943 254.856
-31.935 254.945
-31.923 255.037
-31.911 255.113
-31.889 255.214
-31.813 255.304
-31.723 255.382
-31.671 255.451
-31.612 255.493
-31.55 255.498
-31.529 255.475
-31.511 255.491
-31.491 255.491
-31.495 255.497
-31.537 255.526
-31.573 255.597
-31.586 255.663
-31.608 255.718
-31.655 255.797
-31.666 255.87
-31.685 255.932
-31.692 255.968
-31.7 255.998
-31.705 256.015
-31.731 256.038
-31.75 256.101
-31.754 256.163
-31.79 256.194
-31.869 256.24
-31.949 256.303
-32.034 256.404
-32.118 256.505
-32.189 256.595
-32.281 256.687
-32.381 256.799
-32.384 256.941
-32.407 257.041
-32.42 257.168
-32.394 257.284
-32.385 257.379
-32.386 257.455
-32.378 257.536
-32.337 257.612
-32.316 257.67
-32.291 257.708
-32.248 257.763
-32.193 257.799
-32.147 257.827
-32.115 257.834
-32.092 257.839
-32.076 257.826
-32.072 257.808
-32.108 257.778
-32.175 257.782
-32.232 257.805
-32.289 257.837
-32.339 257.879
-32.407 257.901
-32.497 257.924
-32.597 257.99
-32.651 258.062
-32.672 258.091
-32.696 258.119
-32.707 258.148
-32.702 258.164
-32.685 258.157
-32.678 258.181
-32.65 258.222
-32.619 258.271
-32.615 258.313
-32.636 258.372
-32.622 258.447
-32.579 258.506
-32.574 258.546
-32.549 258.619
-32.486 258.667
-32.466 258.685
-32.443 258.749
-32.384 258.769
-32.346 258.759
-32.357 258.766
-32.323 258.764
-32.333 258.729
-32.382 258.697
-32.389 258.728
-32.338 258.735
-32.309 258.715
-32.32 258.645
-32.322 258.599
-32.312 258.553
-32.278 258.457
-32.279 258.407
-32.278 258.4
-32.25 258.384
-32.242 258.326
-32.266 258.288
-32.256 258.271
-32.226 258.223
-32.23 258.163
-32.258 258.176
-32.252 258.202
-32.26 258.218
-32.278 258.256
-32.291 258.322
-32.298 258.384
-32.319 258.443
-32.321 258.552
-32.312 258.674
-32.294 258.749
-32.262 258.749
-32.231 258.756
-32.205 258.739
-32.211 258.745
-32.213 258.812
-32.136 258.893
-32.06 258.9
-32.011 258.926
-31.96 258.961
-31.918 258.979
-31.88 258.984
-31.853 258.987
-31.83 259.046
-31.82 259.088
-31.793 259.14
-31.753 259.169
-31.711 259.207
-31.668 259.252
-31.616 259.283
-31.549 259.303
-31.499 259.302
-31.454 259.299
-31.409 259.286
-31.368 259.266
-31.329 259.247
-31.291 259.223
-31.232 259.214
-31.186 259.196
-31.152 259.166
-31.113 259.146
-31.071 259.136
-31.053 259.123
-31.032 259.125
-31.022 259.152
-31.017 259.189
-31.008 259.248
-30.993 259.316
-30.925 259.335
-30.854 259.349
-30.799 259.387
-30.719 259.439
-30.646 259.477
-30.59 259.501
-30.543 259.544
-30.497 259.581
-30.457 259.615
-30.407 259.631
-30.35 259.646
-30.293 259.628
-30.275 259.59
-30.273 259.554
-30.255 259.528
-30.228 259.521
-30.201 259.5
-30.197 259.472
-30.2 259.466
-30.171 259.465
-30.117 259.456
-30.072 259.443
-30.031 259.426
-29.985 259.422
-29.953 259.357
-29.946 259.31
-29.936 259.264
-29.934 259.219
-29.94 259.173
-29.947 259.136
-29.942 259.107
-29.936 259.082
-29.92 259.046
-29.907 259.012
-29.905 258.99
-29.912 258.993
-29.921 259.023
-29.905 259.053
-29.907 259.068
-29.918 259.097
-29.926 259.15
-29.944 259.206
-29.973 259.277
-29.988 259.354
-29.959 259.397
-29.931 259.41
-29.914 259.42
-29.891 259.424
-29.869 259.413
-29.845 259.392
-29.837 259.379
-29.817 259.361
-29.79 259.367
-29.777 259.355
-29.76 259.364
-29.745 259.381
-29.738 259.412
-29.722 259.423
-29.726 259.44
-29.713 259.464
-29.697 259.5
-29.635 259.499
-29.586 259.484
-29.538 259.481
-29.486 259.483
-29.415 259.487
-29.33 259.469
-29.254 259.439
-29.194 259.436
-29.133 259.397
-29.063 259.334
-29.012 259.265
-28.967 259.203
-28.927 259.136
-28.876 259.053
-28.851 258.986
-28.816 258.914
-28.797 258.844
-28.758 258.77
-28.74 258.697
-28.711 258.63
-28.688 258.579
-28.649 258.54
-28.632 258.514
-28.613 258.478
-28.613 258.433
-28.609 258.41
-28.601 258.396
-28.602 258.373
-28.633 258.382
-28.639 258.423
-28.642 258.453
-28.617 258.485
-28.596 258.462
-28.567 258.437
-28.541 258.396
-28.519 258.331
-28.508 258.291
-28.495 258.268
-28.486 258.223
-28.494 258.172
-28.53 258.14
-28.556 258.128
-28.588 258.094
-28.616 258.041
-28.623 258.018
-28.621 257.996
-28.621 257.973
-28.633 257.938
-28.656 257.907
-28.665 257.884
-28.675 257.843
-28.708 257.801
-28.741 257.784
-28.764 257.768
-28.781 257.734
-28.828 257.701
-28.876 257.69
-28.926 257.68
-28.969 257.654
-29.035 257.638
-29.097 257.655
-29.154 257.649
-29.21 257.638
-29.28 257.649
-29.351 257.693
-29.408 257.752
-29.398 257.8
-29.357 257.823
-29.327 257.821
-29.304 257.828
-29.278 257.816
-29.252 257.786
-29.265 257.757
-29.288 257.756
-29.305 257.771
-29.309 257.802
-29.301 257.823
-29.29 257.852
-29.262 257.873
-29.226 257.891
-29.203 257.894
-29.195 257.937
-29.177 257.976
-29.147 258.003
-29.13 258.025
-29.104 258.041
-29.067 258.019
-29.033 257.979
-28.995 257.914
-28.975 257.843
-28.947 257.771
-28.943 257.707
-28.939 257.656
-28.943 257.622
-28.928 257.579
-28.92 257.534
-28.927 257.491
-28.949 257.442
-28.937 257.376
-28.945 257.31
-28.952 257.245
-28.964 257.187
-28.959 257.127
-28.969 257.069
-28.98 257.035
-28.984 257.006
-28.984 256.982
-28.989 256.954
-28.996 256.924
-29.011 256.896
-29.012 256.874
-29.018 256.848
-29.046 256.818
-29.082 256.822
-29.112 256.845
-29.143 256.874
-29.176 256.901
-29.214 256.934
-29.245 256.954
-29.289 256.972
-29.318 256.978
-29.349 256.996
-29.369 257.007
-29.416 257.026
-29.447 257.054
-29.483 257.078
-29.508 257.095
-29.543 257.112
-29.567 257.134
-29.593 257.151
-29.626 257.159
-29.671 257.173
-29.718 257.188
-29.749 257.205
-29.782 257.209
-29.827 257.22
-29.869 257.234
-29.894 257.233
-29.925 257.219
-29.982 257.237
-30.032 257.257
-30.073 257.298
-30.082 257.355
-30.083 257.389
-30.084 257.442
-30.06 257.501
-30.013 257.555
-29.953 257.579
-29.904 257.58
-29.855 257.6
-29.814 257.615
-29.759 257.605
-29.737 257.585
-29.714 257.596
-29.691 257.583
-29.67 257.574
-29.663 257.564
-29.66 257.567
-29.653 257.55
-29.668 257.526
-29.688 257.513
-29.721 257.504
-29.771 257.504
-29.83 257.521
-29.876 257.551
-29.925 257.589
-29.979 257.622
-30.044 257.667
-30.097 257.699
-30.157 257.737
-30.205 257.782
-30.125 257.826
-30.092 257.812
-30.106 257.827
-30.064 257.885
-30.0 257.939
-29.904 257.948
-29.82 257.963
-29.74 257.989
-29.653 257.999
-29.572 257.975
-29.522 257.934
-29.476 257.895
-29.415 257.876
-29.359 257.848
-29.327 257.821
-29.291 257.806
-29.253 257.795
-29.214 257.77
-29.198 257.739
-29.188 257.704
-29.173 257.671
-29.152 257.635
-29.146 257.595
-29.142 257.558
-29.134 257.551
-29.115 257.535
-29.122 257.534
-29.124 257.542
-29.125 257.573
-29.112 257.59
-29.125 257.605
-29.139 257.626
-29.152 257.666
-29.149 257.682
-29.16 257.691
-29.18 257.697
-29.21 257.738
-29.228 257.78
-29.25 257.812
-29.278 257.856
-29.312 257.919
-29.323 257.988
-29.33 258.059
-29.337 258.137
-29.31 258.207
-29.228 258.236
-29.158 258.227
-29.081 258.183
-29.025 258.126
-28.978 258.086
-28.94 258.047
-28.889 258.001
-28.864 257.936
-28.859 257.9
-28.836 257.877
-28.8 257.837
-28.79 257.778
-28.81 257.755
-28.808 257.738
-28.804 257.709
-28.825 257.664
-28.852 257.655
-28.858 257.645
-28.86 257.62
-28.894 257.588
-28.93 257.585
-28.94 257.592
-28.944 257.577
-28.975 257.554
-29.005 257.564
-29.001 257.577
-29.007 257.557
-29.046 257.553
-29.063 257.571
-29.06 257.567
-29.072 257.538
-29.111 257.529
-29.124 257.541
-29.122 257.537
-29.138 257.502
-29.182 257.477
-29.207 257.474
-29.22 257.473
-29.232 257.456
-29.271 257.436
-29.302 257.439
-29.32 257.454
-29.322 257.475
-29.32 257.46
-29.336 257.444
-29.353 257.446
-29.37 257.436
-29.409 257.445
-29.431 257.458
-29.46 257.459
-29.499 257.466
-29.539 257.502
-29.566 257.532
-29.578 257.569
-29.592 257.596
-29.616 257.654
-29.633 257.711
-29.646 257.737
-29.679 257.751
-29.71 257.811
-29.718 257.86
-29.725 257.893
-29.771 257.925
-29.823 258.005
-29.844 258.094
-29.794 258.144
-29.746 258.144
-29.73 258.142
-29.714 258.183
-29.65 258.221
-29.6 258.203
-29.575 258.207
-29.551 258.245
-29.495 258.299
-29.42 258.297
-29.371 258.267
-29.363 258.256
-29.362 258.283
-29.33 258.277
-29.345 258.259
-29.367 258.264
-29.378 258.31
-29.374 258.339
-29.413 258.38
-29.467 258.411
-29.462 258.426
-29.466 258.385
-29.517 258.367
-29.516 258.343
-29.505 258.257
-29.496 258.154
-29.544 258.118
-29.542 258.125
-29.531 258.097
-29.533 258.057
-29.561 258.016
-29.592 258.015
-29.588 258.017
-29.582 257.998
-29.611 257.971
-29.631 257.972
-29.617 257.952
-29.619 257.891
-29.662 257.849
-29.692 257.855
-29.666 257.832
-29.67 257.762
-29.724 257.726
-29.746 257.733
-29.726 257.72
-29.738 257.647
-29.787 257.612
-29.824 257.601
-29.833 257.599
-29.858 257.567
-29.91 257.567
-29.947 257.605
-29.953 257.646
-29.957 257.63
-30.013 257.642
-30.028 257.681
-30.02 257.688
-30.019 257.652
-30.081 257.642
-30.103 257.672
-30.106 257.68
-30.13 257.649
-30.2 257.651
-30.248 257.705
-30.253 257.737
-30.276 257.733
-30.335 257.774
-30.368 257.822
-30.405 257.848
-30.464 257.824
-30.522 257.832
-30.545 257.817
-30.582 257.779
-30.617 257.746
-30.674 257.737
-30.712 257.754
-30.731 257.761
-30.762 257.734
-30.83 257.745
-30.871 257.779
-30.863 257.824
-30.86 257.841
-30.836 257.862
-30.807 257.875
-30.787 257.881
-30.777 257.898
-30.755 257.92
-30.743 257.942
-30.738 257.97
-30.753 258.003
-30.751 258.071
-30.713 258.106
-30.686 258.09
-30.697 258.096
-30.682 258.132
-30.653 258.144
-30.644 258.131
-30.655 258.131
-30.648 258.151
-30.619 258.163
-30.606 258.122
-30.627 258.11
-30.638 258.098
-30.622 258.091
-30.606 258.053
-30.619 258.026
-30.659 257.981
-30.692 257.979
-30.689 257.95
-30.707 257.901
-30.77 257.872
-30.802 257.885
-30.795 257.874
-30.805 257.819
-30.849 257.768
-30.866 257.73
-30.866 257.67
-30.887 257.598
-30.92 257.562
-30.924 257.536
-30.927 257.516
-30.942 257.465
-30.987 257.441
-31.023 257.453
-31.036 257.467
-31.056 257.452
-31.125 257.473
-31.145 257.527
-31.167 257.546
-31.204 257.574
-31.27 257.616
-31.333 257.673
-31.414 257.724
-31.507 257.793
-31.603 257.88
-31.712 257.982
-31.737 258.106
-31.75 258.159
-31.799 258.24
-31.819 258.341
-31.807 258.403
-31.828 258.444
-31.853 258.534
-31.854 258.619
-31.866 258.682
-31.879 258.734
-31.866 258.777
-31.838 258.8
-31.81 258.813
-31.79 258.801
-31.779 258.785
-31.767 258.789
-31.739 258.784
-31.728 258.761
-31.724 258.744
-31.707 258.751
-31.701 258.765
-31.669 258.763
-31.645 258.742
-31.643 258.727
-31.65 258.73
-31.624 258.731
-31.615 258.69
-31.632 258.667
-31.644 258.67
-31.637 258.66
-31.668 258.624
-31.713 258.637
-31.73 258.683
-31.735 258.703
-31.761 258.742
-31.791 258.802
-31.794 258.878
-31.754 258.95
-31.731 259.009
-31.683 259.031
-31.655 259.04
-31.632 259.072
-31.595 259.129
-31.545 259.17
-31.51 259.204
-31.478 259.252
-31.462 259.313
-31.435 259.381
-31.4 259.437
-31.376 259.48
-31.398 259.497
-31.324 259.505
-31.243 259.478
-31.19 259.462
-31.165 259.471
-31.122 259.495
-31.078 259.487
-31.072 259.48
-31.057 259.503
-31.017 259.505
-31.006 259.483
-31.024 259.474
-31.03 259.477
-31.022 259.473
-31.015 259.437
-31.029 259.414
-31.047 259.42
-31.03 259.42
-31.027 259.389
-31.051 259.384
-31.075 259.419
-31.056 259.442
-31.056 259.468
-31.062 259.522
-31.047 259.581
-31.016 259.584
-31.032 259.57
-31.048 259.588
-31.057 259.609
-31.057 259.63
-31.052 259.657
-31.066 259.672
-31.088 259.734
-31.064 259.776
-31.06 259.778
-31.084 259.834
-31.066 259.921
-31.044 259.96
-31.065 260.011
-31.056 260.132
-30.988 260.224
-30.944 260.252
-30.931 260.279
-30.9 260.333
-30.857 260.336
-30.867 260.341
-30.853 260.367
-30.843 260.376
-30.857 260.371
-30.893 260.393
-30.922 260.424
-30.943 260.441
-30.986 260.465
-31.014 260.513
-31.023 260.545
-31.061 260.555
-31.122 260.606
-31.134 260.659
-31.158 260.672
-31.193 260.685
-31.239 260.733
-31.248 260.782
-31.264 260.805
-31.277 260.828
-31.298 260.843
-31.319 260.863
-31.342 260.879
-31.366 260.884
-31.433 260.932
-31.451 261.008
-31.446 261.033
-31.481 261.06
-31.479 261.102
-31.474 261.105
-31.496 261.115
-31.531 261.154
-31.572 261.228
-31.591 261.312
-31.594 261.37
-31.628 261.449
-31.646 261.564
-31.624 261.648
-31.586 261.678
-31.597 261.698
-31.617 261.804
-31.558 261.891
-31.492 261.886
-31.49 261.883
-31.465 261.942
-31.416 261.994
-31.374 262.013
-31.346 262.044
-31.303 262.054
-31.284 262.071
-31.253 262.09
-31.217 262.077
-31.179 262.026
-31.17 261.982
-31.137 261.934
-31.124 261.85
-31.124 261.752
-31.143 261.683
-31.159 261.65
-31.172 261.631
-31.178 261.605
-31.196 261.59
-31.213 261.59
-31.195 261.587
-31.176 261.529
-31.188 261.472
-31.215 261.442
-31.24 261.411
-31.278 261.378
-31.318 261.376
-31.356 261.38
-31.401 261.398
-31.449 261.427
-31.486 261.469
-31.502 261.507
-31.522 261.534
-31.524 261.598
-31.511 261.628
-31.502 261.643
-31.512 261.656
-31.511 261.72
-31.489 261.798
-31.439 261.841
-31.364 261.833
-31.325 261.781
-31.317 261.77
-31.286 261.798
-31.212 261.783
-31.18 261.739
-31.166 261.737
-31.13 261.763
-31.083 261.77
-31.082 261.783
-31.092 261.847
-31.011 261.887
-30.916 261.816
-30.92 261.723
-30.934 261.708
-30.9 261.705
-30.85 261.613
-30.907 261.513
-30.954 261.503
-30.929 261.474
-30.924 261.375
-30.989 261.314
-31.024 261.315
-31.006 261.274
-31.006 261.18
-31.067 261.118
-31.092 261.117
-31.066 261.077
-31.075 260.993
-31.12 260.928
-31.158 260.915
-31.149 260.876
-31.175 260.812
-31.207 260.762
-31.253 260.729
-31.273 260.692
-31.31 260.633
-31.353 260.577
-31.384 260.522
-31.43 260.483
-31.454 260.435
-31.497 260.378
-31.525 260.342
-31.536 260.306
-31.531 260.251
-31.564 260.191
-31.582 260.187
-31.57 260.169
-31.562 260.146
-31.586 260.131
-31.587 260.163
-31.528 260.154
-31.504 260.105