-35.055 10.31
-35.003 10.397
-34.948 10.496
-34.88 10.543
-34.853 10.552
-34.849 10.591
-34.827 10.646
-34.805 10.671
-34.829 10.695
-34.844 10.768
-34.838 10.819
-34.853 10.851
-34.881 10.912
-34.891 10.987
-34.899 11.05
-34.93 11.106
-34.964 11.203
-34.984 11.307
-34.998 11.422
-35.026 11.534
-35.033 11.696
-35.004 11.829
-34.998 11.962
-34.979 12.116
-34.943 12.245
-34.919 12.349
-34.913 12.456
-34.899 12.559
-34.881 12.639
-34.877 12.716
-34.869 12.802
-34.848 12.877
-34.828 12.925
-34.816 12.962
-34.804 13.004
-34.797 13.032
-34.802 13.078
-34.791 13.118
-34.784 13.149
-34.781 13.174
-34.786 13.208
-34.76 13.237
-34.744 13.244
-34.732 13.265
-34.707 13.296
-34.677 13.316
-34.664 13.322
-34.651 13.337
-34.637 13.354
-34.624 13.363
-34.613 13.371
-34.601 13.378
-34.587 13.386
-34.564 13.394
-34.538 13.402
-34.515 13.408
-34.481 13.411
-34.447 13.412
-34.405 13.411
-34.364 13.406
-34.31 13.39
-34.279 13.366
-34.239 13.362
-34.191 13.338
-34.16 13.309
-34.132 13.293
-34.094 13.268
-34.073 13.222
-34.066 13.178
-34.063 13.156
-34.04 13.117
-34.037 13.056
-34.032 13.021
-34.018 12.957
-34.034 12.88
-34.076 12.826
-34.104 12.788
-34.136 12.723
-34.181 12.648
-34.259 12.583
-34.318 12.513
-34.384 12.423
-34.472 12.329
-34.563 12.256
-34.639 12.174
-34.728 12.086
-34.811 11.999
-34.881 11.922
-34.945 11.828
-35.001 11.746
-35.061 11.639
-35.128 11.54
-35.162 11.461
-35.209 11.357
-35.273 11.284
-35.316 11.262
-35.346 11.207
-35.371 11.133
-35.382 11.013
-35.418 10.897
-35.447 10.841
-35.434 10.774
-35.437 10.67
-35.451 10.615
-35.431 10.578
-35.394 10.498
-35.385 10.44
-35.357 10.398
-35.302 10.374
-35.242 10.309
-35.18 10.284
-35.075 10.249
-34.968 10.183
-34.908 10.11
-34.865 10.07
-34.813 10.023
-34.771 9.939
-34.774 9.859
-34.765 9.842
-34.738 9.792
-34.722 9.735
-34.736 9.696
-34.723 9.696
-34.705 9.669
-34.698 9.652
-34.698 9.626
-34.707 9.63
-34.717 9.641
-34.722 9.664
-34.695 9.694
-34.692 9.663
-34.694 9.62
-34.697 9.572
-34.703 9.523
-34.712 9.475
-34.755 9.438
-34.753 9.434
-34.749 9.39
-34.784 9.322
-34.805 9.312
-34.758 9.276
-34.762 9.177
-34.767 9.139
-34.712 9.104
-34.667 9.059
-34.655 9.042
-34.602 9.081
-34.539 9.078
-34.509 9.082
-34.493 9.162
-34.425 9.229
-34.364 9.243
-34.356 9.29
-34.309 9.391
-34.23 9.452
-34.171 9.479
-34.136 9.539
-34.076 9.621
-34.001 9.682
-33.968 9.723
-33.917 9.813
-33.847 9.907
-33.785 10.008
-33.7 10.07
-33.617 10.154
-33.532 10.216
-33.468 10.28
-33.41 10.365
-33.338 10.431
-33.285 10.496
-33.219 10.546
-33.173 10.573
-33.141 10.603
-33.116 10.657
-33.059 10.688
-33.032 10.711
-32.995 10.762
-32.957 10.801
-32.924 10.852
-32.897 10.919
-32.84 10.975
-32.773 10.977
-32.744 11.012
-32.691 11.072
-32.642 11.097
-32.606 11.127
-32.57 11.142
-32.501 11.138
-32.446 11.105
-32.407 11.074
-32.387 11.041
-32.371 11.064
-32.297 11.042
-32.244 11.008
-32.187 10.994
-32.099 10.967
-32.025 10.909
-31.971 10.864
-31.896 10.837
-31.808 10.78
-31.742 10.726
-31.673 10.694
-31.584 10.65
-31.493 10.594
-31.423 10.543
-31.343 10.539
-31.241 10.496
-31.17 10.448
-31.119 10.434
-31.035 10.419
-30.971 10.373
-30.908 10.339
-30.84 10.287
-30.806 10.24
-30.76 10.208
-30.706 10.144
-30.666 10.056
-30.662 9.992
-30.628 9.945
-30.593 9.877
-30.561 9.816
-30.544 9.773
-30.509 9.735
-30.475 9.694
-30.433 9.643
-30.422 9.591
-30.408 9.566
-30.376 9.546
-30.332 9.511
-30.327 9.484
-30.293 9.477
-30.253 9.448
-30.215 9.419
-30.185 9.398
-30.156 9.38
-30.131 9.372
-30.092 9.387
-30.056 9.371
-30.043 9.349
-30.024 9.35
-29.986 9.357
-29.946 9.329
-29.938 9.311
-29.919 9.326
-29.86 9.351
-29.813 9.336
-29.796 9.34
-29.767 9.383
-29.695 9.441
-29.621 9.451
-29.591 9.419
-29.569 9.428
-29.524 9.453
-29.462 9.46
-29.425 9.431
-29.409 9.431
-29.383 9.436
-29.327 9.403
-29.318 9.314
-29.363 9.249
-29.393 9.239
-29.378 9.215
-29.407 9.143
-29.453 9.17
-29.453 9.214
-29.418 9.228
-29.425 9.188
-29.447 9.2
-29.438 9.223
-29.403 9.231
-29.376 9.174
-29.389 9.142
-29.382 9.122
-29.356 9.057
-29.395 8.953
-29.431 8.915
-29.419 8.86
-29.41 8.752
-29.459 8.638
-29.483 8.578
-29.472 8.461
-29.49 8.338
-29.545 8.235
-29.551 8.191