-31.823 82.014
-31.748 82.039
-31.718 81.926
-31.796 81.868
-31.826 81.933
-31.768 81.935
-31.765 81.847
-31.823 81.842
-31.79 81.885
-31.737 81.827
-31.771 81.742
-31.832 81.774
-31.776 81.803
-31.738 81.725
-31.771 81.678
-31.79 81.701
-31.733 81.687
-31.737 81.587
-31.79 81.564
-31.806 81.57
-31.779 81.549
-31.788 81.475
-31.827 81.457
-31.823 81.469
-31.8 81.422
-31.829 81.363
-31.866 81.36
-31.861 81.347
-31.87 81.268
-31.931 81.229
-31.973 81.255
-31.942 81.29
-31.924 81.248
-31.944 81.225
-31.946 81.232
-31.916 81.228
-31.911 81.171
-31.948 81.16
-31.934 81.185
-31.891 81.159
-31.895 81.096
-31.912 81.078
-31.905 81.075
-31.873 81.045
-31.884 80.989
-31.91 80.991
-31.895 80.999
-31.866 80.959
-31.894 80.912
-31.919 80.93
-31.893 80.931
-31.884 80.878
-31.928 80.849
-31.927 80.882
-31.901 80.847
-31.915 80.793
-31.953 80.799
-31.937 80.816
-31.919 80.771
-31.947 80.737
-31.967 80.744
-31.952 80.761
-31.945 80.73
-31.977 80.721
-31.992 80.768
-31.942 80.797
-31.924 80.747
-31.968 80.732
-31.951 80.758
-31.888 80.748
-31.878 80.672
-31.922 80.664
-31.908 80.7
-31.871 80.687
-31.884 80.633
-31.927 80.656
-31.904 80.69
-31.883 80.667
-31.907 80.642
-31.93 80.681
-31.884 80.697
-31.873 80.659
-31.896 80.641
-31.902 80.672
-31.857 80.668
-31.864 80.628
-31.884 80.626
-31.887 80.645
-31.866 80.635
-31.879 80.589
-31.913 80.582
-31.918 80.595
-31.912 80.56
-31.963 80.541
-31.975 80.561
-31.979 80.567
-31.964 80.55
-32.0 80.529
-32.018 80.552
-32.001 80.567
-31.978 80.54
-32.01 80.501
-32.02 80.517
-32.005 80.508
-32.001 80.476
-32.028 80.449
-32.05 80.469
-32.017 80.459
-32.034 80.393
-32.068 80.387
-32.072 80.356
-32.089 80.316
-32.098 80.289
-32.093 80.265
-32.108 80.23
-32.107 80.213
-32.098 80.177
-32.103 80.141
-32.115 80.104
-32.126 80.065
-32.152 80.023
-32.182 80.004
-32.189 79.993
-32.191 79.964
-32.2 79.926
-32.212 79.908
-32.204 79.889
-32.2 79.85
-32.202 79.823
-32.205 79.791
-32.195 79.779
-32.192 79.746
-32.19 79.719
-32.2 79.701
-32.17 79.702
-32.157 79.651
-32.151 79.606
-32.127 79.561
-32.117 79.483
-32.129 79.434
-32.114 79.396
-32.097 79.338
-32.087 79.293
-32.075 79.233
-32.073 79.186
-32.061 79.146
-32.034 79.102
-32.022 79.035
-32.024 78.996
-32.002 78.973
-31.967 78.925
-31.96 78.866
-31.943 78.832
-31.932 78.798
-31.896 78.753
-31.89 78.703
-31.876 78.686
-31.837 78.665
-31.808 78.614
-31.786 78.573
-31.776 78.548
-31.727 78.527
-31.689 78.445
-31.688 78.395
-31.676 78.382
-31.626 78.356
-31.616 78.293
-31.626 78.247
-31.636 78.24
-31.599 78.23
-31.582 78.181
-31.58 78.125
-31.606 78.124
-31.563 78.114
-31.547 78.056
-31.559 78.005
-31.573 78.005
-31.533 77.992
-31.511 77.897
-31.56 77.828
-31.581 77.836
-31.54 77.797
-31.55 77.678
-31.625 77.633
-31.634 77.666
-31.585 77.618
-31.622 77.523
-31.692 77.525
-31.661 77.554
-31.629 77.485
-31.664 77.41
-31.721 77.402
-31.697 77.42
-31.674 77.32
-31.723 77.221
-31.777 77.185
-31.765 77.186
-31.742 77.113
-31.772 77.047
-31.794 77.039
-31.784 77.012
-31.791 76.953
-31.82 76.897
-31.849 76.857
-31.866 76.828
-31.899 76.769
-31.924 76.733
-31.97 76.694
-32.006 76.672
-32.014 76.64
-32.058 76.583
-32.091 76.565
-32.124 76.549
-32.126 76.538
-32.164 76.478
-32.205 76.468
-32.214 76.484
-32.21 76.445
-32.263 76.397
-32.308 76.405
-32.311 76.41
-32.32 76.373
-32.368 76.353
-32.399 76.36
-32.407 76.364
-32.406 76.335
-32.453 76.31
-32.464 76.349
-32.45 76.347
-32.448 76.332
-32.466 76.321
-32.451 76.342
-32.442 76.312
-32.47 76.293
-32.483 76.29
-32.486 76.29
-32.498 76.266
-32.524 76.274
-32.536 76.275
-32.548 76.268
-32.571 76.272
-32.58 76.28
-32.606 76.293
-32.603 76.31
-32.617 76.309
-32.628 76.33
-32.641 76.338
-32.648 76.36
-32.658 76.341
-32.674 76.355
-32.673 76.33
-32.69 76.321
-32.688 76.296
-32.685 76.278
-32.682 76.224
-32.685 76.186
-32.688 76.156
-32.665 76.144
-32.64 76.116
-32.633 76.102
-32.62 76.111
-32.601 76.096
-32.595 76.07
-32.595 76.043
-32.587 76.028
-32.591 76.005
-32.596 75.993
-32.593 75.973
-32.601 75.966
-32.602 75.948
-32.61 75.928
-32.621 75.909
-32.626 75.898
-32.626 75.884
-32.632 75.867
-32.635 75.856
-32.639 75.848
-32.638 75.833
-32.638 75.815
-32.642 75.797
-32.646 75.784
-32.651 75.769
-32.656 75.756
-32.657 75.748
-32.651 75.743
-32.644 75.741
-32.638 75.739