-31.424 96.335
-31.431 96.321
-31.432 96.294
-31.442 96.232
-31.488 96.202
-31.508 96.174
-31.554 96.114
-31.596 96.049
-31.633 96.01
-31.652 95.981
-31.69 95.926
-31.749 95.886
-31.796 95.888
-31.814 95.895
-31.827 95.908
-31.861 95.898
-31.915 95.945
-31.901 95.978
-31.895 95.996
-31.886 95.976
-31.912 95.97
-31.902 95.962
-31.913 95.934
-31.914 95.905
-31.94 95.896
-31.919 95.879
-31.917 95.825
-31.908 95.779
-31.902 95.742
-31.874 95.681
-31.889 95.609
-31.899 95.584
-31.893 95.562
-31.898 95.509
-31.936 95.486
-31.947 95.475
-31.98 95.464
-32.002 95.462
-32.061 95.467
-32.113 95.52
-32.135 95.542
-32.184 95.561
-32.234 95.619
-32.257 95.668
-32.228 95.695
-32.189 95.683
-32.155 95.666
-32.152 95.686
-32.097 95.704
-32.053 95.686
-32.034 95.677
-31.998 95.685
-31.964 95.671
-31.937 95.671
-31.908 95.689
-31.858 95.679
-31.828 95.654
-31.802 95.654
-31.761 95.636
-31.736 95.621
-31.722 95.624
-31.704 95.645
-31.679 95.64
-31.678 95.621
-31.71 95.624
-31.75 95.664
-31.768 95.703
-31.784 95.754
-31.791 95.785
-31.815 95.809
-31.86 95.863
-31.877 95.954
-31.74 95.984
-31.658 95.909
-31.664 95.857
-31.638 95.915
-31.53 95.88
-31.509 95.759
-31.572 95.713
-31.541 95.768
-31.461 95.724
-31.442 95.649
-31.448 95.626
-31.405 95.636
-31.359 95.578
-31.356 95.531
-31.333 95.543
-31.268 95.538
-31.226 95.509
-31.207 95.48
-31.215 95.468
-31.182 95.487
-31.16 95.457
-31.166 95.421
-31.192 95.4
-31.185 95.42
-31.149 95.408
-31.139 95.367
-31.145 95.368
-31.107 95.393
-31.068 95.382
-31.059 95.366
-31.061 95.371
-31.024 95.384
-31.011 95.354
-31.029 95.34
-31.054 95.372
-31.017 95.401
-31.013 95.392
-31.044 95.418
-31.034 95.493
-30.953 95.539
-30.897 95.536
-30.875 95.558
-30.825 95.602
-30.729 95.564
-30.684 95.448
-30.701 95.382
-30.703 95.361
-30.655 95.315
-30.639 95.212
-30.688 95.149
-30.697 95.129
-30.707 95.072
-30.758 94.986
-30.816 94.961
-30.847 94.924
-30.861 94.882
-30.876 94.842
-30.876 94.828
-30.867 94.797
-30.851 94.761
-30.85 94.739
-30.826 94.728
-30.807 94.703
-30.803 94.683
-30.811 94.672
-30.835 94.687
-30.838 94.725
-30.83 94.772
-30.827 94.822
-30.788 94.877
-30.72 94.906
-30.691 94.899
-30.671 94.886
-30.664 94.897
-30.642 94.883
-30.63 94.856
-30.638 94.836
-30.646 94.843
-30.637 94.829
-30.639 94.798
-30.64 94.799
-30.643 94.794
-30.637 94.783
-30.622 94.744
-30.631 94.725
-30.651 94.727
-30.647 94.703
-30.668 94.682
-30.689 94.703
-30.687 94.715
-30.679 94.744
-30.667 94.767
-30.646 94.821
-30.59 94.836
-30.538 94.82
-30.508 94.774
-30.505 94.744
-30.467 94.734
-30.435 94.682
-30.433 94.628
-30.459 94.592
-30.458 94.581
-30.441 94.519
-30.459 94.459
-30.472 94.424
-30.46 94.388
-30.442 94.311
-30.452 94.232
-30.478 94.161
-30.467 94.128
-30.439 94.028
-30.472 93.91
-30.505 93.849
-30.503 93.795
-30.517 93.686
-30.567 93.607
-30.593 93.57
-30.596 93.508
-30.606 93.426
-30.653 93.338
-30.683 93.311
-30.663 93.245
-30.683 93.118
-30.767 93.046
-30.854 93.011
-30.962 93.029
-31.024 93.09
-31.024 93.121
-31.028 93.128
-31.048 93.176
-30.995 93.243
-30.926 93.217
-30.905 93.17
-30.901 93.17
-30.857 93.161
-30.812 93.097
-30.833 93.026
-30.836 93.028
-30.786 93.0
-30.745 92.919
-30.757 92.855
-30.745 92.846
-30.688 92.8
-30.658 92.688
-30.69 92.628
-30.669 92.645
-30.599 92.592
-30.581 92.493
-30.624 92.449
-30.595 92.488
-30.514 92.426
-30.504 92.309
-30.552 92.286
-30.514 92.333
-30.433 92.256
-30.443 92.149
-30.48 92.137
-30.447 92.174
-30.384 92.12
-30.408 92.054
-30.418 92.067
-30.379 92.118
-30.281 92.09
-30.26 91.994
-30.271 92.004
-30.213 92.041
-30.12 91.978
-30.106 91.886
-30.145 91.866
-30.122 91.897
-30.073 91.826
-30.105 91.735
-30.184 91.721
-30.198 91.74
-30.207 91.673
-30.266 91.595
-30.339 91.587
-30.349 91.588
-30.368 91.504
-30.458 91.439
-30.517 91.456
-30.519 91.437
-30.561 91.345
-30.634 91.288
-30.659 91.282
-30.636 91.218
-30.681 91.085
-30.751 91.02
-30.764 91.001
-30.742 90.933
-30.811 90.868
-30.847 90.87
-30.877 90.847
-30.916 90.831
-30.953 90.817
-31.002 90.805
-31.047 90.814
-31.084 90.84
-31.123 90.864
-31.157 90.906
-31.182 90.929
-31.18 90.956
-31.2 90.953
-31.25 90.952
-31.303 90.978
-31.317 90.993
-31.357 90.961
-31.413 90.988
-31.432 91.013
-31.422 91.057
-31.397 91.09
-31.378 91.109
-31.382 91.125
-31.402 91.17
-31.391 91.225
-31.354 91.235
-31.339 91.232
-31.315 91.265
-31.258 91.288
-31.189 91.285
-31.155 91.252
-31.133 91.273
-31.075 91.286
-31.032 91.262
-31.024 91.24
-31.008 91.25
-30.969 91.241
-30.949 91.187
-30.973 91.176
-30.944 91.212
-30.888 91.237
-30.83 91.187
-30.787 91.108
-30.772 91.061
-30.729 91.013
-30.71 90.953
-30.702 90.89
-30.717 90.853
-30.686 90.814
-30.666 90.745
-30.667 90.687
-30.661 90.646
-30.641 90.583
-30.638 90.498
-30.659 90.433
-30.661 90.393
-30.649 90.323
-30.65 90.245
-30.651 90.188
-30.649 90.132
-30.638 90.067
-30.627 89.988
-30.635 89.933
-30.638 89.898
-30.631 89.837
-30.625 89.766
-30.654 89.727
-30.64 89.728
-30.597 89.683
-30.58 89.622
-30.585 89.587
-30.555 89.595
-30.497 89.512
-30.472 89.438
-30.464 89.388
-30.446 89.352
-30.412 89.283
-30.391 89.209
-30.394 89.164
-30.4 89.133
-30.389 89.111
-30.383 89.045
-30.412 89.022
-30.423 89.006
-30.42 88.958
-30.439 88.886
-30.478 88.847
-30.496 88.827
-30.511 88.781
-30.533 88.729
-30.587 88.671
-30.622 88.652
-30.63 88.636
-30.648 88.572
-30.703 88.549
-30.688 88.559
-30.621 88.513
-30.587 88.431
-30.58 88.382
-30.546 88.367
-30.489 88.327
-30.467 88.271
-30.48 88.244
-30.463 88.239
-30.435 88.173
-30.455 88.112
-30.467 88.079
-30.473 88.032
-30.476 87.963
-30.524 87.893
-30.573 87.876
-30.585 87.837
-30.636 87.777
-30.674 87.734
-30.686 87.719
-30.679 87.658
-30.731 87.603
-30.771 87.589
-30.786 87.578
-30.807 87.54
-30.859 87.536
-30.856 87.556
-30.837 87.559
-30.832 87.534
-30.8 87.456
-30.779 87.364
-30.819 87.297
-30.796 87.263
-30.762 87.173
-30.762 87.078
-30.787 87.036
-30.78 86.998
-30.776 86.905
-30.808 86.848
-30.822 86.839
-30.8 86.803
-30.819 86.734
-30.858 86.699
-30.886 86.698
-30.905 86.664
-30.971 86.607
-31.035 86.596
-31.058 86.591
-31.093 86.562
-31.143 86.567
-31.163 86.55
-31.186 86.535
-31.198 86.52
-31.215 86.495
-31.26 86.469
-31.302 86.489
-31.301 86.497
-31.324 86.505
-31.33 86.516
-31.309 86.5
-31.265 86.44
-31.249 86.352
-31.23 86.297
-31.184 86.223
-31.155 86.104
-31.159 86.02
-31.162 85.958
-31.149 85.853
-31.168 85.755
-31.171 85.666
-31.197 85.611
-31.192 85.549
-31.203 85.513
-31.213 85.446
-31.238 85.413
-31.235 85.373
-31.23 85.325
-31.223 85.264
-31.221 85.233
-31.216 85.219
-31.225 85.167
-31.251 85.149
-31.259 85.121
-31.268 85.113
-31.281 85.103
-31.281 85.113
-31.334 85.125
-31.313 85.258
-31.219 85.338
-31.168 85.354
-31.137 85.383
-31.083 85.438
-30.998 85.44
-30.943 85.388
-30.919 85.382
-30.856 85.41
-30.748 85.405
-30.676 85.33
-30.653 85.301
-30.591 85.313
-30.489 85.269
-30.443 85.175
-30.435 85.142
-30.384 85.127
-30.317 85.065
-30.279 84.986
-30.261 84.954
-30.211 84.939
-30.152 84.89
-30.121 84.831
-30.1 84.795
-30.059 84.772
-30.017 84.719
-29.977 84.642
-29.98 84.575
-29.983 84.551
-29.957 84.492
-29.958 84.424
-29.974 84.388
-29.958 84.373
-29.935 84.309
-29.958 84.225
-29.998 84.169
-30.001 84.114
-29.992 84.035
-30.013 83.929
-30.026 83.864
-30.042 83.815
-30.065 83.748
-30.12 83.697
-30.176 83.66
-30.231 83.621
-30.293 83.555
-30.354 83.52
-30.385 83.495
-30.414 83.487
-30.459 83.507
-30.485 83.584
-30.415 83.602
-30.368 83.54
-30.386 83.473
-30.392 83.458
-30.39 83.42
-30.396 83.367
-30.43 83.328
-30.455 83.307
-30.467 83.291
-30.486 83.279
-30.494 83.283
-30.466 83.242
-30.457 83.198
-30.459 83.175
-30.449 83.185
-30.411 83.198
-30.409 83.173
-30.398 83.156
-30.406 83.131
-30.408 83.103
-30.409 83.074
-30.407 83.023
-30.41 82.945
-30.392 82.855
-30.387 82.784
-30.436 82.673
-30.469 82.561
-30.49 82.475
-30.522 82.405
-30.563 82.34
-30.599 82.276
-30.606 82.203
-30.583 82.127
-30.577 82.072
-30.579 82.043
-30.566 82.028
-30.551 82.008
-30.562 81.995
-30.578 82.004
-30.579 82.009
-30.585 81.992
-30.592 81.984
-30.572 81.998
-30.523 82.025
-30.48 82.037
-30.473 82.052
-30.486 82.074
-30.497 82.122
-30.477 82.155
-30.474 82.184
-30.489 82.226
-30.539 82.285
-30.591 82.335
-30.582 82.384
-30.57 82.417
-30.553 82.483
-30.567 82.566
-30.548 82.643
-30.535 82.681
-30.553 82.731
-30.572 82.803
-30.597 82.886
-30.598 82.95
-30.577 82.983
-30.543 82.983
-30.543 82.978
-30.54 82.983
-30.539 82.971
-30.535 82.95
-30.56 82.946
-30.577 82.982
-30.597 83.014
-30.588 83.037
-30.605 83.048
-30.616 83.092
-30.622 83.146
-30.605 83.182
-30.639 83.207
-30.663 83.307
-30.61 83.405
-30.511 83.425
-30.438 83.377
-30.398 83.321
-30.351 83.277
-30.299 83.219
-30.258 83.167
-30.248 83.128
-30.25 83.092
-30.243 83.043
-30.214 82.953
-30.202 82.883
-30.193 82.858
-30.16 82.802
-30.192 82.734
-30.269 82.708
-30.325 82.695
-30.378 82.633
-30.476 82.578
-30.552 82.557
-30.612 82.557
-30.679 82.538
-30.763 82.569
-30.849 82.625
-30.9 82.657
-30.97 82.625
-31.033 82.578
-31.06 82.494
-31.06 82.357
-31.067 82.281
-31.07 82.222
-31.077 82.122
-31.072 82.036
-31.075 81.967
-31.092 81.915
-31.091 81.892
-31.07 81.813
-31.091 81.72
-31.115 81.66
-31.123 81.599
-31.127 81.521
-31.158 81.436
-31.213 81.385
-31.262 81.352
-31.317 81.348
-31.37 81.377
-31.356 81.433
-31.304 81.445
-31.254 81.402
-31.23 81.349
-31.202 81.313
-31.157 81.257
-31.152 81.186
-31.155 81.16
-31.148 81.141
-31.161 81.128
-31.18 81.126
-31.207 81.136
-31.227 81.164
-31.262 81.17
-31.312 81.161
-31.37 81.169
-31.429 81.177
-31.481 81.193
-31.548 81.238
-31.593 81.336
-31.501 81.406
-31.409 81.383
-31.388 81.363
-31.359 81.376
-31.299 81.393
-31.27 81.353
-31.298 81.369
-31.325 81.435
-31.365 81.486
-31.412 81.514
-31.462 81.585
-31.451 81.702
-31.427 81.805
-31.462 81.855
-31.489 81.923
-31.472 81.998
-31.442 82.034
-31.418 82.073
-31.366 82.159
-31.305 82.269
-31.279 82.334
-31.297 82.394
-31.282 82.483
-31.227 82.546
-31.187 82.566
-31.171 82.589
-31.113 82.642
-31.044 82.679
-30.975 82.701
-30.94 82.737
-30.895 82.777
-30.86 82.799
-30.833 82.818
-30.852 82.849
-30.821 82.913
-30.802 82.966
-30.814 83.024
-30.82 83.086
-30.778 83.169
-30.774 83.231
-30.794 83.273
-30.771 83.313
-30.708 83.329
-30.665 83.322
-30.631 83.332
-30.571 83.382
-30.509 83.408
-30.472 83.421
-30.466 83.407
-30.472 83.422
-30.465 83.398
-30.479 83.366
-30.484 83.349
-30.48 83.349
-30.453 83.342
-30.46 83.318
-30.49 83.336
-30.513 83.374
-30.511 83.4
-30.419 83.453
-30.388 83.49
-30.361 83.545
-30.297 83.586
-30.249 83.617
-30.236 83.663
-30.251 83.702
-30.276 83.718
-30.297 83.712
-30.352 83.727
-30.406 83.726
-30.436 83.7
-30.467 83.677
-30.513 83.678
-30.567 83.683
-30.612 83.71
-30.639 83.722
-30.682 83.736
-30.689 83.798
-30.662 83.832
-30.639 83.852
-30.628 83.859
-30.619 83.889
-30.601 83.906
-30.592 83.916
-30.596 83.928
-30.61 83.943
-30.614 83.974
-30.632 83.973
-30.648 83.997
-30.673 84.027
-30.671 84.089
-30.636 84.147
-30.561 84.204
-30.474 84.22
-30.403 84.235
-30.338 84.25
-30.27 84.272
-30.195 84.268
-30.141 84.254
-30.113 84.25
-30.107 84.269
-30.093 84.311
-30.063 84.363
-30.045 84.416
-30.03 84.484
-30.003 84.523
-30.004 84.545
-30.018 84.586
-30.064 84.648
-30.111 84.719
-30.107 84.786
-30.088 84.833
-30.047 84.861
-30.029 84.848
-30.003 84.836
-29.962 84.822
-29.93 84.788
-29.904 84.773
-29.918 84.786
-29.939 84.769
-29.935 84.765
-29.947 84.759
-29.974 84.78
-30.001 84.808
-30.036 84.859
-30.103 84.925
-30.149 84.976
-30.2 84.99
-30.274 85.004
-30.312 85.074
-30.294 85.127
-30.307 85.124
-30.353 85.126
-30.399 85.152
-30.413 85.171
-30.451 85.199
-30.537 85.238
-30.636 85.321
-30.704 85.442
-30.686 85.534
-30.693 85.602
-30.708 85.697
-30.672 85.792
-30.588 85.83
-30.51 85.816
-30.457 85.806
-30.378 85.796
-30.287 85.747
-30.232 85.674
-30.219 85.613
-30.214 85.59
-30.183 85.561
-30.168 85.517
-30.113 85.494
-30.053 85.498
-29.993 85.448
-29.978 85.373
-29.977 85.308
-29.941 85.244
-29.885 85.14
-29.852 85.025
-29.834 85.001
-29.8 84.996
-29.755 84.952
-29.744 84.906
-29.756 84.889
-29.753 84.884
-29.73 84.839
-29.74 84.779
-29.761 84.756
-29.759 84.745
-29.75 84.7
-29.77 84.621
-29.805 84.602
-29.778 84.611
-29.757 84.564
-29.779 84.502
-29.804 84.469
-29.802 84.431
-29.791 84.367
-29.782 84.315
-29.766 84.303
-29.731 84.304
-29.721 84.279
-29.745 84.283
-29.756 84.314
-29.737 84.332
-29.723 84.314
-29.727 84.304
-29.722 84.311
-29.688 84.316
-29.631 84.289
-29.594 84.254
-29.587 84.216
-29.561 84.175
-29.536 84.117
-29.505 84.089
-29.501 84.06
-29.504 84.048
-29.497 84.057
-29.503 84.046
-29.509 84.067
-29.457 84.084
-29.402 84.088
-29.343 84.1
-29.294 84.131
-29.252 84.179
-29.216 84.201
-29.167 84.18
-29.146 84.164
-29.124 84.16
-29.088 84.139
-29.07 84.106
-29.079 84.081
-29.103 84.09
-29.089 84.089
-29.099 84.062
-29.122 84.068
-29.15 84.074
-29.156 84.051
-29.178 84.037
-29.214 84.023
-29.258 84.057
-29.279 84.094
-29.264 84.113
-29.232 84.128
-29.21 84.128
-29.191 84.108
-29.198 84.089
-29.216 84.073
-29.242 84.072
-29.25 84.093
-29.257 84.107
-29.252 84.114
-29.238 84.123
-29.209 84.128
-29.179 84.096
-29.174 84.042
-29.212 84.004
-29.262 83.999
-29.307 83.997
-29.377 83.962
-29.475 83.953
-29.551 83.953
-29.619 83.956
-29.626 83.991
-29.645 84.027
-29.675 84.105
-29.647 84.154
-29.617 84.183
-29.597 84.198
-29.59 84.234
-29.557 84.268
-29.537 84.239
-29.559 84.206
-29.589 84.21
-29.622 84.23
-29.661 84.27
-29.652 84.285
-29.659 84.291
-29.65 84.278
-29.604 84.231
-29.564 84.175
-29.547 84.123
-29.523 84.061
-29.488 83.993
-29.461 83.961
-29.435 83.933
-29.416 83.897
-29.397 83.844
-29.377 83.811
-29.372 83.761
-29.379 83.702
-29.395 83.661
-29.41 83.64
-29.403 83.638
-29.404 83.619
-29.418 83.599
-29.419 83.585
-29.418 83.563
-29.422 83.52
-29.435 83.478
-29.455 83.441
-29.468 83.412
-29.494 83.368
-29.53 83.333
-29.568 83.287
-29.59 83.243
-29.61 83.189
-29.6 83.127
-29.545 83.089
-29.438 83.043
-29.361 82.958
-29.304 82.843
-29.26 82.764
-29.219 82.71
-29.149 82.643
-29.072 82.542
-29.037 82.423
-29.066 82.311
-29.19 82.223
-29.291 82.15
-29.301 82.114
-29.278 82.126
-29.272 82.107
-29.291 82.093
-29.305 82.092
-29.329 82.058
-29.41 82.042
-29.448 81.995
-29.409 81.931
-29.392 81.893
-29.366 81.918
-29.322 81.911
-29.276 81.889
-29.237 81.854
-29.203 81.819
-29.167 81.769
-29.154 81.711
-29.155 81.662
-29.183 81.644
-29.224 81.644
-29.239 81.642
-29.264 81.616
-29.321 81.611
-29.377 81.599
-29.404 81.574
-29.413 81.564
-29.42 81.552
-29.424 81.54
-29.411 81.533
-29.37 81.535
-29.314 81.503
-29.291 81.48
-29.288 81.482
-29.277 81.508
-29.268 81.525
-29.276 81.578
-29.265 81.665
-29.214 81.723
-29.125 81.715
-29.055 81.692
-29.022 81.706
-28.99 81.715
-28.972 81.705
-28.947 81.687
-28.936 81.662
-28.927 81.666
-28.901 81.675
-28.856 81.669
-28.822 81.63
-28.809 81.605
-28.779 81.611
-28.747 81.617
-28.729 81.601
-28.731 81.619
-28.698 81.68
-28.633 81.726
-28.552 81.746
-28.475 81.744
-28.41 81.732
-28.377 81.757
-28.323 81.833
-28.278 81.889
-28.255 81.941
-28.243 82.006
-28.218 82.105
-28.158 82.186
-28.076 82.231
-27.988 82.235
-27.899 82.233
-27.81 82.248
-27.707 82.293
-27.607 82.342
-27.504 82.389
-27.402 82.425
-27.326 82.423
-27.253 82.398
-27.186 82.325
-27.145 82.242
-27.115 82.157
-27.088 82.073
-27.059 81.974
-27.052 81.866
-27.043 81.772
-27.033 81.697
-27.053 81.645
-27.038 81.6
-27.027 81.569
-26.993 81.576
-26.924 81.579
-26.874 81.535
-26.851 81.508
-26.772 81.492
-26.689 81.438
-26.638 81.365
-26.591 81.312
-26.535 81.266
-26.448 81.186
-26.377 81.129
-26.347 81.063
-26.345 81.023
-26.315 81.019
-26.287 80.985
-26.263 80.96
-26.27 80.934
-26.255 80.945
-26.21 80.953
-26.131 80.965
-26.07 80.966
-26.003 80.984
-25.945 81.002
-25.893 81.032
-25.84 81.072
-25.768 81.095
-25.683 81.153
-25.571 81.174
-25.486 81.189
-25.356 81.178
-25.217 81.149
-25.092 81.094
-25.011 81.022
-24.949 80.953
-24.909 80.886
-24.884 80.834
-24.872 80.783
-24.871 80.751
-24.879 80.748
-24.873 80.739
-24.872 80.725
-24.876 80.712
-24.883 80.74
-24.855 80.766
-24.832 80.775
-24.803 80.763
-24.789 80.76
-24.747 80.774
-24.697 80.771
-24.65 80.746
-24.629 80.727
-24.617 80.735
-24.585 80.75
-24.544 80.756
-24.502 80.746
-24.48 80.733
-24.473 80.74
-24.439 80.753
-24.408 80.742
-24.372 80.719
-24.351 80.673
-24.358 80.635
-24.367 80.625
-24.354 80.603
-24.338 80.572
-24.345 80.537
-24.353 80.527
-24.343 80.53
-24.327 80.531
-24.309 80.543
-24.279 80.589
-24.24 80.615
-24.145 80.607
-23.97 80.504
-23.883 80.356
-23.851 80.194
-23.841 80.052
-23.841 79.94
-23.829 79.814
-23.83 79.687
-23.799 79.593
-23.893 79.532
-23.886 79.466
-23.897 79.407
-23.895 79.335
-23.911 79.256
-23.937 79.19
-23.947 79.14
-23.955 79.078
-23.959 78.998
-23.984 78.911
-24.01 78.831
-24.03 78.741
-24.081 78.643
-24.121 78.55
-24.174 78.448
-24.238 78.354
-24.276 78.27
-24.299 78.161
-24.323 78.059
-24.337 77.961
-24.329 77.881
-24.316 77.799
-24.298 77.714
-24.288 77.625
-24.283 77.542
-24.235 77.466
-24.162 77.361
-24.092 77.247
-23.993 77.101
-23.888 76.922
-23.803 76.733
-23.753 76.545
-23.709 76.39
-23.644 76.268
-23.571 76.13
-23.527 76.001
-23.479 75.894
-23.394 75.836
-23.301 75.784
-23.228 75.726
-23.13 75.681
-23.079 75.64
-23.045 75.583
-23.053 75.53
-22.993 75.463
-22.953 75.396
-22.917 75.316
-22.89 75.247
-22.886 75.197
-22.865 75.171
-22.833 75.142
-22.813 75.094
-22.777 75.067
-22.709 75.035
-22.666 75.001
-22.631 74.968
-22.612 74.925
-22.583 74.908
-22.544 74.883
-22.501 74.849
-22.475 74.794
-22.448 74.755
-22.408 74.738
-22.374 74.716
-22.335 74.681
-22.288 74.651
-22.237 74.636
-22.197 74.609
-22.167 74.562
-22.158 74.523
-22.161 74.506
-22.166 74.497
-22.154 74.476
-22.154 74.45
-22.16 74.413
-22.163 74.353
-22.119 74.316
-22.093 74.289
-22.073 74.226
-22.069 74.149
-22.069 74.066
-22.042 73.967
-22.012 73.856
-21.989 73.729
-21.955 73.606
-21.914 73.508
-21.843 73.402
-21.773 73.33
-21.692 73.279
-21.639 73.213
-21.604 73.153
-21.604 73.083
-21.595 73.018
-21.58 72.956
-21.546 72.914
-21.501 72.923
-21.431 72.945
-21.364 72.943
-21.301 72.933
-21.248 72.908
-21.206 72.893
-21.167 72.885
-21.122 72.858
-21.103 72.803
-21.102 72.764
-21.076 72.745
-21.017 72.716
-20.966 72.688
-20.902 72.66
-20.833 72.64
-20.762 72.591
-20.722 72.556
-20.648 72.524
-20.579 72.49
-20.509 72.436
-20.449 72.381
-20.401 72.324
-20.372 72.269
-20.345 72.215
-20.326 72.174
-20.313 72.132
-20.301 72.074
-20.292 72.012
-20.282 71.946
-20.26 71.877
-20.241 71.787
-20.217 71.686
-20.195 71.584
-20.193 71.478
-20.192 71.369
-20.212 71.237
-20.292 71.119
-20.315 71.026
-20.283 70.987
-20.26 70.942
-20.268 70.903
-20.3 70.851
-20.355 70.797
-20.416 70.757
-20.453 70.708
-20.486 70.639
-20.532 70.585
-20.594 70.568
-20.666 70.541
-20.729 70.561
-20.73 70.548
-20.754 70.538
-20.767 70.554
-20.765 70.608
-20.767 70.617
-20.798 70.633
-20.809 70.649
-20.82 70.652
-20.826 70.629
-20.845 70.592
-20.865 70.569
-20.886 70.547
-20.874 70.614
-20.904 70.678
-20.957 70.733
-21.049 70.768
-21.125 70.832
-21.171 70.815
-21.223 70.798
-21.307 70.835
-21.347 70.907
-21.354 70.992
-21.318 71.038
-21.302 71.046
-21.274 71.046
-21.271 71.066
-21.241 71.134
-21.201 71.174
-21.164 71.206
-21.147 71.231
-21.123 71.252
-21.126 71.25
-21.13 71.281
-21.121 71.32
-21.09 71.359
-21.065 71.369
-21.036 71.398
-20.997 71.422
-20.965 71.445
-20.927 71.442
-20.883 71.443
-20.838 71.448
-20.786 71.446
-20.745 71.412
-20.717 71.381
-20.695 71.363
-20.668 71.336
-20.648 71.294
-20.63 71.247
-20.623 71.194
-20.637 71.135
-20.61 71.099
-20.57 71.029
-20.553 70.961
-20.529 70.895
-20.501 70.81
-20.497 70.724
-20.509 70.654
-20.545 70.577
-20.571 70.489
-20.603 70.399
-20.654 70.329
-20.7 70.282
-20.745 70.239
-20.773 70.202
-20.822 70.168
-20.856 70.146
-20.893 70.123
-20.933 70.091
-20.971 70.071
-21.03 70.032
-21.083 70.014
-21.132 69.975
-21.171 69.952
-21.198 69.904
-21.218 69.882
-21.233 69.856
-21.269 69.839
-21.289 69.818
-21.326 69.794
-21.339 69.768
-21.359 69.738
-21.353 69.691
-21.405 69.623
-21.448 69.605
-21.473 69.593
-21.463 69.568
-21.502 69.491
-21.568 69.468
-21.614 69.433
-21.601 69.414
-21.612 69.341
-21.642 69.317
-21.651 69.294
-21.653 69.261
-21.636 69.203
-21.643 69.156
-21.638 69.075
-21.648 69.017
-21.639 68.929
-21.63 68.833
-21.608 68.683
-21.637 68.543
-21.649 68.451
-21.615 68.343
-21.584 68.21
-21.557 68.051
-21.531 67.9
-21.537 67.763
-21.513 67.653
-21.488 67.534
-21.453 67.392
-21.441 67.272
-21.419 67.171
-21.393 67.065
-21.382 66.955
-21.361 66.869
-21.31 66.769
-21.284 66.66
-21.253 66.551
-21.245 66.439
-21.221 66.356
-21.187 66.284
-21.127 66.175
-21.104 66.055
-21.097 65.948
-21.096 65.857
-21.09 65.778
-21.073 65.668
-21.087 65.56
-21.103 65.465
-21.111 65.384
-21.111 65.312
-21.111 65.223
-21.108 65.137
-21.109 65.07
-21.114 64.994
-21.103 64.946
-21.092 64.893
-21.073 64.839
-21.059 64.782
-21.015 64.724
-20.981 64.634
-20.967 64.546
-20.965 64.481
-20.94 64.418
-20.918 64.339
-20.913 64.237
-20.912 64.134
-20.93 64.037
-20.943 63.94
-20.967 63.832
-20.974 63.725
-20.966 63.626
-20.971 63.525
-20.988 63.402
-21.003 63.297
-20.988 63.192
-20.998 63.06
-21.024 62.943
-21.038 62.833
-21.032 62.733
-21.038 62.624
-21.053 62.507
-21.077 62.404
-21.096 62.301
-21.121 62.225
-21.135 62.108
-21.162 61.996
-21.172 61.884
-21.206 61.779
-21.237 61.647
-21.341 61.537
-21.398 61.46
-21.445 61.357
-21.509 61.271
-21.545 61.199
-21.603 61.12
-21.621 61.03
-21.702 60.925
-21.739 60.858
-21.771 60.761
-21.823 60.656
-21.855 60.558
-21.896 60.434
-21.903 60.338
-21.932 60.241
-21.929 60.152
-21.941 60.044
-21.945 59.941
-21.966 59.844
-21.971 59.771
-21.966 59.682
-21.991 59.567
-22.033 59.496
-22.092 59.415
-22.127 59.368
-22.148 59.309
-22.188 59.286
-22.193 59.24
-22.191 59.193
-22.204 59.154
-22.225 59.141
-22.222 59.13
-22.212 59.081