-40.49 219.066
-40.504 219.059
-40.491 219.073
-40.49 219.065
-40.486 219.068
-40.494 219.076
-40.473 219.076
-40.477 219.066
-40.461 219.093
-40.447 219.066
-40.452 219.057
-40.46 219.074
-40.424 219.085
-40.422 219.055
-40.42 219.083
-40.395 219.087
-40.388 219.078
-40.405 219.096
-40.383 219.131
-40.379 219.128
-40.376 219.158
-40.373 219.182
-40.362 219.203
-40.36 219.222
-40.351 219.275
-40.327 219.324
-40.301 219.354
-40.283 219.386
-40.27 219.439
-40.251 219.481
-40.241 219.508
-40.245 219.563
-40.223 219.609
-40.216 219.616
-40.207 219.626
-40.231 219.657
-40.198 219.713
-40.179 219.664
-40.21 219.664
-40.203 219.671
-40.203 219.63
-40.238 219.619
-40.234 219.646
-40.234 219.604
-40.269 219.625
-40.259 219.637
-40.274 219.634
-40.305 219.649
-40.319 219.715
-40.308 219.746
-40.349 219.785
-40.328 219.914
-40.261 219.889
-40.321 219.856
-40.347 219.961
-40.306 219.997
-40.318 219.953
-40.366 220.02
-40.316 220.048
-40.34 219.989
-40.385 220.043
-40.353 220.073
-40.356 220.022
-40.397 220.044
-40.367 220.072
-40.369 220.009
-40.418 220.024
-40.394 220.045
-40.405 220.006
-40.442 220.016
-40.435 220.05
-40.433 220.022
-40.471 220.025
-40.468 220.058
-40.477 220.036
-40.505 220.035
-40.521 220.054
-40.524 220.032
-40.577 220.028
-40.585 220.057
-40.597 220.029
-40.639 220.036
-40.633 220.052
-40.641 220.039
-40.658 220.036
-40.677 220.064
-40.665 220.062
-40.702 220.058
-40.713 220.092
-40.731 220.084
-40.752 220.092
-40.789 220.103
-40.8 220.129
-40.828 220.114
-40.862 220.141
-40.874 220.129
-40.937 220.143
-40.979 220.199
-40.927 220.211
-40.95 220.102
-41.03 220.127
-41.001 220.149
-41.027 220.064
-41.099 220.092
-41.083 220.112
-41.133 220.043
-41.204 220.088
-41.19 220.114
-41.234 220.068
-41.282 220.125
-41.239 220.137
-41.256 220.069
-41.309 220.096
-41.27 220.133
-41.288 220.044
-41.346 220.073
-41.31 220.095
-41.327 220.025
-41.368 220.069
-41.309 220.09
-41.295 220.002
-41.359 220.017
-41.323 220.082
-41.318 220.019
-41.352 220.056
-41.324 220.082
-41.299 220.021
-41.353 220.025
-41.316 220.066
-41.299 219.998
-41.322 220.005
-41.289 220.044
-41.245 219.997
-41.265 219.993
-41.221 220.037
-41.178 219.974
-41.2 219.963
-41.169 220.014
-41.12 219.969
-41.138 219.957
-41.098 220.007
-41.043 219.961
-41.063 219.933
-41.039 219.975
-40.994 219.933
-41.003 219.925
-40.986 219.96
-40.946 219.929
-40.971 219.922
-40.936 219.985
-40.907 219.951
-40.93 219.95
-40.932 219.961
-40.912 219.925
-40.952 219.909
-40.946 219.952
-40.932 219.926
-40.948 219.944
-40.944 219.996
-40.926 219.968
-40.956 219.964
-40.94 219.975
-40.934 219.935
-40.942 219.915
-40.948 219.897
-40.932 219.895
-40.931 219.848
-40.93 219.856
-40.93 219.84
-40.931 219.845
-40.941 219.849
-40.928 219.861
-40.937 219.836
-40.945 219.848
-40.929 219.84
-40.94 219.83
-40.942 219.846
-40.934 219.849
-40.918 219.841
-40.909 219.877
-40.891 219.904
-40.9 219.948
-40.873 219.966
-40.863 219.945
-40.864 219.941
-40.857 219.941
-40.836 219.931
-40.841 219.926
-40.834 219.935
-40.814 219.946
-40.798 219.924
-40.795 219.945
-40.76 219.936
-40.782 219.926
-40.767 219.972
-40.727 219.97
-40.705 219.917
-40.724 219.9
-40.685 219.897
-40.692 219.836
-40.69 219.827
-40.673 219.787
-40.675 219.737
-40.684 219.75
-40.665 219.74
-40.689 219.694
-40.7 219.698
-40.7 219.678
-40.724 219.645
-40.76 219.668
-40.761 219.683
-40.756 219.703
-40.748 219.709
-40.749 219.721
-40.741 219.722
-40.738 219.718
-40.747 219.711
-40.738 219.727
-40.74 219.696
-40.749 219.709
-40.752 219.721
-40.745 219.725
-40.748 219.723
-40.736 219.735
-40.721 219.73
-40.708 219.743
-40.679 219.743
-40.68 219.734
-40.686 219.735
-40.679 219.702
-40.665 219.665
-40.65 219.681
-40.619 219.692
-40.613 219.676
-40.603 219.689
-40.592 219.666
-40.59 219.653
-40.606 219.625
-40.614 219.614
-40.626 219.552
-40.627 219.579
-40.565 219.579
-40.56 219.539
-40.578 219.551
-40.568 219.589
-40.556 219.587
-40.555 219.617
-40.535 219.605
-40.533 219.633
-40.514 219.635
-40.516 219.643
-40.515 219.661
-40.515 219.695
-40.501 219.696
-40.504 219.704
-40.481 219.693
-40.475 219.672
-40.469 219.64
-40.445 219.587
-40.427 219.516
-40.408 219.486
-40.375 219.462
-40.339 219.442
-40.315 219.438
-40.268 219.449
-40.235 219.44
-40.205 219.451
-40.189 219.477
-40.137 219.51
-40.098 219.496
-40.082 219.493
-40.061 219.517
-40.037 219.513
-40.049 219.524
-40.037 219.547
-40.023 219.562
-40.007 219.555
-40.001 219.583
-39.965 219.591
-39.95 219.604
-39.934 219.626
-39.9 219.669
-39.856 219.688
-39.823 219.732
-39.775 219.741
-39.752 219.735
-39.735 219.755
-39.703 219.773
-39.687 219.774
-39.684 219.808
-39.657 219.839
-39.634 219.854
-39.612 219.852
-39.595 219.863
-39.565 219.846
-39.556 219.845
-39.542 219.838
-39.533 219.842
-39.527 219.829
-39.532 219.844
-39.53 219.829
-39.536 219.835
-39.524 219.831
-39.518 219.837
-39.492 219.859
-39.483 219.882
-39.485 219.891
-39.496 219.894
-39.505 219.874
-39.534 219.898
-39.534 219.914
-39.573 219.93
-39.612 219.994
-39.612 220.033
-39.625 220.074
-39.645 220.108
-39.673 220.179
-39.675 220.24
-39.652 220.288
-39.613 220.27
-39.651 220.273
-39.626 220.328
-39.612 220.302
-39.635 220.3
-39.649 220.338
-39.619 220.308
-39.665 220.275
-39.656 220.328
-39.64 220.279
-39.68 220.25
-39.691 220.266
-39.674 220.245
-39.72 220.175
-39.754 220.203
-39.744 220.157
-39.799 220.114
-39.842 220.125
-39.857 220.173
-39.853 220.198
-39.891 220.252
-39.865 220.315
-39.856 220.295
-39.876 220.325
-39.856 220.356
-39.831 220.317
-39.865 220.317
-39.842 220.381
-39.807 220.342
-39.837 220.354
-39.811 220.389
-39.785 220.353
-39.832 220.33
-39.832 220.389
-39.804 220.34
-39.859 220.347
-39.841 220.405
-39.815 220.383
-39.834 220.339
-39.848 220.328
-39.833 220.279
-39.867 220.243
-39.871 220.239
-39.877 220.213
-39.881 220.175
-39.901 220.176
-39.887 220.154
-39.908 220.139
-39.906 220.146
-39.922 220.142
-39.954 220.128
-40.012 220.14
-40.012 220.154
-40.032 220.147
-40.028 220.165
-40.025 220.159
-40.034 220.17
-40.047 220.208
-40.032 220.236
-40.042 220.245
-40.023 220.271
-40.013 220.254
-40.023 220.269
-40.021 220.275
-40.029 220.275
-40.048 220.286
-40.046 220.306
-40.067 220.286
-40.109 220.315
-40.117 220.335
-40.154 220.326
-40.199 220.344
-40.203 220.418
-40.183 220.417
-40.23 220.449
-40.223 220.528
-40.209 220.53
-40.258 220.534
-40.299 220.643
-40.269 220.74
-40.268 220.812
-40.296 220.937
-40.306 221.091
-40.312 221.22
-40.268 221.345
-40.214 221.368
-40.202 221.389
-40.173 221.442
-40.136 221.478
-40.122 221.519
-40.161 221.568
-40.129 221.594
-40.13 221.655
-40.164 221.687
-40.176 221.7
-40.156 221.736
-40.136 221.799
-40.174 221.856
-40.201 221.843
-40.215 221.876
-40.234 221.941
-40.297 222.016
-40.319 222.02
-40.336 222.038
-40.409 222.063
-40.426 222.075
-40.476 222.073
-40.511 222.147
-40.552 222.178
-40.589 222.171
-40.615 222.212
-40.647 222.225
-40.689 222.218
-40.714 222.245
-40.727 222.267
-40.78 222.25
-40.814 222.278
-40.816 222.255
-40.862 222.229
-40.845 222.264
-40.824 222.278
-40.838 222.27
-40.849 222.306
-40.822 222.31
-40.837 222.295
-40.852 222.314
-40.849 222.319
-40.863 222.283
-40.898 222.302
-40.888 222.306
-40.913 222.27
-40.929 222.292
-40.922 222.279
-40.946 222.251
-40.962 222.253
-40.962 222.23
-40.978 222.214
-40.985 222.237
-40.982 222.242
-41.007 222.25
-41.017 222.268
-41.034 222.26
-41.058 222.276
-41.065 222.275
-41.086 222.265
-41.128 222.297
-41.112 222.324
-41.135 222.292
-41.175 222.328
-41.16 222.351
-41.18 222.321
-41.22 222.378
-41.173 222.401
-41.174 222.324
-41.205 222.37
-41.158 222.407
-41.155 222.352
-41.189 222.377
-41.152 222.438
-41.14 222.437
-41.134 222.5
-41.07 222.518
-41.085 222.478
-41.097 222.559
-41.045 222.572
-41.058 222.544
-41.077 222.59
-41.04 222.595
-41.075 222.554
-41.097 222.606
-41.075 222.581
-41.102 222.54
-41.116 222.559
-41.081 222.544
-41.1 222.494
-41.102 222.532
-41.06 222.523
-41.074 222.491
-41.066 222.53
-41.032 222.516
-41.038 222.515
-41.036 222.556
-40.996 222.58
-41.002 222.588
-41.01 222.66
-40.999 222.728
-41.012 222.776
-41.036 222.866
-41.018 222.928
-41.028 222.942
-41.048 223.026
-41.022 223.101
-41.022 223.163
-41.043 223.275
-41.022 223.387
-41.007 223.439
-41.009 223.504
-40.989 223.52
-40.97 223.533
-40.967 223.594
-40.971 223.641
-41.012 223.613
-41.037 223.707
-40.994 223.773
-40.944 223.729
-40.98 223.738
-40.945 223.828
-40.908 223.797
-40.949 223.84
-40.911 223.916
-40.879 223.913
-40.897 223.941
-40.857 224.031
-40.805 224.029
-40.833 224.093
-40.807 224.175
-40.789 224.166
-40.853 224.167
-40.878 224.225
-40.88 224.255
-40.905 224.286
-40.904 224.382
-40.861 224.454
-40.851 224.531
-40.864 224.616
-40.835 224.679
-40.814 224.684
-40.828 224.726
-40.809 224.779
-40.792 224.815
-40.785 224.854
-40.767 224.919
-40.739 224.963
-40.725 225.002
-40.696 225.058
-40.667 225.09
-40.651 225.116
-40.646 225.17
-40.619 225.203
-40.595 225.228
-40.574 225.256
-40.542 225.279
-40.493 225.3
-40.466 225.314
-40.447 225.337
-40.441 225.354
-40.436 225.374
-40.439 225.4
-40.438 225.432
-40.448 225.459
-40.456 225.507
-40.468 225.558
-40.477 225.596
-40.499 225.633
-40.513 225.682
-40.519 225.729
-40.54 225.784
-40.546 225.861
-40.53 225.905
-40.533 225.94
-40.57 226.0
-40.6 226.112
-40.647 226.169
-40.725 226.2
-40.787 226.276
-40.793 226.383
-40.784 226.405
-40.853 226.399
-40.899 226.469
-40.921 226.498
-40.959 226.555
-40.993 226.607
-40.989 226.648
-40.991 226.676
-40.994 226.729
-40.971 226.789
-40.931 226.803
-40.935 226.818
-40.928 226.862
-40.909 226.874
-40.928 226.873
-40.931 226.92
-40.919 226.918
-40.93 226.929
-40.928 226.949
-40.937 226.965
-40.971 226.993
-40.961 227.049
-40.944 227.029
-40.974 227.034
-40.951 227.046
-40.958 226.99
-40.986 226.986
-40.991 227.048
-40.954 227.107
-40.938 227.118
-40.941 227.196
-40.931 227.282
-40.86 227.327
-40.797 227.29
-40.76 227.258
-40.717 227.216
-40.667 227.148
-40.65 227.109
-40.587 227.098
-40.519 227.108
-40.459 227.168
-40.416 227.253
-40.384 227.328
-40.364 227.386
-40.38 227.425
-40.401 227.428
-40.434 227.478
-40.455 227.494
-40.443 227.475
-40.449 227.445
-40.43 227.407
-40.405 227.368
-40.383 227.358
-40.349 227.337
-40.31 227.353
-40.263 227.381
-40.254 227.423
-40.257 227.463
-40.282 227.486
-40.323 227.5
-40.372 227.495
-40.391 227.456
-40.424 227.413
-40.41 227.378
-40.422 227.339
-40.414 227.335
-40.315 227.317
-40.229 227.28
-40.183 227.297
-40.104 227.312
-40.068 227.321
-40.064 227.36
-40.05 227.393
-40.075 227.398
-40.11 227.446
-40.13 227.449
-40.178 227.449
-40.219 227.451
-40.259 227.446
-40.287 227.468
-40.265 227.466
-40.256 227.439
-40.24 227.416
-40.213 227.398
-40.192 227.385
-40.168 227.39
-40.151 227.376
-40.136 227.396
-40.092 227.409
-40.073 227.411
-40.073 227.438
-40.062 227.46
-40.069 227.468
-40.047 227.512
-40.034 227.513
-40.034 227.537
-40.044 227.556
-40.064 227.569
-40.112 227.578
-40.167 227.617
-40.22 227.635
-40.244 227.682
-40.205 227.659
-40.216 227.659
-40.208 227.698
-40.2 227.695
-40.241 227.71
-40.274 227.757
-40.293 227.73
-40.331 227.68
-40.337 227.704
-40.327 227.697
-40.34 227.699
-40.337 227.714
-40.337 227.715
-40.348 227.733
-40.325 227.773
-40.308 227.776
-40.315 227.778
-40.298 227.812
-40.262 227.799
-40.263 227.808
-40.257 227.85
-40.239 227.882
-40.222 227.928
-40.19 227.998
-40.167 228.064
-40.173 228.106
-40.182 228.166
-40.155 228.208
-40.131 228.217
-40.104 228.229
-40.073 228.247
-40.075 228.266
-40.089 228.307
-40.081 228.348
-40.104 228.407
-40.115 228.524
-40.103 228.618
-40.137 228.719
-40.185 228.825
-40.257 228.961
-40.308 229.056
-40.337 229.124
-40.363 229.176
-40.375 229.253
-40.4 229.316
-40.41 229.41
-40.422 229.476
-40.437 229.574
-40.419 229.642
-40.456 229.652
-40.494 229.676
-40.52 229.693
-40.56 229.716
-40.61 229.767
-40.615 229.796
-40.634 229.785
-40.64 229.822
-40.614 229.817
-40.593 229.789
-40.588 229.77
-40.581 229.764
-40.592 229.736
-40.632 229.747
-40.65 229.774
-40.679 229.793
-40.707 229.864
-40.689 229.885
-40.714 229.857
-40.759 229.863
-40.777 229.899
-40.793 229.895
-40.817 229.933
-40.789 229.971
-40.779 229.931
-40.809 229.924
-40.81 229.935
-40.83 229.922
-40.858 229.935
-40.88 229.971
-40.904 230.006
-40.941 230.065
-40.922 230.148
-40.885 230.163
-40.883 230.181
-40.877 230.229
-40.829 230.256
-40.808 230.252
-40.782 230.282
-40.75 230.321
-40.758 230.355
-40.794 230.378
-40.799 230.394
-40.817 230.388
-40.821 230.396
-40.825 230.42
-40.824 230.45
-40.837 230.503
-40.811 230.565
-40.821 230.606
-40.83 230.642
-40.837 230.683
-40.831 230.738
-40.82 230.763
-40.801 230.783
-40.793 230.799
-40.769 230.837
-40.722 230.827
-40.704 230.8
-40.679 230.807
-40.64 230.811
-40.599 230.828
-40.591 230.86
-40.588 230.881
-40.584 230.865
-40.584 230.841
-40.578 230.844
-40.543 230.827
-40.526 230.768
-40.509 230.78
-40.46 230.779
-40.457 230.799
-40.456 230.822
-40.455 230.816
-40.469 230.777
-40.464 230.764
-40.415 230.739
-40.417 230.742
-40.415 230.778
-40.422 230.788
-40.448 230.779
-40.459 230.747
-40.44 230.713
-40.446 230.697
-40.438 230.7
-40.44 230.688
-40.447 230.719
-40.447 230.717
-40.446 230.693
-40.446 230.688
-40.431 230.702
-40.441 230.663
-40.438 230.678
-40.403 230.67
-40.406 230.668
-40.412 230.663
-40.385 230.664
-40.374 230.637
-40.38 230.647
-40.373 230.642
-40.369 230.622
-40.362 230.623
-40.359 230.645
-40.359 230.64
-40.369 230.651
-40.361 230.655
-40.363 230.649
-40.363 230.65
-40.37 230.665
-40.343 230.677
-40.354 230.677
-40.362 230.702
-40.338 230.704
-40.339 230.686
-40.362 230.703
-40.353 230.737
-40.366 230.733
-40.39 230.779
-40.365 230.823
-40.35 230.793
-40.378 230.807
-40.334 230.813
-40.328 230.758
-40.343 230.766
-40.317 230.774
-40.302 230.744
-40.324 230.752
-40.289 230.793
-40.28 230.773
-40.289 230.81
-40.271 230.85
-40.234 230.867
-40.226 230.867
-40.18 230.892
-40.139 230.86
-40.115 230.842
-40.098 230.849
-40.063 230.86
-40.046 230.85
-40.031 230.88
-39.991 230.885
-39.973 230.882
-39.963 230.905
-39.931 230.93
-39.906 230.922
-39.9 230.942
-39.872 230.951
-39.869 230.944
-39.863 230.975
-39.834 231.003
-39.824 231.009
-39.826 231.038
-39.799 231.067
-39.787 231.077
-39.788 231.112
-39.767 231.165
-39.739 231.186
-39.748 231.221
-39.72 231.262
-39.71 231.259
-39.715 231.274
-39.717 231.307
-39.698 231.327
-39.715 231.352
-39.712 231.406
-39.715 231.415
-39.742 231.445
-39.754 231.482
-39.775 231.505
-39.793 231.52
-39.815 231.546
-39.824 231.55
-39.873 231.552
-39.903 231.567
-39.938 231.598
-39.926 231.643
-39.907 231.631
-39.918 231.628
-39.915 231.669
-39.862 231.687
-39.849 231.657
-39.837 231.663
-39.846 231.671
-39.819 231.685
-39.832 231.684
-39.818 231.755
-39.791 231.773
-39.782 231.802
-39.763 231.814
-39.751 231.849
-39.727 231.859
-39.676 231.871
-39.644 231.84
-39.616 231.844
-39.596 231.826
-39.579 231.83
-39.577 231.85
-39.547 231.882
-39.531 231.894
-39.5 231.928
-39.481 231.963
-39.457 232.001
-39.434 232.034
-39.417 232.059
-39.401 232.083
-39.394 232.096
-39.389 232.125
-39.383 232.15
-39.366 232.168
-39.354 232.175
-39.325 232.172
-39.308 232.158
-39.289 232.167
-39.23 232.182
-39.16 232.155
-39.129 232.172
-39.077 232.211
-39.047 232.246
-39.037 232.277
-39.04 232.323
-39.03 232.35
-39.051 232.371
-39.064 232.418
-39.061 232.438
-39.081 232.47
-39.087 232.513
-39.103 232.552
-39.12 232.587
-39.118 232.604
-39.115 232.582
-39.143 232.579
-39.152 232.598
-39.171 232.566
-39.215 232.547
-39.202 232.525
-39.202 232.496
-39.212 232.514
-39.208 232.549
-39.207 232.566
-39.214 232.583
-39.196 232.582
-39.191 232.584
-39.187 232.574
-39.188 232.561
-39.191 232.525
-39.19 232.518
-39.17 232.54
-39.163 232.555
-39.152 232.57
-39.163 232.579
-39.17 232.606
-39.185 232.623
-39.206 232.644
-39.229 232.684
-39.249 232.706
-39.293 232.729
-39.31 232.779
-39.294 232.785
-39.306 232.79
-39.314 232.83
-39.299 232.859
-39.321 232.874
-39.346 232.911
-39.355 232.924
-39.365 232.947
-39.364 232.992
-39.337 233.027
-39.312 233.062
-39.282 233.088
-39.262 233.132
-39.253 233.158
-39.253 233.199
-39.243 233.234
-39.227 233.254
-39.233 233.263
-39.229 233.28
-39.25 233.298
-39.274 233.313
-39.305 233.284
-39.3 233.253
-39.279 233.238
-39.25 233.248
-39.226 233.265
-39.176 233.286
-39.144 233.288
-39.1 233.335
-39.088 233.372
-39.073 233.401
-39.079 233.417
-39.067 233.426
-39.06 233.421
-39.034 233.459
-39.045 233.49
-39.056 233.498
-39.081 233.48
-39.06 233.478
-39.044 233.464
-39.02 233.477
-39.017 233.489
-38.987 233.508
-38.993 233.512
-38.978 233.551
-38.986 233.561
-38.995 233.611
-38.963 233.642
-38.95 233.611
-38.979 233.625
-38.95 233.676
-38.959 233.656
-39.006 233.714
-39.002 233.783
-39.009 233.804
-39.056 233.861
-39.075 233.991
-39.008 234.036
-39.005 234.028
-39.016 234.089
-38.977 234.162
-38.928 234.175
-38.933 234.196
-38.895 234.258
-38.858 234.258
-38.858 234.273
-38.842 234.325
-38.799 234.329
-38.798 234.333
-38.779 234.39
-38.732 234.424
-38.722 234.434
-38.712 234.501
-38.674 234.526
-38.689 234.535
-38.699 234.596
-38.686 234.66
-38.677 234.679
-38.701 234.732
-38.691 234.747
-38.681 234.733
-38.67 234.755
-38.637 234.809
-38.616 234.88
-38.568 234.944
-38.519 234.973
-38.51 235.002
-38.476 235.073
-38.438 235.089
-38.409 235.118
-38.399 235.18
-38.354 235.225
-38.374 235.265
-38.408 235.285
-38.442 235.31
-38.399 235.234
-38.437 235.183
-38.403 235.216
-38.364 235.209
-38.338 235.204
-38.336 235.272
-38.297 235.292
-38.323 235.281
-38.326 235.283
-38.291 235.288
-38.255 235.255
-38.261 235.267
-38.198 235.288
-38.164 235.284
-38.139 235.289
-38.093 235.333
-38.013 235.304
-37.957 235.272
-37.913 235.243
-37.847 235.24
-37.806 235.221
-37.777 235.246
-37.743 235.301
-37.719 235.351
-37.71 235.418
-37.675 235.465
-37.629 235.47
-37.627 235.464
-37.587 235.481
-37.551 235.474
-37.524 235.47
-37.507 235.498
-37.443 235.506
-37.427 235.511
-37.4 235.532
-37.362 235.559
-37.346 235.545
-37.331 235.593
-37.288 235.585
-37.281 235.589
-37.268 235.598
-37.256 235.624
-37.232 235.606
-37.254 235.628
-37.262 235.685
-37.252 235.743
-37.237 235.774
-37.218 235.805
-37.213 235.807
-37.23 235.834
-37.219 235.856
-37.218 235.85
-37.236 235.85
-37.215 235.892
-37.172 235.876
-37.169 235.864
-37.172 235.881
-37.161 235.915
-37.158 235.913
-37.186 235.945
-37.175 236.003
-37.169 236.017
-37.215 236.028
-37.216 236.09
-37.163 236.077
-37.163 236.03
-37.194 236.037
-37.128 236.07
-37.084 235.97
-37.121 235.939
-37.121 235.978
-37.072 235.961
-37.108 235.902
-37.142 235.962
-37.095 235.953
-37.11 235.889
-37.151 235.918
-37.125 235.928
-37.121 235.882
-37.169 235.896
-37.156 235.934
-37.168 235.878
-37.224 235.872
-37.241 235.924
-37.193 235.9
-37.216 235.836
-37.252 235.864
-37.236 235.868
-37.25 235.838
-37.269 235.856
-37.265 235.865
-37.261 235.87
-37.253 235.865
-37.254 235.872
-37.259 235.862
-37.266 235.895
-37.244 235.929
-37.234 235.956
-37.217 235.994
-37.19 236.032
-37.154 236.015
-37.189 236.025
-37.165 236.093
-37.138 236.09
-37.154 236.094
-37.156 236.142
-37.126 236.188
-37.115 236.178
-37.135 236.219
-37.102 236.266
-37.105 236.258
-37.122 236.305
-37.098 236.371
-37.046 236.355
-37.074 236.32
-37.092 236.369
-37.062 236.377
-37.086 236.358
-37.106 236.406
-37.089 236.447
-37.097 236.441
-37.119 236.458
-37.119 236.481
-37.101 236.472
-37.13 236.454
-37.137 236.497
-37.126 236.471
-37.166 236.461
-37.183 236.472
-37.19 236.484
-37.219 236.469
-37.261 236.522
-37.25 236.571
-37.252 236.58
-37.26 236.568
-37.276 236.594
-37.261 236.6
-37.251 236.56
-37.263 236.53
-37.272 236.521
-37.265 236.508
-37.286 236.492
-37.298 236.528
-37.285 236.538
-37.283 236.547
-37.283 236.555
-37.277 236.589
-37.267 236.583
-37.267 236.597
-37.286 236.588
-37.297 236.616
-37.312 236.613
-37.33 236.637
-37.347 236.653
-37.349 236.676
-37.363 236.693
-37.364 236.702
-37.393 236.711
-37.396 236.73
-37.413 236.728
-37.435 236.746
-37.465 236.764
-37.495 236.796
-37.531 236.812
-37.592 236.865
-37.575 236.929
-37.584 236.935
-37.59 236.991
-37.576 237.028
-37.568 237.03
-37.606 237.06
-37.592 237.1
-37.614 237.113
-37.625 237.148
-37.644 237.18
-37.638 237.228
-37.632 237.24
-37.654 237.287
-37.64 237.339
-37.643 237.378
-37.634 237.441
-37.611 237.52
-37.589 237.559
-37.587 237.624
-37.578 237.71
-37.544 237.78
-37.544 237.827
-37.521 237.916
-37.486 237.977
-37.451 238.013
-37.46 238.079
-37.412 238.174
-37.391 238.217
-37.382 238.313
-37.353 238.394
-37.339 238.458
-37.347 238.532
-37.332 238.639
-37.312 238.664
-37.342 238.71
-37.34 238.76
-37.346 238.778
-37.378 238.794
-37.411 238.844
-37.427 238.859
-37.475 238.899
-37.487 238.927
-37.502 238.9
-37.563 238.873
-37.6 238.885
-37.631 238.865
-37.672 238.864
-37.704 238.846
-37.735 238.846
-37.749 238.83
-37.788 238.804
-37.815 238.791
-37.83 238.759
-37.855 238.716
-37.879 238.681
-37.893 238.64
-37.92 238.616
-37.918 238.594
-37.933 238.552
-37.94 238.544
-37.94 238.509
-37.949 238.489
-37.947 238.478
-37.941 238.471
-37.935 238.457
-37.932 238.457
-37.912 238.453
-37.903 238.448
-37.899 238.437
-37.899 238.443
-37.881 238.439
-37.88 238.435
-37.864 238.443
-37.855 238.437
-37.839 238.434
-37.818 238.436
-37.781 238.431
-37.771 238.427
-37.741 238.446
-37.715 238.47
-37.697 238.492
-37.672 238.536
-37.646 238.554
-37.628 238.578
-37.627 238.591
-37.638 238.613
-37.652 238.645
-37.672 238.683
-37.684 238.71
-37.708 238.71
-37.733 238.723
-37.762 238.731
-37.768 238.727
-37.806 238.713
-37.816 238.737
-37.833 238.714
-37.872 238.737
-37.88 238.758
-37.914 238.783
-37.938 238.85
-37.938 238.884
-37.965 238.889
-38.016 238.957
-38.009 239.033
-38.04 239.048
-38.09 239.137
-38.083 239.208
-38.122 239.257
-38.161 239.354
-38.15 239.431
-38.165 239.46
-38.196 239.514
-38.223 239.583
-38.232 239.649
-38.246 239.706
-38.254 239.769
-38.259 239.833
-38.264 239.902
-38.248 239.968
-38.24 240.047
-38.2 240.118
-38.163 240.162
-38.13 240.194
-38.105 240.238
-38.081 240.277
-38.05 240.321
-37.986 240.339
-37.961 240.292
-37.963 240.281
-37.946 240.29
-37.915 240.25
-37.941 240.223
-37.927 240.252
-37.909 240.249
-37.911 240.25
-37.907 240.289
-37.865 240.302
-37.87 240.279
-37.876 240.308
-37.855 240.337
-37.835 240.318
-37.857 240.326
-37.836 240.357
-37.825 240.343
-37.836 240.339
-37.847 240.364
-37.826 240.366
-37.848 240.36
-37.837 240.396
-37.828 240.396
-37.833 240.399
-37.844 240.414
-37.841 240.435
-37.841 240.447
-37.841 240.48
-37.845 240.506
-37.849 240.551
-37.839 240.552
-37.86 240.566
-37.853 240.612
-37.817 240.625
-37.812 240.614
-37.799 240.642
-37.777 240.642
-37.777 240.648
-37.781 240.669
-37.773 240.705
-37.763 240.742
-37.758 240.779
-37.749 240.83
-37.737 240.892
-37.693 240.964
-37.646 240.97
-37.614 240.991
-37.578 240.99
-37.551 240.998
-37.529 240.997
-37.513 241.013
-37.49 241.017
-37.465 241.021
-37.447 241.01
-37.422 241.008
-37.42 240.969
-37.424 240.98
-37.407 240.995
-37.392 241.006
-37.385 241.01
-37.375 241.049
-37.352 241.07
-37.341 241.083
-37.322 241.111
-37.304 241.145
-37.273 241.148
-37.265 241.153
-37.248 241.17
-37.225 241.195
-37.188 241.184
-37.183 241.185
-37.151 241.211
-37.12 241.212
-37.096 241.225
-37.077 241.241
-37.034 241.268
-36.993 241.232
-36.996 241.235
-36.961 241.27
-36.899 241.271