-43.423 40.007
-43.461 40.062
-43.406 40.072
-43.446 40.046
-43.447 40.092
-43.447 40.106
-43.441 40.12
-43.455 40.152
-43.407 40.177
-43.446 40.146
-43.417 40.24
-43.407 40.185
-43.428 40.232
-43.432 40.257
-43.404 40.3
-43.44 40.285
-43.415 40.372
-43.41 40.347
-43.429 40.426
-43.432 40.48
-43.42 40.56
-43.329 40.611
-43.291 40.561
-43.266 40.609
-43.218 40.609
-43.186 40.634
-43.165 40.662
-43.111 40.712
-43.069 40.732
-43.029 40.77
-42.988 40.871
-42.917 40.91
-42.919 40.974
-42.887 41.03
-42.882 41.07
-42.891 41.115
-42.861 41.186
-42.89 41.192
-42.906 41.268
-42.886 41.279
-42.941 41.281
-42.962 41.377
-42.971 41.392
-43.039 41.459
-43.061 41.56
-43.074 41.604
-43.083 41.659
-43.063 41.7
-43.056 41.7
-43.076 41.747
-43.082 41.798
-43.071 41.866
-43.057 41.875
-43.059 41.96
-43.013 41.939
-43.058 42.01
-43.026 42.075
-43.034 42.118
-43.029 42.191
-43.014 42.256
-43.023 42.274
-43.026 42.357
-43.018 42.409
-43.034 42.45
-43.051 42.516
-43.071 42.613
-43.06 42.687
-43.074 42.769
-43.051 42.898
-43.015 42.94
-42.981 42.995
-42.963 43.021
-42.936 43.116
-42.887 43.164
-42.869 43.254
-42.81 43.349
-42.745 43.369
-42.709 43.436
-42.656 43.509
-42.591 43.546
-42.563 43.6
-42.51 43.695
-42.431 43.737
-42.364 43.756
-42.284 43.781
-42.213 43.801
-42.147 43.81
-42.084 43.845
-42.041 43.865
-41.977 43.93
-41.961 43.954
-41.909 44.024
-41.86 44.06
-41.841 44.108
-41.81 44.155
-41.805 44.191
-41.788 44.245
-41.778 44.292
-41.793 44.35
-41.796 44.391
-41.8 44.507
-41.741 44.484
-41.775 44.505
-41.784 44.543
-41.779 44.582
-41.81 44.618
-41.835 44.672
-41.843 44.748
-41.862 44.728
-41.935 44.788
-41.961 44.857
-41.997 44.914
-41.971 44.98
-41.952 45.051
-41.918 45.074
-41.963 45.134
-41.975 45.231
-41.997 45.307
-41.99 45.416
-41.962 45.451
-41.974 45.517
-41.952 45.585
-41.956 45.617
-41.991 45.705
-41.982 45.775
-41.979 45.835
-41.95 45.883
-41.958 45.926
-41.94 45.983
-41.959 46.028
-41.97 46.109
-41.972 46.155
-41.982 46.206
-42.015 46.256
-42.031 46.344
-42.058 46.408
-42.091 46.512
-42.096 46.604
-42.103 46.691
-42.095 46.724
-42.137 46.809
-42.116 46.89
-42.162 46.928
-42.175 47.031
-42.178 47.093
-42.195 47.177
-42.215 47.268
-42.219 47.361
-42.258 47.457
-42.263 47.571
-42.281 47.663
-42.314 47.754
-42.315 47.895
-42.299 47.975
-42.339 48.086
-42.313 48.197
-42.33 48.294
-42.328 48.4
-42.332 48.504
-42.319 48.62
-42.337 48.692
-42.344 48.847
-42.3 48.949
-42.237 49.044
-42.192 49.14
-42.16 49.275
-42.122 49.417
-42.109 49.587
-42.07 49.761
-42.018 49.918
-41.991 50.063
-41.924 50.249
-41.848 50.323
-41.841 50.463
-41.781 50.644
-41.729 50.761
-41.717 50.912
-41.633 51.043
-41.589 51.081
-41.517 51.24
-41.415 51.347
-41.368 51.477
-41.283 51.643
-41.206 51.757
-41.15 51.916
-41.081 52.092
-41.024 52.259
-41.001 52.453
-41.0 52.646
-41.039 52.821
-41.09 52.997
-41.173 53.139
-41.267 53.27
-41.379 53.405
-41.437 53.541
-41.516 53.624
-41.658 53.763
-41.806 53.924
-41.976 54.057
-42.19 54.232
-42.375 54.459
-42.563 54.68
-42.702 54.964
-42.792 55.281
-42.788 55.606
-42.799 55.942
-42.729 56.279
-42.679 56.556
-42.612 56.808
-42.566 56.972
-42.523 57.158
-42.453 57.322
-42.384 57.466
-42.32 57.61
-42.243 57.746
-42.211 57.869
-42.203 57.994
-42.215 58.064
-42.248 58.149
-42.285 58.205
-42.333 58.236
-42.397 58.245
-42.45 58.245
-42.518 58.227
-42.594 58.203
-42.672 58.151
-42.758 58.066
-42.866 57.961
-42.989 57.873
-43.111 57.768
-43.266 57.661
-43.42 57.568
-43.582 57.452
-43.771 57.407
-43.916 57.409
-44.09 57.412
-44.229 57.526
-44.367 57.606
-44.492 57.796
-44.571 57.991
-44.625 58.233
-44.658 58.559
-44.635 58.92
-44.593 59.313
-44.541 59.658
-44.518 59.986
-44.478 60.289
-44.436 60.483
-44.417 60.618
-44.401 60.739
-44.352 60.809
-44.337 60.811
-44.333 60.861
-44.297 60.91
-44.285 60.888
-44.315 60.92
-44.293 60.98
-44.26 60.979
-44.262 60.987
-44.265 61.002
-44.277 61.004
-44.292 61.05
-44.297 61.079
-44.305 61.083
-44.307 61.082
-44.316 61.094
-44.309 61.131
-44.32 61.165
-44.321 61.232
-44.341 61.294
-44.358 61.406
-44.347 61.514
-44.351 61.613
-44.352 61.727
-44.347 61.836
-44.365 61.959
-44.368 62.136
-44.369 62.318
-44.408 62.436
-44.412 62.521
-44.402 62.526
-44.395 62.573
-44.351 62.609
-44.317 62.731
-44.275 62.798
-44.242 62.855
-44.213 62.918
-44.212 62.979
-44.234 62.986
-44.248 62.991
-44.23 62.985
-44.215 62.975
-44.21 62.989
-44.207 63.021
-44.217 63.018
-44.19 63.055
-44.115 63.004
-44.071 62.958
-44.022 62.909
-43.977 62.866
-43.93 62.832
-43.895 62.796
-43.86 62.781
-43.807 62.8
-43.733 62.825
-43.627 62.899
-43.547 62.945
-43.499 62.999
-43.447 63.047
-43.422 63.086
-43.419 63.114
-43.428 63.107
-43.434 63.065
-43.44 62.997
-43.418 62.955
-43.38 62.911
-43.358 62.922
-43.319 62.957
-43.305 62.991
-43.324 63.039
-43.322 63.051
-43.339 63.034
-43.339 63.037
-43.345 63.01
-43.341 63.001
-43.314 62.99
-43.299 62.964
-43.283 62.951
-43.267 62.95
-43.273 62.962
-43.293 62.989
-43.326 62.96
-43.37 62.928
-43.386 62.855
-43.412 62.787
-43.41 62.688
-43.432 62.621
-43.333 62.504
-43.302 62.384
-43.254 62.338
-43.217 62.271
-43.206 62.243
-43.204 62.259
-43.205 62.266
-43.242 62.289
-43.288 62.325
-43.309 62.331
-43.325 62.31
-43.367 62.331
-43.368 62.357
-43.368 62.315
-43.387 62.307
-43.383 62.284
-43.39 62.232
-43.423 62.2
-43.437 62.2
-43.459 62.183
-43.464 62.185
-43.485 62.147
-43.511 62.13
-43.52 62.118
-43.524 62.103
-43.513 62.118
-43.541 62.123
-43.571 62.114
-43.57 62.109
-43.588 62.1
-43.587 62.106
-43.577 62.099
-43.607 62.137
-43.6 62.19
-43.582 62.163
-43.597 62.159
-43.577 62.165
-43.578 62.125
-43.6 62.155
-43.561 62.168
-43.537 62.14
-43.535 62.181
-43.522 62.209
-43.554 62.173
-43.597 62.198
-43.607 62.201
-43.637 62.171
-43.669 62.2
-43.662 62.196
-43.68 62.196
-43.687 62.209
-43.69 62.214
-43.698 62.22
-43.689 62.27
-43.689 62.328
-43.706 62.42
-43.765 62.476
-43.866 62.58
-43.947 62.634
-44.042 62.702
-44.072 62.77
-44.116 62.788
-44.159 62.879
-44.161 62.98
-44.161 63.07
-44.153 63.195
-44.104 63.317
-44.048 63.421
-43.982 63.553
-43.889 63.661
-43.786 63.75
-43.686 63.82
-43.587 63.909
-43.504 63.958
-43.452 64.028
-43.369 64.074
-43.27 64.068
-43.214 64.049
-43.147 64.063
-43.083 64.025
-43.051 64.008
-42.996 63.996
-42.954 63.947
-42.938 63.915
-42.912 63.922
-42.888 63.921
-42.883 63.957
-42.849 63.99
-42.776 63.939
-42.774 63.877
-42.742 63.896
-42.684 63.848
-42.696 63.825
-42.699 63.817
-42.711 63.791
-42.724 63.782
-42.695 63.75
-42.677 63.675
-42.709 63.626
-42.704 63.624
-42.665 63.55
-42.649 63.446
-42.651 63.359
-42.625 63.304
-42.65 63.325
-42.668 63.424
-42.666 63.437
-42.653 63.415
-42.657 63.351
-42.677 63.282
-42.701 63.275
-42.7 63.234
-42.721 63.152
-42.762 63.115
-42.776 63.026
-42.847 62.898
-42.92 62.827
-42.964 62.697
-43.041 62.584
-43.113 62.501
-43.163 62.421
-43.226 62.354
-43.251 62.292
-43.287 62.157
-43.358 62.064
-43.406 62.043
-43.442 61.988
-43.514 61.948
-43.542 61.933
-43.564 61.81
-43.639 61.775
-43.636 61.738
-43.656 61.648
-43.719 61.61
-43.751 61.633
-43.79 61.619
-43.832 61.647
-43.849 61.67
-43.875 61.661
-43.906 61.677
-43.921 61.676
-43.962 61.671
-44.018 61.704
-44.052 61.749
-44.095 61.788
-44.146 61.869
-44.169 61.978
-44.149 62.057
-44.165 62.107
-44.175 62.178
-44.141 62.196
-44.113 62.202
-44.081 62.252
-44.03 62.251
-44.028 62.267
-44.021 62.316
-44.02 62.37
-44.006 62.435
-44.002 62.484
-44.006 62.547
-44.008 62.622
-44.008 62.702
-44.019 62.802
-44.01 62.929
-44.0 63.045
-43.998 63.163
-43.993 63.317
-43.973 63.469
-43.973 63.646
-43.963 63.848
-43.94 64.048
-43.868 64.156
-43.811 64.244
-43.75 64.333
-43.703 64.427
-43.641 64.512
-43.585 64.562
-43.54 64.598
-43.502 64.615
-43.469 64.633
-43.442 64.642
-43.416 64.649
-43.381 64.648
-43.341 64.646
-43.293 64.646
-43.202 64.603
-43.13 64.53
-43.076 64.477
-43.015 64.446
-42.979 64.378
-42.959 64.299
-42.941 64.195
-42.895 64.077
-42.868 64.017
-42.839 63.968
-42.805 63.888
-42.794 63.823
-42.768 63.766
-42.787 63.688
-42.812 63.617
-42.822 63.563
-42.813 63.481
-42.809 63.409
-42.799 63.356
-42.794 63.289
-42.823 63.246
-42.803 63.213
-42.79 63.143
-42.802 63.094
-42.804 63.059
-42.801 63.039
-42.777 62.996
-42.773 62.942
-42.766 62.904
-42.768 62.88
-42.742 62.873
-42.715 62.854
-42.689 62.809
-42.682 62.757
-42.686 62.718
-42.699 62.686
-42.718 62.658
-42.72 62.643
-42.712 62.621
-42.701 62.605
-42.71 62.605
-42.735 62.599
-42.706 62.589
-42.678 62.536
-42.678 62.505
-42.66 62.483
-42.654 62.428
-42.664 62.396
-42.671 62.379
-42.682 62.363
-42.702 62.36
-42.719 62.366
-42.756 62.362
-42.796 62.38
-42.829 62.402
-42.867 62.418
-42.924 62.437
-42.955 62.472
-42.986 62.497
-43.028 62.517
-43.1 62.566
-43.181 62.652
-43.208 62.746
-43.242 62.801
-43.296 62.874
-43.339 62.957
-43.385 63.025
-43.436 63.107
-43.491 63.206
-43.507 63.306
-43.496 63.381
-43.474 63.442
-43.474 63.461
-43.517 63.495
-43.6 63.589
-43.696 63.7
-43.766 63.819
-43.824 63.936
-43.866 64.094
-43.862 64.245
-43.824 64.38
-43.827 64.529
-43.839 64.694
-43.817 64.865
-43.79 64.973
-43.759 65.087
-43.718 65.167
-43.706 65.219
-43.706 65.317
-43.643 65.387
-43.586 65.391
-43.571 65.436
-43.539 65.512
-43.485 65.542
-43.435 65.588
-43.365 65.591
-43.297 65.58
-43.244 65.553
-43.198 65.529
-43.181 65.481
-43.176 65.465
-43.154 65.427
-43.117 65.397
-43.097 65.354
-43.091 65.298
-43.078 65.228
-43.044 65.168
-43.039 65.099
-43.074 65.063
-43.033 65.087
-42.951 64.991
-42.95 64.898
-42.898 64.884
-42.834 64.764
-42.815 64.708
-42.762 64.69
-42.717 64.607
-42.699 64.584
-42.632 64.568
-42.605 64.511
-42.592 64.543
-42.525 64.572
-42.512 64.547
-42.494 64.615
-42.437 64.588
-42.443 64.575
-42.408 64.597
-42.364 64.581
-42.36 64.583
-42.328 64.637
-42.301 64.635
-42.322 64.664
-42.31 64.719
-42.305 64.718
-42.344 64.748
-42.33 64.814
-42.318 64.808
-42.346 64.827
-42.331 64.839
-42.341 64.802
-42.37 64.809
-42.362 64.81
-42.382 64.765
-42.415 64.792
-42.397 64.801
-42.422 64.782
-42.451 64.819
-42.457 64.827
-42.505 64.816
-42.516 64.851
-42.514 64.854
-42.546 64.911
-42.531 64.962
-42.5 64.929
-42.481 64.936
-42.434 64.933
-42.405 64.884
-42.377 64.866
-42.336 64.829
-42.318 64.767
-42.304 64.743
-42.277 64.681
-42.286 64.649
-42.26 64.638
-42.239 64.599
-42.208 64.574
-42.126 64.54
-42.06 64.511
-42.001 64.518
-41.924 64.533
-41.896 64.554
-41.837 64.638
-41.785 64.683
-41.756 64.754
-41.736 64.835
-41.724 64.897
-41.761 64.971
-41.796 65.096
-41.849 65.169
-41.935 65.251
-42.025 65.317
-42.131 65.383
-42.244 65.433
-42.313 65.459
-42.373 65.422
-42.445 65.412
-42.498 65.4
-42.583 65.349
-42.701 65.316
-42.767 65.304
-42.823 65.234
-42.893 65.212
-42.892 65.164
-42.899 65.102
-42.937 65.081
-42.959 65.077
-42.965 65.056
-42.974 65.013
-42.982 64.981
-42.976 64.934
-42.974 64.891
-42.967 64.843
-42.943 64.777
-42.906 64.697
-42.842 64.626
-42.771 64.556
-42.69 64.508
-42.635 64.491
-42.605 64.516
-42.611 64.581
-42.639 64.651
-42.694 64.722
-42.754 64.779
-42.818 64.81
-42.873 64.84
-42.901 64.834
-42.91 64.778
-42.927 64.737
-42.927 64.7
-42.942 64.633
-42.949 64.582
-42.946 64.493
-42.93 64.382
-42.878 64.263
-42.806 64.119
-42.741 63.977
-42.668 63.852
-42.578 63.719
-42.486 63.625
-42.391 63.551
-42.314 63.522
-42.256 63.51
-42.213 63.503
-42.199 63.496
-42.183 63.487
-42.169 63.447
-42.124 63.398
-42.052 63.345
-41.951 63.329
-41.841 63.365
-41.752 63.43
-41.703 63.497
-41.698 63.599
-41.71 63.692
-41.723 63.745
-41.748 63.76
-41.791 63.771
-41.829 63.793
-41.88 63.82
-41.924 63.868
-41.962 63.859
-42.002 63.875
-42.009 63.886
-42.026 63.878
-42.062 63.852
-42.086 63.85
-42.097 63.798
-42.143 63.784
-42.157 63.772
-42.151 63.708
-42.161 63.647
-42.139 63.603
-42.1 63.548
-42.067 63.5
-42.016 63.467
-41.96 63.407
-41.91 63.377
-41.836 63.349
-41.767 63.308
-41.695 63.308
-41.579 63.329
-41.497 63.372
-41.415 63.467
-41.332 63.568
-41.275 63.702
-41.228 63.873
-41.201 64.066
-41.196 64.261
-41.218 64.433
-41.254 64.585
-41.293 64.751
-41.335 64.906
-41.421 65.072
-41.509 65.174
-41.604 65.256
-41.689 65.284
-41.795 65.296
-41.9 65.284
-41.998 65.268
-42.094 65.252
-42.169 65.245
-42.225 65.226
-42.286 65.202
-42.335 65.218
-42.384 65.221
-42.424 65.207
-42.456 65.154
-42.494 65.122
-42.533 65.102
-42.557 65.124
-42.546 65.095
-42.565 65.1
-42.566 65.134
-42.581 65.173
-42.599 65.212
-42.617 65.229
-42.636 65.25
-42.669 65.286
-42.706 65.347
-42.755 65.406
-42.81 65.467
-42.875 65.542
-42.949 65.65
-43.015 65.812
-43.041 66.0
-43.073 66.177
-43.097 66.363
-43.145 66.62
-43.135 66.903
-43.096 67.134
-43.052 67.332
-42.993 67.497
-42.911 67.639
-42.833 67.746
-42.742 67.864
-42.637 67.956
-42.541 68.026
-42.453 68.118
-42.357 68.202
-42.269 68.268
-42.177 68.332
-42.055 68.363
-41.948 68.4
-41.875 68.455
-41.784 68.535
-41.68 68.602
-41.564 68.657
-41.487 68.712
-41.406 68.779
-41.346 68.82
-41.301 68.868
-41.278 68.944
-41.283 69.03
-41.303 69.141
-41.342 69.269
-41.361 69.391
-41.395 69.486
-41.41 69.569
-41.42 69.628
-41.444 69.71
-41.472 69.808
-41.519 69.896
-41.583 70.003
-41.635 70.101
-41.663 70.144
-41.699 70.168
-41.719 70.206
-41.734 70.244
-41.763 70.3
-41.78 70.355
-41.804 70.414
-41.812 70.483
-41.825 70.538
-41.818 70.613
-41.793 70.653
-41.782 70.714
-41.764 70.78
-41.727 70.829
-41.71 70.874
-41.713 70.936
-41.721 70.993
-41.74 71.025
-41.756 71.044
-41.764 71.086
-41.757 71.103
-41.781 71.125
-41.793 71.161
-41.819 71.175
-41.868 71.215
-41.908 71.256
-41.939 71.296
-41.976 71.33
-42.009 71.382
-42.025 71.375
-42.081 71.384
-42.122 71.42
-42.151 71.448
-42.193 71.464
-42.236 71.499
-42.268 71.527
-42.29 71.585
-42.306 71.646
-42.305 71.698
-42.31 71.73
-42.3 71.766
-42.279 71.788
-42.256 71.816
-42.234 71.851
-42.201 71.858
-42.168 71.863
-42.128 71.872
-42.102 71.859
-42.09 71.855
-42.084 71.86
-42.075 71.874
-42.076 71.907
-42.036 71.948
-41.974 71.977
-41.959 72.038
-41.973 72.08
-41.963 72.103
-41.937 72.138
-41.891 72.187
-41.841 72.243
-41.8 72.298
-41.753 72.337
-41.719 72.36
-41.673 72.357
-41.612 72.338
-41.548 72.304
-41.507 72.279
-41.468 72.283
-41.429 72.281
-41.411 72.286
-41.392 72.304
-41.365 72.304
-41.352 72.292
-41.337 72.312
-41.313 72.31
-41.322 72.337
-41.32 72.389
-41.316 72.443
-41.302 72.492
-41.283 72.552
-41.242 72.619
-41.205 72.672
-41.153 72.716
-41.116 72.717
-41.08 72.739
-41.031 72.758
-40.996 72.792
-40.978 72.827
-40.974 72.858
-40.997 72.87
-41.007 72.896
-40.999 72.893
-40.993 72.902
-40.97 72.9
-40.952 72.896
-40.95 72.883
-40.949 72.901
-40.962 72.912
-40.983 72.963
-41.001 73.023
-40.989 73.125
-40.905 73.188
-40.849 73.199
-40.83 73.218
-40.806 73.263
-40.798 73.275
-40.807 73.338
-40.786 73.397
-40.785 73.433
-40.796 73.489
-40.791 73.585
-40.768 73.66
-40.76 73.719
-40.747 73.774
-40.731 73.821
-40.742 73.872
-40.755 73.958
-40.745 74.029
-40.729 74.055
-40.74 74.077
-40.757 74.114
-40.78 74.151
-40.828 74.214
-40.862 74.298
-40.898 74.372
-40.93 74.441
-40.956 74.509
-40.96 74.578
-40.938 74.621
-40.911 74.658
-40.885 74.691
-40.861 74.735
-40.836 74.79
-40.827 74.838
-40.799 74.879
-40.767 74.896
-40.747 74.91
-40.721 74.936
-40.677 74.97
-40.634 74.995
-40.592 75.032
-40.575 75.072
-40.566 75.086
-40.556 75.124
-40.542 75.179
-40.529 75.253
-40.518 75.326
-40.543 75.357
-40.597 75.379
-40.69 75.381
-40.723 75.397
-40.747 75.358
-40.766 75.329
-40.743 75.303
-40.711 75.276
-40.691 75.332
-40.703 75.4
-40.741 75.429
-40.789 75.449
-40.829 75.45
-40.873 75.448
-40.892 75.414
-40.902 75.366
-40.918 75.371
-40.925 75.405
-40.963 75.426
-41.017 75.437
-41.061 75.409
-41.112 75.388
-41.141 75.35
-41.145 75.262
-41.137 75.245
-41.118 75.262
-41.125 75.286
-41.16 75.318
-41.214 75.338
-41.253 75.347
-41.26 75.324
-41.286 75.296
-41.296 75.302
-41.297 75.27
-41.312 75.25
-41.314 75.232
-41.307 75.219
-41.299 75.213
-41.304 75.261
-41.332 75.294
-41.384 75.312
-41.425 75.325
-41.448 75.33
-41.471 75.342
-41.494 75.38
-41.522 75.426
-41.554 75.485
-41.553 75.501
-41.577 75.495
-41.594 75.515
-41.609 75.518
-41.629 75.539
-41.657 75.577
-41.702 75.634
-41.74 75.715
-41.76 75.808
-41.822 75.933
-41.834 76.1
-41.813 76.254
-41.8 76.394
-41.787 76.516
-41.75 76.633
-41.717 76.7
-41.713 76.793
-41.722 76.894
-41.736 76.985
-41.766 77.092
-41.778 77.228
-41.779 77.354
-41.813 77.466
-41.854 77.564
-41.896 77.684
-41.95 77.809
-41.973 77.943
-41.997 78.044
-41.988 78.156
-41.934 78.243
-41.908 78.333
-41.895 78.424
-41.875 78.507
-41.892 78.592
-41.922 78.688
-41.933 78.767
-41.958 78.85
-41.98 78.947
-42.0 79.046
-42.01 79.131
-42.014 79.202
-42.024 79.27
-42.0 79.359
-41.958 79.41
-41.946 79.47
-41.917 79.552
-41.877 79.596
-41.855 79.632
-41.822 79.682
-41.778 79.716
-41.754 79.718
-41.733 79.756
-41.709 79.796
-41.687 79.85
-41.647 79.913
-41.578 79.935
-41.526 79.897
-41.5 79.885
-41.45 79.878
-41.404 79.853
-41.368 79.837
-41.335 79.842
-41.302 79.842
-41.218 79.813
-41.161 79.739
-41.124 79.716
-41.047 79.696
-40.997 79.671
-40.943 79.693
-40.89 79.685
-40.868 79.694
-40.863 79.744
-40.841 79.794
-40.85 79.82
-40.872 79.846
-40.905 79.866
-40.896 79.881
-40.896 79.854
-40.909 79.849
-40.905 79.853
-40.91 79.864
-40.902 79.891
-40.886 79.911
-40.873 79.919
-40.86 79.936
-40.836 79.939
-40.83 79.955
-40.8 79.985
-40.767 79.981
-40.754 79.997
-40.735 80.022
-40.73 80.037
-40.739 80.087
-40.738 80.137
-40.747 80.157
-40.776 80.183
-40.796 80.218
-40.809 80.235
-40.843 80.248
-40.871 80.28
-40.895 80.304
-40.928 80.342
-40.942 80.406
-40.908 80.433
-40.898 80.454
-40.883 80.501
-40.861 80.542
-40.861 80.598
-40.863 80.683
-40.849 80.718
-40.879 80.755
-40.902 80.845
-40.869 80.909
-40.844 80.941
-40.832 80.98
-40.815 81.019
-40.797 81.025
-40.807 81.029
-40.814 81.055
-40.817 81.078
-40.827 81.111
-40.824 81.162
-40.807 81.187
-40.794 81.183
-40.793 81.169
-40.811 81.184
-40.806 81.208
-40.812 81.221
-40.813 81.258
-40.801 81.269
-40.796 81.248
-40.809 81.242
-40.808 81.243
-40.826 81.24
-40.834 81.257
-40.832 81.278
-40.837 81.299
-40.85 81.33
-40.852 81.386
-40.852 81.424
-40.855 81.472
-40.804 81.496
-40.772 81.441
-40.789 81.436
-40.772 81.444
-40.772 81.402
-40.801 81.401
-40.805 81.419
-40.815 81.416
-40.843 81.428
-40.848 81.478
-40.845 81.487
-40.871 81.528
-40.85 81.594
-40.81 81.574
-40.828 81.587
-40.809 81.673
-40.755 81.688
-40.759 81.701
-40.693 81.76
-40.685 81.788
-40.676 81.787
-40.657 81.846
-40.601 81.87
-40.552 81.825
-40.563 81.843
-40.512 81.878
-40.483 81.853
-40.489 81.867
-40.459 81.919
-40.423 81.919
-40.421 81.935
-40.4 81.997
-40.349 82.036
-40.31 82.01
-40.288 82.01
-40.258 82.005
-40.241 82.008
-40.221 82.0
-40.214 82.006
-40.202 82.014
-40.196 82.011
-40.195 82.02
-40.185 82.036
-40.184 82.032
-40.194 82.055
-40.177 82.07
-40.166 82.081
-40.16 82.112
-40.136 82.134
-40.113 82.138
-40.101 82.152
-40.077 82.167
-40.068 82.167
-40.066 82.185
-40.06 82.218
-40.006 82.233
-39.981 82.208
-39.938 82.231
-39.887 82.213
-39.864 82.193
-39.84 82.212
-39.797 82.217
-39.773 82.207
-39.758 82.221
-39.729 82.233
-39.7 82.227
-39.675 82.219
-39.646 82.217
-39.62 82.19
-39.606 82.168
-39.574 82.145
-39.552 82.119
-39.515 82.098
-39.474 82.095
-39.418 82.083
-39.371 82.084
-39.324 82.089
-39.279 82.092
-39.229 82.09
-39.2 82.085
-39.168 82.092
-39.146 82.093
-39.121 82.091
-39.106 82.072
-39.084 82.075
-39.064 82.065
-39.046 82.076
-39.022 82.097
-38.976 82.096
-38.928 82.073
-38.89 82.051
-38.847 82.034
-38.786 81.987