-29.19 65.179
-29.176 65.197
-29.123 65.209
-29.059 65.18
-29.036 65.166
-29.015 65.193
-28.98 65.203
-28.949 65.188
-28.94 65.168
-28.934 65.18
-28.893 65.21
-28.851 65.196
-28.824 65.159
-28.837 65.145
-28.802 65.169
-28.777 65.129
-28.766 65.102
-28.768 65.084
-28.739 65.101
-28.711 65.059
-28.68 65.024
-28.658 64.991
-28.608 64.999
-28.56 64.951
-28.534 64.941
-28.501 64.926
-28.459 64.906
-28.418 64.867
-28.417 64.831
-28.393 64.829
-28.355 64.81
-28.333 64.785
-28.308 64.765
-28.286 64.765
-28.253 64.74
-28.234 64.701
-28.23 64.681
-28.201 64.671
-28.176 64.613
-28.179 64.576
-28.162 64.552
-28.137 64.531
-28.112 64.464
-28.114 64.421
-28.107 64.396
-28.076 64.359
-28.071 64.297
-28.071 64.257
-28.066 64.219
-28.059 64.19
-28.05 64.138
-28.047 64.076
-28.063 64.028
-28.063 64.016
-28.049 63.978
-28.058 63.933
-28.07 63.902
-28.077 63.899
-28.053 63.875
-28.047 63.835
-28.05 63.769
-28.076 63.739
-28.061 63.755
-28.0 63.753
-27.964 63.647
-28.017 63.588
-28.007 63.585
-27.972 63.529
-27.963 63.442
-28.008 63.376
-28.019 63.362
-28.018 63.311
-28.024 63.231
-28.083 63.169
-28.11 63.143
-28.126 63.104
-28.131 63.032
-28.188 63.01
-28.177 63.009
-28.169 62.955
-28.215 62.891
-28.266 62.893
-28.278 62.893
-28.259 62.828
-28.319 62.752
-28.383 62.741
-28.4 62.758
-28.385 62.715
-28.432 62.647
-28.527 62.663
-28.514 62.717
-28.461 62.645
-28.484 62.538
-28.556 62.475
-28.607 62.482
-28.585 62.453
-28.6 62.375
-28.671 62.316
-28.705 62.334
-28.677 62.296
-28.683 62.194
-28.759 62.138
-28.817 62.167
-28.808 62.164
-28.833 62.116
-28.887 62.1
-28.933 62.111
-28.936 62.116
-28.959 62.086
-28.995 62.086
-29.038 62.094
-29.051 62.12
-29.063 62.1
-29.101 62.097
-29.119 62.102
-29.129 62.102
-29.146 62.053
-29.2 62.054
-29.198 62.067
-29.189 62.045
-29.208 61.989
-29.248 61.997
-29.239 61.982
-29.236 61.951
-29.252 61.915
-29.289 61.892
-29.285 61.885
-29.273 61.828
-29.292 61.761
-29.322 61.753
-29.285 61.761
-29.265 61.721
-29.258 61.67
-29.291 61.651
-29.279 61.626
-29.279 61.574
-29.315 61.502
-29.37 61.468
-29.396 61.458
-29.403 61.413
-29.44 61.372
-29.483 61.361
-29.496 61.353
-29.478 61.314
-29.496 61.256
-29.514 61.238
-29.53 61.208
-29.556 61.194
-29.577 61.165
-29.621 61.163
-29.645 61.162
-29.645 61.144
-29.661 61.104
-29.699 61.102
-29.716 61.107
-29.711 61.086
-29.738 61.052
-29.762 61.044
-29.778 61.031
-29.777 61.019
-29.793 61.013
-29.79 61.01
-29.806 60.994
-29.813 60.987
-29.826 60.982
-29.827 60.989
-29.837 60.98
-29.834 61.001
-29.813 60.982
-29.822 60.963
-29.833 60.966
-29.814 60.991
-29.794 60.952
-29.827 60.947
-29.824 60.934
-29.811 60.924
-29.824 60.864
-29.87 60.855
-29.927 60.857
-29.941 60.931
-29.928 60.91
-29.982 60.914
-30.029 60.965
-30.025 61.049
-29.983 61.085
-29.977 61.083
-29.969 61.105
-29.937 61.066
-29.952 61.066
-29.953 61.101
-29.92 61.136
-29.909 61.103
-29.95 61.124
-29.944 61.177
-29.918 61.225
-29.891 61.213
-29.92 61.226
-29.903 61.291
-29.874 61.336
-29.841 61.33
-29.833 61.321
-29.859 61.34
-29.857 61.397
-29.845 61.416
-29.848 61.422
-29.885 61.451
-29.873 61.52
-29.865 61.54
-29.872 61.558
-29.91 61.609
-29.892 61.696
-29.888 61.702
-29.914 61.735
-29.938 61.796
-29.941 61.84
-29.926 61.861
-29.955 61.853
-30.0 61.918
-30.008 61.948
-30.04 61.962
-30.091 61.976
-30.165 61.988
-30.228 62.0
-30.293 61.963
-30.353 61.958
-30.405 61.945
-30.439 61.943
-30.45 61.899
-30.477 61.868
-30.486 61.853
-30.468 61.826
-30.458 61.803
-30.459 61.793
-30.448 61.817
-30.427 61.825
-30.431 61.81
-30.441 61.838
-30.428 61.848
-30.418 61.865
-30.411 61.862
-30.404 61.885
-30.375 61.902
-30.385 61.925
-30.345 61.967
-30.341 61.957
-30.327 62.006
-30.317 62.021
-30.299 62.063
-30.309 62.037
-30.33 62.067
-30.328 62.055
-30.345 62.069
-30.362 62.045
-30.399 62.064
-30.387 62.059
-30.419 62.031
-30.451 62.021
-30.478 62.033
-30.481 62.016
-30.546 61.972
-30.578 61.961
-30.595 61.911
-30.607 61.877
-30.596 61.869
-30.594 61.827
-30.568 61.845
-30.559 61.829
-30.535 61.851
-30.534 61.836
-30.505 61.872
-30.512 61.837
-30.521 61.864
-30.521 61.863
-30.5 61.88
-30.505 61.843
-30.508 61.864
-30.494 61.869
-30.473 61.859
-30.476 61.831
-30.47 61.849
-30.442 61.839
-30.416 61.826
-30.391 61.794
-30.377 61.78
-30.364 61.768
-30.343 61.766
-30.315 61.739
-30.295 61.724
-30.269 61.739
-30.225 61.749
-30.184 61.715
-30.168 61.701
-30.131 61.708
-30.082 61.714
-30.047 61.704
-30.017 61.699
-29.98 61.713
-29.925 61.715
-29.892 61.696
-29.877 61.695
-29.862 61.708
-29.828 61.73
-29.813 61.731
-29.817 61.738
-29.795 61.768
-29.762 61.756
-29.756 61.735
-29.744 61.723
-29.73 61.706
-29.735 61.716
-29.736 61.727
-29.718 61.796
-29.647 61.847
-29.591 61.85
-29.547 61.896
-29.491 61.94
-29.404 61.961
-29.356 61.925
-29.31 61.926
-29.258 61.914
-29.194 61.914
-29.151 61.877
-29.126 61.89
-29.074 61.881
-29.021 61.877
-28.987 61.851
-28.95 61.847
-28.913 61.844
-28.853 61.836
-28.832 61.821
-28.812 61.827
-28.778 61.838
-28.749 61.82
-28.742 61.815
-28.726 61.84
-28.682 61.853
-28.648 61.847
-28.636 61.838
-28.612 61.873
-28.561 61.891
-28.517 61.882
-28.505 61.884
-28.466 61.93
-28.4 61.922
-28.365 61.909
-28.35 61.926
-28.281 61.937
-28.22 61.89
-28.166 61.829
-28.159 61.791
-28.13 61.75
-28.104 61.742
-28.062 61.694
-28.017 61.661
-28.002 61.607
-27.978 61.58
-27.945 61.563
-27.921 61.505
-27.902 61.492
-27.894 61.451
-27.864 61.453
-27.849 61.41
-27.831 61.388
-27.823 61.34
-27.794 61.319
-27.791 61.302
-27.742 61.278
-27.727 61.25
-27.691 61.217
-27.683 61.205
-27.655 61.175
-27.641 61.167
-27.612 61.123
-27.611 61.09
-27.599 61.076
-27.57 61.063
-27.544 61.033
-27.54 61.013
-27.516 61.018
-27.483 61.014
-27.436 60.985
-27.409 60.946
-27.391 60.913
-27.358 60.892
-27.31 60.851
-27.293 60.817
-27.248 60.789
-27.167 60.727
-27.108 60.644
-27.036 60.587
-26.95 60.54
-26.867 60.452
-26.79 60.404
-26.701 60.356
-26.596 60.292
-26.512 60.208
-26.456 60.127
-26.391 60.064
-26.333 59.961
-26.308 59.869
-26.293 59.762
-26.276 59.651
-26.253 59.534
-26.247 59.363
-26.262 59.2
-26.296 59.073
-26.297 58.988
-26.29 58.893
-26.317 58.789
-26.352 58.747
-26.344 58.698
-26.343 58.632
-26.357 58.534
-26.386 58.477
-26.344 58.438
-26.308 58.379
-26.307 58.315
-26.308 58.262
-26.27 58.21
-26.235 58.173
-26.211 58.129
-26.19 58.097
-26.176 58.059
-26.153 58.054
-26.112 58.015
-26.09 57.972
-26.097 57.937
-26.077 57.935
-26.027 57.924
-26.0 57.892
-25.999 57.885
-25.99 57.873
-25.968 57.87
-25.953 57.856
-25.947 57.862
-25.948 57.828
-25.937 57.815
-25.903 57.768
-25.917 57.705
-25.883 57.662
-25.839 57.659
-25.755 57.607
-25.729 57.516
-25.743 57.433
-25.767 57.405
-25.749 57.418
-25.712 57.42
-25.671 57.389
-25.671 57.362
-25.66 57.367
-25.649 57.385
-25.616 57.388
-25.622 57.384
-25.619 57.4
-25.63 57.444
-25.602 57.482
-25.594 57.464
-25.584 57.461
-25.603 57.487
-25.582 57.514
-25.539 57.519
-25.524 57.519
-25.533 57.542
-25.503 57.59
-25.462 57.625
-25.424 57.644
-25.411 57.658
-25.395 57.688
-25.368 57.696
-25.339 57.706
-25.293 57.715
-25.225 57.698
-25.152 57.653
-25.085 57.592
-25.051 57.544
-24.977 57.533
-24.88 57.476
-24.787 57.395
-24.712 57.311
-24.631 57.256
-24.531 57.192
-24.447 57.122
-24.402 57.037
-24.379 56.998
-24.335 56.958
-24.279 56.906
-24.237 56.854
-24.198 56.798
-24.165 56.756
-24.141 56.699
-24.119 56.653
-24.096 56.594
-24.096 56.54
-24.089 56.483
-24.091 56.436
-24.085 56.386
-24.082 56.346
-24.086 56.301
-24.099 56.267
-24.109 56.249
-24.108 56.212
-24.12 56.159
-24.144 56.098
-24.195 56.046
-24.228 55.998
-24.27 55.927
-24.335 55.856
-24.398 55.79
-24.463 55.727
-24.527 55.644
-24.618 55.534
-24.724 55.435
-24.812 55.357
-24.893 55.277
-25.004 55.167
-25.131 55.091
-25.225 55.028
-25.309 54.925
-25.408 54.835
-25.5 54.753
-25.58 54.681
-25.661 54.632
-25.727 54.601
-25.77 54.552
-25.8 54.483
-25.85 54.403
-25.903 54.353
-25.947 54.306
-25.984 54.263
-26.023 54.191
-26.085 54.126
-26.141 54.062
-26.22 53.999
-26.282 53.96
-26.36 53.932
-26.441 53.942
-26.527 53.954
-26.628 53.975
-26.699 53.999
-26.76 54.043
-26.81 54.082
-26.853 54.138
-26.881 54.174
-26.913 54.211
-26.933 54.243
-26.963 54.265
-26.975 54.297
-26.993 54.322
-27.005 54.36
-27.003 54.378
-26.995 54.379
-27.015 54.368
-27.029 54.374
-27.041 54.374
-27.058 54.363
-27.08 54.353
-27.105 54.364
-27.134 54.388
-27.168 54.414
-27.196 54.462
-27.211 54.509
-27.236 54.545
-27.275 54.591
-27.293 54.668
-27.282 54.741
-27.278 54.799
-27.273 54.881
-27.278 54.944
-27.233 54.988
-27.227 55.043
-27.211 55.076
-27.187 55.126
-27.175 55.169
-27.15 55.22
-27.142 55.249
-27.117 55.294
-27.109 55.315
-27.097 55.377
-27.065 55.396
-27.048 55.428
-27.035 55.433
-27.013 55.463
-26.976 55.471
-26.946 55.507
-26.926 55.523
-26.907 55.56
-26.864 55.577
-26.841 55.599
-26.823 55.6
-26.811 55.614
-26.778 55.603
-26.759 55.589
-26.733 55.564
-26.712 55.545
-26.67 55.493
-26.653 55.433
-26.644 55.382
-26.637 55.338
-26.619 55.286
-26.619 55.211
-26.63 55.141
-26.659 55.074
-26.681 55.012
-26.722 54.96
-26.759 54.932
-26.793 54.922
-26.813 54.916
-26.846 54.922
-26.877 54.952
-26.897 55.018
-26.885 55.12
-26.855 55.175
-26.822 55.208
-26.794 55.227
-26.736 55.253
-26.675 55.247
-26.593 55.244
-26.516 55.182
-26.456 55.108
-26.42 55.015
-26.404 54.942
-26.41 54.874
-26.426 54.826
-26.446 54.798
-26.436 54.786
-26.434 54.762
-26.418 54.738
-26.387 54.707
-26.356 54.665
-26.328 54.607
-26.323 54.539
-26.318 54.481
-26.338 54.425
-26.364 54.378
-26.392 54.361
-26.408 54.34
-26.415 54.33
-26.421 54.291
-26.436 54.263
-26.46 54.242
-26.475 54.249
-26.471 54.256
-26.459 54.243
-26.454 54.238
-26.44 54.238
-26.408 54.241
-26.368 54.215
-26.342 54.166
-26.339 54.123
-26.327 54.083
-26.328 54.038
-26.326 53.991
-26.343 53.952
-26.367 53.921
-26.388 53.906
-26.398 53.903
-26.401 53.901
-26.396 53.897
-26.373 53.895
-26.349 53.884
-26.315 53.871
-26.285 53.825
-26.262 53.782
-26.254 53.74
-26.232 53.698
-26.226 53.632
-26.254 53.567
-26.284 53.548
-26.282 53.535
-26.259 53.513
-26.239 53.46
-26.239 53.413
-26.24 53.372
-26.237 53.325
-26.238 53.257
-26.246 53.189
-26.274 53.131
-26.295 53.065
-26.336 53.0
-26.388 52.936
-26.446 52.904
-26.504 52.859
-26.557 52.845
-26.616 52.814
-26.681 52.818
-26.726 52.828
-26.775 52.836
-26.824 52.855
-26.868 52.863
-26.925 52.877
-26.982 52.885
-27.033 52.926
-27.079 52.967
-27.125 53.003
-27.178 53.036
-27.23 53.073
-27.291 53.129
-27.318 53.195
-27.356 53.245
-27.381 53.314
-27.396 53.378
-27.398 53.445
-27.396 53.509
-27.393 53.576
-27.382 53.632
-27.354 53.697
-27.291 53.772
-27.196 53.802
-27.124 53.799
-27.067 53.824
-26.975 53.874
-26.845 53.909
-26.712 53.901
-26.611 53.883
-26.518 53.868
-26.41 53.82
-26.301 53.712
-26.209 53.592
-26.166 53.529
-26.148 53.498
-26.108 53.432
-26.072 53.335
-26.06 53.186
-26.059 53.068
-26.032 53.047
-26.012 52.994
-26.021 52.91
-26.055 52.834
-26.062 52.792
-26.063 52.759
-26.072 52.664
-26.125 52.548
-26.216 52.485
-26.311 52.401
-26.402 52.311
-26.477 52.213
-26.512 52.184
-26.541 52.165
-26.562 52.144
-26.591 52.12
-26.642 52.105
-26.673 52.095
-26.695 52.116
-26.706 52.132
-26.764 52.145
-26.809 52.179
-26.854 52.223
-26.884 52.271
-26.934 52.3
-26.992 52.36
-27.047 52.43
-27.1 52.488
-27.129 52.51
-27.172 52.531
-27.197 52.559
-27.221 52.583
-27.243 52.607
-27.284 52.622
-27.333 52.634
-27.401 52.647
-27.443 52.653
-27.488 52.641
-27.534 52.636
-27.565 52.656
-27.581 52.673
-27.561 52.677
-27.537 52.666
-27.504 52.685
-27.469 52.711
-27.428 52.761
-27.387 52.827
-27.361 52.894
-27.338 52.924
-27.312 52.948
-27.28 52.939
-27.259 52.939
-27.229 52.926
-27.197 52.909
-27.177 52.88
-27.148 52.881
-27.09 52.871
-27.022 52.862
-26.952 52.846
-26.88 52.843
-26.828 52.838
-26.757 52.815
-26.676 52.803
-26.593 52.78
-26.513 52.777
-26.451 52.75
-26.393 52.731
-26.336 52.692
-26.27 52.685
-26.219 52.635
-26.181 52.593
-26.159 52.537
-26.121 52.505
-26.095 52.443
-26.067 52.395
-26.049 52.342
-26.022 52.297
-26.022 52.23
-26.036 52.184
-26.043 52.114
-26.068 52.027
-26.079 51.969
-26.118 51.902
-26.146 51.845
-26.183 51.774
-26.219 51.685
-26.251 51.59
-26.29 51.485
-26.32 51.404
-26.349 51.308
-26.41 51.218
-26.482 51.157
-26.567 51.102
-26.645 51.092
-26.725 51.074
-26.789 51.093
-26.826 51.075
-26.86 51.049
-26.904 51.013
-26.972 51.016
-27.015 51.028
-27.06 51.053
-27.113 51.075
-27.161 51.12
-27.166 51.16
-27.167 51.205
-27.169 51.259
-27.175 51.33
-27.164 51.381
-27.165 51.425
-27.135 51.462
-27.1 51.505
-27.079 51.52
-27.075 51.54
-27.071 51.563
-27.064 51.613
-27.042 51.652
-27.016 51.694
-27.002 51.724
-26.978 51.766
-26.95 51.797
-26.921 51.827
-26.906 51.86
-26.88 51.893
-26.85 51.926
-26.815 51.953
-26.772 51.997
-26.696 52.015
-26.615 51.992
-26.554 51.952
-26.49 51.912
-26.425 51.857
-26.36 51.793
-26.3 51.719
-26.251 51.636
-26.217 51.557
-26.179 51.494
-26.144 51.414
-26.107 51.331
-26.087 51.239
-26.081 51.144
-26.094 51.064
-26.103 50.985
-26.125 50.904
-26.144 50.814
-26.19 50.719
-26.236 50.638
-26.282 50.566
-26.316 50.482
-26.382 50.391
-26.453 50.326
-26.493 50.28
-26.535 50.2
-26.57 50.108
-26.63 49.983
-26.714 49.881
-26.821 49.802
-26.913 49.76
-26.967 49.693
-27.023 49.617
-27.063 49.57
-27.085 49.536
-27.094 49.499
-27.084 49.458
-27.083 49.401
-27.093 49.359
-27.116 49.308
-27.151 49.253
-27.22 49.176
-27.311 49.136
-27.392 49.115
-27.477 49.132
-27.544 49.18
-27.621 49.21
-27.691 49.264
-27.752 49.304
-27.813 49.357
-27.838 49.428
-27.845 49.484
-27.882 49.542
-27.896 49.638
-27.913 49.761
-27.884 49.875
-27.899 49.989
-27.906 50.152
-27.89 50.328
-27.787 50.468
-27.695 50.508
-27.671 50.588
-27.618 50.732
-27.505 50.902
-27.394 51.045
-27.318 51.191
-27.288 51.306
-27.267 51.441
-27.244 51.546
-27.283 51.612
-27.353 51.688
-27.416 51.772
-27.468 51.876
-27.512 51.926
-27.607 51.961
-27.711 52.047
-27.775 52.104
-27.868 52.136
-27.998 52.18
-28.107 52.293
-28.155 52.378
-28.205 52.406
-28.285 52.461
-28.352 52.575
-28.367 52.698
-28.368 52.761
-28.413 52.845
-28.416 52.959
-28.398 53.061
-28.359 53.133
-28.327 53.184
-28.287 53.221
-28.253 53.255
-28.205 53.254
-28.18 53.237
-28.17 53.203
-28.163 53.188
-28.152 53.159
-28.162 53.125
-28.191 53.091
-28.219 53.084
-28.237 53.077
-28.274 53.075
-28.303 53.098
-28.332 53.129
-28.347 53.16
-28.368 53.193
-28.383 53.237
-28.389 53.302
-28.35 53.348
-28.318 53.371
-28.292 53.391
-28.262 53.419
-28.212 53.429
-28.174 53.414
-28.143 53.405
-28.11 53.397
-28.076 53.365
-28.059 53.347
-28.036 53.338
-27.986 53.351
-27.889 53.346
-27.81 53.286
-27.745 53.221
-27.706 53.114
-27.71 53.006
-27.737 52.924
-27.76 52.863
-27.793 52.774
-27.875 52.69
-27.994 52.598
-28.103 52.566
-28.173 52.549
-28.235 52.525
-28.286 52.51
-28.318 52.516
-28.3 52.49
-28.327 52.441
-28.352 52.443
-28.358 52.463
-28.332 52.484
-28.346 52.467
-28.377 52.479
-28.437 52.516
-28.45 52.586
-28.458 52.594
-28.513 52.625
-28.56 52.693
-28.576 52.778
-28.553 52.796
-28.589 52.776
-28.627 52.773
-28.624 52.812
-28.59 52.852
-28.591 52.898
-28.595 52.967
-28.596 53.048
-28.569 53.108
-28.549 53.143
-28.535 53.176
-28.502 53.233
-28.446 53.285
-28.387 53.317
-28.334 53.355
-28.284 53.389
-28.21 53.429
-28.143 53.434
-28.081 53.44
-28.028 53.443
-27.953 53.419
-27.894 53.382
-27.852 53.354
-27.786 53.324
-27.706 53.266
-27.626 53.171
-27.579 53.055
-27.565 52.936
-27.555 52.839
-27.533 52.72
-27.534 52.608
-27.564 52.505
-27.6 52.434
-27.653 52.374
-27.703 52.289
-27.756 52.19
-27.752 52.15
-27.735 52.134
-27.725 52.123
-27.737 52.101
-27.74 52.108
-27.71 52.121
-27.717 52.12
-27.693 52.128
-27.739 52.115
-27.764 52.097
-27.8 52.104
-27.837 52.09
-27.86 52.076
-27.896 52.083
-27.937 52.087
-27.954 52.103
-27.983 52.096
-28.007 52.102
-28.04 52.131
-28.057 52.157
-28.079 52.175
-28.094 52.179
-28.123 52.186
-28.107 52.189
-28.093 52.193
-28.085 52.193
-28.107 52.201
-28.089 52.225
-28.068 52.228
-28.051 52.219
-28.068 52.188
-28.089 52.182
-28.106 52.162
-28.108 52.142
-28.139 52.113
-28.176 52.142
-28.194 52.142
-28.195 52.167
-28.195 52.166
-28.214 52.191
-28.213 52.193
-28.229 52.215
-28.218 52.248
-28.207 52.249
-28.198 52.232
-28.205 52.227
-28.186 52.22
-28.167 52.182
-28.177 52.143
-28.212 52.144
-28.217 52.165
-28.209 52.194
-28.171 52.201
-28.162 52.189
-28.144 52.194
-28.127 52.198
-28.087 52.201
-28.064 52.16
-28.065 52.137
-28.081 52.122
-28.101 52.136
-28.108 52.149
-28.106 52.174
-28.099 52.178
-28.081 52.196
-28.062 52.189
-28.05 52.215
-27.998 52.21
-27.944 52.187
-27.917 52.137
-27.918 52.13
-27.876 52.125
-27.823 52.09
-27.791 52.03
-27.766 51.984
-27.748 51.931
-27.736 51.873
-27.752 51.82
-27.784 51.797
-27.808 51.783
-27.844 51.761
-27.877 51.751
-27.915 51.735
-27.959 51.74
-27.99 51.754
-28.021 51.747
-28.065 51.755
-28.101 51.765
-28.141 51.785
-28.163 51.808
-28.186 51.818
-28.229 51.845
-28.255 51.9
-28.27 51.946
-28.281 51.998
-28.293 52.035
-28.297 52.067
-28.312 52.112
-28.307 52.12
-28.295 52.104
-28.297 52.067
-28.324 52.096
-28.267 52.112
-28.22 52.099
-28.205 52.07
-28.23 52.043
-28.222 52.023
-28.171 52.054
-28.147 52.072
-28.153 52.098
-28.155 52.135
-28.154 52.175
-28.133 52.199
-28.152 52.197
-28.177 52.216
-28.144 52.163
-28.11 52.087
-28.069 51.998
-28.026 51.971
-27.965 51.943
-27.922 51.906
-27.899 51.877
-27.882 51.851
-27.857 51.827
-27.839 51.764
-27.84 51.754
-27.822 51.704
-27.842 51.652
-27.882 51.61
-27.929 51.61
-27.961 51.595
-28.009 51.579
-28.073 51.586
-28.125 51.623
-28.164 51.647
-28.213 51.681
-28.236 51.751
-28.221 51.787
-28.204 51.79
-28.174 51.816
-28.145 51.846
-28.103 51.888
-28.056 51.91
-28.011 51.918
-27.988 51.923
-27.963 51.925
-27.954 51.913
-27.943 51.883
-27.94 51.84
-27.883 51.797
-27.799 51.842
-27.699 51.914
-27.712 51.998
-27.714 52.034
-27.694 52.047
-27.653 52.066
-27.598 52.054
-27.572 52.056
-27.541 52.084
-27.498 52.097
-27.489 52.083
-27.502 52.11
-27.523 52.141
-27.542 52.185
-27.532 52.217
-27.537 52.222
-27.561 52.252
-27.562 52.315
-27.493 52.322
-27.443 52.298
-27.402 52.267
-27.325 52.211
-27.273 52.096
-27.309 51.996
-27.342 51.993
-27.345 52.007
-27.323 51.98
-27.347 51.93
-27.386 51.928
-27.387 51.948
-27.357 51.957
-27.35 51.942
-27.346 51.976
-27.324 52.009
-27.27 52.044
-27.251 52.039
-27.228 52.068
-27.183 52.096
-27.135 52.094
-27.112 52.086
-27.09 52.121
-27.001 52.148
-26.979 52.091
-26.931 52.126
-26.877 52.078
-26.834 52.014
-26.847 51.972
-26.809 51.978
-26.783 51.958
-26.736 51.916
-26.734 51.856
-26.739 51.833
-26.723 51.829
-26.667 51.781
-26.684 51.712
-26.698 51.704
-26.687 51.718
-26.639 51.692
-26.626 51.626
-26.648 51.604
-26.65 51.618
-26.621 51.607
-26.585 51.568
-26.591 51.511
-26.618 51.485
-26.626 51.5
-26.596 51.472
-26.598 51.424
-26.627 51.392
-26.646 51.433
-26.591 51.423
-26.578 51.4
-26.586 51.382
-26.584 51.445
-26.514 51.48
-26.481 51.435
-26.454 51.365
-26.475 51.323
-26.461 51.285
-26.465 51.275
-26.43 51.233
-26.439 51.189
-26.441 51.155
-26.452 51.146
-26.44 51.123
-26.452 51.097
-26.452 51.067
-26.48 51.051
-26.48 51.035
-26.488 51.007
-26.483 50.946
-26.497 50.898
-26.49 50.839
-26.468 50.752
-26.448 50.646
-26.433 50.537
-26.396 50.425
-26.357 50.277
-26.33 50.12
-26.294 49.953
-26.262 49.775
-26.222 49.604
-26.174 49.457
-26.086 49.34
-25.982 49.242
-25.881 49.2
-25.776 49.206
-25.664 49.241
-25.549 49.317
-25.428 49.355
-25.34 49.39
-25.279 49.444
-25.185 49.559
-25.046 49.62
-24.944 49.645
-24.886 49.676
-24.849 49.768
-24.76 49.876
-24.663 49.951
-24.619 50.023
-24.636 50.114
-24.652 50.254
-24.645 50.375
-24.69 50.468
-24.773 50.558
-24.89 50.658
-24.982 50.73
-25.111 50.766
-25.242 50.794
-25.365 50.803
-25.446 50.766
-25.54 50.739
-25.583 50.705
-25.644 50.676
-25.684 50.622
-25.749 50.568
-25.79 50.536
-25.8 50.468
-25.828 50.375
-25.86 50.328
-25.88 50.314
-25.86 50.283
-25.864 50.209
-25.899 50.169
-25.933 50.146
-25.913 50.098
-25.905 50.031
-25.912 49.962
-25.888 49.919
-25.843 49.829
-25.826 49.736
-25.814 49.669
-25.782 49.578
-25.771 49.465
-25.772 49.375
-25.755 49.318
-25.709 49.23
-25.687 49.135
-25.665 49.069
-25.631 49.025
-25.568 48.974
-25.519 48.906
-25.486 48.855
-25.444 48.834
-25.392 48.791
-25.329 48.766
-25.277 48.712
-25.227 48.71
-25.173 48.677
-25.116 48.67
-25.069 48.645
-25.015 48.624
-24.934 48.621
-24.845 48.67
-24.738 48.722
-24.652 48.81
-24.562 48.921
-24.475 49.058
-24.436 49.186
-24.454 49.297
-24.475 49.365
-24.469 49.441
-24.467 49.48
-24.525 49.558
-24.588 49.649
-24.662 49.741
-24.744 49.827
-24.865 49.883
-25.001 49.972
-25.145 50.081
-25.276 50.181
-25.444 50.251
-25.596 50.326
-25.697 50.378
-25.796 50.412
-25.907 50.448
-26.004 50.493
-26.07 50.513
-26.159 50.514
-26.242 50.526
-26.329 50.532
-26.376 50.542
-26.418 50.492
-26.504 50.451
-26.555 50.442
-26.572 50.422
-26.586 50.354
-26.63 50.279
-26.671 50.236
-26.671 50.178
-26.679 50.087
-26.703 49.992
-26.717 49.924
-26.718 49.864
-26.703 49.765
-26.711 49.664
-26.73 49.594
-26.725 49.534
-26.7 49.45
-26.679 49.345
-26.702 49.258
-26.698 49.201
-26.673 49.13
-26.65 49.061
-26.652 48.982
-26.66 48.953
-26.645 48.905
-26.645 48.846
-26.661 48.809
-26.644 48.784
-26.597 48.728
-26.581 48.639
-26.581 48.611
-26.509 48.578
-26.453 48.497
-26.418 48.435
-26.389 48.413
-26.303 48.397
-26.223 48.342
-26.174 48.325
-26.106 48.38
-25.985 48.437
-25.864 48.483
-25.768 48.539
-25.682 48.655
-25.575 48.794
-25.462 48.895
-25.434 49.024
-25.401 49.178
-25.353 49.303
-25.316 49.39
-25.327 49.473
-25.344 49.588
-25.332 49.67
-25.347 49.733
-25.393 49.794
-25.45 49.865
-25.5 49.937
-25.525 49.985
-25.597 49.983
-25.691 50.037
-25.744 50.102
-25.768 50.128
-25.828 50.105
-25.919 50.113
-25.969 50.141
-26.015 50.136
-26.057 50.118
-26.114 50.085
-26.176 50.085
-26.202 50.059
-26.254 50.016
-26.302 49.977
-26.36 49.949