-56.116 246.173
-56.105 246.185
-56.109 246.196
-56.162 246.159
-56.141 246.237
-56.024 246.248
-55.966 246.291
-55.882 246.349
-55.84 246.35
-55.806 246.409
-55.776 246.387
-55.782 246.368
-55.775 246.375
-55.749 246.415
-55.727 246.447
-55.712 246.435
-55.671 246.548
-55.623 246.583
-55.596 246.587
-55.547 246.66
-55.483 246.708
-55.415 246.771
-55.315 246.835
-55.215 246.963
-55.106 247.147
-55.026 247.303
-54.96 247.481
-54.902 247.651
-54.906 247.813
-54.95 248.047
-55.031 248.249
-55.114 248.461
-55.182 248.62
-55.256 248.76
-55.317 248.896
-55.369 249.038
-55.383 249.108
-55.4 249.198
-55.435 249.268
-55.485 249.347
-55.509 249.45
-55.508 249.552
-55.476 249.684
-55.447 249.844
-55.419 250.024
-55.362 250.201
-55.294 250.368
-55.201 250.548
-55.131 250.677
-55.089 250.799
-55.073 250.884
-55.061 251.011
-55.053 251.169
-55.059 251.27
-55.076 251.388
-55.088 251.503
-55.09 251.644
-55.099 251.738
-55.141 251.837
-55.163 251.948
-55.184 252.024
-55.2 252.112
-55.232 252.139
-55.265 252.174
-55.295 252.219
-55.338 252.25
-55.384 252.285
-55.435 252.31
-55.5 252.312
-55.597 252.273
-55.681 252.301
-55.738 252.308
-55.797 252.35
-55.858 252.392
-55.917 252.433
-55.884 252.555
-55.832 252.581
-55.831 252.665
-55.812 252.736
-55.84 252.782
-55.822 252.91
-55.778 252.922
-55.784 252.993
-55.74 253.104
-55.72 253.169
-55.738 253.313
-55.715 253.469
-55.717 253.619
-55.682 253.799
-55.662 253.938
-55.66 254.155
-55.604 254.352
-55.573 254.52
-55.528 254.694
-55.506 254.807
-55.52 254.955
-55.533 255.101
-55.547 255.27
-55.546 255.444
-55.561 255.589
-55.574 255.757
-55.578 255.852
-55.581 255.932
-55.587 255.936
-55.641 255.996
-55.692 256.067
-55.742 256.163
-55.723 256.269
-55.705 256.354
-55.689 256.439
-55.626 256.515
-55.586 256.595
-55.542 256.662
-55.518 256.7
-55.535 256.751
-55.563 256.792
-55.613 256.837
-55.628 256.938
-55.662 257.012
-55.701 257.143
-55.733 257.25
-55.767 257.354
-55.743 257.449
-55.749 257.505
-55.76 257.578
-55.798 257.571
-55.849 257.549
-55.862 257.502
-55.894 257.429
-55.929 257.442
-55.975 257.456
-56.032 257.501
-56.087 257.519
-56.168 257.547
-56.218 257.614
-56.271 257.609
-56.385 257.662
-56.441 257.778
-56.499 257.819
-56.577 257.984
-56.562 258.151
-56.559 258.255
-56.549 258.392
-56.553 258.392
-56.606 258.468
-56.578 258.575
-56.592 258.662
-56.554 258.794
-56.486 258.935
-56.43 259.034
-56.364 259.077
-56.317 259.121
-56.281 259.196
-56.245 259.222
-56.212 259.246
-56.173 259.258
-56.158 259.295
-56.103 259.352
-56.058 259.365
-56.091 259.402
-56.082 259.485
-56.12 259.516
-56.123 259.605
-56.105 259.636
-56.155 259.702
-56.146 259.747
-56.169 259.781
-56.148 259.916
-56.114 259.957
-56.142 260.016
-56.128 259.97
-56.126 260.021
-56.042 260.079
-56.066 260.066
-56.082 260.19
-56.055 260.227
-56.047 260.341
-55.986 260.426
-55.95 260.432
-55.91 260.512
-55.879 260.523
-55.864 260.594
-55.826 260.596
-55.89 260.606
-55.899 260.738
-55.896 260.74
-55.902 260.823
-55.82 260.832
-55.791 260.827
-55.724 260.878
-55.694 260.85
-55.646 260.922
-55.594 260.894
-55.578 260.931
-55.551 260.95
-55.556 260.985
-55.552 261.041
-55.559 261.064
-55.573 261.127
-55.584 261.158
-55.623 261.189
-55.66 261.195
-55.737 261.219
-55.788 261.302
-55.819 261.35
-55.854 261.389
-55.874 261.411
-55.906 261.419
-55.915 261.421
-55.927 261.383
-55.936 261.342
-55.927 261.245
-55.92 261.168
-55.88 261.098
-55.851 261.078
-55.81 261.076
-55.768 261.061
-55.728 261.072
-55.704 261.116
-55.659 261.185
-55.612 261.235
-55.593 261.301
-55.592 261.406
-55.598 261.537
-55.572 261.647
-55.552 261.708
-55.533 261.797
-55.546 261.92
-55.522 262.079
-55.502 262.162
-55.511 262.283
-55.529 262.385
-55.603 262.486
-55.677 262.571
-55.686 262.67
-55.695 262.762
-55.718 262.848
-55.778 262.897
-55.869 262.929
-55.963 262.955
-56.045 263.0
-56.061 263.095
-56.004 263.212
-55.933 263.296
-55.89 263.422
-55.818 263.518
-55.776 263.574
-55.737 263.687
-55.708 263.759
-55.704 263.841
-55.7 263.908
-55.734 263.986
-55.759 264.099
-55.789 264.116
-55.814 264.173
-55.782 264.257
-55.764 264.329
-55.765 264.434
-55.786 264.528
-55.787 264.693
-55.754 264.841
-55.752 264.956
-55.737 265.075
-55.669 265.203
-55.598 265.302
-55.545 265.405
-55.516 265.558
-55.467 265.709
-55.43 265.855
-55.413 265.958
-55.383 266.044
-55.365 266.118
-55.404 266.206
-55.46 266.309
-55.488 266.475
-55.454 266.617
-55.45 266.82
-55.479 267.04
-55.537 267.246
-55.592 267.452
-55.638 267.646
-55.686 267.793
-55.748 267.896
-55.796 267.952
-55.775 268.077
-55.764 268.173
-55.749 268.325
-55.699 268.452
-55.705 268.542
-55.682 268.647
-55.67 268.678
-55.645 268.701
-55.613 268.673
-55.601 268.664
-55.553 268.674
-55.522 268.662
-55.476 268.715
-55.427 268.755
-55.391 268.857
-55.332 268.97
-55.286 269.004
-55.264 269.103
-55.225 269.183
-55.205 269.255
-55.182 269.335
-55.187 269.366
-55.217 269.432
-55.239 269.459
-55.286 269.498
-55.317 269.55
-55.364 269.614
-55.346 269.724
-55.311 269.764
-55.343 269.854
-55.361 269.996
-55.383 270.073
-55.408 270.206
-55.426 270.304
-55.44 270.441
-55.414 270.57
-55.449 270.642
-55.422 270.765
-55.398 270.771
-55.379 270.794
-55.364 270.79
-55.42 270.843
-55.472 270.938
-55.48 271.033
-55.484 271.136
-55.489 271.218
-55.533 271.285
-55.59 271.393
-55.597 271.515
-55.623 271.624
-55.626 271.761
-55.641 271.818
-55.648 271.919
-55.635 271.983
-55.662 272.031
-55.683 272.093
-55.711 272.114
-55.691 272.169
-55.644 272.189
-55.633 272.257
-55.603 272.324
-55.558 272.249
-55.498 272.253
-55.444 272.241
-55.416 272.278
-55.393 272.323
-55.398 272.349
-55.406 272.407
-55.428 272.419
-55.481 272.478
-55.506 272.533
-55.556 272.631
-55.557 272.808
-55.577 272.871
-55.659 273.027
-55.624 273.218
-55.643 273.333
-55.65 273.545
-55.64 273.623
-55.696 273.77
-55.683 273.9
-55.711 273.922
-55.683 274.074
-55.682 274.147
-55.702 274.356
-55.62 274.516
-55.608 274.632
-55.548 274.842
-55.498 274.908
-55.46 275.052
-55.406 275.124
-55.368 275.206
-55.32 275.267
-55.301 275.286
-55.282 275.325
-55.264 275.324
-55.27 275.352
-55.262 275.381
-55.288 275.415
-55.306 275.481
-55.356 275.524
-55.398 275.609
-55.447 275.672
-55.475 275.748
-55.486 275.78
-55.502 275.856
-55.503 275.897
-55.517 275.951
-55.516 276.027
-55.545 276.093
-55.565 276.207
-55.563 276.282
-55.572 276.409
-55.57 276.489
-55.592 276.575
-55.596 276.639
-55.581 276.624
-55.559 276.702
-55.544 276.793
-55.556 276.89
-55.582 277.066
-55.566 277.209
-55.536 277.307
-55.512 277.361
-55.51 277.418
-55.539 277.445
-55.552 277.531
-55.566 277.615
-55.592 277.705
-55.616 277.804
-55.609 277.879
-55.642 277.957
-55.657 277.998
-55.684 278.013
-55.662 278.031
-55.648 278.027
-55.645 278.051
-55.653 278.061
-55.687 278.044
-55.731 278.031
-55.794 278.004
-55.837 277.992
-55.855 278.087
-55.865 278.165
-55.894 278.25
-55.903 278.317
-55.937 278.341
-55.932 278.46
-55.913 278.52
-55.923 278.601
-55.891 278.71
-55.841 278.789
-55.786 278.914
-55.76 278.99
-55.738 279.114
-55.679 279.23
-55.68 279.329
-55.635 279.454
-55.615 279.501
-55.609 279.609
-55.592 279.677
-55.591 279.767
-55.562 279.864
-55.569 279.915
-55.559 280.006
-55.545 280.073
-55.566 280.169
-55.577 280.26
-55.603 280.304
-55.606 280.379
-55.614 280.4
-55.611 280.455
-55.569 280.466
-55.541 280.505
-55.484 280.573
-55.417 280.576
-55.368 280.675
-55.314 280.71
-55.292 280.711
-55.242 280.689
-55.221 280.653
-55.208 280.67
-55.194 280.679
-55.199 280.713
-55.2 280.769
-55.19 280.846
-55.2 280.938
-55.215 281.031
-55.23 281.144
-55.244 281.276
-55.271 281.392
-55.278 281.436
-55.291 281.432
-55.287 281.473
-55.268 281.523
-55.285 281.576
-55.286 281.661
-55.239 281.753
-55.221 281.829
-55.235 281.938
-55.309 282.056
-55.423 282.21
-55.433 282.409
-55.429 282.525
-55.483 282.686
-55.525 282.763
-55.565 282.899
-55.527 283.096
-55.493 283.228
-55.455 283.368
-55.44 283.427
-55.451 283.524
-55.465 283.637
-55.488 283.737
-55.506 283.897
-55.495 283.921
-55.505 284.036
-55.449 284.109
-55.464 284.16
-55.448 284.214
-55.472 284.169
-55.519 284.222
-55.528 284.311
-55.59 284.499
-55.581 284.72
-55.577 284.814
-55.537 284.995
-55.518 285.083
-55.528 285.254
-55.499 285.332
-55.545 285.366
-55.527 285.529
-55.555 285.603
-55.659 285.758
-55.743 285.857
-55.852 285.95
-55.959 286.062
-56.048 286.211
-56.08 286.392
-56.114 286.532
-56.123 286.712
-56.084 286.857
-56.157 286.958
-56.196 287.01
-56.25 287.038
-56.282 287.134
-56.302 287.156
-56.339 287.21
-56.35 287.271
-56.385 287.324
-56.426 287.401
-56.436 287.477
-56.451 287.539
-56.456 287.596
-56.466 287.601
-56.507 287.624
-56.551 287.658
-56.61 287.782
-56.595 287.883
-56.59 287.897
-56.556 287.928
-56.535 287.853
-56.555 287.8
-56.589 287.735
-56.662 287.782
-56.709 287.868
-56.709 287.954
-56.71 287.982
-56.71 287.996
-56.713 287.971
-56.732 287.953
-56.753 287.926
-56.774 287.93
-56.79 287.914
-56.807 287.865
-56.845 287.823
-56.887 287.822
-56.931 287.823
-56.947 287.851
-56.968 287.835
-57.003 287.824
-57.039 287.777
-57.106 287.716
-57.176 287.688
-57.229 287.709
-57.276 287.752
-57.299 287.774
-57.329 287.74
-57.348 287.752
-57.368 287.814
-57.401 287.952
-57.43 288.135
-57.424 288.341
-57.387 288.504
-57.315 288.622
-57.255 288.698
-57.2 288.772
-57.128 288.856
-57.049 288.857
-56.965 288.855
-56.884 288.844
-56.819 288.918
-56.756 288.981
-56.695 289.053
-56.646 289.101
-56.595 289.117
-56.557 289.101
-56.505 289.118
-56.46 289.119
-56.431 289.146
-56.393 289.132
-56.395 289.143
-56.365 289.153
-56.352 289.098
-56.313 289.064
-56.256 289.033
-56.208 289.117
-56.23 289.204
-56.293 289.236
-56.337 289.214
-56.358 289.145
-56.346 289.111
-56.331 289.108
-56.316 289.14
-56.327 289.206
-56.334 289.276
-56.382 289.282
-56.431 289.358
-56.495 289.427
-56.539 289.585
-56.53 289.749
-56.575 289.901
-56.644 290.073
-56.685 290.246
-56.698 290.376
-56.747 290.532
-56.792 290.779
-56.81 291.039
-56.877 291.205
-56.971 291.315
-57.042 291.404
-57.117 291.514
-57.111 291.782
-57.123 291.979
-57.145 292.264
-57.193 292.455
-57.257 292.647
-57.265 292.838
-57.296 292.962
-57.336 293.129
-57.367 293.287
-57.351 293.471
-57.306 293.618
-57.221 293.75
-57.149 293.869
-57.093 294.043
-57.026 294.21
-56.984 294.366
-56.97 294.499
-57.002 294.678
-57.0 294.931
-56.98 295.234
-56.927 295.463
-56.916 295.616
-56.989 295.695
-57.09 295.817
-57.171 295.921
-57.196 295.983
-57.267 295.997
-57.358 296.051
-57.449 296.073
-57.533 296.25
-57.567 296.471
-57.547 296.614
-57.521 296.746
-57.526 296.868
-57.532 297.041
-57.526 297.217
-57.51 297.375
-57.476 297.548
-57.389 297.63
-57.298 297.659
-57.198 297.611
-57.089 297.542
-56.995 297.523
-56.898 297.472
-56.837 297.423
-56.732 297.311
-56.661 297.239
-56.567 297.18
-56.497 297.161
-56.407 297.163
-56.318 297.144
-56.248 297.144
-56.19 297.138
-56.143 297.099
-56.112 297.095
-56.059 297.057
-56.02 297.077
-55.961 297.062
-55.883 297.116
-55.835 297.176
-55.723 297.225
-55.628 297.354
-55.467 297.438
-55.366 297.605
-55.274 297.797
-55.23 298.073
-55.156 298.369
-55.166 298.645
-55.162 298.854
-55.208 299.046
-55.232 299.232
-55.275 299.419
-55.291 299.623
-55.305 299.834
-55.344 300.078
-55.349 300.291
-55.351 300.536
-55.33 300.749
-55.289 300.993
-55.244 301.239
-55.239 301.466
-55.264 301.716
-55.304 302.026
-55.338 302.307
-55.373 302.519
-55.391 302.673
-55.399 302.794
-55.43 302.896
-55.503 303.012
-55.6 303.146
-55.704 303.349
-55.782 303.659
-55.704 304.0
-55.604 304.241
-55.491 304.49
-55.359 304.67
-55.249 304.795
-55.127 304.928
-54.979 305.034
-54.808 305.112
-54.633 305.175
-54.462 305.202
-54.322 305.168
-54.222 305.082
-54.148 304.995
-54.079 304.854
-54.026 304.72
-53.981 304.597
-53.946 304.506
-53.923 304.38
-53.902 304.265
-53.905 304.131
-53.918 304.049
-53.945 303.962
-53.987 303.911
-54.026 303.906
-54.062 303.945
-54.075 304.053
-54.074 304.139
-54.055 304.141
-54.026 304.117
-53.948 304.118
-53.874 304.129
-53.807 304.116
-53.741 304.057
-53.691 303.965
-53.606 303.881
-53.513 303.771
-53.451 303.705
-53.39 303.661
-53.358 303.597
-53.382 303.532
-53.366 303.536
-53.306 303.516
-53.256 303.474
-53.18 303.464
-53.11 303.426
-53.043 303.422
-52.96 303.434
-52.892 303.429
-52.836 303.424
-52.794 303.409
-52.787 303.396
-52.784 303.392
-52.795 303.394
-52.799 303.397
-52.786 303.356
-52.781 303.314
-52.754 303.24
-52.715 303.14
-52.658 303.026
-52.622 302.977
-52.53 302.997
-52.41 302.987
-52.315 303.017
-52.256 303.042
-52.177 303.096
-52.12 303.115
-52.074 303.108
-52.066 303.101
-52.044 303.104
-52.033 303.147
-52.01 303.161
-51.976 303.133
-51.932 303.101
-51.862 303.031
-51.78 303.011
-51.724 303.046
-51.649 303.102
-51.543 303.195
-51.515 303.284
-51.545 303.387
-51.569 303.507
-51.55 303.548
-51.566 303.589
-51.541 303.675
-51.51 303.739
-51.472 303.83
-51.413 303.974
-51.382 304.127
-51.344 304.24
-51.283 304.364
-51.201 304.39
-51.136 304.425
-51.075 304.493
-51.045 304.567
-51.031 304.694
-50.986 304.778
-50.947 304.847
-50.895 304.911
-50.845 304.98
-50.817 305.033
-50.788 305.083
-50.773 305.131
-50.753 305.179
-50.74 305.225
-50.72 305.28
-50.73 305.34
-50.717 305.419
-50.669 305.486
-50.604 305.492
-50.528 305.502
-50.444 305.487
-50.392 305.467
-50.338 305.473
-50.29 305.476
-50.256 305.48
-50.226 305.488
-50.17 305.516
-50.098 305.505
-50.051 305.493
-49.981 305.515
-49.859 305.504
-49.76 305.47
-49.686 305.443
-49.612 305.407
-49.541 305.366
-49.481 305.313
-49.435 305.241
-49.395 305.156
-49.352 305.081
-49.309 305.014
-49.268 304.917
-49.236 304.809
-49.205 304.719
-49.174 304.637
-49.15 304.528
-49.133 304.434
-49.094 304.362
-49.046 304.255
-48.998 304.129
-48.955 303.997
-48.907 303.864
-48.84 303.736
-48.769 303.567
-48.715 303.37
-48.668 303.195
-48.613 303.02
-48.528 302.893
-48.472 302.718
-48.444 302.578
-48.404 302.422
-48.348 302.271
-48.315 302.092
-48.264 301.927
-48.208 301.767
-48.14 301.644
-48.088 301.52
-48.056 301.418
-48.011 301.326
-47.966 301.233
-47.919 301.16
-47.895 301.09
-47.871 301.059
-47.835 301.031
-47.799 301.04
-47.779 301.031
-47.765 301.045
-47.743 301.061
-47.692 301.073
-47.659 301.047
-47.609 301.05
-47.537 301.073
-47.467 301.089
-47.417 301.084
-47.352 301.108
-47.273 301.119
-47.19 301.147
-47.126 301.161
-47.079 301.186
-47.034 301.258
-46.969 301.288
-46.933 301.304
-46.911 301.33
-46.909 301.319
-46.929 301.358
-46.895 301.442
-46.887 301.462
-46.909 301.511
-46.882 301.578
-46.861 301.587
-46.85 301.622
-46.837 301.634
-46.85 301.648
-46.855 301.7
-46.811 301.725
-46.779 301.757
-46.707 301.783
-46.691 301.771
-46.696 301.808
-46.683 301.809
-46.69 301.813
-46.652 301.831
-46.601 301.803
-46.601 301.815
-46.608 301.861
-46.633 301.891
-46.65 301.969
-46.602 302.001
-46.617 302.02
-46.591 302.041
-46.577 302.018
-46.569 302.019
-46.568 301.991
-46.583 301.944
-46.603 301.957
-46.65 301.979
-46.74 302.051
-46.813 302.132
-46.904 302.225
-46.989 302.324
-47.046 302.423
-47.08 302.474
-47.059 302.497
-47.063 302.514
-47.073 302.555
-47.098 302.587
-47.14 302.667
-47.17 302.787
-47.213 302.884
-47.24 303.032
-47.221 303.168
-47.202 303.284
-47.191 303.461
-47.187 303.601
-47.196 303.74
-47.182 303.866
-47.17 303.984
-47.141 304.121
-47.088 304.279
-47.02 304.442
-46.905 304.576
-46.796 304.673
-46.717 304.785
-46.611 304.913
-46.557 304.996
-46.526 305.147
-46.5 305.236
-46.494 305.338
-46.482 305.455
-46.463 305.492
-46.473 305.511
-46.472 305.61
-46.449 305.708
-46.451 305.818
-46.424 305.884
-46.4 305.861
-46.403 305.866
-46.383 305.94
-46.414 306.045
-46.452 306.129
-46.447 306.212
-46.487 306.366
-46.562 306.501
-46.672 306.589
-46.823 306.678
-46.97 306.75
-47.103 306.77
-47.206 306.786
-47.274 306.78
-47.328 306.766
-47.353 306.712
-47.395 306.578
-47.466 306.494
-47.525 306.411
-47.615 306.369
-47.672 306.367
-47.717 306.309
-47.755 306.252
-47.74 306.195
-47.707 306.052
-47.691 305.92
-47.644 305.795
-47.593 305.662
-47.541 305.519
-47.499 305.353
-47.473 305.187
-47.434 305.03
-47.426 304.847
-47.414 304.704
-47.384 304.561
-47.374 304.447
-47.382 304.38
-47.389 304.345
-47.431 304.336
-47.464 304.386
-47.44 304.376
-47.461 304.337
-47.47 304.315
-47.521 304.282
-47.596 304.294
-47.641 304.335
-47.642 304.337
-47.671 304.32
-47.677 304.298
-47.707 304.239
-47.732 304.23
-47.75 304.201
-47.797 304.204
-47.83 304.252
-47.884 304.323
-47.951 304.424
-47.981 304.589
-47.983 304.776
-47.996 304.884
-47.996 305.008
-47.999 305.168
-48.005 305.334
-48.025 305.485
-48.045 305.63
-48.023 305.758
-48.0 305.846
-47.982 305.965
-47.949 306.086
-47.922 306.247
-47.895 306.437
-47.874 306.623
-47.865 306.865
-47.887 307.187
-47.907 307.492
-47.942 307.767
-47.982 307.997
-48.057 308.167
-48.158 308.28
-48.301 308.297
-48.395 308.197
-48.455 308.097
-48.494 307.944
-48.483 307.709
-48.453 307.446
-48.442 307.217
-48.463 307.02
-48.512 306.88
-48.549 306.82
-48.555 306.777
-48.552 306.753
-48.539 306.753
-48.513 306.752
-48.488 306.808
-48.428 306.858
-48.377 306.886
-48.338 306.917
-48.291 306.948
-48.259 307.008
-48.175 307.05
-48.118 307.052
-48.078 307.101
-48.047 307.119
-48.058 307.167
-48.062 307.238
-48.075 307.292
-48.085 307.372
-48.025 307.459
-48.009 307.521
-48.002 307.668
-47.997 307.77
-48.031 307.877
-48.026 307.962
-48.059 308.002
-48.103 308.076
-48.146 308.134
-48.224 308.193
-48.297 308.225
-48.377 308.228
-48.454 308.25
-48.516 308.253
-48.566 308.191
-48.625 308.134
-48.644 308.04
-48.678 307.944
-48.707 307.868
-48.745 307.758
-48.766 307.652
-48.745 307.496
-48.742 307.349
-48.726 307.249
-48.696 307.128
-48.691 307.022
-48.682 306.944
-48.663 306.841
-48.657 306.754
-48.651 306.673
-48.656 306.592
-48.659 306.553
-48.657 306.514
-48.641 306.44
-48.628 306.382
-48.64 306.311
-48.654 306.274
-48.673 306.176
-48.702 306.16
-48.661 306.12
-48.636 306.053
-48.626 305.991
-48.576 305.945
-48.575 305.841
-48.561 305.821
-48.494 305.727
-48.45 305.617
-48.405 305.571
-48.355 305.495
-48.367 305.48
-48.332 305.478
-48.262 305.432
-48.235 305.394
-48.206 305.383
-48.165 305.333
-48.152 305.295
-48.118 305.237
-48.108 305.158
-48.13 305.116
-48.125 305.115
-48.103 305.053
-48.081 305.019
-47.99 304.986
-47.882 304.955
-47.753 304.988
-47.625 305.0
-47.533 305.021
-47.437 305.08
-47.343 305.116
-47.3 305.22
-47.236 305.355
-47.217 305.505
-47.206 305.638
-47.25 305.784
-47.242 305.917
-47.233 305.916
-47.282 305.975
-47.287 306.053
-47.344 306.092
-47.39 306.203
-47.43 306.25
-47.524 306.338
-47.592 306.436
-47.706 306.49
-47.834 306.61
-47.96 306.704
-48.105 306.781
-48.239 306.944
-48.334 307.083
-48.447 307.287
-48.535 307.522
-48.638 307.742
-48.718 307.9
-48.791 308.016
-48.781 308.11
-48.77 308.2
-48.755 308.319
-48.758 308.422
-48.768 308.56
-48.752 308.734
-48.752 308.914
-48.722 309.148
-48.689 309.342
-48.655 309.504
-48.629 309.653
-48.588 309.857
-48.55 310.046
-48.515 310.252
-48.508 310.42
-48.525 310.564
-48.556 310.703
-48.605 310.841
-48.633 310.982
-48.675 311.072
-48.758 311.153
-48.838 311.209
-48.923 311.227
-49.005 311.238
-49.128 311.213
-49.244 311.2
-49.366 311.155
-49.486 311.111
-49.598 311.093
-49.706 311.118
-49.799 311.148
-49.908 311.234
-50.0 311.423
-49.98 311.679
-49.947 311.84
-49.949 312.027
-49.871 312.23
-49.805 312.361
-49.748 312.609
-49.6 312.901
-49.504 313.154
-49.41 313.543
-49.287 313.811
-49.218 314.079
-49.093 314.344
-48.966 314.49
-48.857 314.671
-48.691 314.837
-48.526 314.884
-48.418 314.905
-48.274 314.957
-48.126 315.0
-47.994 315.085
-47.875 315.156
-47.795 315.26
-47.701 315.378
-47.641 315.519
-47.591 315.674
-47.563 315.803
-47.561 315.984
-47.567 316.195
-47.652 316.403
-47.744 316.589
-47.829 316.699
-47.936 316.769
-48.036 316.859
-48.107 316.91
-48.191 316.972
-48.263 317.034
-48.353 317.086
-48.454 317.188
-48.539 317.335
-48.601 317.498
-48.62 317.671
-48.597 317.765
-48.632 317.842
-48.651 318.012
-48.634 318.118
-48.65 318.225
-48.649 318.364
-48.643 318.465
-48.647 318.566
-48.659 318.679
-48.657 318.9
-48.564 319.072
-48.511 319.141
-48.497 319.22
-48.481 319.287
-48.533 319.32
-48.617 319.412
-48.632 319.533
-48.573 319.514
-48.565 319.561
-48.531 319.65
-48.517 319.713
-48.502 319.8
-48.507 319.888
-48.556 319.966
-48.61 320.081
-48.668 320.199
-48.724 320.335
-48.792 320.508
-48.832 320.705
-48.845 320.899
-48.849 321.112
-48.804 321.377
-48.743 321.653
-48.678 322.081
-48.702 322.55
-48.842 323.042
-48.94 323.49
-48.853 323.895
-48.586 324.122
-48.345 324.239
-48.118 324.415
-47.897 324.565
-47.75 324.714
-47.623 324.958
-47.5 325.196
-47.404 325.442
-47.322 325.65
-47.258 325.886
-47.202 326.132
-47.154 326.45
-47.082 326.816
-47.0 327.162
-46.936 327.495
-46.835 327.696
-46.76 327.764
-46.685 327.858
-46.593 327.866
-46.569 327.829
-46.518 327.826
-46.466 327.785
-46.445 327.758
-46.455 327.796
-46.441 327.843
-46.442 327.846
-46.444 327.903
-46.425 327.932
-46.375 327.945
-46.354 327.94
-46.317 327.964
-46.259 328.043
-46.112 328.121
-45.963 328.158
-45.892 328.245
-45.818 328.31
-45.792 328.369
-45.743 328.442
-45.619 328.466
-45.516 328.5
-45.422 328.555
-45.291 328.649
-45.128 328.716
-44.946 328.809
-44.79 328.902
-44.624 329.007
-44.494 329.128
-44.387 329.254
-44.334 329.371
-44.301 329.495
-44.309 329.612
-44.342 329.698
-44.395 329.758
-44.442 329.852
-44.423 329.909
-44.461 329.963
-44.47 330.021
-44.476 330.06
-44.496 330.098
-44.523 330.167
-44.532 330.197
-44.603 330.254
-44.64 330.296
-44.718 330.344
-44.741 330.336
-44.8 330.292
-44.808 330.277
-44.875 330.205
-44.934 330.193
-44.975 330.11
-45.026 330.032
-45.072 329.903
-45.115 329.805
-45.178 329.714
-45.279 329.636
-45.351 329.591
-45.405 329.497
-45.507 329.483
-45.547 329.535
-45.54 329.489
-45.603 329.446
-45.613 329.461
-45.648 329.39
-45.76 329.384
-45.828 329.428
-45.933 329.404
-46.1 329.572
-46.11 329.788
-46.091 329.855
-46.121 329.985
-46.114 330.088
-46.119 330.119
-46.158 330.242
-46.21 330.378
-46.217 330.512
-46.268 330.651
-46.296 330.801
-46.313 330.921
-46.297 331.104
-46.137 331.247
-46.078 331.236
-46.047 331.388
-45.909 331.426
-45.899 331.435
-45.882 331.574
-45.861 331.578
-45.927 331.598
-45.915 331.726
-45.916 331.751
-45.944 331.931
-45.869 332.111
-45.859 332.236
-45.852 332.419
-45.811 332.568
-45.815 332.703
-45.818 332.871
-45.815 332.94
-45.854 332.999
-45.855 333.091
-45.85 333.118
-45.868 333.157
-45.848 333.208
-45.807 333.211
-45.793 333.195
-45.763 333.22
-45.712 333.229
-45.697 333.235
-45.669 333.32
-45.591 333.358
-45.612 333.407
-45.592 333.606
-45.48 333.68
-45.436 333.684
-45.38 333.732
-45.29 333.706
-45.269 333.663
-45.247 333.722
-45.182 333.761
-45.17 333.785
-45.138 333.846
-45.07 333.841
-45.086 333.822
-45.045 333.896
-44.966 333.876
-44.942 333.874
-44.853 333.933
-44.761 333.91
-44.702 333.967
-44.591 334.051
-44.51 334.092
-44.467 334.248
-44.385 334.443
-44.341 334.571
-44.347 334.717
-44.385 334.844
-44.485 334.974
-44.485 335.106
-44.483 335.117
-44.557 335.169
-44.61 335.224
-44.718 335.189
-44.848 335.223
-44.892 335.335
-44.888 335.37
-44.931 335.395
-44.939 335.438
-44.976 335.39
-45.05 335.427
-45.105 335.484
-45.105 335.561
-45.117 335.59
-45.111 335.663
-45.098 335.706
-45.14 335.778
-45.168 335.866
-45.213 335.93