-46.414 326.26
-46.4 326.129
-46.416 326.053
-46.399 325.982
-46.395 325.858
-46.403 325.766
-46.395 325.665
-46.405 325.56
-46.412 325.486
-46.398 325.374
-46.428 325.283
-46.423 325.233
-46.404 325.129
-46.393 325.031
-46.372 324.932
-46.356 324.837
-46.364 324.764
-46.327 324.737
-46.264 324.622
-46.249 324.527
-46.188 324.49
-46.115 324.376
-46.072 324.314
-45.985 324.273
-45.897 324.166
-45.832 324.073
-45.741 324.004
-45.654 323.912
-45.568 323.852
-45.473 323.791
-45.363 323.742
-45.248 323.673
-45.15 323.63
-45.031 323.613
-44.921 323.605
-44.789 323.63
-44.659 323.625
-44.559 323.634
-44.465 323.686
-44.372 323.715
-44.301 323.739
-44.236 323.741
-44.18 323.79
-44.138 323.866
-44.078 323.944
-44.025 323.955
-43.998 324.028
-43.915 324.118
-43.886 324.128
-43.894 324.24
-43.838 324.349
-43.803 324.443
-43.747 324.581
-43.672 324.643
-43.651 324.697
-43.629 324.8
-43.597 324.853
-43.625 324.924
-43.605 325.083
-43.561 325.189
-43.537 325.276
-43.51 325.355
-43.5 325.414
-43.499 325.5
-43.498 325.594
-43.501 325.671
-43.516 325.79
-43.471 325.903
-43.418 325.941
-43.414 326.005
-43.363 326.084
-43.33 326.095
-43.349 326.161
-43.287 326.236
-43.262 326.209
-43.271 326.297
-43.184 326.361
-43.146 326.324
-43.122 326.35
-43.049 326.364
-43.01 326.33
-42.973 326.357
-42.908 326.348
-42.876 326.34
-42.834 326.345
-42.803 326.34
-42.782 326.355
-42.741 326.366
-42.738 326.357
-42.726 326.4
-42.705 326.414
-42.697 326.445
-42.676 326.461
-42.671 326.454
-42.686 326.478
-42.667 326.53
-42.645 326.514
-42.653 326.531
-42.637 326.556
-42.642 326.566
-42.644 326.593
-42.641 326.602
-42.66 326.63
-42.655 326.669
-42.662 326.685
-42.672 326.692
-42.687 326.723
-42.676 326.741
-42.677 326.762
-42.653 326.803
-42.65 326.822
-42.661 326.86
-42.664 326.897
-42.675 326.92
-42.701 326.943
-42.747 326.997
-42.795 327.055
-42.876 327.091
-42.945 327.179
-42.993 327.239
-43.069 327.309
-43.122 327.401
-43.198 327.495
-43.257 327.585
-43.365 327.702
-43.417 327.834
-43.516 327.928
-43.586 328.087
-43.648 328.206
-43.734 328.331
-43.775 328.46
-43.822 328.572
-43.826 328.695
-43.824 328.741
-43.861 328.848
-43.835 328.965
-43.83 329.044
-43.819 329.172
-43.775 329.297
-43.714 329.404
-43.649 329.458
-43.61 329.583
-43.508 329.679
-43.441 329.761
-43.366 329.864
-43.271 329.98
-43.142 330.01
-43.097 330.042
-43.016 330.133
-42.923 330.155
-42.882 330.182
-42.81 330.234
-42.747 330.226
-42.699 330.213
-42.652 330.217
-42.617 330.176
-42.59 330.195
-42.541 330.161
-42.52 330.148
-42.451 330.137
-42.401 330.084
-42.351 330.092
-42.278 330.048
-42.257 329.976
-42.224 329.981
-42.164 329.911
-42.165 329.853
-42.138 329.867
-42.098 329.811
-42.107 329.79
-42.082 329.798
-42.061 329.769
-42.072 329.772
-42.049 329.81
-42.029 329.805
-42.033 329.822
-42.005 329.855
-41.988 329.841
-41.997 329.856
-41.98 329.882
-41.975 329.881
-41.996 329.921
-41.99 329.991
-41.989 330.036
-41.99 330.059
-41.978 330.081
-41.967 330.082
-41.963 330.09
-41.964 330.098
-41.957 330.125
-41.955 330.151
-41.949 330.165
-41.95 330.206
-41.93 330.238
-41.926 330.256
-41.928 330.298
-41.909 330.338
-41.899 330.381
-41.883 330.438
-41.865 330.482
-41.875 330.541
-41.87 330.637
-41.866 330.682
-41.892 330.749
-41.912 330.806
-41.909 330.911
-41.896 330.929
-41.915 330.971
-41.905 331.021
-41.931 331.059
-41.934 331.149
-41.934 331.216
-41.939 331.283
-41.958 331.372
-41.958 331.431
-41.99 331.498
-42.004 331.584
-42.012 331.624
-42.032 331.676
-42.037 331.727
-42.039 331.74
-42.063 331.784
-42.071 331.815
-42.097 331.855
-42.11 331.892
-42.133 331.936
-42.146 331.971
-42.182 332.004
-42.21 332.049
-42.256 332.103
-42.262 332.18
-42.27 332.201
-42.282 332.231
-42.3 332.258
-42.296 332.293
-42.319 332.304
-42.336 332.345
-42.347 332.381
-42.368 332.441
-42.377 332.505
-42.355 332.529
-42.366 332.515
-42.385 332.572
-42.351 332.598
-42.367 332.57
-42.389 332.608
-42.374 332.618
-42.396 332.633
-42.369 332.746
-42.263 332.752
-42.249 332.718
-42.215 332.752
-42.181 332.731
-42.188 332.725
-42.185 332.771
-42.156 332.761
-42.183 332.779
-42.166 332.839
-42.153 332.845
-42.167 332.88
-42.154 332.941
-42.129 332.963
-42.136 332.959
-42.137 333.0
-42.119 333.009
-42.141 333.007
-42.169 333.037
-42.193 333.033
-42.232 333.1
-42.203 333.179
-42.205 333.213
-42.204 333.3
-42.105 333.346
-42.075 333.222
-42.151 333.278
-42.08 333.355
-42.074 333.25
-42.156 333.312
-42.104 333.395
-42.119 333.298
-42.213 333.382
-42.168 333.478
-42.211 333.419
-42.258 333.551
-42.153 333.585
-42.158 333.503
-42.188 333.609
-42.101 333.63
-42.098 333.562
-42.115 333.641
-42.038 333.657
-42.062 333.566
-42.105 333.679
-42.008 333.699
-42.044 333.626
-42.059 333.741
-41.963 333.751
-41.955 333.713
-41.914 333.811
-41.816 333.769
-41.843 333.723
-41.825 333.813
-41.752 333.782
-41.779 333.754
-41.754 333.841
-41.693 333.81
-41.734 333.801
-41.708 333.881
-41.66 333.864
-41.703 333.864
-41.717 333.997
-41.638 334.015
-41.653 333.985
-41.651 334.055
-41.57 334.071
-41.557 334.014
-41.571 334.088
-41.49 334.105
-41.504 334.059
-41.495 334.134
-41.43 334.095
-41.462 334.045
-41.465 334.084
-41.438 334.059
-41.46 334.005
-41.481 334.06
-41.434 334.023
-41.477 333.977
-41.494 334.023
-41.46 334.011
-41.498 333.975
-41.508 334.018
-41.454 333.988
-41.475 333.939
-41.472 333.976
-41.429 333.918
-41.451 333.875
-41.444 333.904
-41.406 333.871
-41.434 333.838
-41.407 333.882
-41.383 333.825
-41.425 333.817
-41.413 333.84
-41.409 333.802
-41.452 333.803
-41.438 333.833
-41.449 333.799
-41.493 333.822
-41.47 333.889
-41.446 333.856
-41.459 333.845
-41.437 333.859
-41.434 333.813
-41.451 333.82
-41.435 333.851
-41.439 333.822
-41.472 333.852
-41.459 333.902
-41.469 333.897
-41.483 333.943
-41.47 333.956
-41.479 333.957
-41.472 333.976
-41.464 333.978
-41.461 333.985
-41.478 333.998
-41.465 334.015
-41.47 334.004
-41.481 334.023
-41.479 334.028
-41.486 334.036
-41.497 334.046
-41.503 334.054
-41.514 334.049
-41.526 334.051
-41.552 334.062
-41.568 334.058
-41.591 334.043
-41.609 334.038
-41.62 334.036
-41.627 334.031
-41.641 334.029
-41.647 334.011
-41.655 334.006
-41.642 333.977
-41.664 333.945
-41.671 333.952
-41.661 333.955
-41.662 333.94
-41.657 333.974
-41.624 333.937
-41.628 333.914
-41.614 333.934
-41.598 333.94
-41.598 333.935
-41.572 333.937
-41.563 333.949
-41.577 333.951
-41.565 333.979
-41.563 333.96
-41.573 333.968
-41.581 333.992
-41.579 334.011
-41.596 334.046
-41.588 334.089
-41.587 334.114
-41.595 334.134
-41.593 334.169
-41.617 334.212
-41.649 334.237
-41.669 334.245
-41.695 334.234
-41.702 334.216
-41.716 334.224
-41.746 334.208
-41.789 334.271
-41.795 334.331
-41.829 334.352
-41.843 334.397
-41.842 334.443
-41.839 334.452
-41.861 334.497
-41.855 334.546
-41.871 334.579
-41.884 334.68
-41.873 334.758
-41.876 334.777
-41.889 334.806
-41.874 334.853
-41.873 334.861
-41.871 334.921
-41.829 334.956
-41.824 334.957
-41.853 335.009
-41.834 335.091
-41.841 335.108
-41.852 335.199
-41.831 335.267
-41.832 335.311
-41.87 335.371
-41.851 335.462
-41.85 335.477
-41.877 335.535
-41.868 335.59
-41.871 335.59
-41.899 335.64
-41.883 335.683
-41.902 335.698
-41.925 335.768
-41.919 335.813
-41.943 335.852
-41.965 335.891
-41.989 335.95
-41.988 336.033
-41.962 336.095
-41.963 336.143
-41.952 336.232
-41.88 336.29
-41.816 336.287
-41.806 336.308
-41.778 336.372
-41.747 336.411
-41.739 336.48
-41.697 336.543
-41.663 336.604
-41.629 336.676
-41.575 336.687
-41.572 336.727
-41.518 336.797
-41.516 336.859
-41.492 336.913
-41.477 336.986
-41.453 337.046
-41.428 337.116
-41.418 337.207
-41.378 337.248
-41.386 337.268
-41.375 337.329
-41.342 337.379
-41.301 337.404
-41.279 337.468
-41.255 337.531
-41.261 337.576
-41.28 337.613
-41.311 337.651
-41.318 337.684
-41.318 337.672
-41.325 337.62
-41.3 337.566
-41.27 337.534
-41.241 337.55
-41.193 337.565
-41.158 337.577
-41.15 337.616
-41.104 337.632
-41.08 337.637
-41.062 337.668
-41.041 337.72
-41.026 337.751
-41.037 337.808
-41.011 337.856
-41.012 337.882
-41.003 337.936
-41.004 337.948
-41.001 337.942
-40.996 337.946
-40.981 337.988
-40.988 337.996
-40.962 338.037
-40.937 338.064
-40.906 338.081
-40.893 338.078
-40.877 338.079
-40.863 338.089
-40.855 338.113
-40.843 338.123
-40.832 338.144
-40.796 338.141
-40.773 338.141
-40.751 338.143
-40.728 338.164
-40.703 338.188
-40.7 338.207
-40.679 338.204
-40.713 338.244
-40.717 338.258
-40.728 338.241
-40.736 338.222
-40.75 338.199
-40.76 338.194
-40.777 338.225
-40.759 338.234
-40.783 338.223
-40.79 338.26
-40.767 338.27
-40.737 338.237
-40.748 338.178
-40.739 338.192
-40.709 338.172
-40.701 338.166
-40.667 338.169
-40.622 338.172
-40.619 338.163
-40.603 338.193
-40.578 338.196
-40.584 338.197
-40.581 338.254
-40.561 338.269
-40.582 338.277
-40.595 338.314
-40.617 338.351
-40.64 338.39
-40.653 338.388
-40.658 338.386
-40.654 338.387
-40.674 338.401
-40.667 338.416
-40.656 338.403
-40.658 338.402
-40.659 338.404
-40.654 338.439
-40.662 338.439
-40.671 338.453
-40.665 338.464
-40.671 338.486
-40.664 338.476
-40.672 338.479
-40.653 338.488
-40.636 338.473
-40.627 338.449
-40.633 338.454
-40.621 338.432
-40.633 338.44
-40.624 338.453
-40.622 338.444
-40.619 338.45
-40.623 338.466
-40.612 338.48
-40.62 338.489
-40.624 338.523
-40.623 338.554
-40.639 338.581
-40.66 338.629
-40.662 338.672
-40.685 338.713
-40.682 338.743
-40.691 338.73
-40.725 338.768
-40.732 338.797
-40.745 338.813
-40.779 338.851
-40.772 338.927
-40.744 338.934
-40.783 338.973
-40.78 339.03
-40.783 339.053
-40.824 339.068
-40.846 339.18
-40.806 339.231
-40.83 339.263
-40.826 339.314
-40.811 339.358
-40.838 339.395
-40.829 339.508
-40.763 339.539
-40.792 339.518
-40.808 339.613
-40.764 339.657
-40.778 339.652
-40.814 339.718
-40.785 339.768
-40.794 339.774
-40.807 339.839
-40.801 339.882
-40.821 339.882
-40.863 339.915
-40.849 339.951
-40.876 339.919
-40.911 339.946
-40.885 339.925
-40.888 339.87
-40.907 339.896
-40.872 339.919
-40.881 339.883
-40.894 339.923
-40.864 339.969
-40.883 339.963
-40.92 340.021
-40.899 340.073
-40.913 340.061
-40.956 340.087
-40.966 340.113
-41.003 340.116
-41.024 340.186
-41.006 340.224
-40.999 340.186
-41.006 340.234
-40.959 340.269
-40.958 340.252
-40.978 340.281
-40.963 340.314
-40.943 340.283
-40.98 340.315
-40.947 340.354
-40.944 340.334
-40.964 340.359
-40.946 340.398
-40.931 340.389
-40.96 340.396
-40.952 340.437
-40.936 340.42
-40.947 340.425
-40.94 340.456
-40.93 340.449
-40.953 340.452
-40.941 340.486
-40.922 340.437
-40.955 340.464
-40.946 340.489
-40.923 340.483
-40.908 340.466
-40.906 340.513
-40.87 340.517
-40.846 340.51
-40.817 340.52
-40.797 340.536
-40.783 340.526
-40.783 340.538
-40.761 340.559
-40.752 340.551
-40.766 340.579
-40.741 340.594
-40.747 340.629
-40.739 340.647
-40.754 340.67
-40.764 340.725
-40.793 340.792
-40.783 340.829
-40.814 340.861
-40.848 340.923
-40.855 340.976
-40.879 341.011
-40.909 341.106
-40.915 341.183
-40.898 341.215
-40.899 341.254
-40.866 341.335
-40.841 341.348
-40.866 341.386
-40.872 341.428
-40.892 341.445
-40.922 341.518
-40.942 341.588
-40.928 341.628
-40.912 341.619
-40.909 341.652
-40.891 341.66
-40.897 341.653
-40.901 341.658
-40.875 341.655
-40.872 341.637
-40.886 341.666
-40.877 341.681
-40.899 341.694
-40.9 341.737
-40.868 341.765
-40.879 341.741
-40.894 341.78
-40.88 341.775
-40.912 341.765
-40.946 341.804
-40.934 341.818
-40.947 341.794
-40.972 341.834
-40.961 341.849
-40.978 341.861
-40.996 341.88
-40.976 341.915
-40.966 341.901
-40.952 341.943
-40.9 341.94
-40.894 341.909
-40.889 341.91
-40.865 341.935
-40.859 341.906
-40.91 341.931
-40.927 341.948
-40.977 341.926
-40.987 341.982
-40.965 341.992
-40.943 341.979
-40.921 342.003
-40.899 342.016
-40.913 342.003
-40.952 342.031
-40.987 342.061
-41.024 342.091
-41.016 342.133
-41.013 342.161
-40.987 342.227
-40.942 342.251
-40.909 342.258
-40.866 342.3
-40.814 342.292
-40.803 342.293
-40.774 342.307
-40.742 342.296
-40.729 342.278
-40.708 342.289
-40.673 342.266
-40.668 342.257
-40.648 342.261
-40.636 342.262
-40.642 342.262
-40.666 342.303
-40.676 342.343
-40.69 342.382
-40.673 342.422
-40.633 342.478
-40.592 342.543
-40.533 342.54
-40.498 342.547
-40.465 342.564
-40.428 342.575
-40.421 342.568
-40.411 342.628
-40.373 342.646
-40.386 342.692
-40.369 342.738
-40.364 342.765
-40.349 342.785
-40.332 342.824
-40.331 342.832
-40.347 342.87
-40.337 342.91
-40.361 342.956
-40.35 342.981
-40.367 343.007
-40.367 343.046
-40.366 343.133
-40.32 343.151
-40.319 343.163
-40.285 343.156
-40.281 343.159
-40.25 343.149
-40.259 343.167
-40.227 343.167
-40.229 343.173
-40.202 343.174
-40.202 343.166
-40.201 343.172
-40.221 343.164
-40.231 343.179
-40.268 343.171
-40.302 343.202
-40.304 343.238
-40.281 343.227
-40.314 343.226
-40.308 343.275
-40.306 343.264
-40.333 343.286
-40.299 343.339
-40.27 343.339
-40.288 343.349
-40.275 343.401
-40.249 343.381
-40.266 343.4
-40.241 343.432
-40.22 343.424
-40.229 343.425
-40.245 343.46
-40.268 343.458
-40.327 343.465
-40.359 343.503
-40.379 343.516
-40.413 343.487
-40.444 343.486
-40.468 343.446
-40.518 343.434
-40.52 343.447
-40.536 343.404
-40.557 343.403
-40.57 343.383
-40.597 343.372
-40.618 343.334
-40.64 343.31
-40.636 343.259
-40.659 343.221
-40.68 343.19
-40.694 343.174
-40.713 343.144
-40.737 343.141
-40.743 343.126
-40.769 343.096
-40.783 343.1
-40.79 343.072
-40.82 343.065
-40.838 343.054
-40.869 343.055
-40.919 343.071
-40.961 343.1
-41.002 343.159
-41.049 343.21
-41.071 343.232
-41.087 343.213
-41.134 343.192
-41.135 343.164
-41.166 343.121
-41.177 343.138
-41.192 343.132
-41.208 343.159
-41.236 343.188
-41.25 343.241
-41.272 343.259
-41.305 343.301
-41.317 343.336
-41.338 343.37
-41.357 343.408
-41.354 343.445
-41.361 343.438
-41.386 343.461
-41.39 343.483
-41.402 343.484
-41.437 343.49
-41.451 343.531
-41.477 343.519
-41.524 343.574
-41.54 343.609
-41.578 343.64
-41.616 343.697
-41.652 343.741
-41.722 343.792
-41.765 343.928
-41.774 344.081
-41.775 344.242
-41.769 344.354
-41.757 344.432
-41.743 344.516
-41.726 344.581
-41.712 344.668
-41.696 344.728
-41.688 344.809
-41.669 344.877
-41.646 344.919
-41.64 344.967
-41.616 345.03
-41.591 345.07
-41.577 345.112
-41.56 345.153
-41.541 345.183
-41.536 345.218
-41.509 345.281
-41.463 345.276
-41.466 345.274
-41.448 345.283
-41.436 345.281
-41.432 345.274
-41.434 345.281
-41.415 345.266
-41.417 345.24
-41.392 345.232
-41.371 345.196
-41.349 345.176
-41.339 345.162
-41.31 345.168
-41.295 345.147
-41.283 345.161
-41.266 345.16
-41.252 345.16
-41.258 345.165
-41.244 345.202
-41.232 345.202
-41.227 345.223
-41.229 345.256
-41.209 345.283
-41.209 345.298
-41.182 345.331
-41.166 345.321
-41.145 345.33
-41.12 345.319
-41.11 345.296
-41.11 345.315
-41.081 345.35
-41.077 345.348
-41.092 345.375
-41.073 345.424
-41.023 345.401
-41.023 345.381
-40.995 345.392
-40.97 345.359
-40.977 345.332
-40.969 345.347
-40.933 345.329
-40.91 345.307
-40.873 345.306
-40.823 345.263
-40.792 345.208
-40.761 345.175
-40.72 345.129
-40.701 345.098
-40.681 345.084
-40.657 345.07
-40.621 345.038
-40.592 345.018
-40.553 345.004
-40.523 344.986
-40.486 344.947
-40.458 344.895
-40.424 344.857
-40.398 344.823
-40.359 344.787
-40.308 344.752
-40.289 344.728
-40.28 344.708
-40.268 344.686
-40.238 344.701
-40.167 344.683
-40.112 344.686
-40.074 344.702
-40.021 344.74
-40.016 344.754
-40.023 344.747
-40.026 344.712
-40.021 344.669
-40.035 344.667
-40.042 344.648
-40.029 344.634
-39.974 344.592
-39.96 344.555
-39.945 344.556
-39.901 344.553
-39.894 344.524
-39.868 344.539
-39.799 344.506
-39.748 344.483
-39.705 344.493
-39.658 344.526
-39.652 344.531
-39.639 344.558
-39.634 344.598
-39.624 344.604
-39.635 344.624
-39.64 344.619
-39.658 344.599
-39.667 344.575
-39.675 344.59
-39.667 344.642
-39.641 344.679
-39.633 344.681
-39.632 344.725
-39.601 344.744
-39.597 344.754
-39.579 344.761
-39.556 344.75
-39.544 344.728
-39.541 344.745
-39.523 344.757
-39.527 344.772
-39.521 344.806
-39.513 344.833
-39.512 344.841
-39.509 344.855
-39.504 344.867
-39.511 344.904
-39.502 344.924
-39.507 344.944
-39.516 344.971
-39.535 344.989
-39.55 345.012
-39.57 345.024
-39.584 345.088
-39.566 345.177
-39.526 345.241
-39.537 345.3
-39.54 345.394
-39.571 345.435
-39.6 345.501
-39.633 345.577
-39.619 345.664
-39.612 345.719
-39.594 345.79
-39.571 345.89
-39.516 345.942
-39.514 345.973
-39.516 346.056
-39.482 346.143
-39.44 346.202
-39.394 346.262
-39.35 346.302
-39.32 346.332
-39.287 346.381
-39.242 346.417
-39.2 346.45
-39.163 346.509
-39.125 346.571
-39.087 346.65
-39.077 346.705
-39.043 346.791
-39.048 346.847
-39.041 346.904
-39.021 346.964
-39.04 347.006
-39.018 347.028
-39.013 347.07
-38.995 347.091
-38.964 347.111
-38.921 347.139
-38.883 347.194
-38.911 347.262
-38.921 347.286
-38.947 347.29
-38.937 347.334
-38.955 347.36
-38.984 347.378
-39.03 347.39
-39.079 347.44
-39.107 347.444
-39.13 347.449
-39.118 347.429
-39.115 347.48
-39.11 347.52
-39.126 347.557
-39.139 347.588
-39.154 347.639
-39.141 347.68
-39.13 347.719
-39.119 347.721
-39.127 347.745
-39.122 347.742
-39.151 347.745
-39.18 347.736
-39.213 347.764
-39.229 347.776
-39.279 347.813
-39.317 347.887
-39.34 347.947
-39.368 347.982
-39.382 348.023
-39.393 348.028
-39.446 348.029
-39.491 348.061
-39.523 348.074
-39.55 348.092
-39.584 348.092
-39.61 348.126
-39.653 348.12
-39.706 348.164
-39.758 348.163
-39.794 348.218
-39.807 348.22
-39.851 348.244
-39.867 348.296
-39.822 348.285
-39.832 348.285
-39.814 348.315
-39.804 348.324
-39.814 348.357
-39.828 348.406
-39.809 348.454
-39.818 348.472
-39.821 348.545
-39.803 348.594
-39.788 348.632
-39.787 348.69
-39.759 348.738
-39.742 348.776
-39.731 348.843
-39.688 348.916
-39.64 348.942
-39.599 348.933
-39.558 348.92
-39.538 348.888
-39.531 348.852
-39.526 348.835
-39.515 348.795
-39.535 348.754
-39.55 348.724
-39.553 348.681
-39.555 348.627
-39.572 348.608
-39.598 348.619
-39.592 348.641
-39.603 348.648
-39.604 348.678
-39.635 348.724
-39.653 348.786
-39.654 348.872
-39.592 348.924
-39.565 348.905
-39.552 348.919
-39.527 348.928
-39.515 348.925
-39.523 348.963
-39.482 349.005
-39.441 348.992
-39.431 348.98
-39.413 349.014
-39.354 349.017
-39.333 348.955
-39.347 348.938
-39.319 348.923
-39.328 348.879
-39.34 348.874
-39.352 348.868
-39.357 348.865
-39.373 348.871
-39.386 348.906
-39.365 348.929
-39.37 348.947
-39.361 348.999
-39.294 349.022
-39.271 348.994
-39.257 349.001
-39.236 349.027
-39.186 349.022
-39.177 349.008
-39.171 349.048
-39.132 349.067
-39.108 349.09
-39.085 349.125
-39.064 349.163
-39.028 349.199
-38.977 349.253
-38.907 349.258
-38.884 349.242
-38.841 349.255
-38.794 349.227
-38.762 349.177
-38.759 349.155
-38.709 349.156
-38.702 349.083
-38.708 349.098
-38.688 349.063
-38.676 349.044
-38.684 349.02
-38.667 349.047
-38.66 349.012
-38.657 349.05
-38.632 349.045
-38.6 349.047
-38.585 348.982
-38.59 348.985
-38.574 348.966
-38.572 348.965
-38.564 348.94
-38.566 348.943
-38.525 348.919
-38.533 348.855
-38.547 348.832
-38.533 348.836
-38.522 348.808
-38.549 348.826
-38.533 348.846
-38.532 348.833
-38.528 348.82
-38.552 348.801
-38.561 348.807
-38.572 348.794
-38.591 348.815
-38.591 348.823
-38.557 348.806
-38.56 348.72
-38.593 348.71
-38.585 348.699
-38.588 348.661
-38.633 348.634
-38.655 348.674
-38.653 348.656
-38.699 348.652
-38.715 348.686
-38.707 348.693
-38.742 348.679
-38.744 348.759
-38.694 348.755
-38.718 348.801
-38.692 348.846
-38.661 348.872
-38.635 348.886
-38.621 348.958
-38.548 348.983
-38.524 348.998
-38.492 349.026
-38.455 349.073
-38.422 349.098
-38.414 349.149
-38.366 349.215
-38.302 349.18
-38.3 349.164
-38.271 349.166
-38.239 349.158
-38.219 349.108
-38.22 349.131
-38.16 349.134
-38.136 349.096
-38.136 349.088
-38.098 349.14
-38.056 349.084
-38.079 349.1
-38.025 349.163
-38.003 349.166
-37.983 349.162
-37.985 349.213
-37.941 349.228
-37.927 349.228
-37.939 349.245
-37.909 349.285
-37.915 349.287
-37.918 349.332
-37.91 349.373
-37.917 349.396
-37.913 349.426
-37.924 349.479
-37.895 349.516
-37.919 349.55
-37.911 349.623
-37.908 349.672
-37.908 349.705
-37.925 349.762
-37.92 349.815
-37.935 349.865
-37.941 349.908
-37.956 349.952
-37.976 349.977
-38.004 349.991
-38.054 349.993
-38.06 350.026
-38.088 350.023
-38.089 350.074
-38.12 350.12
-38.091 350.18
-38.107 350.179
-38.124 350.174
-38.173 350.217
-38.169 350.26
-38.19 350.234
-38.23 350.284
-38.235 350.342
-38.24 350.326
-38.3 350.366
-38.319 350.418
-38.321 350.443
-38.353 350.467
-38.361 350.516
-38.351 350.557
-38.371 350.538
-38.419 350.623
-38.39 350.693
-38.385 350.721
-38.4 350.784
-38.378 350.862
-38.351 350.912
-38.341 350.95
-38.356 351.041
-38.292 351.112
-38.262 351.086
-38.263 351.113
-38.236 351.135
-38.221 351.127
-38.213 351.122
-38.202 351.14
-38.189 351.138
-38.161 351.161
-38.158 351.153
-38.114 351.196
-38.108 351.171
-38.089 351.196
-38.091 351.157
-38.083 351.163
-38.085 351.148
-38.082 351.151
-38.118 351.168
-38.105 351.199
-38.093 351.18
-38.103 351.2
-38.117 351.219
-38.128 351.241
-38.142 351.24
-38.154 351.286
-38.147 351.284
-38.181 351.304
-38.162 351.344
-38.175 351.336
-38.176 351.393
-38.166 351.413
-38.162 351.434
-38.151 351.444
-38.14 351.464
-38.141 351.475
-38.148 351.508
-38.143 351.524
-38.147 351.543
-38.157 351.599
-38.119 351.619
-38.122 351.603
-38.126 351.625
-38.108 351.632
-38.102 351.604
-38.117 351.611
-38.093 351.608
-38.111 351.582
-38.115 351.61
-38.108 351.632
-38.078 351.633
-38.083 351.63
-38.08 351.61
-38.116 351.605
-38.108 351.632
-38.119 351.614
-38.143 351.651
-38.134 351.671
-38.128 351.69
-38.133 351.697
-38.119 351.736
-38.109 351.731
-38.111 351.756
-38.097 351.797
-38.051 351.807
-38.057 351.811
-38.034 351.818
-38.043 351.797
-38.056 351.806
-38.08 351.819
-38.111 351.848
-38.128 351.896
-38.153 351.949
-38.149 351.986
-38.17 352.049
-38.17 352.076
-38.19 352.119
-38.188 352.172
-38.216 352.199
-38.196 352.319
-38.173 352.289
-38.222 352.424
-38.17 352.517
-38.175 352.576
-38.132 352.572
-38.18 352.637
-38.135 352.698
-38.154 352.739
-38.134 352.771
-38.177 352.849
-38.111 352.904
-38.153 352.918
-38.146 353.008
-38.112 353.058
-38.125 353.09
-38.092 353.176
-38.043 353.218
-38.014 353.22
-37.987 353.282
-37.948 353.304
-37.933 353.353
-37.899 353.39
-37.836 353.438
-37.772 353.386
-37.782 353.367
-37.759 353.412
-37.718 353.386
-37.726 353.366
-37.723 353.416
-37.672 353.404
-37.685 353.376
-37.684 353.422
-37.635 353.461
-37.595 353.428
-37.648 353.484
-37.582 353.556
-37.589 353.551
-37.618 353.604
-37.633 353.71
-37.608 353.778
-37.674 353.821
-37.697 353.983
-37.683 354.043
-37.696 354.103
-37.688 354.209
-37.652 354.224
-37.703 354.261
-37.719 354.377
-37.674 354.398
-37.713 354.404
-37.744 354.488
-37.697 354.554
-37.691 354.538
-37.742 354.612
-37.705 354.68
-37.71 354.703
-37.727 354.722
-37.753 354.794
-37.732 354.827
-37.796 354.852
-37.84 354.955
-37.842 355.076
-37.793 355.143
-37.756 355.16
-37.752 355.202
-37.708 355.271
-37.687 355.291
-37.66 355.378
-37.651 355.398
-37.627 355.5
-37.581 355.556
-37.559 355.575
-37.539 355.601
-37.532 355.644
-37.517 355.664
-37.533 355.714
-37.513 355.785
-37.528 355.822
-37.501 355.913
-37.493 355.935
-37.497 356.008
-37.478 356.068
-37.479 356.083
-37.472 356.174
-37.425 356.202
-37.449 356.209
-37.418 356.303