25.876 155.353
25.786 155.401
25.716 155.449
25.654 155.518
25.606 155.565
25.563 155.566
25.458 155.578
25.371 155.585
25.357 155.625
25.38 155.709
25.382 155.768
25.368 155.776
25.381 155.793
25.433 155.808
25.376 155.829
25.316 155.884
25.287 155.892
25.285 155.944
25.317 155.975
25.319 156.003
25.326 155.973
25.322 155.993
25.315 155.98
25.265 156.002
25.211 155.992
25.12 156.034
25.027 156.046
24.965 156.056
24.903 156.06
24.887 156.08
24.837 156.043
24.778 155.983
24.737 155.948
24.722 155.93
24.682 155.881
24.63 155.77
24.616 155.688
24.632 155.642
24.607 155.6
24.596 155.542
24.585 155.497
24.55 155.485
24.573 155.412
24.595 155.305
24.613 155.244
24.601 155.211
24.589 155.157
24.605 155.128
24.63 155.092
24.631 155.01
24.622 154.916
24.669 154.86
24.746 154.843
24.743 154.832
24.728 154.77
24.729 154.709
24.81 154.694
24.848 154.695
24.842 154.634
24.841 154.573
24.889 154.578
24.936 154.6
24.928 154.586
24.946 154.556
24.977 154.528
24.982 154.547
25.001 154.576
25.052 154.59
25.085 154.579
25.087 154.588
25.086 154.591
25.092 154.674
25.107 154.738
25.096 154.784
25.084 154.819
25.081 154.868
25.05 154.932
25.007 154.971
24.974 154.997
24.964 155.004
24.96 155.05
24.943 155.115
24.879 155.165
24.819 155.155
24.801 155.152
24.76 155.174
24.684 155.166
24.637 155.113
24.613 155.074
24.593 155.085
24.572 155.095
24.574 155.096
24.57 155.078
24.554 155.054
24.552 155.03
24.545 155.008
24.533 155.039
24.508 155.078
24.481 155.09
24.489 155.075
24.527 155.1
24.55 155.094
24.61 155.026
24.579 154.966
24.589 154.942
24.588 154.941
24.615 154.934
24.6 154.928
24.583 154.93
24.572 155.011
24.636 155.099
24.761 155.194
24.905 155.261
25.008 155.267
25.055 155.179
25.045 155.134
25.02 155.12
25.016 155.143
25.027 155.14
25.036 155.127
25.073 155.14
25.092 155.202
25.135 155.268
25.146 155.316
25.162 155.322
25.246 155.315
25.329 155.338
25.375 155.367
25.379 155.398
25.385 155.375
25.411 155.384
25.449 155.446
25.501 155.543
25.514 155.614
25.556 155.685
25.594 155.793
25.608 155.931
25.562 156.089
25.463 156.148
25.374 156.18
25.333 156.213
25.277 156.311
25.207 156.366
25.138 156.374
25.089 156.348
25.066 156.322
25.003 156.288
24.955 156.279
24.885 156.268
24.847 156.256
24.821 156.237
24.835 156.195
24.829 156.154
24.822 156.095
24.791 156.032
24.725 155.975
24.622 155.902
24.57 155.861
24.522 155.87
24.502 155.837
24.486 155.767
24.521 155.708
24.533 155.636
24.514 155.562
24.494 155.462
24.489 155.434
24.458 155.38
24.442 155.339
24.434 155.278
24.419 155.197
24.401 155.123
24.384 155.079
24.389 155.078
24.345 155.057
24.314 155.003
24.325 154.938
24.36 154.925
24.34 154.931
24.315 154.924
24.301 154.888
24.312 154.873
24.331 154.883
24.302 154.874
24.283 154.846
24.257 154.767
24.281 154.73
24.315 154.72
24.318 154.748
24.298 154.716
24.302 154.643
24.314 154.557
24.326 154.477
24.309 154.421
24.233 154.339
24.176 154.248
24.125 154.187
24.029 154.151
23.919 154.059
23.874 153.981
23.811 153.954
23.748 153.892
23.663 153.869
23.537 153.838
23.419 153.772
23.348 153.682
23.308 153.593
23.263 153.47
23.215 153.442
23.224 153.48
23.251 153.482
23.245 153.505
23.191 153.565
23.144 153.602
23.107 153.641
23.095 153.637
23.035 153.639
22.948 153.581
22.89 153.514
22.847 153.482
22.794 153.479
22.726 153.438
22.679 153.437
22.616 153.495
22.495 153.552
22.367 153.583
22.246 153.691
22.167 153.853
22.125 154.0
22.173 154.136
22.227 154.258
22.232 154.312
22.26 154.322
22.238 154.373
22.223 154.432
22.192 154.499
22.177 154.547
22.177 154.624
22.141 154.693
22.142 154.795
22.106 154.882
22.085 154.961
22.08 155.005
22.112 155.085
22.116 155.194
22.112 155.265
22.115 155.332
22.113 155.376
22.147 155.416
22.163 155.457
22.189 155.503
22.171 155.524
22.192 155.507
22.229 155.502
22.308 155.489
22.369 155.516
22.4 155.535
22.424 155.54
22.483 155.555
22.513 155.602
22.525 155.646
22.501 155.681
22.483 155.712
22.461 155.74
22.441 155.772
22.419 155.775
22.425 155.797
22.433 155.851
22.417 155.886
22.414 155.944
22.381 156.044
22.315 156.104
22.284 156.125
22.275 156.156
22.304 156.208
22.289 156.308
22.205 156.374
22.097 156.345
22.047 156.302
22.015 156.267
21.98 156.264
21.923 156.277
21.827 156.281
21.741 156.251
21.674 156.202
21.632 156.161
21.597 156.148
21.546 156.139
21.491 156.109
21.461 156.066
21.451 156.024
21.461 155.995
21.46 155.984
21.446 155.943
21.454 155.886
21.483 155.852
21.51 155.82
21.539 155.788
21.562 155.776
21.569 155.765
21.568 155.73
21.58 155.68
21.605 155.658
21.609 155.642
21.595 155.61
21.583 155.556
21.597 155.473
21.647 155.435
21.663 155.427
21.659 155.411
21.674 155.379
21.697 155.367
21.72 155.373
21.732 155.376
21.758 155.373
21.779 155.386
21.79 155.385
21.793 155.385
21.801 155.362
21.799 155.362
21.804 155.347
21.814 155.364
21.798 155.369
21.763 155.338
21.771 155.298
21.77 155.321
21.75 155.361
21.694 155.39
21.662 155.381
21.624 155.385
21.621 155.393
21.588 155.45
21.518 155.481
21.437 155.5
21.388 155.49
21.32 155.506
21.269 155.47
21.252 155.44
21.247 155.383
21.249 155.395
21.232 155.39
21.199 155.407
21.174 155.389
21.167 155.399
21.155 155.425
21.138 155.469
21.102 155.465
21.097 155.461
21.085 155.467
21.069 155.475
21.051 155.504
21.028 155.525
20.982 155.541
20.966 155.523
20.971 155.533
20.985 155.555
20.95 155.627
20.902 155.651
20.857 155.676
20.857 155.668
20.857 155.712
20.841 155.76
20.791 155.802
20.765 155.813
20.756 155.827
20.755 155.866
20.765 155.915
20.752 155.988
20.722 156.022
20.714 156.061
20.735 156.088
20.754 156.175
20.709 156.275
20.651 156.315
20.641 156.345
20.69 156.41
20.685 156.541
20.636 156.653
20.595 156.764
20.617 156.839
20.646 156.959
20.642 157.03
20.661 157.069
20.69 157.11
20.693 157.138
20.72 157.141
20.731 157.135
20.734 157.092
20.712 157.072
20.666 157.074
20.603 157.075
20.579 157.098
20.493 157.181
20.431 157.287
20.384 157.414
20.377 157.523
20.388 157.631
20.413 157.715
20.439 157.788
20.447 157.81
20.451 157.832
20.44 157.865
20.402 157.926
20.395 157.981
20.403 158.049
20.44 158.117
20.488 158.134
20.534 158.164
20.554 158.187
20.591 158.233
20.625 158.249
20.687 158.303
20.715 158.329
20.759 158.334
20.829 158.311
20.912 158.314
20.95 158.345
20.953 158.326
20.99 158.309
21.022 158.309
21.065 158.337
21.08 158.359
21.146 158.38
21.191 158.408
21.199 158.425
21.25 158.397
21.335 158.397
21.401 158.383
21.465 158.368
21.487 158.327
21.519 158.296
21.515 158.277
21.544 158.235
21.57 158.25
21.585 158.263
21.633 158.265
21.674 158.227
21.754 158.162
21.812 158.104
21.822 157.968
21.838 157.904
21.824 157.837
21.835 157.805
21.839 157.766
21.876 157.736
21.899 157.691
21.933 157.619
21.936 157.519
21.957 157.445
21.921 157.412
21.896 157.384
21.893 157.364
21.915 157.339
21.94 157.331
21.947 157.299
21.97 157.216
22.016 157.136
22.016 157.046
22.013 156.988
21.989 156.926
21.977 156.898
21.994 156.887
21.984 156.87
22.027 156.83
22.047 156.813
22.071 156.757
22.068 156.69
22.062 156.602
22.058 156.552
22.04 156.517
22.027 156.494
22.041 156.459
22.054 156.43
22.076 156.382
22.101 156.315
22.093 156.262
22.066 156.207
22.057 156.167
22.054 156.136
22.088 156.117
22.088 156.081
22.101 155.994
22.093 155.928
22.067 155.874
22.032 155.819
22.051 155.804
22.047 155.804
22.035 155.744
22.046 155.658
22.027 155.608
22.013 155.559
21.982 155.529
21.952 155.474
21.947 155.44
21.954 155.427
21.953 155.424
21.957 155.383
21.953 155.344
21.949 155.272
21.957 155.224
21.934 155.209
21.918 155.166
21.903 155.133
21.896 155.085
21.872 155.057
21.851 155.033
21.826 155.03
21.793 155.005
21.779 154.987
21.768 154.993
21.757 154.996
21.747 154.964
21.744 154.938
21.715 154.91
21.676 154.893
21.637 154.883
21.611 154.887
21.564 154.917
21.551 154.912
21.529 154.921
21.474 154.915
21.443 154.939
21.394 154.98
21.361 155.019
21.333 155.039
21.339 155.086
21.32 155.119
21.29 155.13
21.273 155.113
21.249 155.137
21.233 155.195
21.187 155.249
21.22 155.264
21.237 155.322
21.251 155.316
21.251 155.34
21.258 155.361
21.253 155.39
21.27 155.424
21.259 155.441
21.287 155.474
21.32 155.508
21.367 155.586
21.386 155.621
21.457 155.622
21.523 155.662
21.546 155.685
21.593 155.697
21.636 155.718
21.696 155.758
21.751 155.781
21.81 155.808
21.873 155.817
21.928 155.844
21.988 155.846
22.046 155.87
22.081 155.872
22.121 155.87
22.192 155.881
22.24 155.907
22.271 155.915
22.312 155.867
22.389 155.865
22.421 155.852
22.435 155.828
22.457 155.761
22.521 155.745
22.533 155.731
22.57 155.702
22.564 155.669
22.619 155.614
22.683 155.587
22.699 155.589
22.704 155.542
22.734 155.512
22.759 155.481
22.776 155.452
22.807 155.431
22.798 155.397
22.833 155.373
22.837 155.342
22.884 155.321
22.9 155.328
22.891 155.329
22.869 155.289
22.906 155.248
22.925 155.275
22.903 155.275
22.887 155.252
22.909 155.22
22.936 155.247
22.914 155.273
22.892 155.269
22.908 155.262
22.941 155.31
22.911 155.362
22.902 155.358
22.94 155.375
22.974 155.413
22.97 155.495
22.958 155.54
22.957 155.581
22.982 155.644
22.972 155.734
22.938 155.806
22.938 155.856
22.961 155.91
22.999 155.964
23.04 156.018
23.1 156.077
23.125 156.146
23.161 156.171
23.208 156.178
23.284 156.188
23.34 156.227
23.404 156.245
23.438 156.245
23.505 156.232
23.602 156.217
23.685 156.235
23.763 156.243
23.832 156.265
23.904 156.291
23.998 156.34
24.015 156.412
24.028 156.461
24.029 156.491
24.041 156.498
24.072 156.501
24.093 156.53
24.089 156.567
24.048 156.559
24.038 156.513
24.071 156.472
24.114 156.47
24.109 156.498
24.079 156.472
24.091 156.385
24.179 156.351
24.269 156.362
24.307 156.386
24.362 156.381
24.42 156.353
24.537 156.316
24.694 156.363
24.777 156.457
24.832 156.505
24.936 156.543
25.06 156.62
25.201 156.778
25.299 156.955
25.351 157.102
25.411 157.211
25.517 157.351
25.598 157.53
25.632 157.731
25.632 157.897
25.631 158.038
25.624 158.187
25.582 158.341
25.479 158.493
25.347 158.583
25.203 158.676
25.044 158.714
24.903 158.734
24.783 158.752
24.653 158.756
24.552 158.736
24.457 158.713
24.385 158.662
24.346 158.62
24.316 158.566
24.312 158.543
24.283 158.543
24.257 158.556
24.197 158.521
24.182 158.464
24.212 158.435
24.24 158.465
24.212 158.498
24.169 158.514
24.136 158.488
24.156 158.47
24.174 158.524
24.117 158.591
24.048 158.583
24.029 158.559
24.041 158.599
23.98 158.66
23.907 158.676
23.849 158.674
23.803 158.699
23.751 158.724
23.689 158.722
23.643 158.748
23.58 158.774
23.502 158.781
23.448 158.748
23.419 158.771
23.367 158.778
23.318 158.789
23.27 158.802
23.22 158.796
23.188 158.784
23.165 158.796
23.135 158.812
23.099 158.836
23.056 158.856
23.013 158.839
23.02 158.857
23.006 158.885
22.985 158.925
22.963 158.94
22.955 158.97
22.981 159.011
22.974 159.063
22.977 159.091
22.978 159.144
22.995 159.196
23.001 159.262
22.991 159.32
23.005 159.353
23.056 159.424
23.075 159.496
23.103 159.572
23.147 159.646
23.181 159.73
23.253 159.824
23.284 159.93
23.331 160.024
23.401 160.102
23.504 160.185
23.579 160.272
23.664 160.341
23.732 160.369
23.85 160.373
23.949 160.374
24.048 160.362
24.128 160.353
24.195 160.301
24.286 160.251
24.356 160.224
24.414 160.2
24.466 160.172
24.512 160.128
24.548 160.115
24.588 160.066
24.645 160.071
24.647 160.059
24.653 160.018
24.698 159.973
24.722 159.979
24.714 159.971
24.704 159.94
24.731 159.889
24.769 159.866
24.792 159.867
24.773 159.85
24.78 159.789
24.797 159.747
24.811 159.725
24.801 159.707
24.781 159.668
24.774 159.606
24.775 159.562
24.772 159.544
24.753 159.52
24.725 159.502
24.696 159.45
24.71 159.427
24.72 159.434
24.672 159.452
24.636 159.403
24.638 159.371
24.653 159.387
24.604 159.4
24.582 159.357
24.582 159.343
24.581 159.331
24.557 159.342
24.539 159.315
24.512 159.302
24.526 159.263
24.536 159.274
24.517 159.27
24.48 159.261
24.469 159.199
24.514 159.194
24.487 159.217
24.434 159.199
24.42 159.127
24.469 159.089
24.451 159.118
24.418 159.11
24.353 159.079
24.356 158.998
24.344 158.984
24.355 158.97
24.284 158.987
24.231 158.896
24.24 158.852
24.242 158.853
24.219 158.887
24.168 158.878
24.152 158.851
24.17 158.842
24.184 158.897
24.17 158.949
24.137 158.976
24.139 158.968
24.143 159.004
24.161 159.006
24.157 159.039
24.18 159.042
24.18 159.077
24.189 159.04
24.227 159.056
24.257 159.056
24.258 159.083
24.263 159.031
24.316 159.01
24.342 159.026
24.338 159.036
24.323 158.98
24.392 158.939
24.44 158.969
24.444 158.99
24.433 158.942
24.473 158.878
24.529 158.882
24.526 158.876
24.522 158.817
24.55 158.767
24.591 158.761
24.584 158.741
24.61 158.68
24.624 158.668
24.637 158.643
24.626 158.618
24.651 158.554
24.673 158.533
24.688 158.518
24.666 158.5
24.667 158.452
24.685 158.421
24.685 158.402
24.677 158.383
24.67 158.354
24.649 158.334
24.647 158.287
24.645 158.286
24.628 158.26
24.61 158.236
24.606 158.199
24.607 158.209
24.58 158.201
24.565 158.183
24.555 158.179
24.547 158.179
24.532 158.174
24.518 158.172
24.506 158.156
24.519 158.157
24.502 158.175
24.474 158.171
24.455 158.125
24.482 158.119
24.467 158.136
24.444 158.13
24.42 158.088
24.469 158.059
24.464 158.094
24.427 158.086
24.396 158.036
24.445 157.969
24.483 157.982
24.48 157.994
24.45 157.984
24.474 157.923
24.523 157.943
24.512 157.965
24.475 157.965
24.469 157.893
24.523 157.892
24.518 157.904
24.489 157.921
24.454 157.868
24.497 157.835
24.495 157.838
24.486 157.868
24.438 157.843
24.467 157.795
24.479 157.805
24.462 157.854
24.409 157.837
24.436 157.8
24.452 157.825
24.468 157.877
24.419 157.918
24.416 157.884
24.427 157.89
24.458 157.911
24.441 157.966
24.429 157.948
24.431 157.931
24.488 157.911
24.51 157.958
24.484 157.951
24.477 157.923
24.51 157.869
24.566 157.877
24.554 157.883
24.546 157.847
24.555 157.782
24.603 157.738
24.602 157.734
24.604 157.708
24.586 157.669
24.602 157.637
24.61 157.601
24.619 157.589
24.626 157.553
24.661 157.521
24.695 157.497
24.685 157.518
24.682 157.463
24.69 157.416
24.74 157.381
24.719 157.407
24.669 157.356
24.68 157.303
24.736 157.268
24.736 157.317
24.691 157.285
24.684 157.22
24.716 157.158
24.735 157.169
24.705 157.15
24.695 157.101
24.703 157.039
24.72 157.005
24.729 156.969
24.731 156.965
24.693 156.942
24.65 156.893
24.646 156.835
24.661 156.835
24.624 156.835
24.611 156.804
24.608 156.777
24.627 156.768
24.622 156.779
24.593 156.746
24.576 156.713
24.585 156.669
24.589 156.659
24.564 156.641
24.547 156.626
24.531 156.579
24.542 156.558
24.523 156.553
24.487 156.528
24.453 156.491
24.457 156.466
24.426 156.47
24.394 156.463
24.362 156.437
24.362 156.427
24.324 156.443
24.291 156.444
24.257 156.426
24.231 156.435
24.19 156.434
24.174 156.444
24.12 156.474
24.081 156.47
24.047 156.463
24.047 156.494
23.98 156.513
23.943 156.483
23.934 156.477
23.926 156.51
23.867 156.543
23.822 156.539
23.788 156.53
23.78 156.536
23.758 156.58
23.719 156.63
23.656 156.643
23.642 156.633
23.672 156.676
23.658 156.747
23.615 156.803
23.573 156.813
23.585 156.825
23.592 156.878
23.58 156.934
23.537 156.987
23.514 157.008
23.508 157.012
23.531 157.032
23.532 157.098
23.509 157.137
23.484 157.134
23.487 157.164
23.482 157.203
23.428 157.267
23.379 157.284
23.34 157.284
23.384 157.274
23.412 157.333
23.424 157.364
23.385 157.414
23.378 157.374
23.416 157.399
23.445 157.402
23.43 157.502
23.36 157.52
23.342 157.518
23.358 157.528
23.38 157.624
23.319 157.698
23.258 157.703
23.242 157.717
23.262 157.784
23.23 157.886
23.144 157.961
23.09 157.995
23.08 158.059
23.093 158.142
23.072 158.217
23.033 158.256
23.015 158.249
23.047 158.297
23.041 158.323
23.054 158.338
23.037 158.332
23.063 158.321
23.074 158.332
23.096 158.342
23.089 158.35
23.104 158.331
23.127 158.324
23.152 158.333
23.153 158.357
23.161 158.342
23.174 158.337
23.191 158.353
23.186 158.376
23.187 158.372
23.187 158.393
23.181 158.397
23.167 158.399
23.16 158.406
23.12 158.409
23.086 158.393
23.07 158.389
23.056 158.399
23.029 158.426
22.99 158.421
22.961 158.434
22.945 158.421
22.947 158.469
22.91 158.491
22.894 158.474
22.915 158.465
22.918 158.524
22.886 158.528
22.852 158.511
22.857 158.496
22.824 158.521
22.785 158.507
22.731 158.507
22.71 158.489
22.666 158.506
22.62 158.483
22.566 158.476
22.532 158.448
22.509 158.464
22.452 158.452
22.407 158.442
22.353 158.425
22.303 158.412
22.268 158.403
22.196 158.411
22.127 158.411
22.042 158.377
22.003 158.354
21.951 158.362
21.874 158.375
21.793 158.35
21.737 158.314
21.701 158.305
21.641 158.313
21.577 158.294
21.526 158.28
21.448 158.274
21.405 158.259
21.353 158.27
21.261 158.245
21.209 158.224
21.164 158.211
21.099 158.232
21.018 158.224
20.946 158.205
20.913 158.194
20.869 158.216
20.786 158.23
20.724 158.207
20.671 158.174
20.655 158.178
20.581 158.188
20.535 158.178
20.458 158.187
20.376 158.168
20.322 158.121
20.297 158.126
20.242 158.159
20.174 158.173
20.123 158.147
20.091 158.152
20.059 158.137
20.054 158.152
20.022 158.168
19.969 158.203
19.917 158.196
19.856 158.175
19.885 158.152
19.842 158.179
19.813 158.203
19.743 158.196
19.75 158.165
19.724 158.153
19.737 158.166
19.682 158.191
19.671 158.179
19.629 158.182
19.591 158.154
19.585 158.131
19.597 158.1
19.601 158.142
19.571 158.154
19.552 158.178
19.521 158.186
19.535 158.174
19.569 158.228
19.61 158.333
19.601 158.424
19.587 158.496
19.583 158.508
19.617 158.553
19.649 158.579
19.701 158.618
19.759 158.689
19.764 158.736
19.793 158.779
19.812 158.782
19.866 158.811
19.912 158.819
19.969 158.867
19.992 158.894
20.022 158.902
20.06 158.886
20.118 158.886
20.18 158.894
20.226 158.91
20.252 158.889
20.299 158.852
20.359 158.806
20.447 158.783
20.504 158.805
20.527 158.799
20.556 158.764
20.615 158.717
20.672 158.7
20.722 158.7
20.762 158.722
20.771 158.706
20.803 158.664
20.875 158.611
20.986 158.638
21.03 158.671
21.065 158.697
21.132 158.695
21.197 158.699
21.305 158.726
21.402 158.775
21.483 158.805
21.6 158.845
21.679 158.863
21.801 158.823
21.901 158.829
21.947 158.8
21.995 158.741
22.057 158.642
22.125 158.565
22.185 158.51
22.194 158.457
22.191 158.364
22.216 158.276
22.241 158.216
22.232 158.196
22.195 158.108
22.203 158.055
22.189 158.006
22.175 157.956
22.162 157.918
22.151 157.89
22.129 157.862
22.109 157.822
22.102 157.794
22.094 157.778
22.075 157.772
22.05 157.766
22.036 157.756
22.025 157.762
22.021 157.761
21.981 157.766
21.982 157.745
21.968 157.746
21.96 157.716
21.965 157.717
21.973 157.715
21.96 157.736
21.964 157.71
21.996 157.738
22.044 157.779
22.047 157.859
22.043 157.854
22.078 157.842
22.132 157.864
22.149 157.901
22.179 157.863
22.236 157.835
22.306 157.794
22.402 157.795
22.434 157.807
22.447 157.775
22.497 157.691
22.592 157.649
22.626 157.636
22.627 157.596
22.636 157.482
22.69 157.403
22.738 157.321
22.746 157.267
22.69 157.163
22.654 157.052
22.616 156.98
22.557 156.943
22.48 156.917
22.41 156.909
22.361 156.84
22.351 156.825
22.314 156.809
22.279 156.782
22.268 156.755
22.25 156.736
22.232 156.721
22.188 156.694
22.17 156.697
22.139 156.723
22.084 156.739
22.069 156.71
22.07 156.716
22.067 156.731
22.058 156.766
22.035 156.777
22.027 156.769
22.04 156.786
22.058 156.811
22.05 156.862
22.035 156.851
22.059 156.88
22.084 156.879
22.128 156.914
22.135 156.914
22.202 156.921
22.218 156.904
22.29 156.87
22.35 156.847
22.389 156.841
22.414 156.804
22.452 156.739
22.512 156.688
22.566 156.668
22.597 156.645
22.603 156.591
22.648 156.528
22.692 156.495
22.733 156.47
22.766 156.41
22.802 156.334
22.835 156.283
22.828 156.212
22.831 156.136
22.815 156.068
22.768 156.033
22.732 155.972
22.705 155.962
22.679 155.992
22.625 156.016
22.6 155.998
22.589 155.989
22.564 155.994
22.523 155.971
22.488 155.935
22.484 155.903
22.471 155.918
22.427 155.915
22.384 155.867
22.403 155.842
22.366 155.872
22.313 155.859
22.268 155.833
22.244 155.851
22.198 155.889
22.152 155.923
22.079 155.908
22.045 155.86
22.037 155.851
22.035 155.858
22.004 155.873
21.933 155.867
21.873 155.836
21.853 155.806
21.823 155.802
21.775 155.807
21.707 155.796
21.699 155.726
21.7 155.643
21.737 155.588
21.747 155.557
21.763 155.548
21.745 155.518
21.752 155.45
21.785 155.393
21.844 155.404
21.85 155.416
21.832 155.408
21.817 155.362
21.856 155.326
21.892 155.32
21.895 155.323
21.881 155.315
21.858 155.29
21.843 155.248
21.88 155.225
21.905 155.224
21.913 155.219
21.913 155.209
21.929 155.18
21.961 155.157
21.981 155.148
22.001 155.134
22.008 155.128
22.027 155.117
22.027 155.098
22.063 155.075
22.079 155.082
22.088 155.076
22.089 155.052
22.121 155.032
22.126 155.043
22.151 155.037
22.154 155.052
22.168 155.044
22.182 155.067
22.189 155.09
22.18 155.101
22.193 155.092
22.205 155.108
22.181 155.115
22.205 155.097
22.241 155.108
22.262 155.107
22.305 155.12
22.33 155.14
22.34 155.175
22.327 155.196
22.339 155.176
22.359 155.189
22.359 155.212
22.346 155.214
22.363 155.204
22.357 155.212
22.342 155.178
22.347 155.149
22.381 155.13
22.365 155.146
22.337 155.096
22.348 155.047
22.377 155.003
22.391 155.021
22.363 155.012
22.323 154.963
22.327 154.894
22.331 154.888
22.282 154.903
22.184 154.86
22.143 154.78
22.152 154.723
22.173 154.678
22.175 154.648
22.192 154.596
22.225 154.573
22.253 154.554
22.264 154.567
22.26 154.542
22.282 154.524
22.288 154.489
22.318 154.48
22.335 154.457
22.37 154.453
22.361 154.434
22.378 154.421
22.391 154.381
22.432 154.35
22.466 154.338
22.475 154.345
22.495 154.284
22.547 154.234
22.652 154.228
22.698 154.31
22.714 154.339
22.726 154.345
22.775 154.318
22.838 154.355
22.864 154.397
22.879 154.424
22.896 154.435
22.926 154.459
22.946 154.498
22.897 154.526
22.827 154.482
22.825 154.431
22.838 154.409
22.844 154.402
22.816 154.395
22.814 154.339
22.804 154.3
22.826 154.25
22.848 154.249
22.823 154.219
22.81 154.183
22.803 154.119
22.821 154.063
22.829 154.04
22.835 154.006
22.807 153.956
22.829 153.912
22.856 153.86
22.885 153.853
22.884 153.833
22.887 153.82
22.887 153.76
22.92 153.744
22.948 153.721
22.943 153.741
22.94 153.694
22.954 153.692