-32.114 29.549
-32.167 29.43
-32.141 29.324
-32.124 29.287
-32.091 29.301
-32.062 29.308
-32.019 29.361
-31.947 29.428
-31.932 29.455
-31.948 29.55
-31.984 29.651
-32.117 29.653
-32.313 29.567
-32.344 29.375
-32.259 29.327
-32.167 29.386
-32.15 29.479
-32.229 29.534
-32.38 29.533
-32.568 29.365
-32.617 29.116
-32.565 29.019
-32.491 29.038
-32.416 29.147
-32.374 29.221
-32.409 29.278
-32.469 29.286
-32.595 29.238
-32.708 29.102
-32.77 28.957
-32.786 28.862
-32.754 28.809
-32.731 28.769
-32.723 28.797
-32.681 28.855
-32.698 28.891
-32.764 28.938
-32.881 28.99
-33.051 28.955
-33.209 28.798
-33.283 28.588
-33.3 28.413
-33.264 28.291
-33.236 28.214
-33.197 28.234
-33.133 28.246
-33.11 28.264
-33.118 28.314
-33.12 28.336
-33.179 28.328
-33.262 28.353
-33.42 28.314
-33.636 28.193
-33.78 27.969
-33.83 27.752
-33.853 27.607
-33.857 27.513
-33.855 27.438
-33.849 27.399
-33.812 27.393
-33.777 27.394
-33.761 27.393
-33.757 27.421
-33.728 27.451
-33.684 27.48
-33.636 27.487
-33.645 27.499
-33.653 27.535
-33.66 27.514
-33.692 27.507
-33.73 27.483
-33.779 27.464
-33.836 27.438
-33.929 27.409
-34.091 27.357
-34.341 27.208
-34.519 26.93
-34.567 26.69
-34.575 26.558
-34.544 26.563
-34.407 26.658
-34.255 26.77
-34.177 26.878
-34.151 27.01
-34.1 27.109
-34.053 27.17
-34.032 27.206
-34.03 27.193
-34.087 27.123
-34.169 27.078
-34.324 26.986
-34.614 26.95
-34.953 26.781
-35.138 26.334
-35.15 25.887
-35.071 25.754
-34.942 25.875
-34.894 26.071
-34.941 26.253
-35.148 26.263
-35.374 26.071
-35.47 25.807
-35.47 25.613
-35.446 25.515
-35.363 25.523
-35.286 25.511
-35.28 25.541
-35.271 25.622
-35.265 25.605
-35.325 25.613
-35.354 25.635
-35.363 25.621
-35.397 25.605
-35.434 25.605
-35.467 25.594
-35.523 25.557
-35.602 25.512
-35.686 25.454
-35.802 25.348
-35.92 25.172
-36.069 24.912
-36.163 24.601
-36.138 24.366
-35.992 24.256
-35.851 24.246
-35.742 24.325
-35.672 24.48
-35.647 24.629
-35.662 24.756
-35.673 24.885
-35.723 24.952
-35.877 24.923
-36.161 24.783
-36.508 24.639
-36.887 24.587
-37.202 24.526
-37.347 24.435
-37.448 24.424
-37.621 24.474
-37.854 24.608
-38.147 24.843
-38.39 25.148
-38.596 25.537
-38.689 25.986
-38.697 26.436
-38.644 26.967
-38.583 27.496
-38.468 27.966
-38.344 28.473
-38.247 29.009
-38.258 29.365
-38.347 29.565
-38.533 29.616
-38.855 29.641
-39.22 29.707
-39.547 29.78
-39.843 29.944
-40.094 30.252
-40.304 30.632
-40.438 30.955
-40.493 31.257
-40.451 31.539
-40.406 31.779
-40.301 32.054
-40.135 32.279
-39.949 32.478
-39.721 32.6
-39.477 32.667
-39.203 32.674
-38.924 32.645
-38.676 32.6
-38.431 32.53
-38.215 32.482
-38.025 32.509
-37.873 32.604
-37.756 32.803
-37.709 33.097
-37.838 33.389
-38.066 33.598
-38.308 33.726
-38.553 33.853
-38.813 33.98
-39.066 34.071
-39.282 34.176
-39.492 34.318
-39.698 34.533
-39.929 34.757
-40.174 34.979
-40.376 35.208
-40.566 35.431
-40.758 35.739
-40.869 36.085
-40.884 36.488
-40.786 36.761
-40.728 37.065
-40.598 37.385
-40.386 37.658
-40.167 37.824
-39.969 37.919
-39.765 38.013
-39.565 37.995
-39.393 37.904
-39.259 37.892
-39.093 37.816
-38.975 37.649
-38.792 37.582
-38.594 37.474
-38.502 37.447
-38.356 37.467
-38.289 37.562
-38.252 37.587
-38.221 37.658
-38.175 37.691
-38.143 37.739
-38.145 37.813
-38.084 37.843
-38.049 37.854
-38.02 37.97
-37.998 38.122
-38.023 38.233
-38.089 38.355
-38.087 38.501
-38.165 38.637
-38.211 38.756
-38.257 38.86
-38.307 39.014
-38.379 39.202
-38.464 39.369
-38.541 39.527
-38.629 39.752
-38.732 39.998
-38.882 40.24
-38.996 40.482
-39.115 40.712
-39.225 40.905
-39.291 41.073
-39.336 41.226
-39.358 41.366
-39.36 41.515
-39.334 41.681
-39.299 41.801
-39.244 41.94
-39.16 42.087
-39.083 42.191
-38.975 42.299
-38.847 42.388
-38.713 42.485
-38.536 42.589
-38.325 42.69
-38.167 42.748
-38.063 42.778
-37.957 42.866
-37.805 42.955
-37.675 43.08
-37.554 43.258
-37.484 43.424
-37.471 43.641
-37.51 43.772
-37.62 43.903
-37.723 43.941
-37.869 43.948
-38.013 43.933
-38.168 43.894
-38.33 43.834
-38.443 43.669
-38.603 43.524
-38.677 43.42
-38.724 43.268
-38.793 43.188
-38.787 43.139
-38.785 43.093
-38.772 43.094
-38.759 43.068
-38.737 43.044
-38.713 43.026
-38.669 43.021
-38.624 42.992
-38.573 43.02
-38.495 43.016
-38.446 43.02
-38.356 43.031
-38.268 43.038
-38.189 43.098
-38.082 43.165
-37.98 43.209
-37.933 43.325
-37.882 43.413
-37.87 43.462
-37.865 43.513
-37.822 43.552
-37.811 43.594
-37.788 43.666
-37.804 43.73
-37.845 43.819
-37.897 43.861
-37.975 43.891
-38.04 43.861
-38.12 43.838
-38.192 43.792
-38.265 43.758
-38.323 43.716
-38.38 43.654
-38.444 43.596
-38.507 43.52
-38.566 43.455
-38.581 43.389
-38.581 43.326
-38.575 43.27
-38.559 43.245
-38.524 43.201
-38.47 43.193
-38.403 43.187
-38.328 43.217
-38.222 43.247
-38.109 43.314
-37.979 43.38
-37.868 43.499
-37.758 43.654
-37.655 43.829
-37.611 43.998
-37.631 44.226
-37.718 44.389
-37.893 44.519
-38.098 44.52
-38.341 44.378
-38.549 44.115
-38.692 43.787
-38.796 43.45
-38.904 43.229
-38.945 43.065
-38.995 42.914
-39.009 42.82
-39.008 42.736
-38.987 42.686
-38.956 42.64
-38.91 42.615
-38.861 42.572
-38.814 42.562
-38.734 42.546
-38.652 42.516
-38.544 42.502
-38.384 42.514
-38.227 42.512
-38.093 42.581
-37.938 42.688
-37.81 42.825
-37.729 43.008
-37.676 43.278
-37.678 43.543
-37.746 43.843
-37.855 44.117
-38.009 44.36
-38.179 44.505
-38.376 44.582
-38.568 44.59
-38.738 44.545
-38.841 44.457
-38.949 44.307
-39.034 44.178
-39.068 43.991
-39.088 43.763
-39.093 43.562
-39.012 43.397
-38.899 43.211
-38.741 43.103
-38.519 43.009
-38.285 42.93
-38.063 42.891
-37.857 42.935
-37.674 43.041
-37.558 43.218
-37.524 43.493
-37.623 43.804
-37.829 44.004
-38.101 44.118
-38.381 44.112
-38.651 44.004
-38.841 43.815
-39.0 43.569
-39.087 43.315
-39.101 43.099
-39.049 42.927
-38.927 42.783
-38.735 42.637
-38.577 42.567
-38.381 42.567
-38.193 42.547
-38.054 42.55
-37.965 42.68
-37.864 42.885
-37.744 43.077
-37.669 43.3
-37.622 43.579
-37.529 43.797
-37.529 43.893
-37.588 44.072
-37.633 44.243
-37.681 44.349
-37.787 44.412
-37.875 44.537
-37.926 44.545
-38.041 44.572
-38.142 44.603
-38.21 44.638
-38.276 44.612
-38.363 44.594
-38.432 44.595
-38.5 44.549
-38.585 44.517
-38.652 44.493
-38.702 44.455
-38.77 44.423
-38.851 44.367
-38.885 44.32
-38.898 44.223
-38.96 44.175
-39.001 44.169
-39.038 44.145
-39.08 44.134
-39.143 44.106
-39.199 44.063
-39.233 44.027
-39.249 43.927
-39.269 43.827
-39.31 43.746
-39.324 43.638
-39.36 43.543
-39.382 43.435
-39.407 43.329
-39.439 43.222
-39.49 43.159
-39.52 43.107
-39.585 43.047
-39.645 43.008
-39.678 42.985
-39.651 42.914
-39.656 42.794
-39.684 42.723
-39.685 42.649
-39.691 42.497
-39.742 42.398
-39.773 42.304
-39.804 42.168
-39.848 42.074
-39.888 41.96
-39.969 41.873
-40.035 41.791
-40.093 41.72
-40.123 41.666
-40.103 41.658
-40.133 41.608
-40.182 41.622
-40.186 41.614
-40.208 41.627
-40.194 41.634
-40.19 41.634
-40.161 41.653
-40.171 41.71
-40.152 41.77
-40.135 41.836
-40.117 41.861
-40.1 41.92
-40.083 41.948
-40.078 42.009
-40.078 42.097
-40.1 42.187
-40.125 42.262
-40.102 42.36
-40.037 42.436
-39.995 42.492
-39.958 42.519
-39.936 42.542
-39.906 42.533
-39.923 42.544
-39.92 42.534
-39.945 42.477
-39.948 42.436
-39.924 42.404
-39.912 42.359
-39.928 42.351
-39.887 42.372
-39.826 42.315
-39.773 42.229
-39.719 42.095
-39.716 41.968
-39.717 41.813
-39.744 41.669
-39.762 41.52
-39.784 41.39
-39.801 41.206
-39.846 41.023
-39.886 40.84
-39.969 40.679
-40.042 40.527
-40.145 40.401
-40.244 40.284
-40.353 40.181
-40.478 40.08
-40.614 40.069
-40.72 40.113
-40.779 40.189
-40.814 40.263
-40.853 40.332
-40.893 40.454
-40.893 40.589
-40.87 40.75
-40.838 40.872
-40.783 41.004
-40.719 41.073
-40.679 41.145
-40.639 41.217
-40.597 41.28
-40.562 41.314
-40.524 41.349
-40.501 41.351
-40.481 41.346
-40.483 41.277
-40.482 41.259
-40.434 41.114
-40.449 40.904
-40.514 40.797
-40.552 40.669
-40.636 40.517
-40.737 40.44
-40.789 40.389
-40.866 40.329
-40.951 40.33
-41.019 40.366
-41.069 40.414
-41.123 40.477
-41.139 40.557
-41.131 40.624
-41.11 40.688
-41.071 40.769
-41.024 40.831
-40.98 40.858
-40.94 40.901
-40.88 40.906
-40.839 40.855
-40.841 40.766
-40.861 40.684
-40.889 40.59
-40.937 40.506
-40.998 40.441
-41.065 40.449
-41.115 40.484
-41.154 40.562
-41.15 40.7
-41.097 40.825
-41.011 40.91
-40.921 40.971
-40.82 40.956
-40.764 40.878
-40.735 40.79
-40.731 40.661
-40.746 40.521
-40.808 40.373
-40.898 40.26
-40.963 40.178
-41.056 40.107
-41.16 40.107
-41.231 40.17
-41.27 40.226
-41.311 40.301
-41.332 40.414
-41.311 40.52
-41.277 40.605
-41.217 40.686
-41.123 40.749
-41.058 40.761
-41.012 40.732
-40.984 40.708
-40.896 40.669
-40.843 40.556
-40.824 40.435
-40.841 40.292
-40.896 40.146
-40.994 40.043
-41.1 39.989
-41.229 39.97
-41.38 40.009
-41.513 40.111
-41.581 40.302
-41.53 40.499
-41.47 40.627
-41.392 40.775
-41.284 40.871
-41.168 40.931
-41.058 40.96
-40.966 40.958
-40.843 40.915
-40.739 40.839
-40.656 40.749
-40.594 40.626
-40.581 40.492
-40.583 40.343
-40.609 40.191
-40.663 40.044
-40.742 39.943
-40.842 39.901
-40.973 39.882
-41.087 39.891
-41.168 39.956
-41.228 40.046
-41.256 40.18
-41.26 40.319
-41.237 40.476
-41.188 40.597
-41.141 40.697
-41.083 40.772
-41.002 40.836
-40.892 40.794
-40.829 40.719
-40.751 40.663
-40.683 40.545
-40.657 40.396
-40.651 40.255
-40.674 40.113
-40.74 39.968
-40.839 39.892
-40.936 39.864
-41.052 39.827
-41.167 39.927
-41.176 40.076
-41.184 40.128
-41.222 40.226
-41.222 40.368
-41.182 40.493
-41.152 40.587
-41.097 40.72
-40.989 40.806
-40.857 40.803
-40.755 40.713
-40.69 40.649
-40.616 40.56
-40.55 40.426
-40.52 40.273
-40.518 40.129
-40.519 39.978
-40.544 39.812
-40.592 39.666
-40.656 39.526
-40.761 39.419
-40.884 39.384
-41.019 39.413
-41.149 39.499
-41.272 39.677
-41.354 39.933
-41.378 40.239
-41.357 40.508
-41.317 40.724
-41.251 40.936
-41.144 41.078
-41.051 41.176
-40.953 41.271
-40.847 41.335
-40.754 41.384
-40.658 41.403
-40.54 41.359
-40.476 41.23
-40.454 41.114
-40.414 40.995
-40.346 40.809
-40.27 40.525
-40.25 40.207
-40.243 39.921
-40.257 39.603
-40.31 39.281
-40.377 38.995
-40.453 38.74
-40.525 38.528
-40.585 38.352
-40.666 38.222
-40.745 38.164
-40.809 38.095
-40.904 38.055
-40.991 38.06
-41.042 38.053
-41.132 38.052
-41.248 38.122
-41.364 38.293
-41.451 38.477
-41.553 38.721
-41.593 38.986
-41.587 39.223
-41.573 39.447
-41.465 39.647
-41.321 39.824
-41.17 40.0
-40.992 40.138
-40.825 40.185
-40.705 40.16
-40.606 40.132
-40.518 40.044
-40.478 39.908
-40.449 39.775
-40.455 39.638
-40.417 39.486
-40.378 39.252
-40.402 38.999
-40.469 38.75
-40.58 38.503
-40.739 38.297
-40.912 38.177
-41.072 38.083
-41.236 38.061
-41.38 38.109
-41.489 38.23
-41.568 38.395
-41.628 38.613
-41.631 38.879
-41.567 39.156
-41.448 39.381
-41.321 39.539
-41.181 39.694
-41.005 39.794
-40.856 39.832
-40.723 39.84
-40.601 39.805
-40.515 39.728
-40.452 39.644
-40.385 39.509
-40.377 39.342
-40.341 39.15
-40.349 38.894
-40.441 38.665
-40.56 38.492
-40.699 38.326
-40.894 38.203
-41.101 38.125
-41.303 38.104
-41.502 38.135
-41.677 38.266
-41.771 38.431
-41.848 38.582
-41.903 38.798
-41.867 39.053
-41.758 39.218
-41.692 39.346
-41.543 39.531
-41.336 39.629
-41.15 39.676
-40.981 39.714
-40.785 39.695
-40.635 39.605
-40.52 39.522
-40.414 39.386
-40.373 39.204
-40.377 39.025
-40.409 38.838
-40.473 38.664
-40.588 38.529
-40.736 38.427
-40.874 38.399
-40.97 38.374
-41.094 38.39
-41.211 38.459
-41.319 38.559
-41.405 38.69
-41.467 38.85
-41.489 39.048
-41.463 39.232
-41.412 39.394
-41.326 39.556
-41.19 39.66
-41.044 39.707
-40.869 39.699
-40.67 39.604
-40.52 39.437
-40.414 39.283
-40.315 39.122
-40.223 38.92
-40.189 38.658
-40.226 38.444
-40.269 38.298
-40.287 38.114
-40.368 37.918
-40.499 37.827
-40.606 37.798
-40.746 37.779
-40.923 37.874
-41.059 38.013
-41.193 38.164
-41.33 38.371
-41.412 38.627
-41.455 38.849
-41.461 39.087
-41.378 39.254
-41.307 39.363
-41.225 39.478
-41.109 39.583
-40.975 39.6
-40.886 39.615
-40.752 39.618
-40.617 39.525
-40.517 39.421
-40.421 39.297
-40.296 39.104
-40.22 38.81
-40.242 38.566
-40.229 38.4
-40.229 38.169
-40.282 37.975
-40.331 37.835
-40.386 37.689
-40.496 37.58
-40.631 37.56
-40.751 37.611
-40.855 37.676
-40.967 37.761
-41.049 37.883
-41.12 38.019
-41.197 38.202
-41.224 38.447
-41.215 38.684
-41.189 38.906
-41.14 39.143
-41.057 39.356
-40.953 39.532
-40.861 39.667
-40.753 39.797
-40.63 39.861
-40.534 39.897
-40.437 39.915
-40.347 39.899
-40.271 39.866
-40.192 39.81
-40.111 39.717
-40.038 39.571
-39.998 39.396
-39.958 39.231
-39.941 39.032
-39.906 38.88
-39.827 38.641
-39.853 38.349
-39.921 38.134
-39.977 37.936
-40.088 37.721
-40.243 37.598
-40.366 37.523
-40.503 37.39
-40.702 37.344
-40.851 37.366
-40.985 37.352
-41.138 37.408
-41.226 37.506
-41.314 37.604
-41.397 37.78
-41.41 37.993
-41.397 38.167
-41.358 38.361
-41.265 38.537
-41.166 38.687
-41.058 38.882
-40.887 39.065
-40.721 39.156
-40.605 39.25
-40.464 39.368
-40.311 39.415
-40.173 39.429
-39.999 39.404
-39.842 39.253
-39.741 39.129
-39.612 38.999
-39.518 38.804
-39.479 38.657
-39.434 38.551
-39.403 38.417
-39.425 38.302
-39.459 38.223
-39.489 38.123
-39.591 37.994
-39.734 37.895
-39.87 37.797
-40.032 37.654
-40.238 37.556
-40.429 37.536
-40.583 37.543
-40.746 37.588
-40.893 37.748
-40.963 37.953
-41.009 38.15
-41.042 38.365
-41.026 38.647
-40.921 38.879
-40.831 39.079
-40.688 39.295
-40.433 39.332
-40.282 39.209
-40.195 39.186
-40.019 39.166
-39.853 38.948
-39.828 38.766
-39.762 38.698
-39.667 38.533
-39.672 38.349
-39.697 38.256
-39.69 38.115
-39.749 37.895
-39.903 37.741
-40.035 37.687
-40.132 37.587
-40.282 37.509
-40.429 37.518
-40.553 37.547
-40.681 37.596
-40.817 37.704
-40.924 37.875
-41.008 38.048
-41.078 38.244
-41.103 38.486
-41.081 38.691
-41.057 38.899
-40.973 39.103
-40.869 39.252
-40.756 39.392
-40.622 39.504
-40.485 39.585
-40.369 39.599
-40.234 39.645
-40.1 39.57
-40.025 39.507
-39.962 39.463
-39.874 39.377
-39.804 39.278
-39.747 39.188
-39.662 39.058
-39.622 38.895
-39.552 38.763
-39.481 38.573
-39.457 38.382
-39.412 38.22
-39.386 38.015
-39.404 37.839
-39.425 37.692
-39.469 37.542
-39.549 37.432
-39.556 37.311
-39.59 37.103
-39.665 37.0
-39.674 36.924
-39.702 36.842
-39.722 36.828
-39.71 36.804
-39.693 36.77