-23.647 215.348
-23.664 215.29
-23.686 215.249
-23.718 215.225
-23.705 215.183
-23.722 215.1
-23.702 215.049
-23.719 214.957
-23.704 214.905
-23.687 214.841
-23.664 214.799
-23.641 214.729
-23.62 214.664
-23.634 214.615
-23.617 214.586
-23.585 214.583
-23.532 214.523
-23.494 214.436
-23.51 214.39
-23.489 214.389
-23.433 214.369
-23.349 214.317
-23.326 214.234
-23.333 214.204
-23.346 214.217
-23.315 214.261
-23.273 214.226
-23.255 214.199
-23.256 214.155
-23.303 214.113
-23.357 214.088
-23.42 214.082
-23.465 214.055
-23.519 214.029
-23.61 214.015
-23.691 214.011
-23.785 214.022
-23.807 214.016
-23.862 213.948
-23.936 213.928
-23.994 213.932
-24.034 213.945
-24.038 213.908
-24.105 213.861
-24.185 213.867
-24.216 213.914
-24.212 213.926
-24.228 213.876
-24.315 213.845
-24.377 213.875
-24.392 213.89
-24.417 213.864
-24.472 213.806
-24.592 213.799
-24.645 213.845
-24.673 213.852
-24.726 213.824
-24.801 213.81
-24.865 213.85
-24.912 213.879
-24.977 213.907
-25.027 213.914
-25.091 213.916
-25.141 213.959
-25.187 213.972
-25.206 213.998
-25.247 213.987
-25.291 214.03
-25.284 214.051
-25.262 214.048
-25.237 213.989
-25.244 213.926
-25.299 213.894
-25.311 213.906
-25.289 213.903
-25.278 213.853
-25.323 213.802
-25.378 213.775
-25.434 213.778
-25.442 213.765
-25.459 213.697
-25.531 213.655
-25.576 213.678
-25.57 213.663
-25.612 213.61
-25.668 213.6
-25.709 213.621
-25.717 213.712
-25.665 213.705
-25.731 213.667
-25.772 213.705
-25.793 213.728
-25.802 213.723
-25.85 213.726
-25.878 213.731
-25.931 213.741
-25.988 213.778
-25.99 213.802
-26.029 213.76
-26.101 213.757
-26.135 213.8
-26.112 213.823
-26.119 213.748
-26.182 213.732
-26.229 213.736
-26.241 213.701
-26.258 213.656
-26.256 213.617
-26.257 213.549
-26.301 213.515
-26.292 213.502
-26.298 213.465
-26.298 213.419
-26.356 213.385
-26.406 213.39
-26.447 213.424
-26.446 213.475
-26.46 213.492
-26.455 213.512
-26.463 213.48
-26.435 213.453
-26.459 213.362
-26.515 213.364
-26.527 213.345
-26.554 213.316
-26.579 213.246
-26.608 213.202
-26.608 213.157
-26.626 213.122
-26.603 213.095
-26.565 213.034
-26.583 212.923
-26.587 212.898
-26.549 212.843
-26.491 212.797
-26.454 212.734
-26.38 212.676
-26.342 212.601
-26.276 212.56
-26.183 212.495
-26.116 212.407
-26.08 212.356
-26.042 212.308
-25.976 212.284
-25.902 212.202
-25.869 212.118
-25.857 212.062
-25.836 212.043
-25.796 212.001
-25.752 211.936
-25.751 211.87
-25.746 211.834
-25.725 211.798
-25.684 211.754
-25.682 211.667
-25.696 211.649
-25.696 211.594
-25.704 211.559
-25.689 211.482
-25.74 211.44
-25.766 211.441
-25.8 211.464
-25.782 211.461
-25.817 211.443
-25.796 211.424
-25.791 211.405
-25.783 211.402
-25.792 211.368
-25.802 211.338
-25.841 211.308
-25.865 211.315
-25.885 211.335
-25.866 211.347
-25.833 211.304
-25.842 211.243
-25.876 211.228
-25.878 211.201
-25.877 211.147
-25.888 211.089
-25.941 211.028
-26.02 211.012
-26.043 211.026
-26.038 210.988
-26.05 210.936
-26.102 210.891
-26.166 210.898
-26.147 210.908
-26.13 210.876
-26.161 210.801
-26.231 210.789
-26.227 210.791
-26.206 210.758
-26.202 210.65
-26.285 210.592
-26.317 210.588
-26.308 210.573
-26.289 210.499
-26.336 210.393
-26.401 210.364
-26.42 210.376
-26.41 210.338
-26.435 210.255
-26.496 210.206
-26.53 210.225
-26.528 210.213
-26.52 210.166
-26.57 210.1
-26.605 210.138
-26.605 210.132
-26.597 210.108
-26.62 210.064
-26.638 210.099
-26.643 210.12
-26.606 210.158
-26.579 210.137
-26.567 210.115
-26.611 210.072
-26.658 210.117
-26.633 210.129
-26.612 210.091
-26.665 210.012
-26.748 210.035
-26.772 210.064
-26.787 210.066
-26.854 210.046
-26.957 210.101
-26.96 210.192
-26.974 210.218
-27.033 210.279
-27.07 210.387
-27.074 210.493
-27.051 210.556
-27.072 210.624
-27.079 210.709
-27.061 210.804
-27.031 210.834
-27.045 210.876
-27.067 210.926
-27.058 210.985
-27.033 210.995
-27.062 211.016
-27.075 211.079
-27.048 211.111
-27.033 211.107
-27.083 211.121
-27.103 211.189
-27.076 211.231
-27.036 211.226
-27.045 211.202
-27.002 211.184
-26.974 211.157
-26.946 211.138
-26.888 211.132
-26.854 211.064
-26.89 211.056
-26.886 211.079
-26.863 211.093
-26.832 211.043
-26.861 211.021
-26.861 211.019
-26.872 210.992
-26.852 210.956
-26.875 210.901
-26.886 210.891
-26.905 210.889
-26.881 210.905
-26.888 210.867
-26.913 210.882
-26.949 210.905
-26.92 210.949
-26.893 210.916
-26.893 210.898
-26.94 210.899
-26.919 210.953
-26.874 210.931
-26.857 210.91
-26.889 210.93
-26.85 211.002
-26.81 211.005
-26.758 210.999
-26.756 211.017
-26.698 211.079
-26.661 211.093
-26.631 211.089
-26.579 211.058
-26.535 211.003
-26.499 210.971
-26.447 210.914
-26.392 210.804
-26.387 210.702
-26.348 210.662
-26.283 210.619
-26.232 210.564
-26.194 210.556
-26.17 210.622
-26.118 210.673
-26.059 210.703
-26.022 210.743
-25.99 210.776
-25.95 210.79
-25.882 210.74
-25.831 210.7
-25.805 210.675
-25.778 210.677
-25.728 210.679
-25.671 210.652
-25.66 210.664
-25.643 210.73
-25.606 210.786
-25.57 210.827
-25.563 210.8
-25.573 210.854
-25.565 210.91
-25.536 211.005
-25.454 211.037
-25.418 211.024
-25.468 211.04
-25.486 211.127
-25.431 211.189
-25.372 211.193
-25.354 211.198
-25.361 211.213
-25.354 211.289
-25.287 211.357
-25.233 211.36
-25.254 211.358
-25.282 211.462
-25.25 211.587
-25.182 211.64
-25.198 211.681
-25.209 211.744
-25.222 211.833
-25.22 211.929
-25.215 211.979
-25.247 211.988
-25.334 212.024
-25.404 212.113
-25.409 212.172
-25.434 212.149
-25.506 212.179
-25.544 212.231
-25.577 212.281
-25.591 212.301
-25.652 212.29
-25.743 212.377
-25.723 212.449
-25.72 212.45
-25.766 212.43
-25.847 212.497
-25.837 212.584
-25.799 212.591
-25.835 212.539
-25.9 212.552
-25.937 212.604
-25.904 212.651
-25.892 212.636
-25.921 212.643
-25.991 212.663
-26.006 212.656
-25.992 212.551
-26.046 212.494
-26.058 212.447
-26.071 212.416
-26.051 212.378
-26.065 212.308
-26.108 212.287
-26.157 212.303
-26.149 212.36
-26.164 212.371
-26.195 212.383
-26.259 212.393
-26.273 212.456
-26.265 212.484
-26.273 212.462
-26.341 212.433
-26.362 212.469
-26.351 212.462
-26.341 212.432
-26.388 212.375
-26.431 212.397
-26.454 212.418
-26.456 212.446
-26.45 212.404
-26.495 212.381
-26.54 212.397
-26.555 212.441
-26.544 212.443
-26.567 212.408
-26.629 212.44
-26.659 212.501
-26.652 212.527
-26.633 212.48
-26.709 212.453
-26.77 212.479
-26.777 212.53
-26.787 212.506
-26.859 212.478
-26.947 212.499
-26.958 212.565
-26.898 212.522
-26.948 212.453
-27.052 212.424
-27.139 212.491
-27.097 212.523
-27.059 212.456
-27.117 212.335
-27.255 212.318
-27.285 212.363
-27.263 212.333
-27.267 212.318
-27.348 212.299
-27.407 212.315
-27.414 212.295
-27.449 212.246
-27.525 212.192
-27.585 212.181
-27.605 212.153
-27.646 212.084
-27.716 212.025
-27.79 212.017
-27.824 212.029
-27.871 212.02
-27.937 212.04
-27.985 212.097
-27.968 212.155
-27.956 212.13
-27.982 212.13
-28.007 212.176
-27.959 212.236
-27.919 212.188
-27.931 212.158
-27.938 212.181
-27.881 212.225
-27.828 212.196
-27.807 212.169
-27.801 212.134
-27.763 212.131
-27.709 212.106
-27.663 212.06
-27.655 212.008
-27.638 211.998
-27.582 211.962
-27.551 211.874
-27.544 211.796
-27.542 211.733
-27.509 211.665
-27.485 211.562
-27.498 211.469
-27.498 211.421
-27.477 211.379
-27.464 211.308
-27.473 211.246
-27.486 211.203
-27.498 211.179
-27.505 211.117
-27.555 211.063
-27.599 211.038
-27.623 211.001
-27.674 210.936
-27.758 210.9
-27.817 210.896
-27.862 210.907
-27.878 210.851
-27.944 210.792
-28.007 210.785
-28.005 210.772
-28.017 210.69
-28.073 210.644
-28.104 210.675
-28.085 210.703
-28.06 210.673
-28.084 210.632
-28.141 210.656
-28.13 210.706
-28.086 210.659
-28.117 210.59
-28.159 210.593
-28.132 210.617
-28.086 210.584
-28.072 210.542
-28.032 210.511
-27.983 210.443
-27.969 210.378
-27.926 210.322
-27.901 210.255
-27.86 210.215
-27.815 210.198
-27.763 210.158
-27.752 210.087
-27.732 210.045
-27.719 210.006
-27.694 209.96
-27.645 209.871
-27.636 209.779
-27.631 209.745
-27.572 209.743
-27.48 209.724
-27.413 209.657
-27.397 209.632
-27.343 209.641
-27.259 209.607
-27.183 209.541
-27.142 209.478
-27.118 209.44
-27.069 209.424
-27.009 209.375
-26.962 209.313
-26.953 209.271
-26.958 209.273
-26.942 209.278
-26.909 209.268
-26.91 209.248
-26.922 209.258
-26.915 209.297
-26.884 209.31
-26.873 209.309
-26.872 209.33
-26.862 209.359
-26.837 209.394
-26.806 209.423
-26.77 209.468
-26.707 209.52
-26.615 209.517
-26.571 209.495
-26.544 209.477
-26.511 209.494
-26.456 209.481
-26.416 209.444
-26.414 209.415
-26.397 209.419
-26.355 209.401
-26.323 209.382
-26.313 209.367
-26.292 209.385
-26.26 209.385
-26.234 209.363
-26.238 209.362
-26.229 209.414
-26.182 209.479
-26.13 209.513
-26.096 209.541
-26.057 209.619
-25.969 209.657
-25.906 209.679
-25.859 209.694
-25.802 209.726
-25.722 209.746
-25.664 209.734
-25.632 209.738
-25.603 209.761
-25.564 209.799
-25.517 209.824
-25.496 209.835
-25.465 209.864
-25.411 209.896
-25.366 209.91
-25.326 209.893
-25.291 209.901
-25.255 209.912
-25.212 209.922
-25.211 209.917
-25.173 209.929
-25.164 209.956
-25.122 209.964
-25.14 209.965
-25.105 210.032
-25.098 210.075
-25.063 210.123
-25.067 210.159
-25.047 210.224
-25.022 210.297
-24.964 210.352
-24.942 210.375
-24.944 210.441
-24.917 210.482
-24.855 210.493
-24.802 210.468
-24.772 210.491
-24.776 210.55
-24.73 210.646
-24.729 210.736
-24.797 210.874
-24.846 210.985
-24.909 211.068
-24.911 211.127
-24.947 211.131
-25.005 211.19
-25.036 211.256
-25.034 211.303
-25.077 211.269
-25.125 211.297
-25.133 211.309
-25.111 211.313
-25.079 211.293
-25.046 211.325
-25.016 211.343
-24.991 211.374
-24.964 211.366
-24.973 211.372
-24.955 211.366
-24.907 211.45
-24.868 211.511
-24.859 211.582
-24.832 211.653
-24.803 211.688
-24.782 211.682
-24.765 211.705
-24.703 211.709
-24.646 211.738
-24.608 211.719
-24.621 211.735
-24.607 211.761
-24.591 211.775
-24.566 211.712
-24.568 211.664
-24.565 211.681
-24.55 211.694
-24.529 211.676
-24.546 211.636
-24.587 211.649
-24.58 211.672
-24.555 211.664
-24.558 211.648
-24.581 211.651
-24.583 211.651
-24.596 211.638
-24.612 211.613
-24.623 211.574
-24.64 211.551
-24.675 211.536
-24.69 211.531
-24.702 211.509
-24.755 211.488
-24.809 211.5
-24.847 211.528
-24.885 211.568
-24.921 211.625
-24.935 211.734
-24.951 211.794
-24.967 211.88
-24.936 211.954
-24.891 211.989
-24.883 212.005
-24.877 212.039
-24.848 212.1
-24.803 212.113
-24.771 212.109
-24.783 212.099
-24.764 212.128
-24.762 212.111
-24.737 212.125
-24.708 212.138
-24.68 212.176
-24.67 212.175
-24.661 212.222
-24.646 212.223
-24.646 212.249
-24.635 212.251
-24.658 212.294
-24.649 212.323
-24.651 212.367
-24.623 212.392
-24.633 212.405
-24.612 212.449
-24.597 212.467
-24.591 212.505
-24.582 212.523
-24.58 212.571
-24.537 212.607
-24.542 212.626
-24.518 212.663
-24.535 212.684
-24.492 212.745
-24.449 212.715
-24.397 212.714
-24.387 212.71
-24.342 212.765
-24.284 212.782
-24.237 212.778
-24.215 212.751
-24.211 212.731
-24.179 212.727
-24.181 212.696
-24.191 212.696
-24.24 212.73
-24.268 212.803
-24.263 212.854
-24.272 212.891
-24.29 212.942
-24.295 212.994
-24.313 213.058
-24.303 213.108
-24.315 213.139
-24.35 213.158
-24.417 213.205
-24.47 213.279
-24.515 213.382
-24.431 213.465
-24.37 213.458
-24.326 213.454
-24.3 213.476
-24.253 213.47
-24.209 213.455
-24.168 213.424
-24.132 213.394
-24.105 213.354
-24.071 213.326
-24.02 213.31
-23.956 213.271
-23.916 213.22
-23.892 213.176
-23.866 213.144
-23.807 213.104
-23.751 213.001
-23.752 212.901
-23.748 212.846
-23.718 212.808
-23.69 212.736
-23.677 212.667
-23.667 212.578
-23.65 212.514
-23.63 212.442
-23.604 212.378
-23.577 212.304
-23.558 212.221
-23.532 212.156
-23.514 212.09
-23.479 212.052
-23.45 211.975
-23.432 211.889
-23.429 211.836
-23.389 211.791
-23.375 211.74
-23.369 211.68
-23.399 211.644
-23.409 211.623
-23.427 211.613
-23.448 211.575
-23.486 211.557
-23.524 211.559
-23.549 211.544
-23.598 211.516
-23.65 211.475
-23.71 211.452
-23.774 211.465
-23.8 211.472
-23.804 211.496
-23.839 211.487
-23.848 211.496
-23.816 211.499
-23.794 211.475
-23.768 211.443
-23.739 211.407
-23.678 211.376
-23.677 211.338
-23.657 211.318
-23.641 211.298
-23.617 211.263
-23.612 211.223
-23.596 211.164
-23.584 211.076
-23.57 211.009
-23.535 210.944
-23.506 210.896
-23.483 210.843
-23.454 210.829
-23.413 210.806
-23.385 210.802
-23.331 210.808
-23.265 210.809
-23.22 210.805
-23.192 210.801
-23.129 210.787
-23.085 210.744
-23.047 210.729
-23.01 210.704
-22.962 210.683
-22.915 210.628
-22.88 210.593
-22.831 210.552
-22.786 210.508
-22.74 210.443
-22.701 210.396
-22.64 210.363
-22.594 210.303
-22.573 210.234
-22.543 210.172
-22.5 210.114
-22.447 210.054
-22.433 209.984
-22.402 209.943
-22.371 209.876
-22.347 209.821
-22.313 209.748
-22.285 209.678
-22.231 209.634
-22.231 209.561
-22.225 209.534
-22.237 209.506
-22.215 209.513
-22.222 209.466
-22.198 209.436
-22.116 209.336
-22.044 209.233
-21.979 209.157
-21.924 209.07
-21.866 208.992
-21.828 208.93
-21.789 208.875
-21.774 208.813
-21.749 208.771
-21.743 208.731
-21.755 208.69
-21.799 208.652
-21.854 208.631
-21.877 208.703
-21.863 208.776
-21.794 208.81
-21.745 208.8
-21.727 208.803
-21.715 208.842
-21.669 208.889
-21.62 208.906
-21.582 208.895
-21.558 208.874
-21.532 208.856
-21.499 208.842
-21.459 208.808
-21.412 208.755
-21.382 208.668
-21.396 208.593
-21.406 208.539
-21.395 208.488
-21.382 208.415
-21.396 208.35
-21.405 208.281
-21.395 208.236
-21.362 208.193
-21.327 208.139
-21.29 208.081
-21.285 208.013
-21.291 207.95
-21.301 207.887
-21.301 207.82
-21.27 207.773
-21.232 207.717
-21.223 207.641
-21.226 207.572
-21.187 207.544
-21.144 207.501
-21.114 207.444
-21.084 207.391
-21.065 207.323
-21.047 207.285
-21.015 207.24
-20.981 207.194
-20.946 207.132
-20.921 207.047
-20.893 206.956
-20.824 206.862
-20.734 206.8
-20.658 206.712
-20.612 206.66
-20.575 206.585
-20.531 206.511
-20.503 206.415
-20.491 206.326
-20.473 206.25
-20.456 206.151
-20.44 206.038
-20.395 205.942
-20.367 205.866
-20.315 205.787
-20.269 205.696
-20.241 205.595
-20.22 205.483
-20.191 205.365
-20.153 205.269
-20.126 205.178
-20.089 205.091
-20.039 204.995
-20.009 204.899
-19.984 204.813
-19.936 204.751
-19.871 204.688
-19.821 204.624
-19.783 204.579
-19.759 204.541
-19.73 204.51
-19.721 204.454
-19.707 204.431
-19.716 204.384
-19.719 204.359
-19.744 204.31
-19.789 204.297
-19.822 204.3
-19.865 204.327
-19.892 204.333
-19.924 204.367
-19.945 204.335
-19.955 204.315
-19.99 204.297
-20.026 204.286
-20.052 204.267
-20.061 204.253
-20.027 204.239
-19.989 204.192
-19.939 204.152
-19.876 204.087
-19.843 204.017
-19.82 203.937
-19.771 203.892
-19.699 203.832
-19.636 203.759
-19.598 203.682
-19.534 203.628
-19.457 203.58
-19.372 203.526
-19.348 203.499
-19.359 203.497
-19.377 203.473