-19.858 237.936
-19.898 237.952
-19.947 237.956
-20.009 237.999
-20.037 238.044
-20.063 238.057
-20.104 238.055
-20.154 238.07
-20.219 238.088
-20.274 238.112
-20.3 238.134
-20.331 238.123
-20.399 238.114
-20.448 238.125
-20.497 238.13
-20.52 238.125
-20.561 238.109
-20.6 238.093
-20.64 238.065
-20.68 238.042
-20.731 238.022
-20.757 238.01
-20.773 237.971
-20.796 237.924
-20.846 237.872
-20.883 237.845
-20.909 237.813
-20.911 237.769
-20.943 237.703
-20.943 237.641
-20.991 237.566
-21.015 237.529
-21.04 237.49
-21.029 237.461
-21.03 237.397
-21.019 237.343
-21.037 237.283
-21.052 237.242
-21.059 237.208
-21.041 237.176
-21.033 237.122
-21.053 237.061
-21.07 237.03
-21.08 237.018
-21.08 236.997
-21.065 236.968
-21.058 236.921
-21.079 236.885
-21.095 236.877
-21.097 236.875
-21.088 236.858
-21.081 236.836
-21.082 236.808
-21.088 236.791
-21.089 236.776
-21.087 236.775
-21.059 236.764
-21.036 236.719
-21.049 236.69
-21.06 236.684
-21.038 236.688
-21.011 236.669
-20.997 236.645
-20.993 236.619
-20.991 236.608
-20.991 236.606
-20.966 236.621
-20.929 236.598
-20.921 236.56
-20.928 236.532
-20.941 236.535
-20.928 236.548
-20.906 236.528
-20.906 236.488
-20.905 236.463
-20.913 236.46
-20.902 236.463
-20.881 236.439
-20.865 236.42
-20.853 236.393
-20.851 236.378
-20.837 236.371
-20.828 236.357
-20.802 236.331
-20.803 236.301
-20.8 236.285
-20.79 236.276
-20.773 236.246
-20.763 236.212
-20.767 236.19
-20.762 236.151
-20.747 236.129
-20.747 236.097
-20.742 236.072
-20.727 236.038
-20.698 236.012
-20.701 235.978
-20.691 235.965
-20.666 235.933
-20.644 235.903
-20.641 235.873
-20.626 235.85
-20.614 235.832
-20.595 235.815
-20.578 235.793
-20.574 235.778
-20.554 235.766
-20.533 235.747
-20.515 235.742
-20.491 235.741
-20.45 235.733
-20.414 235.726
-20.381 235.728
-20.343 235.743
-20.274 235.759
-20.228 235.77
-20.18 235.777
-20.147 235.789
-20.109 235.804
-20.072 235.813
-20.035 235.838
-20.004 235.828
-19.973 235.827
-19.958 235.825
-19.948 235.845
-19.903 235.858
-19.866 235.837
-19.849 235.818
-19.858 235.825
-19.84 235.854
-19.799 235.863
-19.775 235.86
-19.747 235.852
-19.736 235.831
-19.734 235.831
-19.727 235.851
-19.704 235.872
-19.671 235.86
-19.657 235.843
-19.652 235.825
-19.658 235.828
-19.641 235.827
-19.64 235.837
-19.613 235.836
-19.613 235.832
-19.592 235.811
-19.585 235.801
-19.587 235.796
-19.578 235.808
-19.579 235.805
-19.594 235.82
-19.591 235.831
-19.59 235.844
-19.584 235.842
-19.616 235.841
-19.638 235.865
-19.664 235.892
-19.652 235.909
-19.666 235.889
-19.694 235.892
-19.728 235.909
-19.743 235.922
-19.743 235.933
-19.761 235.936
-19.775 235.934
-19.804 235.943
-19.813 235.953
-19.825 235.968
-19.841 235.975
-19.832 235.977
-19.824 235.967
-19.836 235.971
-19.847 235.967
-19.856 235.972
-19.847 235.967
-19.844 235.971
-19.841 235.981
-19.835 235.998
-19.839 236.012
-19.835 236.034
-19.836 236.059
-19.842 236.085
-19.835 236.112
-19.824 236.138
-19.818 236.157
-19.827 236.178
-19.822 236.218
-19.812 236.251
-19.804 236.282
-19.808 236.303
-19.805 236.327
-19.811 236.353
-19.826 236.388
-19.824 236.43
-19.811 236.455
-19.81 236.466
-19.827 236.477
-19.853 236.515
-19.852 236.553
-19.845 236.563
-19.861 236.574
-19.881 236.581
-19.891 236.612
-19.891 236.609
-19.919 236.618
-19.943 236.625
-19.954 236.64
-19.961 236.641
-19.984 236.637
-20.006 236.635
-20.03 236.647
-20.038 236.648
-20.055 236.643
-20.073 236.631
-20.116 236.64
-20.131 236.64
-20.151 236.639
-20.178 236.632
-20.212 236.625
-20.253 236.619
-20.289 236.612
-20.315 236.606
-20.323 236.581
-20.358 236.553
-20.4 236.544
-20.418 236.55
-20.411 236.542
-20.414 236.513
-20.435 236.478
-20.47 236.456
-20.499 236.449
-20.514 236.434
-20.536 236.413
-20.576 236.372
-20.606 236.362
-20.643 236.343
-20.677 236.341
-20.689 236.317
-20.707 236.297
-20.727 236.279
-20.755 236.262
-20.793 236.232
-20.809 236.226
-20.828 236.199
-20.861 236.182
-20.894 236.171
-20.917 236.17
-20.936 236.153
-20.959 236.128
-20.997 236.105
-21.025 236.086
-21.068 236.073
-21.088 236.076
-21.103 236.056
-21.123 236.052
-21.145 236.038
-21.173 236.033
-21.2 236.021
-21.219 236.021
-21.249 236.012
-21.278 235.986
-21.33 235.974
-21.363 235.977
-21.373 235.977
-21.39 235.938
-21.429 235.909
-21.454 235.903
-21.461 235.886
-21.469 235.851
-21.503 235.825
-21.521 235.813
-21.533 235.786
-21.545 235.762
-21.562 235.717
-21.589 235.684
-21.616 235.657
-21.62 235.633
-21.63 235.579
-21.653 235.54
-21.662 235.513
-21.682 235.473
-21.703 235.444
-21.715 235.414
-21.726 235.389
-21.743 235.358
-21.775 235.353
-21.791 235.344
-21.793 235.343
-21.804 235.303
-21.841 235.29
-21.863 235.298
-21.868 235.308
-21.872 235.281
-21.911 235.276
-21.922 235.275
-21.936 235.273
-21.95 235.262
-21.969 235.263
-21.965 235.253
-21.97 235.24
-21.979 235.233
-21.988 235.215
-21.986 235.183
-21.994 235.134
-22.002 235.077
-22.022 235.03
-22.026 234.994
-22.038 234.94
-22.067 234.874
-22.128 234.81
-22.155 234.773
-22.166 234.72
-22.19 234.661
-22.219 234.615
-22.232 234.576
-22.248 234.535
-22.26 234.494
-22.278 234.459
-22.276 234.436
-22.282 234.395
-22.296 234.359
-22.324 234.339
-22.328 234.322
-22.334 234.288
-22.359 234.244
-22.385 234.221
-22.402 234.192
-22.414 234.17
-22.435 234.147
-22.46 234.122
-22.493 234.101
-22.514 234.097
-22.556 234.076
-22.586 234.067
-22.614 234.06
-22.626 234.051
-22.661 234.037
-22.676 234.035
-22.672 234.036
-22.675 234.018
-22.7 233.997
-22.724 233.993
-22.718 233.99
-22.728 233.975
-22.737 233.968
-22.758 233.954
-22.759 233.945
-22.78 233.929
-22.794 233.932
-22.817 233.932
-22.814 233.924
-22.843 233.914
-22.863 233.928
-22.887 233.932
-22.884 233.942
-22.911 233.929
-22.934 233.935
-22.969 233.953
-22.976 233.981
-23.004 233.985
-23.022 234.018
-23.048 234.06
-23.037 234.105
-23.051 234.141
-23.025 234.179
-23.023 234.187
-23.015 234.201
-23.019 234.204
-23.028 234.224
-23.015 234.229
-23.008 234.237
-22.998 234.231
-23.008 234.23
-23.002 234.232
-23.023 234.244
-23.027 234.253
-23.053 234.264
-23.05 234.28
-23.051 234.283
-23.045 234.294
-23.054 234.302
-23.032 234.299
-23.034 234.296
-23.027 234.315
-23.023 234.307
-23.013 234.294
-23.021 234.277
-23.017 234.287
-23.018 234.274
-23.001 234.259
-22.995 234.239
-22.99 234.237
-22.992 234.226
-22.98 234.231
-22.964 234.227
-22.957 234.219
-22.975 234.22
-22.967 234.232
-22.96 234.229
-22.966 234.226
-22.981 234.217
-23.002 234.218
-23.006 234.215
-23.008 234.209
-23.014 234.176
-23.022 234.168
-22.994 234.163
-22.963 234.156
-22.928 234.139
-22.911 234.122
-22.89 234.115
-22.892 234.108
-22.873 234.106
-22.852 234.096
-22.829 234.1
-22.821 234.089
-22.817 234.094
-22.811 234.099
-22.788 234.111
-22.767 234.097
-22.773 234.091
-22.77 234.092
-22.763 234.112
-22.741 234.108
-22.745 234.081
-22.752 234.073
-22.756 234.085
-22.727 234.086
-22.726 234.077
-22.722 234.081
-22.72 234.083
-22.718 234.095
-22.708 234.096
-22.695 234.104
-22.68 234.104
-22.682 234.115
-22.685 234.116
-22.68 234.134
-22.659 234.129
-22.662 234.124
-22.685 234.122
-22.69 234.162
-22.673 234.178
-22.666 234.2
-22.665 234.201
-22.673 234.23
-22.658 234.252
-22.645 234.268
-22.633 234.264
-22.626 234.25
-22.622 234.247
-22.594 234.243
-22.555 234.21
-22.514 234.162
-22.516 234.142
-22.512 234.131
-22.489 234.081
-22.462 234.019
-22.433 233.974
-22.429 233.943
-22.407 233.918
-22.397 233.901
-22.368 233.886
-22.34 233.865
-22.322 233.827
-22.314 233.784
-22.305 233.763
-22.281 233.75
-22.261 233.714
-22.248 233.685
-22.235 233.668
-22.226 233.649
-22.22 233.633
-22.21 233.632
-22.17 233.626
-22.153 233.597
-22.144 233.561
-22.149 233.549
-22.134 233.548
-22.115 233.539
-22.1 233.514
-22.11 233.483
-22.117 233.478
-22.107 233.48
-22.085 233.462
-22.082 233.436
-22.087 233.421
-22.083 233.414
-22.085 233.4
-22.089 233.396
-22.084 233.396
-22.065 233.372
-22.075 233.349
-22.095 233.334
-22.097 233.342
-22.079 233.331
-22.088 233.316
-22.104 233.3
-22.125 233.308
-22.117 233.303
-22.124 233.304
-22.12 233.295
-22.13 233.295
-22.123 233.294
-22.129 233.308
-22.111 233.314
-22.108 233.304
-22.103 233.295
-22.129 233.305
-22.126 233.324
-22.121 233.327
-22.116 233.325
-22.127 233.329
-22.122 233.347
-22.109 233.356
-22.094 233.371
-22.093 233.385
-22.079 233.419
-22.048 233.439
-22.024 233.447
-22.004 233.457
-21.973 233.466
-21.943 233.465
-21.925 233.454
-21.909 233.439
-21.894 233.412
-21.883 233.391
-21.907 233.377
-21.915 233.364
-21.924 233.363
-21.923 233.363
-21.931 233.366
-21.923 233.355
-21.928 233.348
-21.923 233.354
-21.91 233.369
-21.878 233.365
-21.875 233.346
-21.879 233.351
-21.874 233.361
-21.837 233.372
-21.823 233.343
-21.827 233.339
-21.835 233.332
-21.824 233.327
-21.825 233.308
-21.829 233.309
-21.826 233.304
-21.813 233.299
-21.814 233.274
-21.818 233.267
-21.832 233.268
-21.823 233.262
-21.83 233.244
-21.836 233.252
-21.845 233.256
-21.844 233.266
-21.85 233.27
-21.848 233.299
-21.845 233.32
-21.84 233.35
-21.826 233.373
-21.827 233.399
-21.805 233.415
-21.803 233.411
-21.8 233.431
-21.765 233.442
-21.717 233.432
-21.704 233.397
-21.695 233.382
-21.693 233.363
-21.676 233.353
-21.673 233.332
-21.679 233.328
-21.686 233.335
-21.694 233.349
-21.703 233.36
-21.708 233.397
-21.699 233.448
-21.689 233.503
-21.677 233.544
-21.664 233.585
-21.639 233.618
-21.627 233.653
-21.608 233.68
-21.608 233.7
-21.588 233.72
-21.576 233.734
-21.559 233.747
-21.552 233.766
-21.531 233.788
-21.517 233.8
-21.502 233.811
-21.497 233.824
-21.484 233.848
-21.458 233.866
-21.451 233.875
-21.456 233.897
-21.452 233.936
-21.443 233.971
-21.448 233.99
-21.469 234.01
-21.489 234.032
-21.502 234.055
-21.533 234.058
-21.558 234.035
-21.607 234.023
-21.62 234.032
-21.635 234.044
-21.646 234.052
-21.658 234.067
-21.662 234.078
-21.671 234.086
-21.693 234.1
-21.709 234.123
-21.732 234.153
-21.751 234.16
-21.787 234.166
-21.827 234.201
-21.847 234.235
-21.87 234.264
-21.904 234.278
-21.951 234.289
-22.013 234.281
-22.046 234.302
-22.079 234.313
-22.108 234.304
-22.149 234.282
-22.202 234.3
-22.242 234.312
-22.263 234.315
-22.289 234.3
-22.309 234.287
-22.323 234.267
-22.356 234.261
-22.377 234.243
-22.393 234.234
-22.402 234.21
-22.417 234.193
-22.426 234.175
-22.425 234.159
-22.438 234.128
-22.45 234.107
-22.462 234.086
-22.476 234.057
-22.501 234.032
-22.51 234.019
-22.521 233.993
-22.549 233.958
-22.58 233.905
-22.595 233.883
-22.597 233.831
-22.63 233.758
-22.679 233.698
-22.693 233.655
-22.679 233.591
-22.677 233.507
-22.69 233.438
-22.702 233.413
-22.669 233.373
-22.63 233.321
-22.596 233.254
-22.588 233.201
-22.571 233.173
-22.532 233.133
-22.506 233.089
-22.471 233.059
-22.447 233.024
-22.409 233.006
-22.376 232.972
-22.333 232.948
-22.309 232.912
-22.274 232.892
-22.256 232.867
-22.23 232.853
-22.196 232.825
-22.176 232.809
-22.143 232.797
-22.112 232.788
-22.081 232.779
-22.066 232.778
-22.031 232.791
-21.98 232.78
-21.929 232.748
-21.893 232.712
-21.867 232.685
-21.837 232.677
-21.798 232.668
-21.764 232.643
-21.745 232.628
-21.718 232.625
-21.69 232.627
-21.658 232.614
-21.64 232.599
-21.624 232.595
-21.599 232.587
-21.583 232.567
-21.585 232.564
-21.566 232.577
-21.546 232.574
-21.538 232.563
-21.551 232.543
-21.543 232.543
-21.512 232.527
-21.491 232.499
-21.49 232.47
-21.485 232.471
-21.461 232.462
-21.45 232.454
-21.445 232.45
-21.426 232.464
-21.402 232.461
-21.405 232.444
-21.423 232.423
-21.418 232.404
-21.383 232.396
-21.343 232.406
-21.306 232.431
-21.275 232.475
-21.256 232.509
-21.261 232.515
-21.265 232.497
-21.235 232.486
-21.186 232.499
-21.158 232.515
-21.143 232.545
-21.129 232.569
-21.125 232.594
-21.112 232.577
-21.088 232.576
-21.066 232.592
-21.043 232.615
-21.024 232.642
-21.008 232.669
-21.013 232.703
-20.991 232.711
-20.975 232.742
-20.974 232.74
-20.951 232.752
-20.933 232.771
-20.95 232.783
-20.924 232.794
-20.92 232.798
-20.929 232.8
-20.926 232.811
-20.92 232.81
-20.932 232.816
-20.915 232.805
-20.903 232.797
-20.89 232.8
-20.887 232.811
-20.867 232.834
-20.856 232.84
-20.858 232.844
-20.847 232.842
-20.827 232.862
-20.806 232.862
-20.794 232.877
-20.766 232.9
-20.748 232.916
-20.737 232.905
-20.724 232.916
-20.705 232.953
-20.693 232.972
-20.663 232.972
-20.653 232.99
-20.63 233.018
-20.624 233.049
-20.588 233.063
-20.566 233.094
-20.553 233.118
-20.533 233.139
-20.52 233.16
-20.495 233.173
-20.479 233.194
-20.477 233.206
-20.45 233.206
-20.428 233.209
-20.402 233.21
-20.384 233.194
-20.366 233.185
-20.345 233.177
-20.328 233.171
-20.303 233.16
-20.287 233.146
-20.281 233.133
-20.279 233.13
-20.258 233.127
-20.251 233.111
-20.239 233.095
-20.235 233.092
-20.221 233.093
-20.208 233.081
-20.186 233.055
-20.182 233.025
-20.17 232.994
-20.175 232.949
-20.189 232.891
-20.22 232.845
-20.247 232.827
-20.274 232.81
-20.275 232.805
-20.283 232.791
-20.284 232.785
-20.305 232.778
-20.324 232.792
-20.332 232.815
-20.325 232.836
-20.332 232.841
-20.34 232.861
-20.341 232.878
-20.342 232.91
-20.346 232.941
-20.367 232.968
-20.389 232.99
-20.435 233.026
-20.471 233.066
-20.478 233.081
-20.466 233.072
-20.458 233.061
-20.409 233.031
-20.384 233.015
-20.367 233.001
-20.366 232.97
-20.374 232.936
-20.399 232.926
-20.392 232.938
-20.394 232.944
-20.389 232.958
-20.359 232.958
-20.332 232.955
-20.308 232.943
-20.287 232.923
-20.297 232.899
-20.304 232.901
-20.315 232.905
-20.321 232.91
-20.332 232.904
-20.35 232.922
-20.349 232.933
-20.369 232.941
-20.397 232.949
-20.431 232.97
-20.449 232.986
-20.466 232.986
-20.489 233.004
-20.515 233.03
-20.524 233.06
-20.53 233.084
-20.535 233.11
-20.54 233.135
-20.543 233.157
-20.564 233.173
-20.591 233.214
-20.606 233.26
-20.612 233.294
-20.624 233.313
-20.634 233.342
-20.627 233.361
-20.626 233.363
-20.631 233.353
-20.665 233.347
-20.686 233.359
-20.697 233.363
-20.702 233.364
-20.711 233.397
-20.706 233.433
-20.716 233.45
-20.736 233.458
-20.758 233.464
-20.766 233.458
-20.746 233.444
-20.732 233.45
-20.726 233.457
-20.723 233.46
-20.714 233.452
-20.723 233.416
-20.758 233.393
-20.771 233.385
-20.786 233.363
-20.799 233.339
-20.844 233.313
-20.887 233.32
-20.917 233.317
-20.947 233.306
-20.988 233.301
-21.029 233.314
-21.067 233.327
-21.092 233.335
-21.128 233.336
-21.166 233.348
-21.203 233.355
-21.239 233.365
-21.279 233.391
-21.307 233.423
-21.315 233.455
-21.328 233.46
-21.344 233.48
-21.363 233.496
-21.364 233.51
-21.374 233.511
-21.369 233.516
-21.376 233.512
-21.375 233.507
-21.393 233.485
-21.414 233.473
-21.448 233.453
-21.477 233.441
-21.527 233.412
-21.569 233.367
-21.633 233.315
-21.692 233.262
-21.794 233.222
-21.892 233.216
-21.959 233.25
-21.977 233.253
-22.018 233.23
-22.065 233.238
-22.102 233.254
-22.148 233.28
-22.204 233.284
-22.27 233.283
-22.325 233.269
-22.377 233.259
-22.419 233.258
-22.373 233.258
-22.346 233.273
-22.414 233.308
-22.488 233.314
-22.545 233.323
-22.571 233.324
-22.577 233.295
-22.56 233.245
-22.558 233.248
-22.576 233.285
-22.615 233.32
-22.641 233.345
-22.644 233.366
-22.637 233.404
-22.638 233.395
-22.685 233.399
-22.719 233.447
-22.724 233.491
-22.728 233.499
-22.757 233.522
-22.785 233.559
-22.83 233.619
-22.861 233.7
-22.843 233.761
-22.833 233.776
-22.841 233.78
-22.865 233.787
-22.885 233.808
-22.904 233.834
-22.923 233.872
-22.947 233.908
-22.97 233.955
-22.991 234.001
-23.003 234.063
-23.027 234.116
-23.043 234.18
-23.053 234.233
-23.071 234.301
-23.085 234.364
-23.093 234.432
-23.093 234.486
-23.093 234.552
-23.08 234.622
-23.061 234.667
-23.045 234.703
-23.052 234.749
-23.021 234.806
-22.996 234.863
-22.941 234.917
-22.895 234.956
-22.857 234.994
-22.813 235.058
-22.748 235.106
-22.69 235.136
-22.626 235.153
-22.569 235.153
-22.518 235.154
-22.443 235.151
-22.351 235.143
-22.293 235.122
-22.232 235.097
-22.187 235.066
-22.158 235.043
-22.139 235.01
-22.129 234.975
-22.125 234.933
-22.115 234.895
-22.111 234.854
-22.109 234.828
-22.102 234.795
-22.103 234.754
-22.116 234.706
-22.142 234.673
-22.168 234.647
-22.201 234.631
-22.232 234.611
-22.287 234.607
-22.333 234.612
-22.372 234.629
-22.371 234.635
-22.394 234.635
-22.428 234.646
-22.464 234.663
-22.496 234.653
-22.543 234.643
-22.582 234.644
-22.606 234.649
-22.623 234.629
-22.641 234.609
-22.655 234.596
-22.642 234.604
-22.639 234.595
-22.639 234.606
-22.633 234.623
-22.599 234.659
-22.554 234.677
-22.545 234.702
-22.531 234.745
-22.513 234.791
-22.496 234.826
-22.499 234.857
-22.497 234.894
-22.494 234.924
-22.495 234.951
-22.511 234.987
-22.521 235.041
-22.52 235.09
-22.524 235.129
-22.536 235.158
-22.56 235.209
-22.569 235.265
-22.587 235.305
-22.631 235.346
-22.661 235.388
-22.671 235.41
-22.682 235.408
-22.69 235.387
-22.701 235.353
-22.705 235.322
-22.7 235.283
-22.704 235.251
-22.701 235.233
-22.697 235.227
-22.692 235.215
-22.709 235.208
-22.727 235.212
-22.748 235.218
-22.769 235.217
-22.8 235.217
-22.81 235.224
-22.828 235.234
-22.825 235.229
-22.835 235.207
-22.85 235.192
-22.869 235.197
-22.874 235.212
-22.856 235.213
-22.842 235.218
-22.824 235.222
-22.824 235.23
-22.827 235.238
-22.826 235.259
-22.819 235.268
-22.839 235.281
-22.859 235.307
-22.867 235.349
-22.868 235.383
-22.879 235.43
-22.877 235.484
-22.846 235.506
-22.826 235.503
-22.81 235.508
-22.777 235.486
-22.763 235.47
-22.743 235.456
-22.725 235.436
-22.713 235.403
-22.726 235.375
-22.746 235.372
-22.784 235.38
-22.782 235.399
-22.756 235.4
-22.738 235.389
-22.758 235.375
-22.782 235.395
-22.787 235.416
-22.779 235.43
-22.785 235.411
-22.827 235.412
-22.867 235.44
-22.871 235.488
-22.878 235.511
-22.898 235.535
-22.918 235.552
-22.939 235.582
-22.957 235.617
-22.97 235.653
-22.99 235.691
-23.015 235.736
-23.055 235.758
-23.081 235.765
-23.11 235.736
-23.126 235.717
-23.124 235.681
-23.102 235.64
-23.072 235.595
-23.051 235.568
-23.026 235.535
-23.03 235.506
-23.042 235.49
-23.041 235.46
-23.047 235.39
-23.098 235.316
-23.132 235.287
-23.149 235.259
-23.152 235.214
-23.178 235.158
-23.213 235.118
-23.235 235.094
-23.252 235.059
-23.286 235.014
-23.319 234.976
-23.37 234.935
-23.412 234.896
-23.458 234.869
-23.504 234.843
-23.546 234.806
-23.604 234.777
-23.649 234.745
-23.675 234.713
-23.692 234.664
-23.727 234.605
-23.769 234.567
-23.79 234.545
-23.798 234.501
-23.809 234.447
-23.828 234.385
-23.839 234.321
-23.841 234.245
-23.847 234.141
-23.873 234.049
-23.891 233.983
-23.895 233.92
-23.922 233.821
-24.003 233.766
-24.042 233.754
-24.058 233.729
-24.091 233.708
-24.118 233.711
-24.125 233.705
-24.128 233.707
-24.089 233.673
-24.07 233.623
-24.055 233.56
-24.058 233.52
-24.019 233.474
-23.983 233.411
-23.955 233.327
-23.951 233.25
-23.936 233.185
-23.907 233.128
-23.872 233.054
-23.846 232.981
-23.834 232.912
-23.813 232.869
-23.792 232.82
-23.786 232.776
-23.795 232.713
-23.766 232.701
-23.766 232.696
-23.755 232.676
-23.75 232.647
-23.75 232.639
-23.759 232.631
-23.749 232.629
-23.738 232.613
-23.744 232.594
-23.744 232.59
-23.757 232.588
-23.743 232.582
-23.746 232.566
-23.747 232.554
-23.757 232.542
-23.753 232.535
-23.759 232.509
-23.759 232.497
-23.773 232.473
-23.764 232.46
-23.783 232.435
-23.776 232.426
-23.779 232.41
-23.793 232.379
-23.801 232.37
-23.807 232.369
-23.796 232.326
-23.812 232.296
-23.835 232.283
-23.819 232.275
-23.818 232.235
-23.833 232.187
-23.857 232.149
-23.864 232.107
-23.864 232.044
-23.891 231.968
-23.925 231.924
-23.945 231.89
-23.958 231.846
-23.995 231.809
-24.029 231.81
-24.058 231.827
-24.041 231.852
-24.028 231.826
-24.018 231.802
-24.036 231.775
-24.026 231.794
-23.983 231.797
-23.92 231.772
-23.895 231.697
-23.903 231.653
-23.905 231.625
-23.889 231.618
-23.86 231.58
-23.849 231.543
-23.829 231.481
-23.84 231.431
-23.838 231.404
-23.834 231.38
-23.821 231.345
-23.825 231.306
-23.817 231.285
-23.817 231.257
-23.806 231.218
-23.797 231.174
-23.769 231.142
-23.729 231.1
-23.673 231.031
-23.636 230.961
-23.601 230.892
-23.592 230.838
-23.575 230.788
-23.579 230.742
-23.564 230.698
-23.566 230.652
-23.562 230.599
-23.577 230.573
-23.553 230.545
-23.529 230.505
-23.511 230.453
-23.514 230.401
-23.509 230.358
-23.509 230.306
-23.539 230.26
-23.543 230.237
-23.542 230.178
-23.549 230.105
-23.6 230.044
-23.637 230.002
-23.65 229.958
-23.68 229.899
-23.73 229.844
-23.769 229.803
-23.832 229.767
-23.867 229.767
-23.885 229.73
-23.926 229.683
-23.994 229.633
-24.067 229.634
-24.107 229.638
-24.142 229.643
-24.174 229.62
-24.237 229.612
-24.294 229.625
-24.358 229.657
-24.396 229.69
-24.426 229.702
-24.504 229.73
-24.547 229.798
-24.567 229.866
-24.573 229.919
-24.611 230.003
-24.611 230.129
-24.58 230.237
-24.516 230.334
-24.424 230.361
-24.401 230.331
-24.447 230.365
-24.415 230.478
-24.296 230.514
-24.211 230.453
-24.215 230.368
-24.268 230.371
-24.274 230.448
-24.217 230.504
-24.132 230.467
-24.138 230.375
-24.211 230.379
-24.23 230.475
-24.151 230.534
-24.097 230.511
-24.083 230.48
-24.09 230.469
-24.103 230.494
-24.081 230.544
-24.019 230.554
-24.02 230.519
-24.046 230.52
-24.053 230.564
-24.023 230.565
-24.022 230.53
-24.032 230.507
-24.049 230.511
-24.044 230.525
-24.028 230.524
-24.025 230.512
-24.025 230.518
-24.007 230.539
-23.977 230.543
-23.957 230.535
-23.95 230.538
-23.904 230.569
-23.862 230.577
-23.845 230.591
-23.792 230.625
-23.751 230.61
-23.71 230.586
-23.712 230.543
-23.684 230.53
-23.655 230.491
-23.63 230.468
-23.624 230.411
-23.621 230.392
-23.612 230.349
-23.604 230.316
-23.587 230.259
-23.592 230.216
-23.586 230.173
-23.571 230.145
-23.544 230.092
-23.531 230.054
-23.503 229.964
-23.515 229.89
-23.507 229.833
-23.498 229.769
-23.492 229.69
-23.508 229.606
-23.53 229.562
-23.528 229.536
-23.505 229.453
-23.537 229.36
-23.563 229.31
-23.562 229.274
-23.545 229.196
-23.57 229.109
-23.598 229.045
-23.638 228.997
-23.651 228.946
-23.663 228.891
-23.697 228.783
-23.787 228.74
-23.829 228.738
-23.833 228.699
-23.865 228.607
-23.952 228.556
-24.025 228.565
-24.039 228.572
-24.061 228.521
-24.112 228.478
-24.189 228.451
-24.252 228.488
-24.254 228.512
-24.267 228.499
-24.3 228.458
-24.384 228.435
-24.448 228.475
-24.446 228.511
-24.44 228.463
-24.485 228.396
-24.538 228.368
-24.576 228.367
-24.569 228.346
-24.581 228.292
-24.616 228.244
-24.673 228.235
-24.699 228.248
-24.692 228.243
-24.701 228.203
-24.748 228.175
-24.801 228.202
-24.814 228.258
-24.781 228.27
-24.769 228.217
-24.818 228.176
-24.884 228.182
-24.92 228.235
-24.908 228.24
-24.922 228.194
-25.002 228.16
-25.076 228.2
-25.087 228.247
-25.085 228.255
-25.111 228.23
-25.159 228.245
-25.185 228.279
-25.195 228.293
-25.209 228.287
-25.229 228.273
-25.268 228.274
-25.286 228.298
-25.29 228.308
-25.284 228.298
-25.304 228.287
-25.329 228.28
-25.345 228.304
-25.33 228.32
-25.317 228.318
-25.33 228.305
-25.348 228.333
-25.328 228.379
-25.288 228.385
-25.279 228.374
-25.293 228.405
-25.262 228.437
-25.23 228.445
-25.23 228.446
-25.246 228.486
-25.211 228.508
-25.207 228.495
-25.234 228.509
-25.235 228.553
-25.219 228.572
-25.195 228.559
-25.222 228.571
-25.22 228.605
-25.212 228.63
-25.186 228.636
-25.196 228.642
-25.205 228.691
-25.176 228.737
-25.134 228.739
-25.164 228.749
-25.165 228.804
-25.147 228.859
-25.086 228.889
-25.085 228.897
-25.088 228.937
-25.07 228.99
-25.026 229.009
-25.026 229.014
-24.997 229.048
-24.983 229.061
-24.956 229.1
-24.913 229.14
-24.854 229.179
-24.813 229.177
-24.756 229.204