73.574 33.413
73.553 33.386
73.499 33.369
73.434 33.473
73.388 33.449
73.354 33.378
73.338 33.29
73.327 33.187
73.322 33.067
73.324 32.913
73.344 32.738
73.373 32.637
73.402 32.579
73.422 32.601
73.428 32.658
73.435 32.71
73.462 32.693
73.498 32.699
73.537 32.656
73.577 32.612
73.6 32.543
73.612 32.486
73.621 32.457
73.641 32.41
73.652 32.351
73.67 32.309
73.678 32.417
73.718 32.502
73.747 32.471
73.761 32.386
73.765 32.416
73.785 32.425
73.77 32.446
73.758 32.465
73.75 32.541
73.761 32.648
73.788 32.73
73.81 32.699
73.803 32.699
73.808 32.711
73.82 32.701
73.833 32.687
73.846 32.674
73.858 32.677
73.875 32.714
73.886 32.705
73.893 32.748