48.334 331.6
48.332 331.713
48.314 331.733
48.33 331.8
48.296 331.876
48.283 331.894
48.287 331.958
48.248 332.006
48.239 332.011
48.212 332.068
48.185 332.055
48.184 332.092
48.159 332.123
48.159 332.127
48.165 332.18
48.107 332.201
48.122 332.186
48.106 332.244
48.103 332.231
48.112 332.312
48.052 332.358
48.016 332.366
47.985 332.399
47.911 332.426
47.919 332.448
47.903 332.5
47.9 332.516
47.906 332.567
47.865 332.613
47.841 332.591
47.833 332.614
47.819 332.599
47.833 332.624
47.808 332.66
47.796 332.673
47.783 332.722
47.736 332.754
47.723 332.739
47.727 332.783
47.7 332.8
47.733 332.841
47.744 332.907
47.718 332.947
47.713 332.963
47.7 333.009
47.686 332.992
47.697 333.003
47.664 333.022
47.679 333.015
47.685 333.066
47.696 333.052
47.721 333.037
47.725 333.034
47.73 333.037
47.739 333.078
47.702 333.09
47.693 333.035
47.678 333.048
47.641 332.996
47.636 332.989
47.602 332.979
47.586 332.972
47.574 332.968
47.558 332.997
47.524 333.015
47.499 333.083
47.493 333.138
47.511 333.207
47.517 333.284
47.549 333.341
47.586 333.364
47.598 333.376
47.6 333.34
47.588 333.363
47.576 333.331
47.589 333.347
47.589 333.35
47.594 333.385
47.591 333.388
47.593 333.432
47.583 333.445
47.594 333.505
47.581 333.527
47.605 333.554
47.597 333.576
47.61 333.572
47.615 333.59
47.613 333.595
47.617 333.591
47.619 333.614
47.616 333.613
47.616 333.609
47.617 333.596
47.632 333.607
47.65 333.629
47.668 333.638
47.679 333.678
47.679 333.707
47.691 333.742
47.685 333.738
47.713 333.764
47.702 333.768
47.718 333.791
47.711 333.808
47.716 333.836
47.722 333.859
47.722 333.917
47.73 333.929
47.738 334.003
47.738 333.995
47.736 334.021
47.723 334.038
47.718 334.037
47.713 334.051
47.706 334.06
47.71 334.078
47.703 334.075
47.698 334.074
47.69 334.064
47.688 334.054
47.686 334.061
47.684 334.057
47.676 334.041
47.664 334.024
47.634 334.016
47.607 333.974
47.574 333.992
47.541 334.018
47.55 334.091
47.557 334.159
47.583 334.167
47.591 334.185
47.58 334.198
47.57 334.22
47.521 334.257
47.505 334.277
47.512 334.347
47.497 334.399
47.496 334.444
47.493 334.509
47.477 334.573
47.465 334.631
47.465 334.725
47.464 334.765
47.491 334.795
47.52 334.813
47.54 334.804
47.566 334.818
47.568 334.832
47.592 334.834
47.607 334.865
47.614 334.89
47.619 334.923
47.613 334.911
47.63 334.916
47.632 334.917
47.634 334.927
47.63 334.906
47.638 334.908
47.624 334.882
47.63 334.868
47.61 334.874
47.617 334.862
47.625 334.881
47.642 334.905
47.633 334.94
47.622 334.94
47.606 334.972
47.584 335.002
47.567 335.046
47.577 335.089
47.56 335.126
47.573 335.127
47.566 335.159
47.563 335.162
47.558 335.182
47.561 335.194
47.563 335.212
47.585 335.219
47.595 335.27
47.617 335.273
47.641 335.284
47.662 335.311
47.656 335.349
47.658 335.374
47.657 335.413
47.644 335.443
47.631 335.471
47.619 335.49
47.617 335.5
47.627 335.504
47.611 335.541
47.579 335.538
47.577 335.555
47.568 335.575
47.559 335.604
47.553 335.631
47.535 335.676
47.538 335.683
47.538 335.74
47.53 335.767
47.546 335.814
47.541 335.847
47.555 335.831
47.588 335.858
47.589 335.896
47.624 335.905
47.641 335.984
47.619 336.023
47.622 336.027
47.622 336.07
47.606 336.086
47.618 336.098
47.618 336.155
47.615 336.155
47.617 336.193
47.606 336.18
47.605 336.182
47.599 336.173
47.585 336.177
47.582 336.156
47.595 336.196
47.598 336.194
47.63 336.234
47.633 336.259
47.631 336.255
47.633 336.263
47.635 336.27
47.652 336.259
47.712 336.287
47.696 336.335
47.693 336.311
47.704 336.318
47.7 336.309
47.71 336.281
47.734 336.292
47.734 336.275
47.772 336.245
47.79 336.256
47.831 336.229
47.856 336.256
47.858 336.273
47.865 336.267
47.885 336.315
47.863 336.326
47.88 336.339
47.861 336.36
47.862 336.341
47.881 336.343
47.906 336.371
47.897 336.397
47.883 336.439
47.861 336.444
47.897 336.45
47.897 336.475
47.923 336.468
47.95 336.501
47.951 336.511
47.95 336.514
47.938 336.488
47.938 336.464
47.928 336.462
47.909 336.473
47.897 336.481
47.89 336.536
47.844 336.555
47.844 336.554
47.81 336.579
47.783 336.563
47.778 336.563
47.783 336.571
47.798 336.594
47.814 336.668
47.771 336.711
47.785 336.73
47.762 336.782
47.762 336.786
47.773 336.847
47.769 336.878
47.784 336.904
47.814 336.954
47.804 336.989
47.833 337.002
47.853 337.045
47.867 337.056
47.885 337.081
47.893 337.09
47.908 337.089
47.944 337.095
47.971 337.105
48.024 337.096
48.067 337.132
48.089 337.133
48.11 337.138
48.138 337.129
48.175 337.128
48.181 337.123
48.221 337.126
48.257 337.139
48.323 337.124
48.36 337.119
48.405 337.09
48.448 337.063
48.513 337.056
48.568 337.082
48.648 337.111
48.702 337.145
48.778 337.149
48.847 337.204
48.901 337.257
48.937 337.331
48.96 337.393
48.994 337.441
49.04 337.513
49.087 337.589
49.141 337.669
49.201 337.769
49.226 337.885
49.269 337.963
49.305 338.119
49.317 338.232
49.329 338.347
49.321 338.436
49.297 338.498
49.284 338.533
49.274 338.579
49.28 338.626
49.282 338.69
49.279 338.732
49.281 338.776
49.273 338.831
49.265 338.862
49.261 338.902
49.258 338.936
49.263 338.968
49.258 338.997
49.256 339.017
49.244 339.041
49.21 339.046
49.19 339.035
49.159 339.047
49.117 339.03
49.08 339.005
49.053 338.986
49.019 338.973
48.992 338.958
48.955 338.95
48.93 338.94
48.868 338.952
48.788 338.909
48.7 338.875
48.598 338.839
48.517 338.858
48.486 338.887
48.455 338.944
48.437 339.0
48.413 339.063
48.422 339.105
48.424 339.151
48.471 339.15
48.449 339.209
48.449 339.242
48.435 339.287
48.454 339.322
48.454 339.367
48.475 339.349
48.487 339.326
48.496 339.278
48.501 339.263
48.491 339.236
48.473 339.216
48.448 339.196
48.412 339.173
48.378 339.143
48.347 339.124
48.312 339.121
48.277 339.114
48.247 339.125
48.213 339.139
48.177 339.138
48.158 339.156
48.125 339.191
48.109 339.213
48.082 339.281
48.046 339.324
48.044 339.355
48.024 339.414
48.008 339.414
48.011 339.47
47.964 339.497
47.983 339.485
47.975 339.561
47.972 339.573
47.993 339.602
48.031 339.667
48.027 339.729
48.063 339.75
48.087 339.811
48.109 339.825
48.158 339.854
48.182 339.877
48.222 339.872
48.251 339.882
48.286 339.908
48.314 339.893
48.372 339.918
48.408 339.937
48.452 339.938
48.5 339.948
48.537 339.971
48.554 339.963
48.609 339.975
48.629 339.991
48.671 339.99
48.665 339.98
48.698 339.916
48.732 339.919
48.748 339.872
48.791 339.847
48.811 339.859
48.815 339.811
48.858 339.796
48.847 339.811
48.853 339.753
48.868 339.778
48.835 339.755
48.851 339.711
48.845 339.726
48.832 339.678
48.844 339.66
48.838 339.641
48.838 339.615
48.838 339.593
48.835 339.573
48.848 339.548
48.835 339.549
48.834 339.522
48.827 339.525
48.811 339.49
48.797 339.474
48.779 339.447
48.75 339.424
48.743 339.405
48.71 339.401
48.706 339.36
48.667 339.373
48.637 339.332
48.626 339.345
48.586 339.347
48.566 339.329
48.543 339.34
48.505 339.338
48.496 339.328
48.458 339.353
48.429 339.316
48.42 339.343
48.374 339.338
48.367 339.328
48.33 339.349
48.315 339.337
48.288 339.342
48.278 339.342
48.251 339.364
48.233 339.373
48.216 339.398
48.2 339.431
48.18 339.451
48.186 339.486
48.168 339.529
48.183 339.57
48.179 339.626
48.175 339.692
48.177 339.7
48.2 339.764
48.187 339.792
48.215 339.82
48.215 339.855
48.233 339.885
48.246 339.9
48.26 339.933
48.272 339.941
48.288 339.975
48.288 339.972
48.307 339.99
48.304 339.987
48.317 339.998
48.327 339.995
48.336 340.019
48.347 340.004
48.364 340.028
48.372 340.02
48.4 340.021
48.418 340.016
48.42 339.997
48.461 339.995
48.457 339.985
48.498 339.969
48.499 339.97
48.526 339.932
48.538 339.938
48.557 339.887
48.567 339.884
48.585 339.824
48.601 339.798
48.628 339.748
48.649 339.731
48.674 339.682
48.653 339.673
48.671 339.595
48.683 339.566
48.675 339.53
48.666 339.478
48.676 339.414
48.663 339.391
48.628 339.319
48.617 339.296
48.578 339.265
48.561 339.21
48.534 339.199
48.495 339.156
48.453 339.125
48.422 339.095
48.357 339.094
48.325 339.066
48.259 339.094
48.219 339.061
48.175 339.118
48.12 339.113
48.095 339.161
48.051 339.179
48.032 339.209
48.015 339.247
47.999 339.278
47.994 339.311
47.989 339.346
48.003 339.388
48.01 339.417
48.043 339.453
48.071 339.456
48.112 339.497
48.131 339.519
48.131 339.567
48.146 339.489
48.229 339.499
48.171 339.597
48.153 339.53
48.174 339.542
48.154 339.554
48.172 339.461
48.184 339.483
48.161 339.457
48.187 339.486
48.153 339.511
48.166 339.447
48.165 339.5
48.12 339.46
48.138 339.444
48.105 339.477
48.091 339.429
48.105 339.458
48.077 339.485
48.087 339.479
48.083 339.517
48.08 339.496
48.115 339.517
48.085 339.517
48.087 339.488
48.096 339.504
48.086 339.454
48.073 339.407
48.056 339.41
48.043 339.381
48.023 339.339
47.987 339.312
47.95 339.331
47.917 339.351
47.897 339.381
47.865 339.412
47.843 339.437
47.823 339.478
47.809 339.5
47.803 339.579
47.778 339.625
47.776 339.662
47.778 339.735
47.778 339.766
47.8 339.825
47.808 339.867
47.842 339.885
47.872 339.935
47.903 339.946
47.938 339.942
47.974 339.939
48.008 339.897
48.066 339.855
48.096 339.819
48.139 339.716
48.177 339.677
48.191 339.607
48.212 339.554
48.215 339.505
48.218 339.468
48.215 339.415
48.202 339.377
48.201 339.335
48.179 339.294
48.161 339.259
48.14 339.228
48.118 339.197
48.095 339.167
48.072 339.137
48.048 339.108
48.024 339.079
48.0 339.051
47.975 339.024
47.939 339.002
47.912 338.995
47.872 339.02
47.84 339.009
47.807 339.037
47.791 339.061
47.766 339.099
47.755 339.115
47.707 339.189
47.665 339.173
47.658 339.24
47.616 339.299
47.609 339.318
47.624 339.418
47.572 339.493
47.563 339.522
47.566 339.599
47.543 339.646
47.559 339.675
47.566 339.773
47.567 339.807
47.597 339.917
47.557 339.998
47.569 340.037
47.572 340.129
47.544 340.183
47.56 340.231
47.544 340.34
47.549 340.375
47.543 340.441
47.51 340.507
47.516 340.556
47.518 340.638
47.492 340.712
47.503 340.763
47.485 340.849
47.471 340.896
47.484 340.94
47.472 341.037
47.456 341.067
47.476 341.149
47.444 341.211
47.471 341.241
47.453 341.34
47.447 341.376
47.474 341.413
47.468 341.508
47.466 341.504
47.513 341.562
47.515 341.587
47.544 341.595
47.568 341.637
47.587 341.657
47.626 341.678
47.643 341.728
47.674 341.708
47.727 341.753
47.743 341.734
47.792 341.696
47.832 341.706
47.857 341.681
47.899 341.667
47.919 341.683
47.943 341.652
47.975 341.659
48.006 341.645
48.041 341.63
48.073 341.629
48.099 341.601
48.148 341.573
48.189 341.555
48.224 341.541
48.258 341.528
48.292 341.517
48.326 341.505
48.359 341.494
48.392 341.484
48.425 341.474
48.457 341.464
48.489 341.454
48.519 341.445
48.545 341.438
48.563 341.429
48.595 341.424
48.612 341.439
48.635 341.438
48.659 341.436
48.683 341.434
48.708 341.431
48.732 341.428
48.756 341.426
48.789 341.42
48.826 341.417
48.864 341.418
48.913 341.45
48.949 341.474
48.984 341.496
49.015 341.515
49.027 341.523
49.045 341.481
49.075 341.485
49.087 341.445
49.126 341.428
49.145 341.415
49.179 341.389
49.22 341.368
49.249 341.348
49.29 341.299
49.334 341.299
49.345 341.256
49.372 341.228
49.399 341.2
49.402 341.148
49.403 341.106
49.409 341.067
49.416 341.028
49.423 340.989
49.43 340.951
49.438 340.912
49.445 340.874
49.452 340.836
49.459 340.799
49.466 340.763
49.473 340.727
49.48 340.693
49.488 340.652
49.495 340.645
49.46 340.615
49.462 340.55
49.451 340.532
49.421 340.447
49.42 340.409
49.374 340.34
49.369 340.266
49.33 340.202
49.309 340.112
49.301 340.043
49.277 339.957
49.274 339.859
49.269 339.777
49.268 339.679
49.285 339.581
49.305 339.488
49.324 339.389
49.376 339.292
49.405 339.213
49.462 339.099
49.509 339.035
49.56 338.936
49.6 338.894
49.635 338.869
49.645 338.878
49.654 338.855
49.666 338.787
49.692 338.747
49.706 338.676
49.719 338.601
49.731 338.521
49.756 338.451
49.782 338.39
49.806 338.322
49.84 338.266
49.869 338.222
49.896 338.158
49.938 338.112
49.969 338.062
50.009 338.025
50.036 337.984
50.08 337.955
50.115 337.924
50.142 337.91
50.173 337.889
50.2 337.864
50.229 337.844
50.254 337.839
50.284 337.848
50.287 337.862
50.319 337.874
50.315 337.903
50.321 337.915
50.293 337.922
50.285 337.902
50.285 337.889
50.269 337.861
50.268 337.842
50.272 337.825
50.282 337.809
50.332 337.791
50.35 337.811
50.345 337.805
50.335 337.797
50.323 337.788
50.309 337.778
50.295 337.768
50.279 337.758
50.263 337.747
50.246 337.736
50.23 337.725
50.213 337.714
50.197 337.702
50.18 337.689
50.165 337.677
50.15 337.663
50.136 337.649
50.124 337.633
50.116 337.615
50.134 337.585
50.136 337.549
50.153 337.504
50.187 337.487
50.214 337.464
50.24 337.439
50.263 337.414
50.27 337.391
50.28 337.357
50.291 337.32
50.301 337.282
50.312 337.244
50.324 337.205
50.34 337.167
50.371 337.131
50.395 337.1
50.419 337.072
50.444 337.045
50.469 337.019
50.494 336.994
50.52 336.971
50.546 336.949
50.572 336.929
50.6 336.911
50.632 336.894
50.68 336.888
50.704 336.902
50.725 336.92
50.744 336.941
50.763 336.965
50.78 336.99
50.797 337.016
50.814 337.043
50.83 337.071
50.845 337.098
50.861 337.126
50.876 337.153
50.891 337.18
50.905 337.205
50.919 337.227
50.933 337.243
50.951 337.232