112.582 -88.7895
112.6215 -88.7465
112.6612 -88.7035
112.7012 -88.6608
112.7413 -88.6182
112.7814 -88.576
112.8215 -88.5342
112.8614 -88.4928
112.9013 -88.4519
112.9413 -88.4114
112.9815 -88.3714
113.0218 -88.3317
113.0624 -88.2923
113.1034 -88.2532
113.1447 -88.2143
113.1865 -88.1755
113.2286 -88.1369
113.271 -88.0987
113.3136 -88.0608
113.3561 -88.0234
113.3986 -87.9865
113.4411 -87.9499
113.4835 -87.9136
113.5259 -87.8777
113.5683 -87.8419
113.6109 -87.8062
113.6535 -87.7707
113.6963 -87.7353
113.7393 -87.6999
113.7825 -87.6643
113.8258 -87.6288
113.8692 -87.5934
113.9127 -87.558
113.9563 -87.5227
114.0 -87.4874
114.0438 -87.4522
114.0877 -87.417
114.1317 -87.3819
114.1759 -87.3469
114.2201 -87.3119
114.2645 -87.2769
114.3091 -87.2419
114.354 -87.2066
114.3991 -87.1711
114.4441 -87.1356
114.4891 -87.1001
114.534 -87.0646
114.5788 -87.0291
114.6234 -86.9937
114.668 -86.9583
114.7126 -86.923
114.7572 -86.8875
114.8018 -86.852
114.8465 -86.8163
114.8913 -86.7805
114.9364 -86.7446
114.9816 -86.7085
115.0268 -86.6723
115.0719 -86.6361
115.1169 -86.6
115.1616 -86.5639
115.2061 -86.528
115.2504 -86.4921
115.2948 -86.4563
115.3391 -86.4205
115.3835 -86.3848
115.428 -86.3491
115.4728 -86.3134
115.5178 -86.2776
115.563 -86.2416
115.6084 -86.2057
115.6538 -86.1699
115.6991 -86.1342
115.7443 -86.0988
115.7894 -86.0635
115.8345 -86.0283
115.8796 -85.9932
115.9248 -85.958
115.97 -85.9229
116.0153 -85.8878
116.0607 -85.8526
116.1063 -85.8172
116.1519 -85.7819
116.1976 -85.7465
116.2433 -85.7111
116.289 -85.6757
116.3348 -85.6403
116.3805 -85.6049
116.4263 -85.5694
116.4721 -85.534
116.5178 -85.4985
116.5636 -85.463
116.6093 -85.4276
116.655 -85.3921
116.7007 -85.3566
116.7464 -85.3211
116.792 -85.2856
116.8376 -85.25
116.8832 -85.2145
116.9285 -85.179
116.9739 -85.1435
117.019 -85.1081
117.064 -85.0727
117.109 -85.0372
117.1539 -85.0018
117.1988 -84.9663
117.2439 -84.9307
117.289 -84.895
117.3344 -84.8591
117.3797 -84.8233
117.425 -84.7874
117.4701 -84.7517
117.515 -84.7162
117.5596 -84.6809
117.6041 -84.6459
117.6485 -84.611
117.6929 -84.5762
117.7374 -84.5415
117.7819 -84.507
117.8267 -84.4725
117.8716 -84.438
117.9169 -84.4034
117.9624 -84.3688
118.0079 -84.3342
118.0535 -84.2999
118.099 -84.2657
118.1444 -84.2318
118.1898 -84.1981
118.235 -84.1645
118.2803 -84.131
118.3257 -84.0975
118.3711 -84.0641
118.4166 -84.0308
118.4623 -83.9975
118.5082 -83.9643
118.5544 -83.9309
118.6007 -83.8977
118.647 -83.8647
118.6932 -83.832
118.7393 -83.7995
118.7852 -83.7674
118.831 -83.7356
118.877 -83.7041
118.9232 -83.6728
118.9696 -83.6419
119.0163 -83.6112
119.0633 -83.5807
119.1107 -83.5504
119.1584 -83.5201
119.2063 -83.49
119.2544 -83.4601
119.3023 -83.4305
119.3502 -83.4013
119.3979 -83.3723
119.4456 -83.3436
119.4933 -83.315
119.541 -83.2864
119.5889 -83.2579
119.6368 -83.2295
119.6849 -83.201
119.7332 -83.1724
119.7816 -83.1436
119.8301 -83.1147
119.8786 -83.0857
119.927 -83.0568
119.9751 -83.028
120.0231 -82.9992
120.0709 -82.9706
120.1187 -82.942
120.1665 -82.9133
120.2145 -82.8846
120.2626 -82.8558
120.3109 -82.827
120.3593 -82.7979
120.408 -82.7686
120.4569 -82.7389
120.5057 -82.7091
120.5543 -82.6792
120.6027 -82.6493
120.6508 -82.6192
120.6987 -82.589
120.7464 -82.5587
120.7939 -82.5281
120.8414 -82.4973
120.8888 -82.4663
120.9361 -82.4349
120.9835 -82.4033
121.0308 -82.3714
121.0782 -82.3391
121.1254 -82.3066
121.1723 -82.2739
121.219 -82.2411
121.2653 -82.2084
121.3113 -82.1758
121.3572 -82.1431
121.403 -82.1104
121.4487 -82.0777
121.4944 -82.0449
121.5401 -82.012
121.5858 -81.979
121.6316 -81.9459
121.6775 -81.9127
121.7235 -81.8794
121.7693 -81.8461
121.815 -81.813
121.8604 -81.7801
121.9057 -81.7473
121.9508 -81.7145
121.9958 -81.6817
122.0409 -81.649
122.0861 -81.6161
122.1314 -81.5832
122.1769 -81.5503
122.2225 -81.5174
122.2683 -81.4844
122.3143 -81.4513
122.3603 -81.4182
122.4062 -81.3851
122.4519 -81.3521
122.4975 -81.3191
122.5431 -81.2862
122.5888 -81.2533
122.6345 -81.2203
122.6803 -81.1873
122.7263 -81.1544
122.7722 -81.1213
122.8182 -81.0881
122.8643 -81.0546
122.9103 -81.0209
122.9562 -80.987
123.0019 -80.953
123.0472 -80.919
123.092 -80.8851
123.1366 -80.851
123.1808 -80.8168
123.2249 -80.7824
123.2689 -80.7478
123.3128 -80.7128
123.3565 -80.6776
123.4002 -80.6421
123.4439 -80.6062
123.4875 -80.5701
123.531 -80.5337
123.5743 -80.4971
123.6171 -80.4605
123.6596 -80.4239
123.7017 -80.3872
123.7435 -80.3503
123.7851 -80.3134
123.8266 -80.2763
123.868 -80.239
123.9093 -80.2016
123.9505 -80.164
123.9917 -80.1262
124.0329 -80.0881
124.074 -80.0499
124.1149 -80.0115
124.1555 -79.9734
124.1959 -79.9354
124.2359 -79.8974
124.2758 -79.8595
124.3156 -79.8215
124.3553 -79.7834
124.395 -79.7453
124.4347 -79.7071
124.4743 -79.6688
124.5138 -79.6304
124.5534 -79.5919
124.593 -79.5533
124.6325 -79.5145
124.6717 -79.4759
124.7107 -79.4373
124.7494 -79.3989
124.788 -79.3604
124.8265 -79.3221
124.865 -79.2837
124.9037 -79.2453
124.9424 -79.2069
124.9812 -79.1686
125.0202 -79.1302
125.0593 -79.0917
125.0986 -79.0532
125.1379 -79.0145
125.1773 -78.976
125.2166 -78.9375
125.2558 -78.8993
125.2952 -78.8611
125.3346 -78.8228
125.3742 -78.7845
125.4138 -78.7461
125.4533 -78.7076
125.4925 -78.669
125.5314 -78.6302
125.57 -78.5912
125.6081 -78.5519
125.6457 -78.5122
125.6829 -78.4722
125.7194 -78.4319
125.7554 -78.3914
125.7908 -78.3506
125.8259 -78.3097
125.8608 -78.2686
125.8954 -78.2272
125.9297 -78.1855
125.9639 -78.1437
125.9981 -78.1017
126.0325 -78.0597
126.067 -78.0176
126.1018 -77.9754
126.1366 -77.9333
126.1714 -77.8914
126.2062 -77.8497
126.241 -77.8082
126.276 -77.767
126.3112 -77.7259
126.3467 -77.685
126.3826 -77.6441
126.4189 -77.6034
126.4555 -77.5628
126.4924 -77.5223
126.5296 -77.4819
126.5671 -77.4416
126.6047 -77.4014
126.6423 -77.3614
126.6797 -77.3217
126.717 -77.2821
126.7543 -77.2427
126.7916 -77.2034
126.8289 -77.164
126.8665 -77.1247
126.9042 -77.0853
126.9421 -77.046
126.9802 -77.0065
127.0184 -76.9671
127.0569 -76.9276
127.0955 -76.8881
127.1342 -76.8488
127.173 -76.8098
127.2117 -76.7711
127.2504 -76.7325
127.2893 -76.6939
127.3285 -76.6554
127.3679 -76.6168
127.4074 -76.5781
127.4469 -76.5392
127.4866 -76.5002
127.5262 -76.4611
127.566 -76.4219
127.6057 -76.3824
127.6454 -76.3428
127.6851 -76.3032
127.7248 -76.2637
127.7644 -76.2243
127.8039 -76.185
127.8434 -76.1458
127.883 -76.1067
127.9226 -76.0676
127.9625 -76.0287
128.0024 -75.9899
128.0423 -75.9512
128.0822 -75.9129
128.1222 -75.8746
128.1622 -75.8366
128.2021 -75.799
128.2419 -75.762
128.2815 -75.7254
128.3212 -75.6893
128.3609 -75.6536
128.4007 -75.6182
128.4408 -75.5832
128.4811 -75.5486
128.5216 -75.5144
128.5623 -75.4807
128.6032 -75.4474
128.6442 -75.4145
128.6853 -75.3821
128.7265 -75.3503
128.7675 -75.3194
128.8085 -75.2892
128.8496 -75.2598
128.8907 -75.2312
128.932 -75.2033
128.9736 -75.1762
129.0156 -75.15
129.058 -75.1248
129.1008 -75.1005
129.144 -75.0772
129.1876 -75.055
129.2316 -75.0338
129.2759 -75.0138
129.3205 -74.995
129.3653 -74.9773
129.4106 -74.9608
129.4564 -74.9454
129.5028 -74.9311
129.5498 -74.9177
129.5977 -74.9052
129.6464 -74.8936
129.696 -74.883
129.7464 -74.8735
129.7974 -74.865
129.8492 -74.8576
129.9014 -74.8514
129.954 -74.8461
130.0071 -74.8418
130.0605 -74.8385
130.1144 -74.8361
130.1687 -74.8346
130.2234 -74.8339
130.2786 -74.8342
130.3342 -74.8353
130.3902 -74.8374
130.4468 -74.8404
130.5036 -74.8442
130.5608 -74.8488
130.618 -74.8539
130.6754 -74.8595
130.7327 -74.8655
130.7902 -74.8719
130.8477 -74.8787
130.9055 -74.886
130.9633 -74.8937
131.0213 -74.9017
131.0794 -74.9101
131.1377 -74.9188
131.196 -74.9278
131.2544 -74.9372
131.313 -74.947
131.3715 -74.957
131.4298 -74.9673
131.488 -74.9777
131.546 -74.9882
131.6038 -74.9986
131.6616 -75.009
131.7195 -75.0194
131.7774 -75.0296
131.8354 -75.0399
131.8936 -75.0501
131.9519 -75.0603
132.0103 -75.0704
132.0686 -75.0803
132.1267 -75.0898
132.1847 -75.0987
132.2424 -75.1071
132.2998 -75.1149
132.3571 -75.122
132.4141 -75.1286
132.471 -75.1345
132.5277 -75.1398
132.5843 -75.1446
132.6408 -75.1488
132.6972 -75.1525
132.7537 -75.1557
132.8102 -75.1583
132.8667 -75.1603
132.9232 -75.1616
132.9796 -75.1623
133.0359 -75.1623
133.0923 -75.1615
133.1488 -75.1599
133.2054 -75.1576
133.2623 -75.1547
133.3194 -75.1511
133.3766 -75.1471
133.4338 -75.1426
133.4911 -75.1377
133.5484 -75.1323
133.6054 -75.1263
133.6622 -75.1195
133.7188 -75.1121
133.7752 -75.104
133.8315 -75.0952
133.8879 -75.0856
133.9444 -75.0754
134.0009 -75.0647
134.0575 -75.0533
134.1141 -75.0415
134.1707 -75.0293
134.2273 -75.0166
134.284 -75.0036
134.3407 -74.9903
134.3973 -74.9768
134.4538 -74.9631
134.5104 -74.9493
134.567 -74.9351
134.6237 -74.9207
134.6806 -74.9061
134.7377 -74.8913
134.7951 -74.8764
134.8525 -74.8614
134.9099 -74.8464
134.9672 -74.8315
135.0245 -74.8166
135.0816 -74.8015
135.1386 -74.7863
135.1953 -74.7711
135.2519 -74.7557
135.3084 -74.7401
135.3649 -74.7243
135.4214 -74.7084
135.4779 -74.6924
135.5344 -74.6764
135.5909 -74.6603
135.6474 -74.6443
135.7038 -74.6283
135.7601 -74.6124
135.8162 -74.5966
135.8722 -74.5811
135.928 -74.5657
135.9838 -74.5504
136.0395 -74.5352
136.0952 -74.52
136.1511 -74.5048
136.2071 -74.4897
136.2632 -74.4747
136.3192 -74.46
136.3751 -74.4455
136.4309 -74.4313
136.4866 -74.4172
136.5421 -74.4032
136.5974 -74.3891
136.6525 -74.3751
136.7075 -74.361
136.7624 -74.3468
136.8174 -74.3324
136.8724 -74.3178
136.9273 -74.3031
136.9821 -74.2882
137.0368 -74.2733
137.0913 -74.2582
137.1457 -74.243
137.2 -74.2277
137.2541 -74.2125
137.3079 -74.1973
137.3615 -74.1821
137.4151 -74.1669
137.4686 -74.1516
137.5222 -74.1363
137.576 -74.1209
137.6299 -74.1055
137.6839 -74.09
137.738 -74.0745
137.7923 -74.0591
137.8466 -74.0439
137.9009 -74.0286
137.9553 -74.0135
138.0096 -73.9982
138.0639 -73.9829
138.1182 -73.9675
138.1725 -73.952
138.227 -73.9363
138.2816 -73.9203
138.3364 -73.9042
138.3913 -73.888
138.4461 -73.8717
138.501 -73.8554
138.5558 -73.8393
138.6105 -73.8232
138.6651 -73.8071
138.7196 -73.791
138.7738 -73.7751
138.828 -73.7593
138.882 -73.7435
138.9361 -73.7277
138.9903 -73.7119
139.0447 -73.6959
139.0991 -73.68
139.1536 -73.6641
139.2081 -73.6483
139.2626 -73.6326
139.317 -73.617
139.3712 -73.6014
139.4252 -73.5858
139.4791 -73.5701
139.5327 -73.5545
139.5861 -73.5387
139.6395 -73.5228
139.6928 -73.5066
139.7462 -73.4903
139.7996 -73.4739
139.8529 -73.4574
139.9061 -73.4409
139.9593 -73.4246
140.0123 -73.4084
140.0652 -73.3922
140.1181 -73.3762
140.1709 -73.3603
140.2236 -73.3446
140.2764 -73.3292
140.3293 -73.3139
140.3825 -73.2988
140.4359 -73.2836
140.4894 -73.2685
140.543 -73.2533
140.5966 -73.2383
140.6501 -73.2233
140.7036 -73.2086
140.757 -73.194
140.8102 -73.1795
140.8632 -73.1652
140.916 -73.1508
140.9689 -73.1365
141.0217 -73.1222
141.0747 -73.1079
141.1279 -73.0935
141.1812 -73.079
141.2345 -73.0645
141.2878 -73.0498
141.3411 -73.0351
141.3943 -73.0203
141.4474 -73.0055
141.5004 -72.9907
141.5535 -72.9759
141.6065 -72.9611
141.6594 -72.9463
141.7121 -72.9314
141.765 -72.9164
141.818 -72.9013
141.8712 -72.8862
141.9246 -72.8709
141.978 -72.8556
142.0316 -72.8402
142.085 -72.8249
142.1383 -72.8096
142.1915 -72.7943
142.2445 -72.7789
142.2974 -72.7633
142.3501 -72.7477
142.4028 -72.7318
142.4556 -72.7158
142.5085 -72.6995
142.5614 -72.6828
142.6146 -72.666
142.6677 -72.649
142.721 -72.6319
142.7743 -72.6149
142.8276 -72.5978
142.881 -72.5806
142.9344 -72.5634
142.9879 -72.5462
143.0414 -72.529
143.0951 -72.5116
143.1491 -72.4939
143.2034 -72.476
143.258 -72.458
143.3129 -72.4399
143.3679 -72.4216
143.423 -72.4032
143.4781 -72.3848
143.5332 -72.3666
143.5882 -72.3484
143.6429 -72.3301
143.6974 -72.3118
143.7517 -72.2935
143.8056 -72.2752
143.8594 -72.2568
143.913 -72.2382
143.9666 -72.2195
144.0202 -72.2005
144.0737 -72.1814
144.1271 -72.1622
144.1805 -72.1429
144.2338 -72.1236
144.2869 -72.1041
144.34 -72.0846
144.3931 -72.0649
144.4459 -72.0451
144.4986 -72.0251
144.5514 -72.0049
144.6041 -71.9843
144.657 -71.9634
144.71 -71.9421
144.7629 -71.9205
144.8156 -71.8986
144.8681 -71.8764
144.9202 -71.8539
144.9719 -71.8311
145.023 -71.8078
145.0735 -71.7841
145.1236 -71.7597
145.1732 -71.7348
145.2226 -71.7091
145.2717 -71.6826
145.3206 -71.6553
145.3693 -71.6272
145.4178 -71.5984
145.4661 -71.5689
145.5143 -71.5387
145.5624 -71.5077
145.6104 -71.4759
145.6584 -71.4432
145.7064 -71.4097
145.7542 -71.3755
145.8019 -71.3408
145.8495 -71.3055
145.8971 -71.2696
145.9449 -71.233
145.9928 -71.1958
146.0407 -71.1582
146.0886 -71.1203
146.1365 -71.0822
146.1841 -71.0441
146.2315 -71.006
146.2787 -70.9677
146.3257 -70.9294
146.3726 -70.8911
146.4193 -70.8528
146.466 -70.8145
146.5127 -70.7761
146.5595 -70.7377
146.6064 -70.6991
146.6533 -70.6604
146.7002 -70.6216
146.747 -70.5829
146.7938 -70.5443
146.8405 -70.5057
146.887 -70.4673
146.9334 -70.4289
146.9797 -70.3906
147.0258 -70.3524
147.0718 -70.3142
147.1178 -70.276
147.1637 -70.2378
147.2098 -70.1996
147.2557 -70.1615
147.3015 -70.1235
147.3471 -70.0856
147.3926 -70.048
147.4377 -70.0106
147.4826 -69.9734
147.5273 -69.9364
147.5718 -69.8995
147.6162 -69.8628
147.6605 -69.8262
147.7048 -69.7896
147.7492 -69.7529
147.7937 -69.7162
147.8382 -69.6795
147.8828 -69.6426
147.9274 -69.6057
147.972 -69.5689
148.0164 -69.5321
148.0607 -69.4955
148.105 -69.4589
148.1493 -69.4223
148.1935 -69.386
148.2378 -69.3497
148.2822 -69.3134
148.3267 -69.2771
148.3716 -69.2407
148.4166 -69.2043
148.4619 -69.168
148.5072 -69.1318
148.5525 -69.0958
148.5978 -69.0603
148.6432 -69.025
148.6885 -68.9899
148.7338 -68.9551
148.7791 -68.9206
148.8244 -68.8864
148.8698 -68.8524
148.9153 -68.8185
148.9609 -68.7847
149.0068 -68.7509
149.0527 -68.7172
149.0988 -68.6836
149.1448 -68.6503
149.1908 -68.6171
149.2367 -68.5842
149.2825 -68.5515
149.3282 -68.5191
149.3739 -68.4868
149.4196 -68.4548
149.4654 -68.4229
149.5113 -68.3911
149.5576 -68.3592
149.6042 -68.3274
149.6509 -68.2956
149.6979 -68.2641
149.7451 -68.2327
149.7923 -68.2016
149.8395 -68.1709
149.8867 -68.1405
149.9341 -68.1101
149.9816 -68.08
150.0291 -68.05
150.0767 -68.0201
150.1245 -67.9903
150.1726 -67.9604
150.221 -67.9304
150.2698 -67.9002
150.3188 -67.87
150.368 -67.8399
150.4174 -67.8097
150.4669 -67.7795
150.5165 -67.7493
150.5663 -67.7191
150.6162 -67.6888
150.6662 -67.6586
150.7162 -67.6282
150.7665 -67.598
150.8169 -67.5677
150.8675 -67.5372
150.9185 -67.5067
150.9696 -67.4761
151.0209 -67.4455
151.0721 -67.4148
151.1233 -67.3842
151.1743 -67.3537
151.2252 -67.3232
151.2756 -67.2923
151.3254 -67.2611
151.3748 -67.2297
151.424 -67.1981
151.4729 -67.1663
151.5217 -67.1341
151.5703 -67.1015
151.6187 -67.0687
151.6669 -67.0357
151.7149 -67.0026
151.7628 -66.9695
151.8105 -66.9365
151.858 -66.9037
151.9053 -66.871
151.9525 -66.8382
151.9997 -66.8056
152.0466 -66.773
152.0934 -66.7404
152.1402 -66.7077
152.187 -66.6749
152.2338 -66.6419
152.2807 -66.6089
152.3275 -66.5758
152.3741 -66.5427
152.4206 -66.5097
152.4669 -66.4767
152.513 -66.4437
152.5591 -66.4107
152.6051 -66.3775
152.6511 -66.3443
152.697 -66.3109
152.7431 -66.2774
152.7892 -66.2435
152.8355 -66.2094
152.8818 -66.1751
152.928 -66.1408
152.9742 -66.1063
153.0204 -66.0718
153.0665 -66.0372
153.1126 -66.0025
153.1585 -65.9679
153.2042 -65.9334
153.2498 -65.8988
153.2953 -65.8642
153.3409 -65.8293
153.3866 -65.7943
153.4323 -65.7591
153.4781 -65.7238
153.5239 -65.6885
153.5697 -65.6533
153.6153 -65.6182
153.6607 -65.5832
153.706 -65.5483
153.7512 -65.5134
153.7963 -65.4784
153.8412 -65.4435
153.8861 -65.4085
153.9311 -65.3734
153.9761 -65.3381
154.021 -65.3028
154.066 -65.2674
154.1111 -65.2317
154.1562 -65.196
154.201 -65.1604
154.2456 -65.1249
154.29 -65.0896
154.3342 -65.0542
154.3783 -65.0189
154.4224 -64.9835
154.4664 -64.9482
154.5104 -64.9128
154.5545 -64.8773
154.5988 -64.8417
154.6431 -64.806
154.6876 -64.7705
154.732 -64.735
154.7764 -64.6996
154.8208 -64.6645
154.8649 -64.6295
154.9092 -64.5946
154.9533 -64.5598
154.9975 -64.5252
155.0419 -64.4906
155.0864 -64.456
155.1312 -64.4213
155.1761 -64.3866
155.2213 -64.3517
155.2666 -64.3169
155.3119 -64.2821
155.3573 -64.2474
155.4026 -64.2128
155.4478 -64.1784
155.4929 -64.1441
155.5381 -64.1098
155.5832 -64.0755
155.6284 -64.0411
155.6736 -64.0066
155.719 -63.9718
155.7644 -63.9368
155.81 -63.9016
155.8555 -63.8663
155.901 -63.8309
155.9464 -63.7955
155.9918 -63.7599
156.0369 -63.7243
156.0819 -63.6885
156.1267 -63.6527
156.1714 -63.6167
156.2161 -63.5806
156.2607 -63.5441
156.3054 -63.5073
156.3502 -63.4702
156.395 -63.4328
156.4397 -63.3952
156.4843 -63.3574
156.5287 -63.3194
156.5728 -63.2813
156.6166 -63.2432
156.6602 -63.2051
156.7036 -63.1668
156.7469 -63.1284
156.7901 -63.0899
156.8332 -63.0511
156.8763 -63.0121
156.9195 -62.9728
156.9628 -62.9334
157.006 -62.8939
157.0493 -62.8542
157.0924 -62.8146
157.1354 -62.775
157.1782 -62.7356
157.2208 -62.6963
157.2633 -62.657
157.3057 -62.6178
157.3481 -62.5787
157.3906 -62.5396
157.4331 -62.5004
157.4757 -62.4611
157.5184 -62.4219
157.5611 -62.3826
157.6038 -62.3435
157.6466 -62.3044
157.6892 -62.2656
157.7318 -62.2271
157.7742 -62.1889
157.8166 -62.1509
157.8591 -62.113
157.9015 -62.0752
157.9441 -62.0376
157.9868 -62.0001
158.0298 -61.9627
158.0731 -61.9254
158.1166 -61.8883
158.1602 -61.8514
158.204 -61.8147
158.2478 -61.7785
158.2916 -61.7426
158.3353 -61.7072
158.3791 -61.6721
158.4228 -61.6373
158.4667 -61.6028
158.5108 -61.5685
158.555 -61.5343
158.5994 -61.5002
158.6441 -61.466
158.6889 -61.432
158.7338 -61.398
158.7787 -61.3643
158.8234 -61.3307
158.8682 -61.2974
158.9127 -61.2642
158.9572 -61.2313
159.0017 -61.1985
159.0463 -61.1657
159.0909 -61.1329
159.1356 -61.1001
159.1805 -61.0671
159.2255 -61.0341
159.2706 -61.0009
159.3157 -60.9677
159.3607 -60.9345
159.4056 -60.9013
159.4503 -60.8682
159.4948 -60.8352
159.5391 -60.8023
159.5832 -60.7694
159.6273 -60.7363
159.6713 -60.7033
159.7152 -60.6701
159.7591 -60.6367
159.8031 -60.6031
159.847 -60.5693
159.8907 -60.5354
159.9343 -60.5013
159.9777 -60.4671
160.0207 -60.4329
160.0633 -60.3986
160.1056 -60.3642
160.1478 -60.3297
160.1898 -60.2951
160.2318 -60.2603
160.2737 -60.2254
160.3156 -60.1903
160.3576 -60.1549
160.3999 -60.1193
160.4423 -60.0834
160.4848 -60.0474
160.5276 -60.0113
160.5703 -59.9752
160.6131 -59.9392
160.6558 -59.9033
160.6985 -59.8675
160.7413 -59.8319
160.7843 -59.7963
160.8275 -59.7608
160.8709 -59.7253
160.9147 -59.6897
160.9588 -59.654
161.0032 -59.6183
161.048 -59.5826
161.0929 -59.547
161.138 -59.5116
161.1832 -59.4764
161.2284 -59.4414
161.2737 -59.4065
161.319 -59.3718
161.3646 -59.337
161.4103 -59.3024
161.4562 -59.2676
161.5023 -59.2328
161.5487 -59.1978
161.5954 -59.1628
161.6423 -59.1279
161.6893 -59.0932
161.7364 -59.0586
161.7836 -59.0242
161.8307 -58.9901
161.8777 -58.9563
161.9244 -58.923
161.971 -58.8898
162.0173 -58.8572
162.0632 -58.8249
162.1092 -58.7928
162.1551 -58.7609
162.2012 -58.7289
162.2475 -58.697
162.2938 -58.6652
162.3402 -58.6335
162.3866 -58.602
162.4327 -58.5707
162.4788 -58.5397
162.5248 -58.5088
162.5709 -58.478
162.6171 -58.4472
162.6634 -58.4164
162.71 -58.3856
162.7569 -58.3547
162.8038 -58.324
162.8507 -58.2933
162.8977 -58.2628
162.9448 -58.2323
162.992 -58.202
163.0392 -58.1718
163.0865 -58.1417
163.1338 -58.1118
163.1812 -58.0819
163.2285 -58.0523
163.2758 -58.0228
163.3233 -57.9935
163.371 -57.9643
163.4187 -57.9352
163.4664 -57.9062
163.5142 -57.8773
163.562 -57.8486
163.6098 -57.82
163.6576 -57.7917
163.7053 -57.7636
163.753 -57.7356
163.8008 -57.7077
163.8486 -57.6799
163.8964 -57.6522
163.9443 -57.6247
163.9921 -57.5972
164.04 -57.5699
164.0879 -57.5426
164.1359 -57.5154
164.1839 -57.4882
164.2319 -57.4612
164.28 -57.4342
164.3279 -57.4075
164.3758 -57.381
164.4236 -57.3546
164.4713 -57.3283
164.5192 -57.302
164.567 -57.2756
164.6149 -57.2491
164.663 -57.2225
164.7112 -57.1958
164.7595 -57.1691
164.8078 -57.1423
164.8561 -57.1156
164.9044 -57.089
164.9526 -57.0626
165.0007 -57.0365
165.0486 -57.0104
165.0965 -56.9844
165.1443 -56.9585
165.192 -56.9327
165.2398 -56.907
165.2876 -56.8812
165.3356 -56.8554
165.3835 -56.8297
165.4315 -56.8042
165.4794 -56.7789
165.5272 -56.7537
165.5747 -56.7288
165.6221 -56.7042
165.6692 -56.6799
165.7161 -56.6558
165.763 -56.6317
165.8097 -56.6077
165.8565 -56.5838