88.3105 -130.3828
88.3393 -130.342
88.3679 -130.3011
88.3965 -130.2602
88.425 -130.2191
88.4537 -130.1777
88.4825 -130.1361
88.5115 -130.0943
88.5406 -130.0522
88.57 -130.0099
88.5994 -129.9676
88.6288 -129.9252
88.6581 -129.8829
88.6874 -129.8406
88.7165 -129.7984
88.7455 -129.7562
88.7743 -129.7142
88.8029 -129.6723
88.8313 -129.6304
88.8596 -129.5885
88.8878 -129.5465
88.9158 -129.5044
88.9438 -129.462
88.9717 -129.4195
88.9996 -129.3766
89.0274 -129.3335
89.055 -129.2902
89.0824 -129.2469
89.1095 -129.2036
89.1363 -129.1604
89.1625 -129.1174
89.1884 -129.0745
89.2139 -129.0317
89.2392 -128.9889
89.2641 -128.946
89.2888 -128.9029
89.3134 -128.8598
89.3378 -128.8165
89.3623 -128.7732
89.3869 -128.7297
89.4115 -128.6861
89.436 -128.6426
89.4604 -128.5991
89.4845 -128.5558
89.5085 -128.5125
89.5324 -128.4691
89.5562 -128.4259
89.5797 -128.3828
89.6029 -128.3398
89.626 -128.297
89.6489 -128.2542
89.6718 -128.2114
89.6947 -128.1685
89.7175 -128.1255
89.7404 -128.0823
89.7635 -128.0388
89.7867 -127.9951
89.81 -127.9512
89.8332 -127.9073
89.8565 -127.8632
89.8798 -127.819
89.9033 -127.7746
89.9269 -127.7301
89.9503 -127.6856
89.9736 -127.6411
89.9969 -127.5965
90.0204 -127.5518
90.0439 -127.5071
90.0677 -127.4623
90.0916 -127.4174
90.116 -127.3722
90.1406 -127.3267
90.1656 -127.2812
90.1908 -127.2357
90.2163 -127.1903
90.2418 -127.1449
90.2673 -127.0999
90.2926 -127.0552
90.3179 -127.0108
90.343 -126.9666
90.3679 -126.9227
90.3931 -126.879
90.4185 -126.8354
90.4442 -126.7919
90.4702 -126.7485
90.4966 -126.7051
90.5234 -126.6617
90.5507 -126.6182
90.5785 -126.5744
90.6067 -126.5306
90.6351 -126.4869
90.6637 -126.4433
90.6925 -126.4
90.7214 -126.3568
90.7505 -126.314
90.7795 -126.2713
90.8085 -126.2289
90.8376 -126.1868
90.8668 -126.1449
90.896 -126.1031
90.9255 -126.0613
90.9553 -126.0195
90.9855 -125.9775
91.0162 -125.9355
91.0476 -125.8934
91.0795 -125.8511
91.1117 -125.8089
91.1442 -125.7669
91.1768 -125.7251
91.2096 -125.6835
91.2425 -125.642
91.2755 -125.6007
91.3085 -125.5596
91.3415 -125.5185
91.3746 -125.4774
91.4078 -125.4362
91.441 -125.3949
91.4743 -125.3534
91.5078 -125.3118
91.5413 -125.2699
91.575 -125.2276
91.6087 -125.1853
91.6421 -125.1428
91.6753 -125.1003
91.7082 -125.0578
91.7408 -125.0152
91.773 -124.9726
91.805 -124.9299
91.8365 -124.8872
91.8677 -124.8444
91.8985 -124.8016
91.9292 -124.7586
91.9596 -124.7154
91.9899 -124.672
92.0202 -124.6283
92.0502 -124.5845
92.0802 -124.5407
92.1101 -124.497
92.14 -124.4535
92.1698 -124.4102
92.1994 -124.3671
92.2289 -124.3242
92.2582 -124.2815
92.2874 -124.239
92.3166 -124.1965
92.3457 -124.1542
92.3749 -124.1118
92.4043 -124.0694
92.4337 -124.027
92.4633 -123.9844
92.4932 -123.9417
92.5233 -123.899
92.5535 -123.8562
92.5838 -123.8136
92.614 -123.7713
92.6443 -123.7291
92.6746 -123.6872
92.7047 -123.6456
92.7349 -123.6042
92.7651 -123.563
92.7955 -123.522
92.826 -123.481
92.8568 -123.4402
92.888 -123.3996
92.9196 -123.3588
92.9519 -123.3181
92.9848 -123.2775
93.0183 -123.2369
93.0523 -123.1966
93.0866 -123.1565
93.1212 -123.1169
93.1561 -123.0776
93.1913 -123.0387
93.2267 -123.0002
93.2625 -122.962
93.2985 -122.9242
93.335 -122.8865
93.3718 -122.849
93.409 -122.8115
93.4466 -122.774
93.4848 -122.7365
93.5235 -122.6987
93.5625 -122.6609
93.6016 -122.6231
93.6407 -122.5854
93.6797 -122.5478
93.7187 -122.5103
93.7577 -122.4731
93.7966 -122.4361
93.8354 -122.3993
93.8742 -122.3627
93.9131 -122.3261
93.9521 -122.2897
93.9912 -122.2533
94.0305 -122.2168
94.07 -122.1802
94.1099 -122.1435
94.1501 -122.1065
94.1904 -122.0695
94.2307 -122.0324
94.271 -121.9956
94.3111 -121.9588
94.351 -121.9223
94.3909 -121.8859
94.4305 -121.8496
94.4701 -121.8134
94.5095 -121.7771
94.549 -121.7406
94.5884 -121.704
94.6277 -121.6671
94.6672 -121.63
94.7066 -121.5925
94.746 -121.5546
94.7853 -121.5166
94.8243 -121.4785
94.863 -121.4405
94.9014 -121.4025
94.9395 -121.3645
94.9774 -121.3265
95.0152 -121.2885
95.0528 -121.2506
95.0903 -121.2128
95.1276 -121.175
95.1648 -121.1372
95.202 -121.0995
95.2392 -121.0617
95.2765 -121.0239
95.314 -120.9861
95.3517 -120.9483
95.3893 -120.9107
95.4265 -120.8734
95.4633 -120.8365
95.4998 -120.7999
95.536 -120.7637
95.572 -120.7276
95.608 -120.6918
95.6438 -120.656
95.6796 -120.6203
95.7155 -120.5846
95.7515 -120.5488
95.7877 -120.5128
95.8242 -120.4767
95.8609 -120.4402
95.8978 -120.4035
95.9349 -120.3667
95.972 -120.3298
96.0091 -120.2929
96.0464 -120.2558
96.0839 -120.2186
96.1217 -120.1812
96.1596 -120.1435
96.1979 -120.1056
96.2364 -120.0674
96.2753 -120.0291
96.3143 -119.9906
96.3534 -119.9519
96.3929 -119.913
96.4325 -119.8741
96.4723 -119.8349
96.5123 -119.7955
96.5524 -119.7561
96.5925 -119.7166
96.6326 -119.6771
96.6726 -119.6378
96.7125 -119.5985
96.7523 -119.5591
96.7919 -119.5198
96.8312 -119.4804
96.8703 -119.441
96.9092 -119.4015
96.9479 -119.3618
96.9865 -119.3218
97.0249 -119.2815
97.0633 -119.2409
97.1015 -119.2001
97.1396 -119.1591
97.1773 -119.1181
97.2145 -119.077
97.2513 -119.0359
97.2877 -118.9949
97.3235 -118.9539
97.3588 -118.9128
97.3935 -118.8717
97.4279 -118.8306
97.4619 -118.7892
97.4955 -118.7477
97.5288 -118.706
97.562 -118.6639
97.5949 -118.6215
97.6277 -118.5787
97.6602 -118.5355
97.6923 -118.4922
97.7238 -118.4487
97.7546 -118.4052
97.785 -118.3618
97.8147 -118.3182
97.8436 -118.2746
97.872 -118.2308
97.8998 -118.187
97.9269 -118.1428
97.9535 -118.0985
97.9795 -118.0538
98.005 -118.0086
98.0299 -117.9631
98.0544 -117.9172
98.0782 -117.8708
98.1015 -117.8242
98.1241 -117.7773
98.1459 -117.7301
98.1668 -117.6828
98.1869 -117.6354
98.2061 -117.5878
98.2245 -117.5399
98.242 -117.4917
98.2588 -117.4433
98.2749 -117.3946
98.2905 -117.3455
98.3059 -117.2962
98.321 -117.2465
98.3362 -117.1965
98.3513 -117.1463
98.3663 -117.0958
98.3811 -117.0454
98.3958 -116.995
98.4104 -116.9447
98.4249 -116.8945
98.4394 -116.8443
98.4538 -116.7942
98.4682 -116.744
98.4826 -116.6937
98.4971 -116.6434
98.5119 -116.5931
98.5268 -116.5428
98.5422 -116.4924
98.5581 -116.4421
98.5747 -116.3918
98.5919 -116.3414
98.6097 -116.291
98.6282 -116.2407
98.6473 -116.1906
98.6669 -116.1409
98.6871 -116.0915
98.7078 -116.0424
98.729 -115.9938
98.7507 -115.9454
98.7731 -115.8975
98.7961 -115.8498
98.82 -115.8026
98.8449 -115.7558
98.8707 -115.7093
98.8976 -115.6633
98.9254 -115.6178
98.9542 -115.5728
98.9837 -115.5287
99.014 -115.4854
99.0451 -115.4431
99.0769 -115.4019
99.1093 -115.3617
99.1425 -115.3225
99.1764 -115.2844
99.211 -115.2472
99.2464 -115.211
99.2825 -115.1757
99.3194 -115.1413
99.3572 -115.1078
99.3959 -115.0751
99.4356 -115.0431
99.4761 -115.0119
99.5173 -114.9817
99.5591 -114.9526
99.6015 -114.9244
99.6445 -114.8973
99.688 -114.8713
99.7319 -114.8464
99.7763 -114.8226
99.8211 -114.7996
99.8664 -114.7773
99.9122 -114.7558
99.9586 -114.7349
100.0055 -114.7145
100.0529 -114.6945
100.101 -114.6748
100.1496 -114.6554
100.1986 -114.6361
100.248 -114.6169
100.2974 -114.5979
100.347 -114.5789
100.3967 -114.5599
100.4464 -114.5408
100.4962 -114.5218
100.5459 -114.5026
100.5956 -114.4833
100.6454 -114.4638
100.6952 -114.4439
100.7451 -114.4237
100.7952 -114.4031
100.8455 -114.382
100.8959 -114.3605
100.9462 -114.3388
100.9964 -114.317
101.0464 -114.2951
101.0962 -114.273
101.1457 -114.2508
101.195 -114.2286
101.2439 -114.2061
101.2924 -114.1834
101.3407 -114.1605
101.3887 -114.1371
101.4365 -114.1132
101.4841 -114.0889
101.5316 -114.064
101.579 -114.0383
101.6262 -114.012
101.6733 -113.9849
101.72 -113.9571
101.7664 -113.929
101.8126 -113.9005
101.8585 -113.8716
101.904 -113.8421
101.9492 -113.812
101.9938 -113.7811
102.0378 -113.7496
102.0813 -113.7173
102.1243 -113.6841
102.1668 -113.65
102.2091 -113.6149
102.251 -113.5789
102.2925 -113.542
102.3337 -113.5043
102.3745 -113.4661
102.4147 -113.4273
102.4543 -113.3882
102.4934 -113.3488
102.5319 -113.309
102.5697 -113.2691
102.607 -113.2289
102.6436 -113.1885
102.6798 -113.1479
102.7155 -113.107
102.7509 -113.0659
102.7861 -113.0244
102.8211 -112.9825
102.8559 -112.9402
102.8906 -112.8974
102.9249 -112.8544
102.9589 -112.8112
102.9925 -112.7679
103.0255 -112.7246
103.0581 -112.6813
103.0902 -112.6381
103.1219 -112.5948
103.1532 -112.5516
103.1841 -112.5084
103.2148 -112.4652
103.2453 -112.422
103.2757 -112.3786
103.3061 -112.3352
103.3366 -112.2917
103.3673 -112.248
103.3981 -112.2044
103.4289 -112.1608
103.4597 -112.1173
103.4905 -112.0741
103.5213 -112.0312
103.552 -111.9885
103.5828 -111.9461
103.6136 -111.9039
103.6446 -111.8619
103.6758 -111.8201
103.7074 -111.7785
103.7393 -111.7369
103.7718 -111.6954
103.8047 -111.654
103.838 -111.6125
103.8717 -111.5712
103.9057 -111.53
103.9398 -111.489
103.9738 -111.4482
104.0079 -111.4078
104.0419 -111.3677
104.0759 -111.3278
104.1099 -111.2881
104.144 -111.2487
104.178 -111.2096
104.2121 -111.1705
104.2463 -111.1316
104.2806 -111.0926
104.3151 -111.0536
104.3498 -111.0144
104.3847 -110.9752
104.4196 -110.936
104.4545 -110.897
104.4893 -110.8582
104.5238 -110.8195
104.5581 -110.781
104.5922 -110.7427
104.626 -110.7046
104.6596 -110.6666
104.6931 -110.6287
104.7264 -110.5908
104.7596 -110.5529
104.7927 -110.5149
104.8258 -110.4768
104.8589 -110.4384
104.8921 -110.3997
104.9254 -110.3607
104.9585 -110.3215
104.9915 -110.2821
105.0241 -110.2426
105.0564 -110.2032
105.0884 -110.1638
105.1201 -110.1245
105.1515 -110.0851
105.1826 -110.0459
105.2134 -110.0066
105.2441 -109.9672
105.2746 -109.9277
105.305 -109.888
105.3354 -109.8481
105.3658 -109.8079
105.3963 -109.7674
105.4269 -109.7269
105.4572 -109.6864
105.4873 -109.6459
105.5172 -109.6056
105.5469 -109.5655
105.5763 -109.5256
105.6055 -109.4859
105.6346 -109.4464
105.6637 -109.407
105.6927 -109.3678
105.7218 -109.3287
105.7511 -109.2897
105.7807 -109.2507
105.8106 -109.2116
105.841 -109.1725
105.8717 -109.1335
105.9025 -109.0945
105.9334 -109.0558
105.9642 -109.0172
105.9951 -108.9788
106.0261 -108.9406
106.0572 -108.9028
106.0884 -108.8652
106.1196 -108.8277
106.1508 -108.7902
106.1822 -108.7529
106.2138 -108.7155
106.2456 -108.678
106.2777 -108.6405
106.3101 -108.6027
106.3429 -108.5648
106.376 -108.5267
106.4094 -108.4887
106.4429 -108.4508
106.4764 -108.413
106.5099 -108.3755
106.5433 -108.3382
106.5768 -108.3012
106.6102 -108.2644
106.6437 -108.2278
106.6773 -108.1913
106.711 -108.1549
106.7451 -108.1185
106.7794 -108.0821
106.8141 -108.0458
106.8492 -108.0094
106.8845 -107.973
106.9199 -107.9367
106.9554 -107.9005
106.9909 -107.8646
107.0265 -107.8288
107.0621 -107.7933
107.0976 -107.758
107.1331 -107.7227
107.1686 -107.6876
107.2042 -107.6525
107.24 -107.6175
107.2758 -107.5823
107.3119 -107.547
107.3481 -107.5115
107.3847 -107.4758
107.4217 -107.44
107.4589 -107.404
107.4962 -107.3682
107.5337 -107.3327
107.5712 -107.2974
107.6086 -107.2625
107.646 -107.2279
107.6834 -107.1936
107.7208 -107.1597
107.7581 -107.1262
107.7955 -107.0928
107.8329 -107.0596
107.8704 -107.0265
107.9079 -106.9934
107.9456 -106.9603
107.9835 -106.927
108.0214 -106.8934
108.0593 -106.8597
108.097 -106.8259
108.1344 -106.7922
108.1714 -106.7583
108.2081 -106.7245
108.2444 -106.6908
108.2802 -106.657
108.3156 -106.6232
108.3505 -106.5892
108.385 -106.5551
108.4191 -106.5206
108.453 -106.4857
108.4866 -106.4503
108.52 -106.4145
108.5533 -106.378
108.5862 -106.3411
108.6189 -106.3037
108.6511 -106.266
108.6828 -106.228
108.7139 -106.1898
108.7446 -106.1513
108.7749 -106.1125
108.8047 -106.0733
108.8341 -106.0338
108.8633 -105.9939
108.8921 -105.9533
108.9209 -105.9123
108.9496 -105.8708
108.9782 -105.8286
109.0068 -105.7857
109.0354 -105.7424
109.0639 -105.6986
109.0921 -105.6546
109.1199 -105.6102
109.1473 -105.5656
109.1741 -105.5209
109.2006 -105.476
109.2266 -105.4311
109.2524 -105.3862
109.2778 -105.3411
109.303 -105.2958
109.328 -105.2504
109.3528 -105.2048
109.3775 -105.159
109.4022 -105.1129
109.4269 -105.0664
109.4515 -105.0195
109.4762 -104.9724
109.5006 -104.9251
109.5247 -104.8777
109.5486 -104.8302
109.572 -104.7827
109.5951 -104.7352
109.6179 -104.6875
109.6405 -104.6396
109.6629 -104.5915
109.6852 -104.5432
109.7074 -104.4945
109.7295 -104.4456
109.7517 -104.3964
109.7741 -104.3467
109.7967 -104.2967
109.8193 -104.2465
109.842 -104.1961
109.8644 -104.1456
109.8868 -104.0951
109.9092 -104.0447
109.9314 -103.9943
109.9534 -103.9439
109.9753 -103.8937
109.9969 -103.8435
110.0184 -103.7933
110.0397 -103.743
110.061 -103.6927
110.0822 -103.6421
110.1032 -103.5911
110.1242 -103.5399
110.1451 -103.4884
110.1658 -103.4366
110.186 -103.3846
110.2059 -103.3325
110.2252 -103.2804
110.244 -103.2282
110.2623 -103.1758
110.28 -103.1233
110.2971 -103.0706
110.3138 -103.0176
110.3301 -102.9644
110.3462 -102.9109
110.362 -102.8571
110.3777 -102.803
110.3933 -102.7486
110.4089 -102.6938
110.4244 -102.6389
110.4396 -102.584
110.4545 -102.529
110.4689 -102.4741
110.4828 -102.4193
110.4963 -102.3645
110.5094 -102.3098
110.5222 -102.255
110.5346 -102.2002
110.5468 -102.1454
110.5588 -102.0905
110.5706 -102.0355
110.5824 -101.9802
110.5942 -101.9248
110.6063 -101.8692
110.6186 -101.8133
110.6309 -101.7572
110.6434 -101.7011
110.6559 -101.6448
110.6684 -101.5885
110.6807 -101.532
110.693 -101.4754
110.7051 -101.4187
110.7171 -101.3619
110.7292 -101.3048
110.7413 -101.2476
110.7537 -101.1901
110.7663 -101.1325
110.7794 -101.0746
110.793 -101.0166
110.8069 -100.9586
110.8211 -100.9008
110.8354 -100.8431
110.8496 -100.7855
110.8638 -100.7282
110.8779 -100.671
110.892 -100.6139
110.9061 -100.5569
110.9199 -100.5001
110.9337 -100.4432
110.9475 -100.3865
110.9615 -100.3298
110.9757 -100.2732
110.9901 -100.2165
111.0047 -100.1598
111.0196 -100.1029
111.0346 -100.0459
111.0497 -99.9889
111.0647 -99.932
111.0796 -99.8751
111.0943 -99.8183
111.1087 -99.7615
111.1229 -99.7047
111.1367 -99.6479
111.1502 -99.5909
111.1634 -99.5338
111.1764 -99.4767
111.1893 -99.4193
111.2022 -99.3618
111.2151 -99.3041
111.228 -99.2463
111.2408 -99.1884
111.2534 -99.1306
111.2656 -99.073
111.2773 -99.0156
111.2883 -98.9584
111.2987 -98.9012
111.3084 -98.8441
111.3175 -98.7871
111.3259 -98.7301
111.3337 -98.6731
111.3411 -98.616
111.348 -98.5589
111.3546 -98.5017
111.3609 -98.4444
111.367 -98.3867
111.3728 -98.3287
111.3784 -98.2703
111.3834 -98.2118
111.388 -98.153
111.3922 -98.0941
111.3958 -98.0349
111.3988 -97.9754
111.4013 -97.9156
111.4033 -97.8554
111.4048 -97.7948
111.406 -97.7338
111.407 -97.6724
111.4078 -97.6107
111.4087 -97.5488
111.4096 -97.4867
111.4105 -97.4246
111.4112 -97.3625
111.4117 -97.3005
111.412 -97.2385
111.412 -97.1765
111.4117 -97.1146
111.4111 -97.0526
111.4104 -96.9906
111.4095 -96.9285
111.4084 -96.8664
111.4074 -96.8041
111.4066 -96.7419
111.4061 -96.6796
111.4059 -96.6173
111.4062 -96.555
111.4068 -96.4926
111.4078 -96.4302
111.409 -96.3678
111.4104 -96.3054
111.4119 -96.2432
111.4136 -96.1809
111.4153 -96.1186
111.4171 -96.0562
111.419 -95.9937
111.4212 -95.9311
111.4237 -95.8684
111.4267 -95.8056
111.4303 -95.7428
111.4344 -95.68
111.4391 -95.6174
111.4441 -95.5551
111.4494 -95.493
111.4549 -95.4311
111.4605 -95.3695
111.4662 -95.3081
111.4718 -95.2469
111.4774 -95.1859
111.483 -95.125
111.4886 -95.0641
111.4943 -95.0034
111.5003 -94.9428
111.5065 -94.8823
111.5132 -94.822
111.5203 -94.7616
111.5278 -94.7013
111.5354 -94.6411
111.5433 -94.581
111.5512 -94.5212
111.5591 -94.4615
111.567 -94.4021
111.5748 -94.3427
111.5825 -94.2833
111.5901 -94.224
111.5978 -94.1646
111.6057 -94.1053
111.6137 -94.0461
111.6221 -93.9869
111.6309 -93.9277
111.6401 -93.8687
111.6496 -93.8099
111.6593 -93.7515
111.6692 -93.6935
111.679 -93.6359
111.6888 -93.5787
111.6986 -93.5218
111.7083 -93.4652
111.7179 -93.4088
111.7275 -93.3526
111.737 -93.2967
111.7467 -93.2409
111.7566 -93.1854
111.7667 -93.13
111.7771 -93.0747
111.7879 -93.0196
111.7988 -92.9645
111.8098 -92.9095
111.8208 -92.8547
111.8317 -92.8001
111.8426 -92.7456
111.8533 -92.6913
111.8639 -92.6371
111.8746 -92.5831
111.8852 -92.5291
111.896 -92.4751
111.9069 -92.4212
111.9181 -92.3671
111.9297 -92.313
111.9416 -92.2588
111.9541 -92.2046
111.9671 -92.1504
111.9805 -92.0962
111.9942 -92.0421
112.0081 -91.9881
112.0223 -91.9343
112.0366 -91.8805
112.0511 -91.8268
112.0659 -91.7731
112.0808 -91.7193
112.096 -91.6655
112.1116 -91.6116
112.1276 -91.5577
112.144 -91.5036
112.1609 -91.4494
112.1785 -91.3951
112.1967 -91.3405
112.2155 -91.2857
112.2349 -91.2307
112.2546 -91.1757
112.2745 -91.1207
112.2947 -91.0658
112.3151 -91.011
112.3356 -90.9563
112.3564 -90.9016
112.3774 -90.8469
112.3987 -90.7924
112.4204 -90.7378
112.4425 -90.6832
112.465 -90.6286
112.4881 -90.574
112.5118 -90.5194
112.5361 -90.4648
112.5608 -90.4106
112.5858 -90.3566
112.6109 -90.303
112.6361 -90.2497
112.6613 -90.1968
112.6865 -90.1443
112.7118 -90.092
112.7371 -90.0398
112.7625 -89.9878
112.7881 -89.9359
112.8138 -89.8842
112.8397 -89.8327
112.866 -89.7812
112.8925 -89.7296
112.9192 -89.678
112.9459 -89.6264
112.9725 -89.575
112.9989 -89.5236
113.025 -89.4724
113.0508 -89.4212
113.0764 -89.3701
113.1016 -89.319
113.1265 -89.2678
113.1513 -89.2167
113.1759 -89.1655
113.2005 -89.1142
113.2251 -89.0629
113.2496 -89.0113
113.2743 -88.9596
113.2991 -88.9079
113.324 -88.8561
113.3487 -88.8044
113.3732 -88.753
113.3974 -88.7017
113.4212 -88.6506
113.4447 -88.5996
113.468 -88.5488
113.491 -88.4979
113.5138 -88.4471
113.5365 -88.3963
113.5592 -88.3454
113.582 -88.2944
113.6048 -88.2433
113.6277 -88.1919
113.6507 -88.1403
113.6738 -88.0886
113.6967 -88.0368
113.7195 -87.9849
113.7421 -87.9329
113.7644 -87.881
113.7864 -87.8291
113.8083 -87.7772
113.8301 -87.7252
113.8518 -87.6731
113.8735 -87.621
113.8951 -87.5687
113.9169 -87.5164
113.9389 -87.4638
113.9611 -87.4111
113.9837 -87.3583
114.0066 -87.3054
114.0296 -87.2526
114.0527 -87.2001
114.0758 -87.148
114.0991 -87.0963
114.1224 -87.045
114.1457 -86.994
114.1692 -86.9434
114.1928 -86.8929
114.2167 -86.8428
114.2409 -86.7929
114.2655 -86.7434
114.2905 -86.6941
114.316 -86.645
114.342 -86.5962
114.3684 -86.5475
114.3952 -86.4991
114.4221 -86.451
114.4491 -86.4033
114.4761 -86.356
114.5031 -86.3091
114.53 -86.2626
114.5569 -86.2164
114.5839 -86.1704
114.6109 -86.1246
114.6382 -86.0791
114.6655 -86.0338
114.693 -85.9888
114.7208 -85.9439
114.7489 -85.8993