80.3779 -112.3761
80.3874 -112.434
80.3971 -112.4918
80.4069 -112.5497
80.4171 -112.6078
80.4276 -112.6661
80.4383 -112.7248
80.4492 -112.7837
80.4602 -112.8428
80.4712 -112.9021
80.4823 -112.9616
80.4933 -113.0213
80.5042 -113.0811
80.5152 -113.1413
80.5263 -113.2018
80.5378 -113.2624
80.5497 -113.3231
80.5619 -113.384
80.5745 -113.4449
80.5873 -113.5058
80.6004 -113.5666
80.6135 -113.6273
80.6266 -113.6879
80.6396 -113.7483
80.6526 -113.8086
80.6656 -113.8689
80.6786 -113.9289
80.6917 -113.9888
80.7049 -114.0486
80.7183 -114.1084
80.7319 -114.1682
80.7459 -114.2278
80.76 -114.2869
80.7744 -114.3455
80.7889 -114.4036
80.8035 -114.4613
80.8181 -114.5188
80.8326 -114.5761
80.8471 -114.6333
80.8616 -114.6905
80.876 -114.7478
80.8903 -114.8051
80.9046 -114.8626
80.9187 -114.92
80.9324 -114.9773
80.9458 -115.0344
80.9586 -115.0912
80.9709 -115.148
80.9825 -115.2047
80.9936 -115.2613
81.0041 -115.3178
81.014 -115.3744
81.0235 -115.4311
81.0325 -115.4879
81.041 -115.5448
81.049 -115.6017
81.0564 -115.6586
81.0631 -115.7156
81.0691 -115.7725
81.0744 -115.8294
81.0788 -115.8862
81.0824 -115.943
81.0854 -115.9997
81.088 -116.0564
81.0901 -116.113
81.0917 -116.1695
81.093 -116.2261
81.0938 -116.2826
81.0941 -116.3389
81.0938 -116.395
81.0927 -116.4508
81.0909 -116.5062
81.0883 -116.5613
81.0849 -116.616
81.0808 -116.6705
81.0761 -116.7247
81.0707 -116.7785
81.0649 -116.832
81.0585 -116.8852
81.0517 -116.9381
81.0444 -116.9909
81.0366 -117.0435
81.0281 -117.0959
81.019 -117.1482
81.0092 -117.2004
80.9988 -117.2523
80.9878 -117.3041
80.9761 -117.3558
80.9639 -117.4072
80.9514 -117.4585
80.9387 -117.5094
80.9258 -117.56
80.9127 -117.6101
80.8993 -117.6598
80.8855 -117.7089
80.8713 -117.7574
80.8568 -117.8053
80.8418 -117.8525
80.8264 -117.8991
80.8106 -117.9452
80.7945 -117.9907
80.778 -118.0359
80.7614 -118.0805
80.7447 -118.1248
80.7278 -118.1687
80.7108 -118.2124
80.6936 -118.256
80.6763 -118.2996
80.6587 -118.3432
80.6411 -118.3871
80.6233 -118.4312
80.6055 -118.4754
80.5876 -118.5201
80.5699 -118.565
80.5522 -118.6103
80.5348 -118.656
80.5178 -118.702
80.5013 -118.7483
80.4851 -118.7949
80.4694 -118.8418
80.4541 -118.889
80.4392 -118.9365
80.4246 -118.9844
80.4105 -119.0327
80.3968 -119.0815
80.3837 -119.1309
80.3711 -119.1807
80.359 -119.2311
80.3476 -119.2819
80.337 -119.3333
80.3272 -119.3851
80.3183 -119.4374
80.3102 -119.4903
80.3028 -119.5438
80.2961 -119.5979
80.2901 -119.6524
80.2847 -119.7075
80.2799 -119.763
80.2758 -119.819
80.2725 -119.8755
80.2699 -119.9325
80.2682 -119.9899
80.2673 -120.0477
80.2673 -120.106
80.268 -120.1646
80.2694 -120.2236
80.2714 -120.2829
80.2736 -120.3424
80.2761 -120.4019
80.2788 -120.4616
80.2817 -120.5214
80.2847 -120.5815
80.2878 -120.6419
80.2912 -120.7027
80.2948 -120.7637
80.2988 -120.825
80.303 -120.8865
80.3075 -120.9485
80.3122 -121.0108
80.317 -121.0736
80.3218 -121.1367
80.3267 -121.2002
80.3317 -121.2641
80.3369 -121.3282
80.3424 -121.3927
80.3484 -121.4576
80.3548 -121.5228
80.3617 -121.5885
80.369 -121.6546
80.3767 -121.721
80.3848 -121.7876