160.8492 -46.7019
160.7275 -46.8261
160.6052 -46.9507
160.4822 -47.0756
160.3586 -47.201
160.2343 -47.3267
160.1094 -47.4529
159.9838 -47.5795
159.8576 -47.7066
159.7307 -47.834
159.6033 -47.9618
159.4751 -48.0899
159.3461 -48.2186
159.2166 -48.3475
159.0863 -48.4769
158.9554 -48.6066
158.824 -48.7366
158.6919 -48.867
158.5592 -48.9978
158.4259 -49.1289
158.292 -49.2603
158.1574 -49.3922
158.0223 -49.5243
157.8866 -49.6568
157.7502 -49.7895
157.6133 -49.9225
157.4758 -50.0557
157.3376 -50.1893
157.1988 -50.323
157.0594 -50.4569
156.9193 -50.591
156.7786 -50.7253
156.6372 -50.8596
156.4952 -50.9941
156.3527 -51.1287
156.2096 -51.2634
156.0658 -51.3982
155.9216 -51.533
155.7768 -51.6679
155.6316 -51.8027
155.486 -51.9375
155.3399 -52.0724
155.1934 -52.2072
155.0464 -52.3421
154.899 -52.4771
154.7512 -52.6121
154.603 -52.7473
154.4543 -52.8825
154.3052 -53.0177
154.1559 -53.1529
154.0061 -53.2882
153.8561 -53.4236
153.7057 -53.5589
153.5551 -53.6944
153.4041 -53.83
153.2529 -53.9656
153.1016 -54.1013
152.95 -54.237
152.7982 -54.3727
152.6463 -54.5085
152.4942 -54.6445
152.3419 -54.7805
152.1894 -54.9167
152.0368 -55.053
151.8839 -55.1894
151.7309 -55.326
151.5777 -55.4627
151.4243 -55.5996
151.2709 -55.7366
151.1174 -55.8738
150.9638 -56.0112
150.8102 -56.1488
150.6565 -56.2867
150.5028 -56.4248
150.3492 -56.5632
150.1954 -56.702
150.0417 -56.8411
149.8881 -56.9805
149.7348 -57.1202
149.5816 -57.2603
149.4285 -57.4007
149.2757 -57.5415
149.1232 -57.6825
148.9708 -57.824
148.8187 -57.9658
148.6669 -58.108
148.5152 -58.2506
148.3638 -58.3936
148.2127 -58.5369
148.062 -58.6806
147.9116 -58.8246
147.7615 -58.9689
147.6116 -59.1136
147.462 -59.2584
147.3124 -59.4036
147.163 -59.5489
147.0136 -59.6946
146.8644 -59.8404
146.7151 -59.9865
146.5659 -60.1327
146.4168 -60.279
146.2676 -60.4254
146.1184 -60.5721
145.9691 -60.7187
145.8197 -60.8654
145.6704 -61.0121
145.521 -61.1589
145.3718 -61.3058
145.2226 -61.4529
145.0734 -61.6
144.9241 -61.7473
144.7746 -61.8947
144.625 -62.0422
144.4752 -62.1897
144.3253 -62.3374
144.1753 -62.485
144.0251 -62.6327
143.8748 -62.7804
143.7244 -62.9281
143.574 -63.0758
143.4234 -63.2235
143.2727 -63.3712
143.1219 -63.5189
142.971 -63.6666
142.8201 -63.8143
142.6691 -63.9621
142.518 -64.11
142.3668 -64.2579
142.2155 -64.4059
142.064 -64.554
141.9124 -64.7022
141.7607 -64.8504
141.6088 -64.9987
141.4569 -65.147
141.3049 -65.2954
141.1528 -65.4439
141.0007 -65.5924
140.8484 -65.7411
140.696 -65.8898
140.5436 -66.0388
140.3911 -66.1877
140.2385 -66.3367
140.0858 -66.4857
139.9331 -66.6348
139.7803 -66.7839
139.6273 -66.9331
139.4742 -67.0823
139.3209 -67.2317
139.1675 -67.3811
139.0139 -67.5306
138.8601 -67.6801
138.7062 -67.8297
138.5523 -67.9792
138.3983 -68.1288
138.2441 -68.2784
138.0898 -68.4279
137.9355 -68.5775
137.7811 -68.7271
137.6266 -68.8765
137.472 -69.0259
137.3173 -69.1753
137.1626 -69.3246
137.0077 -69.4739
136.8526 -69.6231
136.6973 -69.7724
136.5418 -69.9216
136.3863 -70.0708
136.2306 -70.22
136.0747 -70.3692
135.9188 -70.5186
135.7627 -70.6679
135.6068 -70.8172
135.4509 -70.9665
135.2949 -71.1159
135.1389 -71.2653
134.9829 -71.4148
134.8268 -71.5644
134.6707 -71.714
134.5146 -71.8636
134.3584 -72.0133
134.2021 -72.1631
134.0458 -72.313
133.8894 -72.463
133.733 -72.6131
133.5765 -72.7632
133.4199 -72.9133
133.2633 -73.0634
133.1068 -73.2134
132.9502 -73.3632
132.7935 -73.5129
132.637 -73.6624
132.4803 -73.8117
132.3237 -73.961
132.1671 -74.1101
132.0105 -74.2591
131.8539 -74.408
131.6974 -74.5569
131.5409 -74.7057
131.3843 -74.8544
131.2278 -75.0032
131.0711 -75.1521
130.9144 -75.301
130.7576 -75.45
130.6007 -75.599
130.4437 -75.7481
130.2867 -75.8973
130.1298 -76.0466
129.9727 -76.1961
129.8157 -76.3456
129.6587 -76.4953
129.5016 -76.645
129.3444 -76.7948
129.1871 -76.9446
129.0299 -77.0944
128.8726 -77.2441
128.7153 -77.3937
128.558 -77.5432
128.4007 -77.6926
128.2434 -77.8418
128.0861 -77.991
127.9287 -78.14
127.7713 -78.2888
127.6138 -78.4374
127.4563 -78.586
127.2987 -78.7344
127.141 -78.8827
126.9834 -79.031
126.8259 -79.1792
126.6684 -79.3274
126.5109 -79.4755
126.3534 -79.6237
126.1961 -79.7717
126.0388 -79.9199
125.8816 -80.0681
125.7245 -80.2163
125.5674 -80.3647
125.4104 -80.5132
125.2536 -80.6617
125.0968 -80.8103
124.9402 -80.959
124.7837 -81.1078
124.6272 -81.2567
124.4707 -81.4057
124.3143 -81.5548
124.1579 -81.7039
124.0016 -81.8531
123.8453 -82.0023
123.689 -82.1514
123.5327 -82.3005
123.3766 -82.4495
123.2204 -82.5985
123.0645 -82.7473
122.9086 -82.8961
122.7527 -83.0448
122.5969 -83.1935
122.4412 -83.3421
122.2854 -83.4907
122.1296 -83.6392
121.9738 -83.7876
121.8179 -83.9358
121.6622 -84.0839
121.5063 -84.2318
121.3504 -84.3795
121.1946 -84.5269
121.0388 -84.6741
120.8829 -84.821
120.7271 -84.9677
120.5713 -85.1141
120.4154 -85.2602
120.2595 -85.4062
120.1035 -85.5518
119.9473 -85.6972
119.7911 -85.8424
119.6347 -85.9873
119.4781 -86.1319
119.3213 -86.2764
119.1644 -86.4208
119.0073 -86.565
118.85 -86.7092
118.6926 -86.8533
118.5351 -86.9973
118.3776 -87.1413
118.22 -87.2852
118.0623 -87.4291
117.9045 -87.573
117.7468 -87.7168
117.5891 -87.8605
117.4315 -88.0042
117.2742 -88.1479
117.117 -88.2915
116.96 -88.4352
116.803 -88.5789
116.6462 -88.7227
116.4895 -88.8665
116.333 -89.0103
116.1767 -89.1542
116.0206 -89.298
115.8647 -89.4418
115.7089 -89.5856
115.5533 -89.7294
115.3978 -89.8733
115.2426 -90.017
115.0875 -90.1605
114.9325 -90.3041
114.7777 -90.4476
114.623 -90.5911
114.4684 -90.7348
114.3139 -90.8785
114.1595 -91.0223
114.0052 -91.1662
113.8509 -91.3102
113.6968 -91.4544
113.5427 -91.5986
113.3888 -91.7431
113.2349 -91.8877
113.0811 -92.0326
112.9273 -92.1778
112.7737 -92.3233
112.6203 -92.469
112.467 -92.615
112.3139 -92.7614
112.161 -92.9081
112.0082 -93.0551
111.8557 -93.2026
111.7033 -93.3505
111.5512 -93.4987
111.3992 -93.6475
111.2475 -93.7966
111.0961 -93.9462
110.945 -94.0961
110.7942 -94.2464
110.6436 -94.3971
110.4934 -94.548
110.3436 -94.6993
110.1945 -94.8508
110.0459 -95.0024
109.8979 -95.1543
109.7503 -95.3065
109.6033 -95.4589
109.4566 -95.6115
109.3104 -95.7643
109.1645 -95.9173
109.0191 -96.0707
108.8739 -96.2242
108.7291 -96.378
108.5846 -96.5319
108.4404 -96.686
108.2963 -96.8404
108.1524 -96.9948
108.0084 -97.1494
107.8646 -97.304
107.7208 -97.4587
107.577 -97.6135
107.4331 -97.7683
107.2892 -97.9231
107.1453 -98.0777
107.0013 -98.2323
106.8571 -98.3867
106.7128 -98.541
106.5682 -98.695
106.4235 -98.8488
106.2785 -99.0025
106.1331 -99.1559
105.9874 -99.3091
105.8413 -99.4619
105.6948 -99.6144
105.5477 -99.7667
105.4002 -99.9187
105.2519 -100.0705
105.1032 -100.222
104.9538 -100.3731
104.8039 -100.5238
104.6534 -100.6741
104.5023 -100.8239
104.3507 -100.9734
104.1985 -101.1224
104.0458 -101.2708
103.8927 -101.4187
103.739 -101.5661
103.585 -101.7129
103.4304 -101.859
103.2755 -102.0046
103.1202 -102.1496
102.9645 -102.2941
102.8084 -102.438
102.652 -102.5815
102.495 -102.7245
102.3377 -102.8671
102.18 -103.0093
102.0219 -103.151
101.8634 -103.2923
101.7047 -103.4333
101.5457 -103.5741
101.3863 -103.7146
101.2267 -103.8547
101.0669 -103.9946
100.9069 -104.1342
100.7466 -104.2735
100.5862 -104.4126
100.4257 -104.5516
100.2652 -104.6904
100.1045 -104.8292
99.9437 -104.9681
99.7827 -105.107
99.6215 -105.2461
99.4601 -105.3852
99.2985 -105.5244
99.1369 -105.6638
98.9753 -105.8033
98.8136 -105.943
98.6519 -106.0829
98.4903 -106.2231
98.3287 -106.3635
98.1671 -106.5042
98.0058 -106.6451
97.8446 -106.7863
97.6835 -106.9278
97.5226 -107.0696
97.3619 -107.2116
97.2014 -107.3538
97.0411 -107.4963
96.8809 -107.639
96.721 -107.7819
96.5612 -107.9251
96.4015 -108.0685
96.242 -108.2121
96.0827 -108.3558
95.9235 -108.4997
95.7644 -108.6437
95.6053 -108.788
95.4463 -108.9324
95.2873 -109.077
95.1283 -109.2215
94.9694 -109.3663
94.8104 -109.5111
94.6515 -109.656
94.4926 -109.8011
94.3336 -109.9462
94.1745 -110.0914
94.0154 -110.2365
93.8564 -110.3815
93.6975 -110.5265
93.5386 -110.6715
93.3799 -110.8166
93.2211 -110.9616
93.0626 -111.1065
92.9041 -111.2516
92.7457 -111.3966
92.5875 -111.5415
92.4294 -111.6865
92.2715 -111.8314
92.1137 -111.9763
91.9559 -112.1214
91.7983 -112.2665
91.6408 -112.4117
91.4835 -112.5567
91.3262 -112.7018
91.169 -112.8467
91.0119 -112.9915
90.8548 -113.1364
90.6979 -113.2813
90.5409 -113.4263
90.3838 -113.5713
90.2267 -113.7164
90.0694 -113.8616
89.9122 -114.007
89.7549 -114.1525
89.5974 -114.2981
89.44 -114.4439
89.2825 -114.5898
89.1251 -114.736
88.9677 -114.8824
88.8104 -115.0289
88.6532 -115.1758
88.4961 -115.3229
88.3391 -115.4703
88.1821 -115.6181
88.0253 -115.7663
87.8686 -115.9148
87.7116 -116.0644
87.5548 -116.2146
87.3981 -116.3655
87.2413 -116.5174
87.0845 -116.6698
86.927 -116.8235
86.7694 -116.9779
86.6119 -117.1323
86.4545 -117.2871
86.2972 -117.4421
86.1399 -117.5974
85.9828 -117.753
85.8256 -117.9089
85.6683 -118.065
85.5111 -118.2213
85.3539 -118.3779
85.1968 -118.5346
85.0396 -118.6915
84.8825 -118.8486
84.7254 -119.0057
84.5685 -119.163
84.4119 -119.3205
84.2553 -119.4782
84.0988 -119.6361
83.9424 -119.7942
83.7861 -119.9526
83.6299 -120.1112
83.4738 -120.27
83.3178 -120.429
83.1618 -120.5883
83.0058 -120.7479
82.85 -120.9077
82.6943 -121.0677
82.5388 -121.2277
82.3835 -121.3881
82.2283 -121.5487
82.0733 -121.7095
81.9184 -121.8706
81.7637 -122.032
81.609 -122.1936