87.2334 -129.3009
87.2818 -129.2597
87.3301 -129.2184
87.3786 -129.177
87.4272 -129.1354
87.4761 -129.0936
87.5252 -129.0517
87.5742 -129.0099
87.623 -128.9683
87.6716 -128.9267
87.7201 -128.8853
87.7684 -128.8441
87.8166 -128.8032
87.8646 -128.7625
87.9124 -128.722
87.9602 -128.6815
88.0081 -128.641
88.056 -128.6005
88.1042 -128.5599
88.1525 -128.5192
88.2012 -128.4783
88.2501 -128.4372
88.2989 -128.3961
88.3477 -128.355
88.3965 -128.3139
88.4451 -128.2729
88.4936 -128.2319
88.542 -128.191
88.5903 -128.1502
88.6386 -128.1093
88.687 -128.0682
88.7356 -128.0268
88.7843 -127.9851
88.8334 -127.943
88.8827 -127.9006
88.9321 -127.858
88.9815 -127.8155
89.0307 -127.7731
89.0797 -127.7309
89.1285 -127.689
89.1772 -127.6474
89.2258 -127.6061
89.2741 -127.5652
89.3224 -127.5246
89.3708 -127.4842
89.4193 -127.444
89.4681 -127.4039
89.5173 -127.3639
89.5669 -127.3238
89.617 -127.2838
89.6674 -127.2438
89.7179 -127.204
89.7683 -127.1645
89.8186 -127.1251
89.8688 -127.0861
89.9189 -127.0473
89.9688 -127.0088
90.0188 -126.9703
90.0687 -126.9319
90.1187 -126.8933
90.1689 -126.8547
90.2191 -126.8159
90.2697 -126.7767
90.3204 -126.7373
90.371 -126.6979
90.4215 -126.6585
90.4718 -126.6191
90.5221 -126.5798
90.5721 -126.5405
90.6219 -126.5013
90.6716 -126.4622
90.7212 -126.423
90.7709 -126.3837
90.8206 -126.3442
90.8706 -126.3045
90.9207 -126.2645
90.9711 -126.2241
91.0217 -126.1834
91.0724 -126.1426
91.1231 -126.1015
91.1737 -126.0606
91.2242 -126.0198
91.2746 -125.9791
91.3249 -125.9386
91.3751 -125.8982
91.4253 -125.858
91.4755 -125.8179
91.5257 -125.7777
91.576 -125.7374
91.6266 -125.6969
91.6774 -125.6563
91.7285 -125.6156
91.7798 -125.5749
91.831 -125.5343
91.8822 -125.4939
91.9333 -125.4538
91.9842 -125.4139
92.0348 -125.3742
92.0851 -125.3346
92.1352 -125.2951
92.1852 -125.2556
92.2351 -125.2161
92.2849 -125.1765
92.3347 -125.1369
92.3847 -125.097
92.4348 -125.0569
92.4848 -125.0167
92.5345 -124.9765
92.584 -124.9362
92.6331 -124.896
92.6817 -124.8558
92.7299 -124.8156
92.7777 -124.7753
92.8251 -124.735
92.872 -124.6945
92.9186 -124.6538
92.9649 -124.6128
93.0111 -124.5713
93.0572 -124.5294
93.1034 -124.4871
93.1494 -124.4443
93.1952 -124.4011
93.2407 -124.3577
93.2858 -124.314
93.3306 -124.2702
93.3751 -124.2262
93.4194 -124.1819
93.4633 -124.1374
93.507 -124.0927
93.5505 -124.0477
93.594 -124.0024
93.6377 -123.9568
93.6816 -123.9106
93.7258 -123.8641
93.7702 -123.8173
93.8146 -123.7702
93.8589 -123.7231
93.9031 -123.6761
93.9472 -123.6291
93.9911 -123.5821
94.0349 -123.5353
94.0786 -123.4886
94.1225 -123.4418
94.1664 -123.395
94.2105 -123.3481
94.255 -123.3012
94.2996 -123.254
94.3447 -123.2067
94.3901 -123.1594
94.4357 -123.1122
94.4814 -123.0651
94.5272 -123.0182
94.5731 -122.9717
94.6189 -122.9256
94.6647 -122.8798
94.7106 -122.8345
94.7568 -122.7895
94.8034 -122.7449
94.8501 -122.7005
94.8972 -122.6564
94.9449 -122.6124
94.9929 -122.5686
95.0413 -122.525
95.0899 -122.4818
95.1387 -122.4389
95.1875 -122.3964
95.2363 -122.3543
95.2854 -122.3124
95.3344 -122.2709
95.3836 -122.2295
95.433 -122.1884
95.4827 -122.1474
95.5326 -122.1062
95.5828 -122.065
95.6334 -122.0235
95.6843 -121.982
95.7355 -121.9404
95.7869 -121.8987
95.8384 -121.857
95.89 -121.8152
95.9415 -121.7734
95.9929 -121.7317
96.0442 -121.69
96.0955 -121.6482
96.1467 -121.6063
96.1978 -121.5642
96.2491 -121.5219
96.3004 -121.4793
96.3518 -121.4364
96.4033 -121.393
96.4549 -121.3494
96.5063 -121.3056
96.5575 -121.2617
96.6085 -121.2176
96.6593 -121.1734
96.7098 -121.1291
96.7601 -121.0847
96.8099 -121.0402
96.8595 -120.9954
96.9089 -120.9504
96.9581 -120.9049
97.0073 -120.8593
97.0564 -120.8133
97.1055 -120.767
97.1545 -120.7204
97.2034 -120.6736
97.252 -120.6267
97.3005 -120.5797
97.3486 -120.5327
97.3964 -120.4857
97.444 -120.4388
97.4915 -120.392
97.5389 -120.3452
97.5864 -120.2984
97.6339 -120.2515
97.6817 -120.2046
97.7295 -120.1576
97.7775 -120.1104
97.8256 -120.0634
97.8735 -120.0165
97.9213 -119.9696
97.9687 -119.923
98.0158 -119.8768
98.0626 -119.8309
98.1091 -119.7851
98.1555 -119.7394
98.2017 -119.6936
98.248 -119.6477
98.2942 -119.6017
98.3403 -119.5557
98.3866 -119.5094
98.4332 -119.463
98.4796 -119.4164
98.526 -119.3699
98.5722 -119.3235
98.6181 -119.2772
98.6637 -119.2311
98.7091 -119.1852
98.7544 -119.1395
98.7994 -119.0938
98.8444 -119.0482
98.8894 -119.0025
98.9345 -118.9567
98.9798 -118.9108
99.0251 -118.8647
99.0705 -118.8186
99.1158 -118.7724
99.1611 -118.7262
99.2065 -118.68
99.2518 -118.6337
99.2971 -118.5874
99.3425 -118.5411
99.3878 -118.4947
99.4332 -118.4483
99.4786 -118.4018
99.524 -118.3553
99.5694 -118.3088
99.6149 -118.2622
99.6603 -118.2155
99.7058 -118.1688
99.7513 -118.1221
99.7969 -118.0753
99.8425 -118.0284
99.8881 -117.9815
99.9337 -117.9346
99.9793 -117.8876
100.025 -117.8405
100.0707 -117.7935
100.1165 -117.7463
100.1623 -117.6991
100.2081 -117.6519
100.2539 -117.6046
100.2998 -117.5573
100.3457 -117.5099
100.3916 -117.4625
100.4376 -117.415
100.4836 -117.3675
100.5296 -117.32
100.5756 -117.2724
100.6217 -117.2248
100.6678 -117.1771
100.7139 -117.1294
100.76 -117.0817
100.8062 -117.0339
100.8523 -116.9861
100.8985 -116.9383
100.9448 -116.8905
100.991 -116.8426
101.0372 -116.7947
101.0835 -116.7468
101.1298 -116.6988
101.1761 -116.6508
101.2224 -116.6028
101.2687 -116.5548
101.315 -116.5068
101.3613 -116.4588
101.4076 -116.4107
101.454 -116.3627
101.5003 -116.3146
101.5466 -116.2666
101.5929 -116.2185
101.6393 -116.1705
101.6856 -116.1224
101.7319 -116.0744
101.7782 -116.0263
101.8245 -115.9783
101.8708 -115.9303
101.9171 -115.8823
101.9633 -115.8343
102.0096 -115.7863
102.0558 -115.7383
102.102 -115.6904
102.1483 -115.6425
102.1944 -115.5946
102.2406 -115.5468
102.2868 -115.4989
102.3329 -115.4511
102.379 -115.4034
102.4251 -115.3557
102.4712 -115.308
102.5172 -115.2603
102.5633 -115.2127
102.6093 -115.1652
102.6553 -115.1177
102.7012 -115.0702
102.7472 -115.0228
102.7931 -114.9754
102.839 -114.9281
102.8849 -114.8809
102.9308 -114.8337
102.9766 -114.7865
103.0224 -114.7395
103.0683 -114.6924
103.1141 -114.6455
103.1599 -114.5986
103.2055 -114.5519
103.2509 -114.5054
103.2963 -114.4591
103.3416 -114.4128
103.387 -114.3665
103.4326 -114.32
103.4784 -114.2734
103.5245 -114.2265
103.5709 -114.1796
103.6172 -114.1326
103.6635 -114.0858
103.7097 -114.0392
103.7557 -113.9929
103.8016 -113.9468
103.8474 -113.9009
103.8929 -113.8552
103.9384 -113.8097
103.9839 -113.7643
104.0296 -113.719
104.0754 -113.6738
104.1214 -113.6286
104.1678 -113.5835
104.2144 -113.5383
104.2612 -113.4931
104.3081 -113.448
104.355 -113.4031
104.4017 -113.3585
104.4483 -113.3142
104.4947 -113.2702
104.5409 -113.2264
104.587 -113.1828
104.6331 -113.1393
104.6791 -113.0958
104.7253 -113.0521
104.7718 -113.0083
104.8185 -112.9642
104.8656 -112.9199
104.9127 -112.8755
104.9599 -112.831
105.0068 -112.7866
105.0536 -112.7422
105.1 -112.698
105.1462 -112.6539
105.1922 -112.6099
105.2381 -112.5658
105.2838 -112.5217
105.3295 -112.4774
105.3751 -112.4329
105.4209 -112.3881
105.4668 -112.343
105.513 -112.2976
105.5593 -112.2519
105.6055 -112.206
105.6515 -112.16
105.6973 -112.1139
105.7428 -112.0679
105.788 -112.0219
105.8329 -111.9759
105.8775 -111.9298
105.9219 -111.8836
105.9662 -111.8371
106.0104 -111.7905
106.0547 -111.7435
106.0991 -111.6963
106.1438 -111.6487
106.1886 -111.6008
106.2334 -111.5527
106.278 -111.5045
106.3224 -111.4564
106.3667 -111.4085
106.4107 -111.3606
106.4545 -111.313
106.4981 -111.2655
106.5415 -111.2182
106.5847 -111.1709
106.628 -111.1238
106.6714 -111.0766
106.715 -111.0295
106.7588 -110.9823
106.8029 -110.9352
106.8471 -110.888
106.8914 -110.8411
106.9355 -110.7944
106.9795 -110.748
107.0232 -110.7019
107.0667 -110.6561
107.1101 -110.6106
107.1535 -110.5653
107.1969 -110.5202
107.2404 -110.4754
107.2842 -110.4307
107.3284 -110.3861
107.3729 -110.3416
107.4177 -110.2972
107.4628 -110.253
107.508 -110.209
107.5532 -110.1655
107.5984 -110.1223
107.6435 -110.0794
107.6887 -110.0371
107.7342 -109.9953
107.7797 -109.9538
107.8254 -109.9125
107.8715 -109.8713
107.9179 -109.8301
107.9649 -109.789
108.0125 -109.7478
108.0607 -109.7064
108.1094 -109.6649
108.1584 -109.6236
108.2075 -109.5825
108.2566 -109.5417
108.3058 -109.5012
108.3552 -109.4609
108.4047 -109.4208
108.4543 -109.3807
108.5041 -109.3407
108.554 -109.3007
108.6043 -109.2607
108.6549 -109.2205
108.7057 -109.1801
108.757 -109.1394
108.8085 -109.0987
108.86 -109.058
108.9115 -109.0176
108.9628 -108.9775
109.0139 -108.9377
109.0648 -108.8981
109.1156 -108.8587
109.1662 -108.8195
109.2167 -108.7805
109.2673 -108.7416
109.3179 -108.7027
109.3688 -108.6639
109.4198 -108.6248
109.4711 -108.5855
109.5226 -108.5459
109.574 -108.5062
109.6255 -108.4664
109.6767 -108.4265
109.7276 -108.3867
109.7784 -108.3468
109.8288 -108.3069
109.8792 -108.2668
109.9293 -108.2264
109.9795 -108.1856
110.0297 -108.1443
110.08 -108.1023
110.1305 -108.0596
110.1812 -108.0162
110.2322 -107.9722
110.2832 -107.9276
110.3341 -107.8826
110.3847 -107.8373
110.435 -107.7916
110.4849 -107.7456
110.5344 -107.6994
110.5837 -107.6529
110.6328 -107.6059
110.6817 -107.5584
110.7306 -107.5103
110.7794 -107.4616
110.8284 -107.4121
110.8774 -107.3619
110.9265 -107.3111
110.9755 -107.2596
111.0243 -107.2078
111.0729 -107.1556
111.121 -107.1034
111.1687 -107.0509
111.216 -106.9981
111.2629 -106.9452
111.3096 -106.8919
111.3561 -106.8384
111.4025 -106.7844
111.4488 -106.73
111.4952 -106.6751
111.5416 -106.6199
111.5879 -106.5643
111.6339 -106.5085
111.6796 -106.4528
111.7248 -106.3973
111.7696 -106.3419
111.8141 -106.2867
111.8582 -106.2316
111.9021 -106.1767
111.9459 -106.1219
111.9896 -106.0672
112.0336 -106.0125
112.0777 -105.9578
112.122 -105.9031
112.1667 -105.8483
112.2114 -105.7938
112.2561 -105.7394
112.3005 -105.6854
112.3448 -105.6317
112.389 -105.5782
112.4331 -105.525
112.477 -105.472
112.5209 -105.4192
112.5648 -105.3665
112.6089 -105.3139
112.6531 -105.2613
112.6977 -105.2087
112.7425 -105.1558
112.7876 -105.1029
112.8328 -105.0502
112.8778 -104.9977
112.9227 -104.9454
112.9674 -104.8932
113.012 -104.8413
113.0564 -104.7896
113.1008 -104.738
113.1452 -104.6864
113.1896 -104.6348
113.2342 -104.5831
113.2789 -104.5312
113.324 -104.479
113.3693 -104.4264
113.4148 -104.3738
113.4603 -104.3211
113.5056 -104.2686
113.5508 -104.2163
113.5958 -104.164
113.6408 -104.1119
113.6855 -104.0599
113.7302 -104.0079
113.7749 -103.956
113.8197 -103.9039
113.8648 -103.8518
113.9102 -103.7994
113.9559 -103.7468
114.0019 -103.6939
114.0479 -103.6411
114.0939 -103.5885
114.1398 -103.536
114.1855 -103.4838
114.2309 -103.4317
114.2762 -103.3797
114.3212 -103.3279
114.3662 -103.2761
114.4111 -103.2242
114.4561 -103.1724
114.5013 -103.1203
114.5467 -103.068
114.5924 -103.0153
114.6382 -102.9626
114.684 -102.9098
114.7297 -102.8571
114.7751 -102.8046
114.8202 -102.7524
114.8651 -102.7004
114.9098 -102.6484
114.9543 -102.5966
114.9988 -102.5448
115.0431 -102.493
115.0876 -102.4411
115.132 -102.3891
115.1766 -102.3368
115.2214 -102.2843
115.2664 -102.2316
115.3112 -102.1789
115.356 -102.1261
115.4005 -102.0735
115.4449 -102.021
115.4891 -101.9686
115.5331 -101.9163
115.5771 -101.8639
115.6211 -101.8116
115.6653 -101.7591
115.7096 -101.7067
115.7542 -101.654
115.799 -101.6013
115.8441 -101.5483
115.8892 -101.4953
115.9343 -101.4423
115.9793 -101.3894
116.0241 -101.3368
116.0689 -101.2841
116.1135 -101.2315
116.1579 -101.1791
116.2022 -101.1268
116.2464 -101.0744
116.2907 -101.022
116.335 -100.9694
116.3795 -100.9166
116.4243 -100.8636
116.4693 -100.8104
116.5144 -100.7572
116.5594 -100.7041
116.6042 -100.6512
116.6489 -100.5986
116.6935 -100.5463
116.738 -100.4942
116.7827 -100.4423
116.8274 -100.3905
116.8724 -100.3389
116.9177 -100.2875
116.9633 -100.2361
117.0092 -100.1847
117.0557 -100.1333
117.1025 -100.082
117.1494 -100.0309
117.1964 -99.9801
117.2432 -99.9297
117.29 -99.8797
117.3367 -99.8301
117.3832 -99.7809
117.4299 -99.7321
117.4765 -99.6834
117.5233 -99.6348
117.5704 -99.5863
117.6179 -99.5378
117.6658 -99.4891
117.7142 -99.4403
117.763 -99.3916
117.812 -99.3432
117.861 -99.295
117.9101 -99.2472
117.9591 -99.1998
118.0082 -99.1527
118.0573 -99.106
118.1065 -99.0594
118.1561 -99.0131
118.206 -98.9669
118.2563 -98.9208
118.3072 -98.8747
118.3586 -98.8286
118.4105 -98.7825
118.4627 -98.7365
118.5151 -98.6909
118.5675 -98.6457
118.6198 -98.6009
118.6721 -98.5565
118.7244 -98.5125
118.7768 -98.4688
118.8292 -98.4254
118.8817 -98.3822
118.9344 -98.3392
118.9874 -98.2962
119.0408 -98.253
119.0947 -98.2097
119.1489 -98.1664
119.2033 -98.1231
119.2577 -98.08
119.3121 -98.0373
119.3663 -97.9949
119.4205 -97.9529
119.4745 -97.9113
119.5285 -97.8698
119.5827 -97.8285
119.6371 -97.7873
119.6917 -97.7461
119.7466 -97.705
119.8018 -97.6639
119.8574 -97.6226
119.9134 -97.5813
119.9695 -97.54
120.0255 -97.499
120.0814 -97.4584
120.1371 -97.418
120.1926 -97.378
120.248 -97.3382
120.3033 -97.2986
120.3586 -97.2591
120.414 -97.2197
120.4696 -97.1802
120.5253 -97.1407
120.5813 -97.1011
120.6374 -97.0616
120.6934 -97.0221
120.7494 -96.9828
120.8051 -96.9437
120.8607 -96.9048
120.9161 -96.8661
120.9713 -96.8276
121.0264 -96.7892
121.0815 -96.7509
121.1366 -96.7126
121.1919 -96.6743
121.2474 -96.6357
121.3031 -96.5971
121.3593 -96.5582
121.4157 -96.519
121.4725 -96.4796
121.5293 -96.4401
121.586 -96.4007
121.6426 -96.3613
121.6989 -96.3222
121.7551 -96.2831
121.8111 -96.2442
121.867 -96.2052
121.9229 -96.1662
121.9788 -96.127
122.0349 -96.0875
122.0912 -96.0477
122.1476 -96.0076
122.2041 -95.9673
122.2605 -95.9269
122.3166 -95.8866
122.3724 -95.8465
122.4279 -95.8066
122.4831 -95.7669
122.5381 -95.7273
122.593 -95.6878
122.6479 -95.6483
122.7028 -95.6087
122.7578 -95.569
122.813 -95.529
122.8683 -95.4888
122.924 -95.4482
122.9798 -95.4075
123.0355 -95.3667
123.091 -95.326
123.1463 -95.2855
123.2013 -95.2451
123.2559 -95.2048
123.3103 -95.1645
123.3645 -95.1241
123.4187 -95.0837
123.4727 -95.043
123.5268 -95.002
123.5811 -94.9607
123.6354 -94.919
123.6899 -94.8769
123.7443 -94.8347
123.7985 -94.7925
123.8523 -94.7504
123.9057 -94.7085
123.9588 -94.6668
124.0117 -94.6252
124.0644 -94.5836
124.1174 -94.5418
124.1705 -94.4998
124.2238 -94.4577
124.2772 -94.4152
124.3309 -94.3722
124.3848 -94.329
124.439 -94.2854
124.4934 -94.2415
124.5477 -94.1975
124.6017 -94.1535
124.6555 -94.1096
124.709 -94.0657
124.7623 -94.0219
124.8153 -93.9779
124.8684 -93.9337
124.9214 -93.8893
124.9744 -93.8445
125.0275 -93.7994
125.0808 -93.7538
125.1343 -93.7079
125.1877 -93.6617
125.241 -93.6154
125.2939 -93.5692
125.3465 -93.5232
125.3985 -93.4773
125.4502 -93.4316
125.5016 -93.386
125.5529 -93.3404
125.6041 -93.2948
125.6554 -93.249
125.707 -93.203
125.7588 -93.1567
125.811 -93.1101
125.8633 -93.0634
125.9159 -93.0166
125.9686 -92.97
126.0211 -92.9237
126.0734 -92.8777
126.1256 -92.832
126.1777 -92.7865
126.2297 -92.7414
126.2819 -92.6965
126.334 -92.6518
126.3861 -92.6073
126.4384 -92.5631
126.4907 -92.519
126.5434 -92.475
126.5965 -92.4307
126.6498 -92.3866
126.7032 -92.3427
126.7565 -92.2991
126.8097 -92.256
126.8628 -92.2132
126.9158 -92.1706
126.9689 -92.1283
127.0222 -92.0861
127.0758 -92.044
127.1297 -92.0019
127.184 -91.9596
127.2387 -91.9172
127.2938 -91.8745
127.3492 -91.8317
127.4048 -91.7888
127.4602 -91.7461
127.5155 -91.7036
127.5705 -91.6614
127.6252 -91.6195
127.6797 -91.5777
127.734 -91.5361
127.7882 -91.4944
127.8424 -91.4527
127.8967 -91.4108
127.951 -91.3686
128.0055 -91.326
128.0602 -91.283
128.115 -91.2396
128.1697 -91.196
128.2242 -91.1523
128.2785 -91.1087
128.3324 -91.0651
128.386 -91.0215
128.4394 -90.9777
128.4927 -90.9337
128.5461 -90.8894
128.5994 -90.8447
128.6528 -90.7997
128.7063 -90.7542
128.7597 -90.7083
128.8131 -90.662
128.8664 -90.6155
128.9193 -90.5688
128.9717 -90.5221
129.0234 -90.4754
129.0744 -90.4288
129.1248 -90.3823
129.1747 -90.3355
129.2241 -90.2887
129.273 -90.2417
129.3214 -90.1944
129.3694 -90.1469
129.4171 -90.0989
129.4644 -90.0505
129.5115 -90.0018
129.5583 -89.9526
129.6045 -89.9032
129.65 -89.8537
129.6949 -89.8042
129.739 -89.7546
129.7825 -89.7049
129.8254 -89.6549
129.8679 -89.6047
129.9101 -89.5542
129.9519 -89.5034
129.9935 -89.4522
130.0347 -89.4007
130.0757 -89.3488
130.1163 -89.2968
130.1565 -89.2445
130.196 -89.1923
130.2347 -89.1401
130.2729 -89.088
130.3104 -89.0357
130.3475 -88.9833
130.384 -88.9305
130.42 -88.8775
130.4556 -88.8241
130.4907 -88.7702
130.5253 -88.7159
130.5593 -88.6612
130.5929 -88.6062
130.626 -88.5508
130.6585 -88.4952
130.6903 -88.4394
130.7215 -88.3833
130.7521 -88.3271
130.7821 -88.2706
130.8117 -88.2138
130.8407 -88.1568
130.8692 -88.0995
130.8971 -88.0419
130.9245 -87.9841
130.9514 -87.926
130.9778 -87.8676